 ,Label,Area,Mean,Min,Max
1,F8_01_1_2_Chlorophyll_A_001_phosphate_plate5.tif,9,826.667,784,912
2,F8_01_1_2_Chlorophyll_A_001_phosphate_plate5.tif,1,784.000,784,784
3,F8_01_1_2_Chlorophyll_A_001_phosphate_plate5.tif,1,880.000,880,880
4,F8_01_1_2_Chlorophyll_A_001_phosphate_plate5.tif,9,881.778,768,1040
5,F8_01_1_2_Chlorophyll_A_001_phosphate_plate5.tif,25,835.200,768,1024
6,F8_01_1_2_Chlorophyll_A_001_phosphate_plate5.tif,23,897.391,768,1088
7,F8_01_1_2_Chlorophyll_A_001_phosphate_plate5.tif,36,864.444,768,1136
8,F8_01_1_2_Chlorophyll_A_001_phosphate_plate5.tif,2,840.000,768,912
9,F8_01_1_2_Chlorophyll_A_001_phosphate_plate5.tif,1,800.000,800,800
10,F8_01_1_2_Chlorophyll_A_001_phosphate_plate5.tif,2,808.000,784,832
11,F8_01_1_2_Chlorophyll_A_001_phosphate_plate5.tif,1,832.000,832,832
12,F8_01_1_2_Chlorophyll_A_001_phosphate_plate5.tif,6,842.667,768,1008
13,F8_01_1_2_Chlorophyll_A_001_phosphate_plate5.tif,2,784.000,784,784
14,F8_01_1_2_Chlorophyll_A_001_phosphate_plate5.tif,4,900.000,768,1104
15,F8_01_1_2_Chlorophyll_A_001_phosphate_plate5.tif,1,768.000,768,768
16,F8_01_1_2_Chlorophyll_A_001_phosphate_plate5.tif,13,807.385,768,896
17,F8_01_1_2_Chlorophyll_A_001_phosphate_plate5.tif,4,828.000,784,928
18,F8_01_1_2_Chlorophyll_A_001_phosphate_plate5.tif,2,840.000,768,912
19,F8_01_1_2_Chlorophyll_A_001_phosphate_plate5.tif,1,800.000,800,800
20,F8_01_1_2_Chlorophyll_A_001_phosphate_plate5.tif,1,768.000,768,768
21,F8_01_1_2_Chlorophyll_A_001_phosphate_plate5.tif,3,944.000,832,1056
22,F8_01_1_2_Chlorophyll_A_001_phosphate_plate5.tif,1,880.000,880,880
23,F8_01_1_2_Chlorophyll_A_001_phosphate_plate5.tif,6,872.000,768,1056
24,F8_01_1_2_Chlorophyll_A_001_phosphate_plate5.tif,1,848.000,848,848
25,F8_01_1_2_Chlorophyll_A_001_phosphate_plate5.tif,10,819.200,768,912
26,F8_01_1_2_Chlorophyll_A_001_phosphate_plate5.tif,1,896.000,896,896
27,F8_01_1_2_Chlorophyll_A_001_phosphate_plate5.tif,2,840.000,832,848
28,F8_01_1_2_Chlorophyll_A_001_phosphate_plate5.tif,1,768.000,768,768
29,F8_01_1_2_Chlorophyll_A_001_phosphate_plate5.tif,2,800.000,768,832
30,F8_01_1_2_Chlorophyll_A_001_phosphate_plate5.tif,1,976.000,976,976
31,F8_01_1_2_Chlorophyll_A_001_phosphate_plate5.tif,1,848.000,848,848
32,F8_01_1_2_Chlorophyll_A_001_phosphate_plate5.tif,2,824.000,784,864
33,F8_01_1_2_Chlorophyll_A_001_phosphate_plate5.tif,2,928.000,784,1072
34,F8_01_1_2_Chlorophyll_A_001_phosphate_plate5.tif,1,800.000,800,800
35,F8_01_1_2_Chlorophyll_A_001_phosphate_plate5.tif,1,816.000,816,816
36,F8_01_1_2_Chlorophyll_A_001_phosphate_plate5.tif,5,854.400,768,928
37,F8_01_1_2_Chlorophyll_A_001_phosphate_plate5.tif,5,806.400,768,896
38,F8_01_1_2_Chlorophyll_A_001_phosphate_plate5.tif,2,800.000,768,832
39,F8_01_1_2_Chlorophyll_A_001_phosphate_plate5.tif,1,768.000,768,768
40,F8_01_1_2_Chlorophyll_A_001_phosphate_plate5.tif,1,848.000,848,848
41,F8_01_1_2_Chlorophyll_A_001_phosphate_plate5.tif,2,808.000,800,816
42,F8_01_1_2_Chlorophyll_A_001_phosphate_plate5.tif,1,832.000,832,832
43,F8_01_1_2_Chlorophyll_A_001_phosphate_plate5.tif,5,816.000,768,848
44,F8_01_1_2_Chlorophyll_A_001_phosphate_plate5.tif,5,793.600,768,880
45,F8_01_1_2_Chlorophyll_A_001_phosphate_plate5.tif,1,832.000,832,832
46,F8_01_1_2_Chlorophyll_A_001_phosphate_plate5.tif,2,816.000,800,832
47,F8_01_1_2_Chlorophyll_A_001_phosphate_plate5.tif,2,840.000,816,864
48,F8_01_1_2_Chlorophyll_A_001_phosphate_plate5.tif,1,768.000,768,768
49,F8_01_1_2_Chlorophyll_A_001_phosphate_plate5.tif,2,888.000,864,912
50,F8_01_1_2_Chlorophyll_A_001_phosphate_plate5.tif,1,800.000,800,800
51,F8_01_1_2_Chlorophyll_A_001_phosphate_plate5.tif,9,812.444,768,896
52,F8_01_1_2_Chlorophyll_A_001_phosphate_plate5.tif,1,864.000,864,864
53,F8_01_1_2_Chlorophyll_A_001_phosphate_plate5.tif,1,800.000,800,800
54,F8_01_1_2_Chlorophyll_A_001_phosphate_plate5.tif,1,784.000,784,784
55,F8_01_1_2_Chlorophyll_A_001_phosphate_plate5.tif,1,880.000,880,880
56,F8_01_1_2_Chlorophyll_A_001_phosphate_plate5.tif,1,768.000,768,768
57,F8_01_1_2_Chlorophyll_A_001_phosphate_plate5.tif,1,768.000,768,768
58,F8_01_1_2_Chlorophyll_A_001_phosphate_plate5.tif,1,768.000,768,768
59,F8_01_1_2_Chlorophyll_A_001_phosphate_plate5.tif,1,768.000,768,768
60,F8_01_1_2_Chlorophyll_A_001_phosphate_plate5.tif,1,848.000,848,848
61,F8_01_1_2_Chlorophyll_A_001_phosphate_plate5.tif,1,848.000,848,848
62,F8_01_1_2_Chlorophyll_A_001_phosphate_plate5.tif,2,888.000,848,928
63,F8_01_1_2_Chlorophyll_A_001_phosphate_plate5.tif,1,960.000,960,960
64,F8_01_1_2_Chlorophyll_A_001_phosphate_plate5.tif,2,832.000,768,896
65,F8_01_1_2_Chlorophyll_A_001_phosphate_plate5.tif,38,876.211,768,1152
66,F8_01_1_2_Chlorophyll_A_001_phosphate_plate5.tif,2,952.000,928,976
67,F8_01_1_2_Chlorophyll_A_001_phosphate_plate5.tif,3,805.333,800,816
68,F8_01_1_2_Chlorophyll_A_001_phosphate_plate5.tif,9,837.333,768,912
69,F8_01_1_2_Chlorophyll_A_001_phosphate_plate5.tif,3,869.333,768,944
70,F8_01_1_2_Chlorophyll_A_001_phosphate_plate5.tif,7,859.429,768,944
71,F8_01_1_2_Chlorophyll_A_001_phosphate_plate5.tif,1,976.000,976,976
72,F8_01_1_2_Chlorophyll_A_001_phosphate_plate5.tif,2,832.000,784,880
73,F8_01_1_2_Chlorophyll_A_001_phosphate_plate5.tif,3,880.000,768,944
74,F8_01_1_2_Chlorophyll_A_001_phosphate_plate5.tif,1,880.000,880,880
75,F8_01_1_2_Chlorophyll_A_001_phosphate_plate5.tif,5,832.000,768,912
76,F8_01_1_2_Chlorophyll_A_001_phosphate_plate5.tif,1,784.000,784,784
77,F8_01_1_2_Chlorophyll_A_001_phosphate_plate5.tif,1,800.000,800,800
78,F8_01_1_2_Chlorophyll_A_001_phosphate_plate5.tif,1,880.000,880,880
79,F8_01_1_2_Chlorophyll_A_001_phosphate_plate5.tif,7,841.143,768,1040
80,F8_01_1_2_Chlorophyll_A_001_phosphate_plate5.tif,1,800.000,800,800
81,F8_01_1_2_Chlorophyll_A_001_phosphate_plate5.tif,1,768.000,768,768
82,F8_01_1_2_Chlorophyll_A_001_phosphate_plate5.tif,3,821.333,768,928
83,F8_01_1_2_Chlorophyll_A_001_phosphate_plate5.tif,2,856.000,768,944
84,F8_01_1_2_Chlorophyll_A_001_phosphate_plate5.tif,4,804.000,768,864
85,F8_01_1_2_Chlorophyll_A_001_phosphate_plate5.tif,2,784.000,768,800
86,F8_01_1_2_Chlorophyll_A_001_phosphate_plate5.tif,1,800.000,800,800
87,F8_01_1_2_Chlorophyll_A_001_phosphate_plate5.tif,1,896.000,896,896
88,F8_01_1_2_Chlorophyll_A_001_phosphate_plate5.tif,2,792.000,768,816
89,F8_01_1_2_Chlorophyll_A_001_phosphate_plate5.tif,1,880.000,880,880
90,F8_01_1_2_Chlorophyll_A_001_phosphate_plate5.tif,1,784.000,784,784
91,F8_01_1_2_Chlorophyll_A_001_phosphate_plate5.tif,1,784.000,784,784
92,F8_01_1_2_Chlorophyll_A_001_phosphate_plate5.tif,3,826.667,816,832
93,F8_01_1_2_Chlorophyll_A_001_phosphate_plate5.tif,1,1072.000,1072,1072
94,F8_01_1_2_Chlorophyll_A_001_phosphate_plate5.tif,1,896.000,896,896
95,F8_01_1_2_Chlorophyll_A_001_phosphate_plate5.tif,2,848.000,848,848
96,F8_01_1_2_Chlorophyll_A_001_phosphate_plate5.tif,1,800.000,800,800
97,F8_01_1_2_Chlorophyll_A_001_phosphate_plate5.tif,1,864.000,864,864
98,F8_01_1_2_Chlorophyll_A_001_phosphate_plate5.tif,1,832.000,832,832
99,F8_01_1_2_Chlorophyll_A_001_phosphate_plate5.tif,1,784.000,784,784
100,F8_01_1_2_Chlorophyll_A_001_phosphate_plate5.tif,1,864.000,864,864
101,F8_01_1_2_Chlorophyll_A_001_phosphate_plate5.tif,3,874.667,848,928
102,F8_01_1_2_Chlorophyll_A_001_phosphate_plate5.tif,1,880.000,880,880
103,F8_01_1_2_Chlorophyll_A_001_phosphate_plate5.tif,1,816.000,816,816
104,F8_01_1_2_Chlorophyll_A_001_phosphate_plate5.tif,2,776.000,768,784
105,F8_01_1_2_Chlorophyll_A_001_phosphate_plate5.tif,1,864.000,864,864
106,F8_01_1_2_Chlorophyll_A_001_phosphate_plate5.tif,1,832.000,832,832
107,F8_01_1_2_Chlorophyll_A_001_phosphate_plate5.tif,1,784.000,784,784
108,F8_01_1_2_Chlorophyll_A_001_phosphate_plate5.tif,1,848.000,848,848
109,F8_01_1_2_Chlorophyll_A_001_phosphate_plate5.tif,1,864.000,864,864
110,F8_01_1_2_Chlorophyll_A_001_phosphate_plate5.tif,1,912.000,912,912
111,F8_01_1_2_Chlorophyll_A_001_phosphate_plate5.tif,1,800.000,800,800
112,F8_01_1_2_Chlorophyll_A_001_phosphate_plate5.tif,1,976.000,976,976
113,F8_01_1_2_Chlorophyll_A_001_phosphate_plate5.tif,3,784.000,768,800
114,F8_01_1_2_Chlorophyll_A_001_phosphate_plate5.tif,3,826.667,784,864
115,F8_01_1_2_Chlorophyll_A_001_phosphate_plate5.tif,1,816.000,816,816
116,F8_01_1_2_Chlorophyll_A_001_phosphate_plate5.tif,1,768.000,768,768
117,F8_01_1_2_Chlorophyll_A_001_phosphate_plate5.tif,1,768.000,768,768
118,F8_01_1_2_Chlorophyll_A_001_phosphate_plate5.tif,13,833.231,768,928
119,F8_01_1_2_Chlorophyll_A_001_phosphate_plate5.tif,50,845.440,768,1008
120,F8_01_1_2_Chlorophyll_A_001_phosphate_plate5.tif,2,816.000,784,848
121,F8_01_1_2_Chlorophyll_A_001_phosphate_plate5.tif,33,871.758,768,1088
122,F8_01_1_2_Chlorophyll_A_001_phosphate_plate5.tif,33,872.242,768,1056
123,F8_01_1_2_Chlorophyll_A_001_phosphate_plate5.tif,3,858.667,816,880
124,F8_01_1_2_Chlorophyll_A_001_phosphate_plate5.tif,26,864.615,768,1040
125,F8_01_1_2_Chlorophyll_A_001_phosphate_plate5.tif,10,830.400,768,896
126,F8_01_1_2_Chlorophyll_A_001_phosphate_plate5.tif,1,896.000,896,896
127,F8_01_1_2_Chlorophyll_A_001_phosphate_plate5.tif,4,824.000,784,864
128,F8_01_1_2_Chlorophyll_A_001_phosphate_plate5.tif,1,896.000,896,896
129,F8_01_1_2_Chlorophyll_A_001_phosphate_plate5.tif,9,823.111,784,944
130,F8_01_1_2_Chlorophyll_A_001_phosphate_plate5.tif,2,904.000,832,976
131,F8_01_1_2_Chlorophyll_A_001_phosphate_plate5.tif,2,848.000,784,912
132,F8_01_1_2_Chlorophyll_A_001_phosphate_plate5.tif,4,876.000,784,944
133,F8_01_1_2_Chlorophyll_A_001_phosphate_plate5.tif,2,856.000,768,944
134,F8_01_1_2_Chlorophyll_A_001_phosphate_plate5.tif,3,848.000,768,1008
135,F8_01_1_2_Chlorophyll_A_001_phosphate_plate5.tif,1,864.000,864,864
136,F8_01_1_2_Chlorophyll_A_001_phosphate_plate5.tif,3,837.333,768,880
137,F8_01_1_2_Chlorophyll_A_001_phosphate_plate5.tif,1,816.000,816,816
138,F8_01_1_2_Chlorophyll_A_001_phosphate_plate5.tif,1,880.000,880,880
139,F8_01_1_2_Chlorophyll_A_001_phosphate_plate5.tif,1,768.000,768,768
140,F8_01_1_2_Chlorophyll_A_001_phosphate_plate5.tif,1,1008.000,1008,1008
141,F8_01_1_2_Chlorophyll_A_001_phosphate_plate5.tif,1,768.000,768,768
142,F8_01_1_2_Chlorophyll_A_001_phosphate_plate5.tif,1,880.000,880,880
143,F8_01_1_2_Chlorophyll_A_001_phosphate_plate5.tif,9,823.111,768,928
144,F8_01_1_2_Chlorophyll_A_001_phosphate_plate5.tif,3,869.333,800,928
145,F8_01_1_2_Chlorophyll_A_001_phosphate_plate5.tif,1,800.000,800,800
146,F8_01_1_2_Chlorophyll_A_001_phosphate_plate5.tif,1,768.000,768,768
147,F8_01_1_2_Chlorophyll_A_001_phosphate_plate5.tif,1,944.000,944,944
148,F8_01_1_2_Chlorophyll_A_001_phosphate_plate5.tif,1,768.000,768,768
149,F8_01_1_2_Chlorophyll_A_001_phosphate_plate5.tif,1,784.000,784,784
150,F8_01_1_2_Chlorophyll_A_001_phosphate_plate5.tif,1,768.000,768,768
151,F8_01_1_2_Chlorophyll_A_001_phosphate_plate5.tif,1,832.000,832,832
152,F8_01_1_2_Chlorophyll_A_001_phosphate_plate5.tif,1,912.000,912,912
153,F8_01_1_2_Chlorophyll_A_001_phosphate_plate5.tif,1,768.000,768,768
154,F8_01_1_2_Chlorophyll_A_001_phosphate_plate5.tif,1,848.000,848,848
155,F8_01_1_2_Chlorophyll_A_001_phosphate_plate5.tif,1,912.000,912,912
156,F8_01_1_2_Chlorophyll_A_001_phosphate_plate5.tif,3,853.333,848,864
157,F8_01_1_2_Chlorophyll_A_001_phosphate_plate5.tif,1,784.000,784,784
158,F8_01_1_2_Chlorophyll_A_001_phosphate_plate5.tif,4,848.000,768,912
159,F8_01_1_2_Chlorophyll_A_001_phosphate_plate5.tif,1,768.000,768,768
160,F8_01_1_2_Chlorophyll_A_001_phosphate_plate5.tif,1,816.000,816,816
161,F8_01_1_2_Chlorophyll_A_001_phosphate_plate5.tif,1,768.000,768,768
162,F8_01_1_2_Chlorophyll_A_001_phosphate_plate5.tif,1,928.000,928,928
163,F8_01_1_2_Chlorophyll_A_001_phosphate_plate5.tif,1,992.000,992,992
164,F8_01_1_2_Chlorophyll_A_001_phosphate_plate5.tif,1,768.000,768,768
165,F8_01_1_2_Chlorophyll_A_001_phosphate_plate5.tif,2,776.000,768,784
166,F8_01_1_2_Chlorophyll_A_001_phosphate_plate5.tif,1,832.000,832,832
167,F8_01_1_2_Chlorophyll_A_001_phosphate_plate5.tif,2,824.000,800,848
168,F8_01_1_2_Chlorophyll_A_001_phosphate_plate5.tif,1,976.000,976,976
169,F8_01_1_2_Chlorophyll_A_001_phosphate_plate5.tif,1,816.000,816,816
170,F8_01_1_2_Chlorophyll_A_001_phosphate_plate5.tif,1,784.000,784,784
171,F8_01_1_2_Chlorophyll_A_001_phosphate_plate5.tif,1,784.000,784,784
172,F8_01_1_2_Chlorophyll_A_001_phosphate_plate5.tif,1,768.000,768,768
173,F8_01_1_2_Chlorophyll_A_001_phosphate_plate5.tif,3,885.333,784,1088
174,F8_01_1_2_Chlorophyll_A_001_phosphate_plate5.tif,1,944.000,944,944
175,F8_01_1_2_Chlorophyll_A_001_phosphate_plate5.tif,4,808.000,768,896
176,F8_01_1_2_Chlorophyll_A_001_phosphate_plate5.tif,1,928.000,928,928
177,F8_01_1_2_Chlorophyll_A_001_phosphate_plate5.tif,3,874.667,832,928
178,F8_01_1_2_Chlorophyll_A_001_phosphate_plate5.tif,28,850.286,768,960
179,F8_01_1_2_Chlorophyll_A_001_phosphate_plate5.tif,1,832.000,832,832
180,F8_01_1_2_Chlorophyll_A_001_phosphate_plate5.tif,1,912.000,912,912
181,F8_01_1_2_Chlorophyll_A_001_phosphate_plate5.tif,5,848.000,768,992
182,F8_01_1_2_Chlorophyll_A_001_phosphate_plate5.tif,11,859.636,768,976
183,F8_01_1_2_Chlorophyll_A_001_phosphate_plate5.tif,1,848.000,848,848
184,F8_01_1_2_Chlorophyll_A_001_phosphate_plate5.tif,1,800.000,800,800
185,F8_01_1_2_Chlorophyll_A_001_phosphate_plate5.tif,1,784.000,784,784
186,F8_01_1_2_Chlorophyll_A_001_phosphate_plate5.tif,2,880.000,832,928
187,F8_01_1_2_Chlorophyll_A_001_phosphate_plate5.tif,1,832.000,832,832
188,F8_01_1_2_Chlorophyll_A_001_phosphate_plate5.tif,3,805.333,784,832
189,F8_01_1_2_Chlorophyll_A_001_phosphate_plate5.tif,4,816.000,768,864
190,F8_01_1_2_Chlorophyll_A_001_phosphate_plate5.tif,1,864.000,864,864
191,F8_01_1_2_Chlorophyll_A_001_phosphate_plate5.tif,1,944.000,944,944
192,F8_01_1_2_Chlorophyll_A_001_phosphate_plate5.tif,1,800.000,800,800
193,F8_01_1_2_Chlorophyll_A_001_phosphate_plate5.tif,1,768.000,768,768
194,F8_01_1_2_Chlorophyll_A_001_phosphate_plate5.tif,1,816.000,816,816
195,F8_01_1_2_Chlorophyll_A_001_phosphate_plate5.tif,1,992.000,992,992
196,F8_01_1_2_Chlorophyll_A_001_phosphate_plate5.tif,1,800.000,800,800
197,F8_01_1_2_Chlorophyll_A_001_phosphate_plate5.tif,1,800.000,800,800
198,F8_01_1_2_Chlorophyll_A_001_phosphate_plate5.tif,1,912.000,912,912
199,F8_01_1_2_Chlorophyll_A_001_phosphate_plate5.tif,2,832.000,832,832
200,F8_01_1_2_Chlorophyll_A_001_phosphate_plate5.tif,5,841.600,768,928
201,F8_01_1_2_Chlorophyll_A_001_phosphate_plate5.tif,1,816.000,816,816
202,F8_01_1_2_Chlorophyll_A_001_phosphate_plate5.tif,1,848.000,848,848
203,F8_01_1_2_Chlorophyll_A_001_phosphate_plate5.tif,1,848.000,848,848
204,F8_01_1_2_Chlorophyll_A_001_phosphate_plate5.tif,1,768.000,768,768
205,F8_01_1_2_Chlorophyll_A_001_phosphate_plate5.tif,3,853.333,816,896
206,F8_01_1_2_Chlorophyll_A_001_phosphate_plate5.tif,1,768.000,768,768
207,F8_01_1_2_Chlorophyll_A_001_phosphate_plate5.tif,1,832.000,832,832
208,F8_01_1_2_Chlorophyll_A_001_phosphate_plate5.tif,1,1056.000,1056,1056
209,F8_01_1_2_Chlorophyll_A_001_phosphate_plate5.tif,1,768.000,768,768
210,F8_01_1_2_Chlorophyll_A_001_phosphate_plate5.tif,1,784.000,784,784
211,F8_01_1_2_Chlorophyll_A_001_phosphate_plate5.tif,1,784.000,784,784
212,F8_01_1_2_Chlorophyll_A_001_phosphate_plate5.tif,1,784.000,784,784
213,F8_01_1_2_Chlorophyll_A_001_phosphate_plate5.tif,1,896.000,896,896
214,F8_01_1_2_Chlorophyll_A_001_phosphate_plate5.tif,1,768.000,768,768
215,F8_01_1_2_Chlorophyll_A_001_phosphate_plate5.tif,4,820.000,784,864
216,F8_01_1_2_Chlorophyll_A_001_phosphate_plate5.tif,5,931.200,816,1056
217,F8_01_1_2_Chlorophyll_A_001_phosphate_plate5.tif,1,768.000,768,768
218,F8_01_1_2_Chlorophyll_A_001_phosphate_plate5.tif,7,822.857,784,912
219,F8_01_1_2_Chlorophyll_A_001_phosphate_plate5.tif,7,841.143,768,944
220,F8_01_1_2_Chlorophyll_A_001_phosphate_plate5.tif,5,809.600,768,864
221,F8_01_1_2_Chlorophyll_A_001_phosphate_plate5.tif,3,864.000,784,944
222,F8_01_1_2_Chlorophyll_A_001_phosphate_plate5.tif,1,800.000,800,800
223,F8_01_1_2_Chlorophyll_A_001_phosphate_plate5.tif,27,851.556,768,960
224,F8_01_1_2_Chlorophyll_A_001_phosphate_plate5.tif,3,890.667,784,1056
225,F8_01_1_2_Chlorophyll_A_001_phosphate_plate5.tif,26,859.692,768,1024
226,F8_01_1_2_Chlorophyll_A_001_phosphate_plate5.tif,4,884.000,768,1008
227,F8_01_1_2_Chlorophyll_A_001_phosphate_plate5.tif,422,2201.365,768,29648
228,F8_01_1_2_Chlorophyll_A_001_phosphate_plate5.tif,1,976.000,976,976
229,F8_01_1_2_Chlorophyll_A_001_phosphate_plate5.tif,5,822.400,784,880
230,F8_01_1_2_Chlorophyll_A_001_phosphate_plate5.tif,1,800.000,800,800
231,F8_01_1_2_Chlorophyll_A_001_phosphate_plate5.tif,2,824.000,784,864
232,F8_01_1_2_Chlorophyll_A_001_phosphate_plate5.tif,1,992.000,992,992
233,F8_01_1_2_Chlorophyll_A_001_phosphate_plate5.tif,1,784.000,784,784
234,F8_01_1_2_Chlorophyll_A_001_phosphate_plate5.tif,100,1156.630,768,3056
235,F8_01_1_2_Chlorophyll_A_001_phosphate_plate5.tif,7,838.857,768,912
236,F8_01_1_2_Chlorophyll_A_001_phosphate_plate5.tif,5,889.600,832,944
237,F8_01_1_2_Chlorophyll_A_001_phosphate_plate5.tif,4,804.000,800,816
238,F8_01_1_2_Chlorophyll_A_001_phosphate_plate5.tif,1,848.000,848,848
239,F8_01_1_2_Chlorophyll_A_001_phosphate_plate5.tif,4,840.000,800,896
240,F8_01_1_2_Chlorophyll_A_001_phosphate_plate5.tif,1,912.000,912,912
241,F8_01_1_2_Chlorophyll_A_001_phosphate_plate5.tif,1,832.000,832,832
242,F8_01_1_2_Chlorophyll_A_001_phosphate_plate5.tif,2,840.000,832,848
243,F8_01_1_2_Chlorophyll_A_001_phosphate_plate5.tif,2,768.000,768,768
244,F8_01_1_2_Chlorophyll_A_001_phosphate_plate5.tif,1,800.000,800,800
245,F8_01_1_2_Chlorophyll_A_001_phosphate_plate5.tif,1,928.000,928,928
246,F8_01_1_2_Chlorophyll_A_001_phosphate_plate5.tif,1,848.000,848,848
247,F8_01_1_2_Chlorophyll_A_001_phosphate_plate5.tif,1,784.000,784,784
248,F8_01_1_2_Chlorophyll_A_001_phosphate_plate5.tif,1,928.000,928,928
249,F8_01_1_2_Chlorophyll_A_001_phosphate_plate5.tif,2,840.000,784,896
250,F8_01_1_2_Chlorophyll_A_001_phosphate_plate5.tif,1,928.000,928,928
251,F8_01_1_2_Chlorophyll_A_001_phosphate_plate5.tif,1,864.000,864,864
252,F8_01_1_2_Chlorophyll_A_001_phosphate_plate5.tif,1,768.000,768,768
253,F8_01_1_2_Chlorophyll_A_001_phosphate_plate5.tif,1,768.000,768,768
254,F8_01_1_2_Chlorophyll_A_001_phosphate_plate5.tif,1,864.000,864,864
255,F8_01_1_2_Chlorophyll_A_001_phosphate_plate5.tif,1,784.000,784,784
256,F8_01_1_2_Chlorophyll_A_001_phosphate_plate5.tif,1,784.000,784,784
257,F8_01_1_2_Chlorophyll_A_001_phosphate_plate5.tif,1,800.000,800,800
258,F8_01_1_2_Chlorophyll_A_001_phosphate_plate5.tif,2,880.000,864,896
259,F8_01_1_2_Chlorophyll_A_001_phosphate_plate5.tif,1,816.000,816,816
260,F8_01_1_2_Chlorophyll_A_001_phosphate_plate5.tif,1,768.000,768,768
261,F8_01_1_2_Chlorophyll_A_001_phosphate_plate5.tif,1,848.000,848,848
262,F8_01_1_2_Chlorophyll_A_001_phosphate_plate5.tif,3,778.667,768,784
263,F8_01_1_2_Chlorophyll_A_001_phosphate_plate5.tif,1,880.000,880,880
264,F8_01_1_2_Chlorophyll_A_001_phosphate_plate5.tif,1,784.000,784,784
265,F8_01_1_2_Chlorophyll_A_001_phosphate_plate5.tif,1,800.000,800,800
266,F8_01_1_2_Chlorophyll_A_001_phosphate_plate5.tif,2,808.000,784,832
267,F8_01_1_2_Chlorophyll_A_001_phosphate_plate5.tif,1,816.000,816,816
268,F8_01_1_2_Chlorophyll_A_001_phosphate_plate5.tif,24,929.333,784,1168
269,F8_01_1_2_Chlorophyll_A_001_phosphate_plate5.tif,1,832.000,832,832
270,F8_01_1_2_Chlorophyll_A_001_phosphate_plate5.tif,1,928.000,928,928
271,F8_01_1_2_Chlorophyll_A_001_phosphate_plate5.tif,4,784.000,768,800
272,F8_01_1_2_Chlorophyll_A_001_phosphate_plate5.tif,51,876.863,768,1088
273,F8_01_1_2_Chlorophyll_A_001_phosphate_plate5.tif,17,877.176,768,1072
274,F8_01_1_2_Chlorophyll_A_001_phosphate_plate5.tif,1,800.000,800,800
275,F8_01_1_2_Chlorophyll_A_001_phosphate_plate5.tif,106,883.774,768,1152
276,F8_01_1_2_Chlorophyll_A_001_phosphate_plate5.tif,642,1217.969,768,1696
277,F8_01_1_2_Chlorophyll_A_001_phosphate_plate5.tif,2,808.000,784,832
278,F8_01_1_2_Chlorophyll_A_001_phosphate_plate5.tif,1,816.000,816,816
279,F8_01_1_2_Chlorophyll_A_001_phosphate_plate5.tif,4,844.000,800,928
280,F8_01_1_2_Chlorophyll_A_001_phosphate_plate5.tif,1,1104.000,1104,1104
281,F8_01_1_2_Chlorophyll_A_001_phosphate_plate5.tif,1,848.000,848,848
282,F8_01_1_2_Chlorophyll_A_001_phosphate_plate5.tif,1,848.000,848,848
283,F8_01_1_2_Chlorophyll_A_001_phosphate_plate5.tif,5,892.800,800,944
284,F8_01_1_2_Chlorophyll_A_001_phosphate_plate5.tif,1,832.000,832,832
285,F8_01_1_2_Chlorophyll_A_001_phosphate_plate5.tif,1,784.000,784,784
286,F8_01_1_2_Chlorophyll_A_001_phosphate_plate5.tif,3,805.333,784,832
287,F8_01_1_2_Chlorophyll_A_001_phosphate_plate5.tif,3,858.667,800,896
288,F8_01_1_2_Chlorophyll_A_001_phosphate_plate5.tif,2,784.000,768,800
289,F8_01_1_2_Chlorophyll_A_001_phosphate_plate5.tif,2,888.000,800,976
290,F8_01_1_2_Chlorophyll_A_001_phosphate_plate5.tif,1,864.000,864,864
291,F8_01_1_2_Chlorophyll_A_001_phosphate_plate5.tif,3,880.000,816,912
292,F8_01_1_2_Chlorophyll_A_001_phosphate_plate5.tif,1,864.000,864,864
293,F8_01_1_2_Chlorophyll_A_001_phosphate_plate5.tif,1,784.000,784,784
294,F8_01_1_2_Chlorophyll_A_001_phosphate_plate5.tif,2,824.000,816,832
295,F8_01_1_2_Chlorophyll_A_001_phosphate_plate5.tif,2,872.000,800,944
296,F8_01_1_2_Chlorophyll_A_001_phosphate_plate5.tif,1,1008.000,1008,1008
297,F8_01_1_2_Chlorophyll_A_001_phosphate_plate5.tif,1,784.000,784,784
298,F8_01_1_2_Chlorophyll_A_001_phosphate_plate5.tif,2,880.000,832,928
299,F8_01_1_2_Chlorophyll_A_001_phosphate_plate5.tif,1,784.000,784,784
300,F8_01_1_2_Chlorophyll_A_001_phosphate_plate5.tif,1,768.000,768,768
301,F8_01_1_2_Chlorophyll_A_001_phosphate_plate5.tif,1,816.000,816,816
302,F8_01_1_2_Chlorophyll_A_001_phosphate_plate5.tif,2,896.000,896,896
303,F8_01_1_2_Chlorophyll_A_001_phosphate_plate5.tif,2,848.000,784,912
304,F8_01_1_2_Chlorophyll_A_001_phosphate_plate5.tif,1,768.000,768,768
305,F8_01_1_2_Chlorophyll_A_001_phosphate_plate5.tif,3,832.000,800,864
306,F8_01_1_2_Chlorophyll_A_001_phosphate_plate5.tif,1,768.000,768,768
307,F8_01_1_2_Chlorophyll_A_001_phosphate_plate5.tif,3,848.000,784,896
308,F8_01_1_2_Chlorophyll_A_001_phosphate_plate5.tif,1,880.000,880,880
309,F8_01_1_2_Chlorophyll_A_001_phosphate_plate5.tif,1,768.000,768,768
310,F8_01_1_2_Chlorophyll_A_001_phosphate_plate5.tif,1,816.000,816,816
311,F8_01_1_2_Chlorophyll_A_001_phosphate_plate5.tif,1,784.000,784,784
312,F8_01_1_2_Chlorophyll_A_001_phosphate_plate5.tif,1,768.000,768,768
313,F8_01_1_2_Chlorophyll_A_001_phosphate_plate5.tif,2,792.000,784,800
314,F8_01_1_2_Chlorophyll_A_001_phosphate_plate5.tif,1,800.000,800,800
315,F8_01_1_2_Chlorophyll_A_001_phosphate_plate5.tif,2,840.000,832,848
316,F8_01_1_2_Chlorophyll_A_001_phosphate_plate5.tif,1,800.000,800,800
317,F8_01_1_2_Chlorophyll_A_001_phosphate_plate5.tif,2,784.000,768,800
318,F8_01_1_2_Chlorophyll_A_001_phosphate_plate5.tif,226,2193.487,768,15600
319,F8_01_1_2_Chlorophyll_A_001_phosphate_plate5.tif,4,880.000,784,1024
320,F8_01_1_2_Chlorophyll_A_001_phosphate_plate5.tif,2,848.000,768,928
321,F8_01_1_2_Chlorophyll_A_001_phosphate_plate5.tif,5,851.200,832,864
322,F8_01_1_2_Chlorophyll_A_001_phosphate_plate5.tif,19,890.105,768,1152
323,F8_01_1_2_Chlorophyll_A_001_phosphate_plate5.tif,57,888.140,768,1248
324,F8_01_1_2_Chlorophyll_A_001_phosphate_plate5.tif,22,872.000,768,1088
325,F8_01_1_2_Chlorophyll_A_001_phosphate_plate5.tif,1,848.000,848,848
326,F8_01_1_2_Chlorophyll_A_001_phosphate_plate5.tif,3,826.667,768,880
327,F8_01_1_2_Chlorophyll_A_001_phosphate_plate5.tif,2,792.000,784,800
328,F8_01_1_2_Chlorophyll_A_001_phosphate_plate5.tif,4,932.000,864,1040
329,F8_01_1_2_Chlorophyll_A_001_phosphate_plate5.tif,2,792.000,768,816
330,F8_01_1_2_Chlorophyll_A_001_phosphate_plate5.tif,4,784.000,768,832
331,F8_01_1_2_Chlorophyll_A_001_phosphate_plate5.tif,1,880.000,880,880
332,F8_01_1_2_Chlorophyll_A_001_phosphate_plate5.tif,3,800.000,768,832
333,F8_01_1_2_Chlorophyll_A_001_phosphate_plate5.tif,13,851.692,768,1008
334,F8_01_1_2_Chlorophyll_A_001_phosphate_plate5.tif,1,848.000,848,848
335,F8_01_1_2_Chlorophyll_A_001_phosphate_plate5.tif,3,794.667,784,816
336,F8_01_1_2_Chlorophyll_A_001_phosphate_plate5.tif,1,992.000,992,992
337,F8_01_1_2_Chlorophyll_A_001_phosphate_plate5.tif,1,928.000,928,928
338,F8_01_1_2_Chlorophyll_A_001_phosphate_plate5.tif,15,846.933,768,1024
339,F8_01_1_2_Chlorophyll_A_001_phosphate_plate5.tif,2,864.000,816,912
340,F8_01_1_2_Chlorophyll_A_001_phosphate_plate5.tif,1,768.000,768,768
341,F8_01_1_2_Chlorophyll_A_001_phosphate_plate5.tif,3,832.000,768,896
342,F8_01_1_2_Chlorophyll_A_001_phosphate_plate5.tif,1,800.000,800,800
343,F8_01_1_2_Chlorophyll_A_001_phosphate_plate5.tif,2,856.000,832,880
344,F8_01_1_2_Chlorophyll_A_001_phosphate_plate5.tif,2,904.000,864,944
345,F8_01_1_2_Chlorophyll_A_001_phosphate_plate5.tif,1,864.000,864,864
346,F8_01_1_2_Chlorophyll_A_001_phosphate_plate5.tif,1,896.000,896,896
347,F8_01_1_2_Chlorophyll_A_001_phosphate_plate5.tif,4,852.000,784,944
348,F8_01_1_2_Chlorophyll_A_001_phosphate_plate5.tif,4,800.000,768,848
349,F8_01_1_2_Chlorophyll_A_001_phosphate_plate5.tif,1,832.000,832,832
350,F8_01_1_2_Chlorophyll_A_001_phosphate_plate5.tif,1,848.000,848,848
351,F8_01_1_2_Chlorophyll_A_001_phosphate_plate5.tif,2,816.000,816,816
352,F8_01_1_2_Chlorophyll_A_001_phosphate_plate5.tif,1,800.000,800,800
353,F8_01_1_2_Chlorophyll_A_001_phosphate_plate5.tif,2,824.000,768,880
354,F8_01_1_2_Chlorophyll_A_001_phosphate_plate5.tif,1,784.000,784,784
355,F8_01_1_2_Chlorophyll_A_001_phosphate_plate5.tif,1,848.000,848,848
356,F8_01_1_2_Chlorophyll_A_001_phosphate_plate5.tif,1,880.000,880,880
357,F8_01_1_2_Chlorophyll_A_001_phosphate_plate5.tif,1,768.000,768,768
358,F8_01_1_2_Chlorophyll_A_001_phosphate_plate5.tif,1,864.000,864,864
359,F8_01_1_2_Chlorophyll_A_001_phosphate_plate5.tif,1,784.000,784,784
360,F8_01_1_2_Chlorophyll_A_001_phosphate_plate5.tif,2,896.000,864,928
361,F8_01_1_2_Chlorophyll_A_001_phosphate_plate5.tif,1,864.000,864,864
362,F8_01_1_2_Chlorophyll_A_001_phosphate_plate5.tif,1,768.000,768,768
363,F8_01_1_2_Chlorophyll_A_001_phosphate_plate5.tif,1,912.000,912,912
364,F8_01_1_2_Chlorophyll_A_001_phosphate_plate5.tif,1,784.000,784,784
365,F8_01_1_2_Chlorophyll_A_001_phosphate_plate5.tif,1,880.000,880,880
366,F8_01_1_2_Chlorophyll_A_001_phosphate_plate5.tif,1,816.000,816,816
367,F8_01_1_2_Chlorophyll_A_001_phosphate_plate5.tif,3,842.667,800,864
368,F8_01_1_2_Chlorophyll_A_001_phosphate_plate5.tif,3,832.000,768,880
369,F8_01_1_2_Chlorophyll_A_001_phosphate_plate5.tif,21,838.857,768,976
370,F8_01_1_2_Chlorophyll_A_001_phosphate_plate5.tif,48,841.667,768,1088
371,F8_01_1_2_Chlorophyll_A_001_phosphate_plate5.tif,7,790.857,768,816
372,F8_01_1_2_Chlorophyll_A_001_phosphate_plate5.tif,1,1088.000,1088,1088
373,F8_01_1_2_Chlorophyll_A_001_phosphate_plate5.tif,13,897.231,784,1008
374,F8_01_1_2_Chlorophyll_A_001_phosphate_plate5.tif,14,901.714,784,1088
375,F8_01_1_2_Chlorophyll_A_001_phosphate_plate5.tif,312,2112.051,768,20000
376,F8_01_1_2_Chlorophyll_A_001_phosphate_plate5.tif,12,869.333,768,1024
377,F8_01_1_2_Chlorophyll_A_001_phosphate_plate5.tif,12,870.667,784,992
378,F8_01_1_2_Chlorophyll_A_001_phosphate_plate5.tif,2,800.000,784,816
379,F8_01_1_2_Chlorophyll_A_001_phosphate_plate5.tif,2,840.000,800,880
380,F8_01_1_2_Chlorophyll_A_001_phosphate_plate5.tif,1,784.000,784,784
381,F8_01_1_2_Chlorophyll_A_001_phosphate_plate5.tif,1,896.000,896,896
382,F8_01_1_2_Chlorophyll_A_001_phosphate_plate5.tif,1,880.000,880,880
383,F8_01_1_2_Chlorophyll_A_001_phosphate_plate5.tif,1,832.000,832,832
384,F8_01_1_2_Chlorophyll_A_001_phosphate_plate5.tif,1,768.000,768,768
385,F8_01_1_2_Chlorophyll_A_001_phosphate_plate5.tif,3,864.000,784,992
386,F8_01_1_2_Chlorophyll_A_001_phosphate_plate5.tif,1,784.000,784,784
387,F8_01_1_2_Chlorophyll_A_001_phosphate_plate5.tif,10,824.000,768,944
388,F8_01_1_2_Chlorophyll_A_001_phosphate_plate5.tif,1,832.000,832,832
389,F8_01_1_2_Chlorophyll_A_001_phosphate_plate5.tif,1,768.000,768,768
390,F8_01_1_2_Chlorophyll_A_001_phosphate_plate5.tif,3,880.000,800,976
391,F8_01_1_2_Chlorophyll_A_001_phosphate_plate5.tif,5,806.400,768,896
392,F8_01_1_2_Chlorophyll_A_001_phosphate_plate5.tif,2,768.000,768,768
393,F8_01_1_2_Chlorophyll_A_001_phosphate_plate5.tif,1,768.000,768,768
394,F8_01_1_2_Chlorophyll_A_001_phosphate_plate5.tif,1,768.000,768,768
395,F8_01_1_2_Chlorophyll_A_001_phosphate_plate5.tif,2,872.000,800,944
396,F8_01_1_2_Chlorophyll_A_001_phosphate_plate5.tif,2,808.000,768,848
397,F8_01_1_2_Chlorophyll_A_001_phosphate_plate5.tif,1,800.000,800,800
398,F8_01_1_2_Chlorophyll_A_001_phosphate_plate5.tif,1,800.000,800,800
399,F8_01_1_2_Chlorophyll_A_001_phosphate_plate5.tif,1,784.000,784,784
400,F8_01_1_2_Chlorophyll_A_001_phosphate_plate5.tif,1,784.000,784,784
401,F8_01_1_2_Chlorophyll_A_001_phosphate_plate5.tif,1,800.000,800,800
402,F8_01_1_2_Chlorophyll_A_001_phosphate_plate5.tif,1,800.000,800,800
403,F8_01_1_2_Chlorophyll_A_001_phosphate_plate5.tif,1,768.000,768,768
404,F8_01_1_2_Chlorophyll_A_001_phosphate_plate5.tif,4,784.000,768,800
405,F8_01_1_2_Chlorophyll_A_001_phosphate_plate5.tif,2,864.000,784,944
406,F8_01_1_2_Chlorophyll_A_001_phosphate_plate5.tif,2,808.000,768,848
407,F8_01_1_2_Chlorophyll_A_001_phosphate_plate5.tif,1,784.000,784,784
408,F8_01_1_2_Chlorophyll_A_001_phosphate_plate5.tif,1,800.000,800,800
409,F8_01_1_2_Chlorophyll_A_001_phosphate_plate5.tif,5,860.800,768,976
410,F8_01_1_2_Chlorophyll_A_001_phosphate_plate5.tif,1,784.000,784,784
411,F8_01_1_2_Chlorophyll_A_001_phosphate_plate5.tif,1,768.000,768,768
412,F8_01_1_2_Chlorophyll_A_001_phosphate_plate5.tif,1,976.000,976,976
413,F8_01_1_2_Chlorophyll_A_001_phosphate_plate5.tif,1,800.000,800,800
414,F8_01_1_2_Chlorophyll_A_001_phosphate_plate5.tif,1,768.000,768,768
415,F8_01_1_2_Chlorophyll_A_001_phosphate_plate5.tif,2,792.000,784,800
416,F8_01_1_2_Chlorophyll_A_001_phosphate_plate5.tif,2,808.000,784,832
417,F8_01_1_2_Chlorophyll_A_001_phosphate_plate5.tif,1,832.000,832,832
418,F8_01_1_2_Chlorophyll_A_001_phosphate_plate5.tif,1,848.000,848,848
419,F8_01_1_2_Chlorophyll_A_001_phosphate_plate5.tif,3,794.667,768,816
420,F8_01_1_2_Chlorophyll_A_001_phosphate_plate5.tif,2,888.000,848,928
421,F8_01_1_2_Chlorophyll_A_001_phosphate_plate5.tif,5,873.600,800,1024
422,F8_01_1_2_Chlorophyll_A_001_phosphate_plate5.tif,1,784.000,784,784
423,F8_01_1_2_Chlorophyll_A_001_phosphate_plate5.tif,1,816.000,816,816
424,F8_01_1_2_Chlorophyll_A_001_phosphate_plate5.tif,1,816.000,816,816
425,F8_01_1_2_Chlorophyll_A_001_phosphate_plate5.tif,176,885.000,768,1152
426,F8_01_1_2_Chlorophyll_A_001_phosphate_plate5.tif,76,882.526,768,1136
427,F8_01_1_2_Chlorophyll_A_001_phosphate_plate5.tif,57,902.737,768,1216
428,F8_01_1_2_Chlorophyll_A_001_phosphate_plate5.tif,70,877.257,768,1248
429,F8_01_1_2_Chlorophyll_A_001_phosphate_plate5.tif,17,866.824,784,1056
430,F8_01_1_2_Chlorophyll_A_001_phosphate_plate5.tif,70,896.229,768,1312
431,F8_01_1_2_Chlorophyll_A_001_phosphate_plate5.tif,1,880.000,880,880
432,F8_01_1_2_Chlorophyll_A_001_phosphate_plate5.tif,55,854.982,768,1056
433,F8_01_1_2_Chlorophyll_A_001_phosphate_plate5.tif,2,784.000,784,784
434,F8_01_1_2_Chlorophyll_A_001_phosphate_plate5.tif,24,841.333,768,1088
435,F8_01_1_2_Chlorophyll_A_001_phosphate_plate5.tif,4,848.000,800,928
436,F8_01_1_2_Chlorophyll_A_001_phosphate_plate5.tif,1,800.000,800,800
437,F8_01_1_2_Chlorophyll_A_001_phosphate_plate5.tif,1,768.000,768,768
438,F8_01_1_2_Chlorophyll_A_001_phosphate_plate5.tif,1,784.000,784,784
439,F8_01_1_2_Chlorophyll_A_001_phosphate_plate5.tif,1,912.000,912,912
440,F8_01_1_2_Chlorophyll_A_001_phosphate_plate5.tif,3,832.000,768,928
441,F8_01_1_2_Chlorophyll_A_001_phosphate_plate5.tif,1,784.000,784,784
442,F8_01_1_2_Chlorophyll_A_001_phosphate_plate5.tif,1,928.000,928,928
443,F8_01_1_2_Chlorophyll_A_001_phosphate_plate5.tif,1,992.000,992,992
444,F8_01_1_2_Chlorophyll_A_001_phosphate_plate5.tif,1,784.000,784,784
445,F8_01_1_2_Chlorophyll_A_001_phosphate_plate5.tif,5,832.000,768,912
446,F8_01_1_2_Chlorophyll_A_001_phosphate_plate5.tif,1,880.000,880,880
447,F8_01_1_2_Chlorophyll_A_001_phosphate_plate5.tif,1,784.000,784,784
448,F8_01_1_2_Chlorophyll_A_001_phosphate_plate5.tif,1,768.000,768,768
449,F8_01_1_2_Chlorophyll_A_001_phosphate_plate5.tif,3,789.333,768,816
450,F8_01_1_2_Chlorophyll_A_001_phosphate_plate5.tif,2,872.000,800,944
451,F8_01_1_2_Chlorophyll_A_001_phosphate_plate5.tif,1,768.000,768,768
452,F8_01_1_2_Chlorophyll_A_001_phosphate_plate5.tif,1,784.000,784,784
453,F8_01_1_2_Chlorophyll_A_001_phosphate_plate5.tif,1,768.000,768,768
454,F8_01_1_2_Chlorophyll_A_001_phosphate_plate5.tif,2,864.000,864,864
455,F8_01_1_2_Chlorophyll_A_001_phosphate_plate5.tif,1,768.000,768,768
456,F8_01_1_2_Chlorophyll_A_001_phosphate_plate5.tif,1,800.000,800,800
457,F8_01_1_2_Chlorophyll_A_001_phosphate_plate5.tif,1,880.000,880,880
458,F8_01_1_2_Chlorophyll_A_001_phosphate_plate5.tif,1,832.000,832,832
459,F8_01_1_2_Chlorophyll_A_001_phosphate_plate5.tif,1,784.000,784,784
460,F8_01_1_2_Chlorophyll_A_001_phosphate_plate5.tif,1,816.000,816,816
461,F8_01_1_2_Chlorophyll_A_001_phosphate_plate5.tif,1,832.000,832,832
462,F8_01_1_2_Chlorophyll_A_001_phosphate_plate5.tif,1,864.000,864,864
463,F8_01_1_2_Chlorophyll_A_001_phosphate_plate5.tif,1,784.000,784,784
464,F8_01_1_2_Chlorophyll_A_001_phosphate_plate5.tif,1,832.000,832,832
465,F8_01_1_2_Chlorophyll_A_001_phosphate_plate5.tif,1,768.000,768,768
466,F8_01_1_2_Chlorophyll_A_001_phosphate_plate5.tif,1,784.000,784,784
467,F8_01_1_2_Chlorophyll_A_001_phosphate_plate5.tif,1,768.000,768,768
468,F8_01_1_2_Chlorophyll_A_001_phosphate_plate5.tif,1,784.000,784,784
469,F8_01_1_2_Chlorophyll_A_001_phosphate_plate5.tif,1,848.000,848,848
470,F8_01_1_2_Chlorophyll_A_001_phosphate_plate5.tif,4,916.000,800,1008
471,F8_01_1_2_Chlorophyll_A_001_phosphate_plate5.tif,1,784.000,784,784
472,F8_01_1_2_Chlorophyll_A_001_phosphate_plate5.tif,4,888.000,784,1024
473,F8_01_1_2_Chlorophyll_A_001_phosphate_plate5.tif,4,804.000,768,848
474,F8_01_1_2_Chlorophyll_A_001_phosphate_plate5.tif,3,832.000,784,880
475,F8_01_1_2_Chlorophyll_A_001_phosphate_plate5.tif,2,872.000,768,976
476,F8_01_1_2_Chlorophyll_A_001_phosphate_plate5.tif,50,894.720,768,1120
477,F8_01_1_2_Chlorophyll_A_001_phosphate_plate5.tif,31,906.323,768,1200
478,F8_01_1_2_Chlorophyll_A_001_phosphate_plate5.tif,54,874.370,768,1120
479,F8_01_1_2_Chlorophyll_A_001_phosphate_plate5.tif,5,832.000,768,944
480,F8_01_1_2_Chlorophyll_A_001_phosphate_plate5.tif,1,768.000,768,768
481,F8_01_1_2_Chlorophyll_A_001_phosphate_plate5.tif,2,880.000,848,912
482,F8_01_1_2_Chlorophyll_A_001_phosphate_plate5.tif,2,840.000,800,880
483,F8_01_1_2_Chlorophyll_A_001_phosphate_plate5.tif,5,886.400,832,1024
484,F8_01_1_2_Chlorophyll_A_001_phosphate_plate5.tif,1,800.000,800,800
485,F8_01_1_2_Chlorophyll_A_001_phosphate_plate5.tif,1,864.000,864,864
486,F8_01_1_2_Chlorophyll_A_001_phosphate_plate5.tif,4,856.000,784,1008
487,F8_01_1_2_Chlorophyll_A_001_phosphate_plate5.tif,1,880.000,880,880
488,F8_01_1_2_Chlorophyll_A_001_phosphate_plate5.tif,7,811.429,768,848
489,F8_01_1_2_Chlorophyll_A_001_phosphate_plate5.tif,5,835.200,784,896
490,F8_01_1_2_Chlorophyll_A_001_phosphate_plate5.tif,1,832.000,832,832
491,F8_01_1_2_Chlorophyll_A_001_phosphate_plate5.tif,2,800.000,768,832
492,F8_01_1_2_Chlorophyll_A_001_phosphate_plate5.tif,1,800.000,800,800
493,F8_01_1_2_Chlorophyll_A_001_phosphate_plate5.tif,1,800.000,800,800
494,F8_01_1_2_Chlorophyll_A_001_phosphate_plate5.tif,1,864.000,864,864
495,F8_01_1_2_Chlorophyll_A_001_phosphate_plate5.tif,1,768.000,768,768
496,F8_01_1_2_Chlorophyll_A_001_phosphate_plate5.tif,6,834.667,768,896
497,F8_01_1_2_Chlorophyll_A_001_phosphate_plate5.tif,1,880.000,880,880
498,F8_01_1_2_Chlorophyll_A_001_phosphate_plate5.tif,1,800.000,800,800
499,F8_01_1_2_Chlorophyll_A_001_phosphate_plate5.tif,4,788.000,768,816
500,F8_01_1_2_Chlorophyll_A_001_phosphate_plate5.tif,2,800.000,784,816
501,F8_01_1_2_Chlorophyll_A_001_phosphate_plate5.tif,3,837.333,832,848
502,F8_01_1_2_Chlorophyll_A_001_phosphate_plate5.tif,1,848.000,848,848
503,F8_01_1_2_Chlorophyll_A_001_phosphate_plate5.tif,2,808.000,800,816
504,F8_01_1_2_Chlorophyll_A_001_phosphate_plate5.tif,1,848.000,848,848
505,F8_01_1_2_Chlorophyll_A_001_phosphate_plate5.tif,2,816.000,784,848
506,F8_01_1_2_Chlorophyll_A_001_phosphate_plate5.tif,1,864.000,864,864
507,F8_01_1_2_Chlorophyll_A_001_phosphate_plate5.tif,1,832.000,832,832
508,F8_01_1_2_Chlorophyll_A_001_phosphate_plate5.tif,1,784.000,784,784
509,F8_01_1_2_Chlorophyll_A_001_phosphate_plate5.tif,1,848.000,848,848
510,F8_01_1_2_Chlorophyll_A_001_phosphate_plate5.tif,2,784.000,768,800
511,F8_01_1_2_Chlorophyll_A_001_phosphate_plate5.tif,1,768.000,768,768
512,F8_01_1_2_Chlorophyll_A_001_phosphate_plate5.tif,1,800.000,800,800
513,F8_01_1_2_Chlorophyll_A_001_phosphate_plate5.tif,1,768.000,768,768
514,F8_01_1_2_Chlorophyll_A_001_phosphate_plate5.tif,1,896.000,896,896
515,F8_01_1_2_Chlorophyll_A_001_phosphate_plate5.tif,1,880.000,880,880
516,F8_01_1_2_Chlorophyll_A_001_phosphate_plate5.tif,1,784.000,784,784
517,F8_01_1_2_Chlorophyll_A_001_phosphate_plate5.tif,4,856.000,768,944
518,F8_01_1_2_Chlorophyll_A_001_phosphate_plate5.tif,4,812.000,768,880
519,F8_01_1_2_Chlorophyll_A_001_phosphate_plate5.tif,4,892.000,768,1104
520,F8_01_1_2_Chlorophyll_A_001_phosphate_plate5.tif,9,883.556,784,1040
521,F8_01_1_2_Chlorophyll_A_001_phosphate_plate5.tif,142,856.225,768,1120
522,F8_01_1_2_Chlorophyll_A_001_phosphate_plate5.tif,28,853.714,768,976
523,F8_01_1_2_Chlorophyll_A_001_phosphate_plate5.tif,18,876.444,784,1152
524,F8_01_1_2_Chlorophyll_A_001_phosphate_plate5.tif,14,902.857,768,1072
525,F8_01_1_2_Chlorophyll_A_001_phosphate_plate5.tif,96,861.000,768,1088
526,F8_01_1_2_Chlorophyll_A_001_phosphate_plate5.tif,1,784.000,784,784
527,F8_01_1_2_Chlorophyll_A_001_phosphate_plate5.tif,3,885.333,816,960
528,F8_01_1_2_Chlorophyll_A_001_phosphate_plate5.tif,23,901.565,768,1072
529,F8_01_1_2_Chlorophyll_A_001_phosphate_plate5.tif,2,784.000,768,800
530,F8_01_1_2_Chlorophyll_A_001_phosphate_plate5.tif,2,864.000,816,912
531,F8_01_1_2_Chlorophyll_A_001_phosphate_plate5.tif,1,896.000,896,896
532,F8_01_1_2_Chlorophyll_A_001_phosphate_plate5.tif,1,768.000,768,768
533,F8_01_1_2_Chlorophyll_A_001_phosphate_plate5.tif,2,888.000,832,944
534,F8_01_1_2_Chlorophyll_A_001_phosphate_plate5.tif,2,808.000,800,816
535,F8_01_1_2_Chlorophyll_A_001_phosphate_plate5.tif,8,844.000,768,960
536,F8_01_1_2_Chlorophyll_A_001_phosphate_plate5.tif,6,866.667,768,1088
537,F8_01_1_2_Chlorophyll_A_001_phosphate_plate5.tif,1,832.000,832,832
538,F8_01_1_2_Chlorophyll_A_001_phosphate_plate5.tif,11,858.182,768,1024
539,F8_01_1_2_Chlorophyll_A_001_phosphate_plate5.tif,4,792.000,784,816
540,F8_01_1_2_Chlorophyll_A_001_phosphate_plate5.tif,1,832.000,832,832
541,F8_01_1_2_Chlorophyll_A_001_phosphate_plate5.tif,1,800.000,800,800
542,F8_01_1_2_Chlorophyll_A_001_phosphate_plate5.tif,1,912.000,912,912
543,F8_01_1_2_Chlorophyll_A_001_phosphate_plate5.tif,6,842.667,768,944
544,F8_01_1_2_Chlorophyll_A_001_phosphate_plate5.tif,1,896.000,896,896
545,F8_01_1_2_Chlorophyll_A_001_phosphate_plate5.tif,1,768.000,768,768
546,F8_01_1_2_Chlorophyll_A_001_phosphate_plate5.tif,1,768.000,768,768
547,F8_01_1_2_Chlorophyll_A_001_phosphate_plate5.tif,2,776.000,768,784
548,F8_01_1_2_Chlorophyll_A_001_phosphate_plate5.tif,18,864.000,768,960
549,F8_01_1_2_Chlorophyll_A_001_phosphate_plate5.tif,1,816.000,816,816
550,F8_01_1_2_Chlorophyll_A_001_phosphate_plate5.tif,1,864.000,864,864
551,F8_01_1_2_Chlorophyll_A_001_phosphate_plate5.tif,1,848.000,848,848
552,F8_01_1_2_Chlorophyll_A_001_phosphate_plate5.tif,1,816.000,816,816
553,F8_01_1_2_Chlorophyll_A_001_phosphate_plate5.tif,1,800.000,800,800
554,F8_01_1_2_Chlorophyll_A_001_phosphate_plate5.tif,4,780.000,768,800
555,F8_01_1_2_Chlorophyll_A_001_phosphate_plate5.tif,1,784.000,784,784
556,F8_01_1_2_Chlorophyll_A_001_phosphate_plate5.tif,1,784.000,784,784
557,F8_01_1_2_Chlorophyll_A_001_phosphate_plate5.tif,1,832.000,832,832
558,F8_01_1_2_Chlorophyll_A_001_phosphate_plate5.tif,1,816.000,816,816
559,F8_01_1_2_Chlorophyll_A_001_phosphate_plate5.tif,1,832.000,832,832
560,F8_01_1_2_Chlorophyll_A_001_phosphate_plate5.tif,1,848.000,848,848
561,F8_01_1_2_Chlorophyll_A_001_phosphate_plate5.tif,1,784.000,784,784
562,F8_01_1_2_Chlorophyll_A_001_phosphate_plate5.tif,1,768.000,768,768
563,F8_01_1_2_Chlorophyll_A_001_phosphate_plate5.tif,1,800.000,800,800
564,F8_01_1_2_Chlorophyll_A_001_phosphate_plate5.tif,1,784.000,784,784
565,F8_01_1_2_Chlorophyll_A_001_phosphate_plate5.tif,1,832.000,832,832
566,F8_01_1_2_Chlorophyll_A_001_phosphate_plate5.tif,1,816.000,816,816
567,F8_01_1_2_Chlorophyll_A_001_phosphate_plate5.tif,2,816.000,816,816
568,F8_01_1_2_Chlorophyll_A_001_phosphate_plate5.tif,2,784.000,768,800
569,F8_01_1_2_Chlorophyll_A_001_phosphate_plate5.tif,1,784.000,784,784
570,F8_01_1_2_Chlorophyll_A_001_phosphate_plate5.tif,2,912.000,864,960
571,F8_01_1_2_Chlorophyll_A_001_phosphate_plate5.tif,1,800.000,800,800
572,F8_01_1_2_Chlorophyll_A_001_phosphate_plate5.tif,1,784.000,784,784
573,F8_01_1_2_Chlorophyll_A_001_phosphate_plate5.tif,1,768.000,768,768
574,F8_01_1_2_Chlorophyll_A_001_phosphate_plate5.tif,1,784.000,784,784
575,F8_01_1_2_Chlorophyll_A_001_phosphate_plate5.tif,1,768.000,768,768
576,F8_01_1_2_Chlorophyll_A_001_phosphate_plate5.tif,1,880.000,880,880
577,F8_01_1_2_Chlorophyll_A_001_phosphate_plate5.tif,1,976.000,976,976
578,F8_01_1_2_Chlorophyll_A_001_phosphate_plate5.tif,1,832.000,832,832
579,F8_01_1_2_Chlorophyll_A_001_phosphate_plate5.tif,1,784.000,784,784
580,F8_01_1_2_Chlorophyll_A_001_phosphate_plate5.tif,2,816.000,768,864
581,F8_01_1_2_Chlorophyll_A_001_phosphate_plate5.tif,1,848.000,848,848
582,F8_01_1_2_Chlorophyll_A_001_phosphate_plate5.tif,1,800.000,800,800
583,F8_01_1_2_Chlorophyll_A_001_phosphate_plate5.tif,1,928.000,928,928
584,F8_01_1_2_Chlorophyll_A_001_phosphate_plate5.tif,3,832.000,768,880
585,F8_01_1_2_Chlorophyll_A_001_phosphate_plate5.tif,1,912.000,912,912
586,F8_01_1_2_Chlorophyll_A_001_phosphate_plate5.tif,1,784.000,784,784
587,F8_01_1_2_Chlorophyll_A_001_phosphate_plate5.tif,1,832.000,832,832
588,F8_01_1_2_Chlorophyll_A_001_phosphate_plate5.tif,1,800.000,800,800
589,F8_01_1_2_Chlorophyll_A_001_phosphate_plate5.tif,1,768.000,768,768
590,F8_01_1_2_Chlorophyll_A_001_phosphate_plate5.tif,2,808.000,768,848
591,F8_01_1_2_Chlorophyll_A_001_phosphate_plate5.tif,6,834.667,768,992
592,F8_01_1_2_Chlorophyll_A_001_phosphate_plate5.tif,41,879.220,768,1024
593,F8_01_1_2_Chlorophyll_A_001_phosphate_plate5.tif,24,877.333,768,1024
594,F8_01_1_2_Chlorophyll_A_001_phosphate_plate5.tif,24,855.333,768,1024
595,F8_01_1_2_Chlorophyll_A_001_phosphate_plate5.tif,46,893.565,768,1136
596,F8_01_1_2_Chlorophyll_A_001_phosphate_plate5.tif,6,877.333,768,1008
597,F8_01_1_2_Chlorophyll_A_001_phosphate_plate5.tif,1,912.000,912,912
598,F8_01_1_2_Chlorophyll_A_001_phosphate_plate5.tif,1,880.000,880,880
599,F8_01_1_2_Chlorophyll_A_001_phosphate_plate5.tif,17,825.412,768,960
600,F8_01_1_2_Chlorophyll_A_001_phosphate_plate5.tif,2,808.000,768,848
601,F8_01_1_2_Chlorophyll_A_001_phosphate_plate5.tif,2,864.000,848,880
602,F8_01_1_2_Chlorophyll_A_001_phosphate_plate5.tif,3,848.000,768,960
603,F8_01_1_2_Chlorophyll_A_001_phosphate_plate5.tif,1,832.000,832,832
604,F8_01_1_2_Chlorophyll_A_001_phosphate_plate5.tif,7,841.143,768,944
605,F8_01_1_2_Chlorophyll_A_001_phosphate_plate5.tif,1,784.000,784,784
606,F8_01_1_2_Chlorophyll_A_001_phosphate_plate5.tif,1,768.000,768,768
607,F8_01_1_2_Chlorophyll_A_001_phosphate_plate5.tif,1,800.000,800,800
608,F8_01_1_2_Chlorophyll_A_001_phosphate_plate5.tif,1,768.000,768,768
609,F8_01_1_2_Chlorophyll_A_001_phosphate_plate5.tif,1,832.000,832,832
610,F8_01_1_2_Chlorophyll_A_001_phosphate_plate5.tif,1,784.000,784,784
611,F8_01_1_2_Chlorophyll_A_001_phosphate_plate5.tif,1,768.000,768,768
612,F8_01_1_2_Chlorophyll_A_001_phosphate_plate5.tif,3,789.333,768,816
613,F8_01_1_2_Chlorophyll_A_001_phosphate_plate5.tif,1,768.000,768,768
614,F8_01_1_2_Chlorophyll_A_001_phosphate_plate5.tif,1,896.000,896,896
615,F8_01_1_2_Chlorophyll_A_001_phosphate_plate5.tif,1,784.000,784,784
616,F8_01_1_2_Chlorophyll_A_001_phosphate_plate5.tif,1,864.000,864,864
617,F8_01_1_2_Chlorophyll_A_001_phosphate_plate5.tif,1,832.000,832,832
618,F8_01_1_2_Chlorophyll_A_001_phosphate_plate5.tif,15,848.000,784,1024
619,F8_01_1_2_Chlorophyll_A_001_phosphate_plate5.tif,2,840.000,800,880
620,F8_01_1_2_Chlorophyll_A_001_phosphate_plate5.tif,3,816.000,784,864
621,F8_01_1_2_Chlorophyll_A_001_phosphate_plate5.tif,30,887.467,768,1040
622,F8_01_1_2_Chlorophyll_A_001_phosphate_plate5.tif,28,846.286,768,960
623,F8_01_1_2_Chlorophyll_A_001_phosphate_plate5.tif,21,892.190,768,1056
624,F8_01_1_2_Chlorophyll_A_001_phosphate_plate5.tif,12,857.333,768,960
625,F8_01_1_2_Chlorophyll_A_001_phosphate_plate5.tif,28,853.714,768,1120
626,F8_01_1_2_Chlorophyll_A_001_phosphate_plate5.tif,9,837.333,768,960
627,F8_01_1_2_Chlorophyll_A_001_phosphate_plate5.tif,8,856.000,784,960
628,F8_01_1_2_Chlorophyll_A_001_phosphate_plate5.tif,2,800.000,784,816
629,F8_01_1_2_Chlorophyll_A_001_phosphate_plate5.tif,10,867.200,768,1008
630,F8_01_1_2_Chlorophyll_A_001_phosphate_plate5.tif,1,768.000,768,768
631,F8_01_1_2_Chlorophyll_A_001_phosphate_plate5.tif,9,833.778,768,1008
632,F8_01_1_2_Chlorophyll_A_001_phosphate_plate5.tif,10,812.800,768,848
633,F8_01_1_2_Chlorophyll_A_001_phosphate_plate5.tif,1,768.000,768,768
634,F8_01_1_2_Chlorophyll_A_001_phosphate_plate5.tif,12,832.000,768,928
635,F8_01_1_2_Chlorophyll_A_001_phosphate_plate5.tif,4,788.000,768,848
636,F8_01_1_2_Chlorophyll_A_001_phosphate_plate5.tif,1,928.000,928,928
637,F8_01_1_2_Chlorophyll_A_001_phosphate_plate5.tif,2,792.000,768,816
638,F8_01_1_2_Chlorophyll_A_001_phosphate_plate5.tif,1,912.000,912,912
639,F8_01_1_2_Chlorophyll_A_001_phosphate_plate5.tif,1,784.000,784,784
640,F8_01_1_2_Chlorophyll_A_001_phosphate_plate5.tif,1,848.000,848,848
641,F8_01_1_2_Chlorophyll_A_001_phosphate_plate5.tif,1,960.000,960,960
642,F8_01_1_2_Chlorophyll_A_001_phosphate_plate5.tif,1,864.000,864,864
643,F8_01_1_2_Chlorophyll_A_001_phosphate_plate5.tif,1,848.000,848,848
644,F8_01_1_2_Chlorophyll_A_001_phosphate_plate5.tif,1,800.000,800,800
645,F8_01_1_2_Chlorophyll_A_001_phosphate_plate5.tif,2,792.000,784,800
646,F8_01_1_2_Chlorophyll_A_001_phosphate_plate5.tif,1,848.000,848,848
647,F8_01_1_2_Chlorophyll_A_001_phosphate_plate5.tif,1,816.000,816,816
648,F8_01_1_2_Chlorophyll_A_001_phosphate_plate5.tif,1,768.000,768,768
649,F8_01_1_2_Chlorophyll_A_001_phosphate_plate5.tif,1,928.000,928,928
650,F8_01_1_2_Chlorophyll_A_001_phosphate_plate5.tif,1,896.000,896,896
651,F8_01_1_2_Chlorophyll_A_001_phosphate_plate5.tif,2,776.000,768,784
652,F8_01_1_2_Chlorophyll_A_001_phosphate_plate5.tif,1,784.000,784,784
653,F8_01_1_2_Chlorophyll_A_001_phosphate_plate5.tif,1,912.000,912,912
654,F8_01_1_2_Chlorophyll_A_001_phosphate_plate5.tif,1,784.000,784,784
655,F8_01_1_2_Chlorophyll_A_001_phosphate_plate5.tif,1,848.000,848,848
656,F8_01_1_2_Chlorophyll_A_001_phosphate_plate5.tif,1,768.000,768,768
657,F8_01_1_2_Chlorophyll_A_001_phosphate_plate5.tif,1,1008.000,1008,1008
658,F8_01_1_2_Chlorophyll_A_001_phosphate_plate5.tif,3,848.000,768,912
659,F8_01_1_2_Chlorophyll_A_001_phosphate_plate5.tif,1,864.000,864,864
660,F8_01_1_2_Chlorophyll_A_001_phosphate_plate5.tif,1,832.000,832,832
661,F8_01_1_2_Chlorophyll_A_001_phosphate_plate5.tif,1,976.000,976,976
662,F8_01_1_2_Chlorophyll_A_001_phosphate_plate5.tif,2,800.000,800,800
663,F8_01_1_2_Chlorophyll_A_001_phosphate_plate5.tif,1,832.000,832,832
664,F8_01_1_2_Chlorophyll_A_001_phosphate_plate5.tif,1,768.000,768,768
665,F8_01_1_2_Chlorophyll_A_001_phosphate_plate5.tif,1,784.000,784,784
666,F8_01_1_2_Chlorophyll_A_001_phosphate_plate5.tif,1,784.000,784,784
667,F8_01_1_2_Chlorophyll_A_001_phosphate_plate5.tif,2,856.000,832,880
668,F8_01_1_2_Chlorophyll_A_001_phosphate_plate5.tif,1,768.000,768,768
669,F8_01_1_2_Chlorophyll_A_001_phosphate_plate5.tif,2,792.000,768,816
670,F8_01_1_2_Chlorophyll_A_001_phosphate_plate5.tif,1,784.000,784,784
671,F8_01_1_2_Chlorophyll_A_001_phosphate_plate5.tif,1,864.000,864,864
672,F8_01_1_2_Chlorophyll_A_001_phosphate_plate5.tif,1,1040.000,1040,1040
673,F8_01_1_2_Chlorophyll_A_001_phosphate_plate5.tif,3,842.667,816,864
674,F8_01_1_2_Chlorophyll_A_001_phosphate_plate5.tif,1,800.000,800,800
675,F8_01_1_2_Chlorophyll_A_001_phosphate_plate5.tif,4,916.000,784,976
676,F8_01_1_2_Chlorophyll_A_001_phosphate_plate5.tif,1,768.000,768,768
677,F8_01_1_2_Chlorophyll_A_001_phosphate_plate5.tif,21,892.190,768,1104
678,F8_01_1_2_Chlorophyll_A_001_phosphate_plate5.tif,1,768.000,768,768
679,F8_01_1_2_Chlorophyll_A_001_phosphate_plate5.tif,2,808.000,800,816
680,F8_01_1_2_Chlorophyll_A_001_phosphate_plate5.tif,1,800.000,800,800
681,F8_01_1_2_Chlorophyll_A_001_phosphate_plate5.tif,2,784.000,768,800
682,F8_01_1_2_Chlorophyll_A_001_phosphate_plate5.tif,4,824.000,784,912
683,F8_01_1_2_Chlorophyll_A_001_phosphate_plate5.tif,5,832.000,768,864
684,F8_01_1_2_Chlorophyll_A_001_phosphate_plate5.tif,1,976.000,976,976
685,F8_01_1_2_Chlorophyll_A_001_phosphate_plate5.tif,14,845.714,768,992
686,F8_01_1_2_Chlorophyll_A_001_phosphate_plate5.tif,1,816.000,816,816
687,F8_01_1_2_Chlorophyll_A_001_phosphate_plate5.tif,2,928.000,928,928
688,F8_01_1_2_Chlorophyll_A_001_phosphate_plate5.tif,358,2081.475,768,19008
689,F8_01_1_2_Chlorophyll_A_001_phosphate_plate5.tif,4,864.000,768,960
690,F8_01_1_2_Chlorophyll_A_001_phosphate_plate5.tif,2,776.000,768,784
691,F8_01_1_2_Chlorophyll_A_001_phosphate_plate5.tif,6,848.000,768,1040
692,F8_01_1_2_Chlorophyll_A_001_phosphate_plate5.tif,1,800.000,800,800
693,F8_01_1_2_Chlorophyll_A_001_phosphate_plate5.tif,1,800.000,800,800
694,F8_01_1_2_Chlorophyll_A_001_phosphate_plate5.tif,1,768.000,768,768
695,F8_01_1_2_Chlorophyll_A_001_phosphate_plate5.tif,2,840.000,768,912
696,F8_01_1_2_Chlorophyll_A_001_phosphate_plate5.tif,1,880.000,880,880
697,F8_01_1_2_Chlorophyll_A_001_phosphate_plate5.tif,2,792.000,784,800
698,F8_01_1_2_Chlorophyll_A_001_phosphate_plate5.tif,1,800.000,800,800
699,F8_01_1_2_Chlorophyll_A_001_phosphate_plate5.tif,1,768.000,768,768
700,F8_01_1_2_Chlorophyll_A_001_phosphate_plate5.tif,1,896.000,896,896
701,F8_01_1_2_Chlorophyll_A_001_phosphate_plate5.tif,1,784.000,784,784
702,F8_01_1_2_Chlorophyll_A_001_phosphate_plate5.tif,1,864.000,864,864
703,F8_01_1_2_Chlorophyll_A_001_phosphate_plate5.tif,1,864.000,864,864
704,F8_01_1_2_Chlorophyll_A_001_phosphate_plate5.tif,2,800.000,784,816
705,F8_01_1_2_Chlorophyll_A_001_phosphate_plate5.tif,7,864.000,768,944
706,F8_01_1_2_Chlorophyll_A_001_phosphate_plate5.tif,1,1040.000,1040,1040
707,F8_01_1_2_Chlorophyll_A_001_phosphate_plate5.tif,1,832.000,832,832
708,F8_01_1_2_Chlorophyll_A_001_phosphate_plate5.tif,1,848.000,848,848
709,F8_01_1_2_Chlorophyll_A_001_phosphate_plate5.tif,1,784.000,784,784
710,F8_01_1_2_Chlorophyll_A_001_phosphate_plate5.tif,2,896.000,864,928
711,F8_01_1_2_Chlorophyll_A_001_phosphate_plate5.tif,1,848.000,848,848
712,F8_01_1_2_Chlorophyll_A_001_phosphate_plate5.tif,2,776.000,768,784
713,F8_01_1_2_Chlorophyll_A_001_phosphate_plate5.tif,1,832.000,832,832
714,F8_01_1_2_Chlorophyll_A_001_phosphate_plate5.tif,1,784.000,784,784
715,F8_01_1_2_Chlorophyll_A_001_phosphate_plate5.tif,1,800.000,800,800
716,F8_01_1_2_Chlorophyll_A_001_phosphate_plate5.tif,1,784.000,784,784
717,F8_01_1_2_Chlorophyll_A_001_phosphate_plate5.tif,1,768.000,768,768
718,F8_01_1_2_Chlorophyll_A_001_phosphate_plate5.tif,2,856.000,848,864
719,F8_01_1_2_Chlorophyll_A_001_phosphate_plate5.tif,1,784.000,784,784
720,F8_01_1_2_Chlorophyll_A_001_phosphate_plate5.tif,1,896.000,896,896
721,F8_01_1_2_Chlorophyll_A_001_phosphate_plate5.tif,2,792.000,784,800
722,F8_01_1_2_Chlorophyll_A_001_phosphate_plate5.tif,1,848.000,848,848
723,F8_01_1_2_Chlorophyll_A_001_phosphate_plate5.tif,1,912.000,912,912
724,F8_01_1_2_Chlorophyll_A_001_phosphate_plate5.tif,7,854.857,784,928
725,F8_01_1_2_Chlorophyll_A_001_phosphate_plate5.tif,20,866.400,768,960
726,F8_01_1_2_Chlorophyll_A_001_phosphate_plate5.tif,3,896.000,832,960
727,F8_01_1_2_Chlorophyll_A_001_phosphate_plate5.tif,1,768.000,768,768
728,F8_01_1_2_Chlorophyll_A_001_phosphate_plate5.tif,9,835.556,768,1040
729,F8_01_1_2_Chlorophyll_A_001_phosphate_plate5.tif,2,808.000,800,816
730,F8_01_1_2_Chlorophyll_A_001_phosphate_plate5.tif,2,824.000,800,848
731,F8_01_1_2_Chlorophyll_A_001_phosphate_plate5.tif,4,836.000,784,976
732,F8_01_1_2_Chlorophyll_A_001_phosphate_plate5.tif,1,768.000,768,768
733,F8_01_1_2_Chlorophyll_A_001_phosphate_plate5.tif,1,864.000,864,864
734,F8_01_1_2_Chlorophyll_A_001_phosphate_plate5.tif,4,832.000,800,864
735,F8_01_1_2_Chlorophyll_A_001_phosphate_plate5.tif,3,864.000,768,928
736,F8_01_1_2_Chlorophyll_A_001_phosphate_plate5.tif,284,3206.930,768,35856
737,F8_01_1_2_Chlorophyll_A_001_phosphate_plate5.tif,3,874.667,768,992
738,F8_01_1_2_Chlorophyll_A_001_phosphate_plate5.tif,3,816.000,784,848
739,F8_01_1_2_Chlorophyll_A_001_phosphate_plate5.tif,2,816.000,784,848
740,F8_01_1_2_Chlorophyll_A_001_phosphate_plate5.tif,5,883.200,800,1024
741,F8_01_1_2_Chlorophyll_A_001_phosphate_plate5.tif,2,944.000,880,1008
742,F8_01_1_2_Chlorophyll_A_001_phosphate_plate5.tif,5,848.000,768,1056
743,F8_01_1_2_Chlorophyll_A_001_phosphate_plate5.tif,2,824.000,816,832
744,F8_01_1_2_Chlorophyll_A_001_phosphate_plate5.tif,2,888.000,816,960
745,F8_01_1_2_Chlorophyll_A_001_phosphate_plate5.tif,2,792.000,784,800
746,F8_01_1_2_Chlorophyll_A_001_phosphate_plate5.tif,5,835.200,768,1008
747,F8_01_1_2_Chlorophyll_A_001_phosphate_plate5.tif,4,876.000,784,1008
748,F8_01_1_2_Chlorophyll_A_001_phosphate_plate5.tif,1,832.000,832,832
749,F8_01_1_2_Chlorophyll_A_001_phosphate_plate5.tif,1,816.000,816,816
750,F8_01_1_2_Chlorophyll_A_001_phosphate_plate5.tif,1,992.000,992,992
751,F8_01_1_2_Chlorophyll_A_001_phosphate_plate5.tif,1,800.000,800,800
752,F8_01_1_2_Chlorophyll_A_001_phosphate_plate5.tif,1,784.000,784,784
753,F8_01_1_2_Chlorophyll_A_001_phosphate_plate5.tif,3,810.667,784,864
754,F8_01_1_2_Chlorophyll_A_001_phosphate_plate5.tif,1,768.000,768,768
755,F8_01_1_2_Chlorophyll_A_001_phosphate_plate5.tif,1,800.000,800,800
756,F8_01_1_2_Chlorophyll_A_001_phosphate_plate5.tif,1,832.000,832,832
757,F8_01_1_2_Chlorophyll_A_001_phosphate_plate5.tif,1,848.000,848,848
758,F8_01_1_2_Chlorophyll_A_001_phosphate_plate5.tif,1,976.000,976,976
759,F8_01_1_2_Chlorophyll_A_001_phosphate_plate5.tif,1,928.000,928,928
760,F8_01_1_2_Chlorophyll_A_001_phosphate_plate5.tif,1,832.000,832,832
761,F8_01_1_2_Chlorophyll_A_001_phosphate_plate5.tif,1,784.000,784,784
762,F8_01_1_2_Chlorophyll_A_001_phosphate_plate5.tif,1,864.000,864,864
763,F8_01_1_2_Chlorophyll_A_001_phosphate_plate5.tif,1,832.000,832,832
764,F8_01_1_2_Chlorophyll_A_001_phosphate_plate5.tif,1,784.000,784,784
765,F8_01_1_2_Chlorophyll_A_001_phosphate_plate5.tif,1,768.000,768,768
766,F8_01_1_2_Chlorophyll_A_001_phosphate_plate5.tif,1,768.000,768,768
767,F8_01_1_2_Chlorophyll_A_001_phosphate_plate5.tif,1,784.000,784,784
768,F8_01_1_2_Chlorophyll_A_001_phosphate_plate5.tif,1,784.000,784,784
769,F8_01_1_2_Chlorophyll_A_001_phosphate_plate5.tif,3,816.000,784,848
770,F8_01_1_2_Chlorophyll_A_001_phosphate_plate5.tif,3,784.000,768,800
771,F8_01_1_2_Chlorophyll_A_001_phosphate_plate5.tif,1,768.000,768,768
772,F8_01_1_2_Chlorophyll_A_001_phosphate_plate5.tif,1,784.000,784,784
773,F8_01_1_2_Chlorophyll_A_001_phosphate_plate5.tif,1,768.000,768,768
774,F8_01_1_2_Chlorophyll_A_001_phosphate_plate5.tif,1,880.000,880,880
775,F8_01_1_2_Chlorophyll_A_001_phosphate_plate5.tif,4,832.000,768,880
776,F8_01_1_2_Chlorophyll_A_001_phosphate_plate5.tif,36,851.556,768,1056
777,F8_01_1_2_Chlorophyll_A_001_phosphate_plate5.tif,2,984.000,928,1040
778,F8_01_1_2_Chlorophyll_A_001_phosphate_plate5.tif,42,873.905,768,1088
779,F8_01_1_2_Chlorophyll_A_001_phosphate_plate5.tif,36,883.556,768,1056
780,F8_01_1_2_Chlorophyll_A_001_phosphate_plate5.tif,1,768.000,768,768
781,F8_01_1_2_Chlorophyll_A_001_phosphate_plate5.tif,2,904.000,896,912
782,F8_01_1_2_Chlorophyll_A_001_phosphate_plate5.tif,2,920.000,880,960
783,F8_01_1_2_Chlorophyll_A_001_phosphate_plate5.tif,3,800.000,768,864
784,F8_01_1_2_Chlorophyll_A_001_phosphate_plate5.tif,4,804.000,768,864
785,F8_01_1_2_Chlorophyll_A_001_phosphate_plate5.tif,1,928.000,928,928
786,F8_01_1_2_Chlorophyll_A_001_phosphate_plate5.tif,1,832.000,832,832
787,F8_01_1_2_Chlorophyll_A_001_phosphate_plate5.tif,1,896.000,896,896
788,F8_01_1_2_Chlorophyll_A_001_phosphate_plate5.tif,2,840.000,768,912
789,F8_01_1_2_Chlorophyll_A_001_phosphate_plate5.tif,2,864.000,768,960
790,F8_01_1_2_Chlorophyll_A_001_phosphate_plate5.tif,1,896.000,896,896
791,F8_01_1_2_Chlorophyll_A_001_phosphate_plate5.tif,1,880.000,880,880
792,F8_01_1_2_Chlorophyll_A_001_phosphate_plate5.tif,1,832.000,832,832
793,F8_01_1_2_Chlorophyll_A_001_phosphate_plate5.tif,3,794.667,768,816
794,F8_01_1_2_Chlorophyll_A_001_phosphate_plate5.tif,6,797.333,768,848
795,F8_01_1_2_Chlorophyll_A_001_phosphate_plate5.tif,2,816.000,768,864
796,F8_01_1_2_Chlorophyll_A_001_phosphate_plate5.tif,1,896.000,896,896
797,F8_01_1_2_Chlorophyll_A_001_phosphate_plate5.tif,2,824.000,784,864
798,F8_01_1_2_Chlorophyll_A_001_phosphate_plate5.tif,2,792.000,768,816
799,F8_01_1_2_Chlorophyll_A_001_phosphate_plate5.tif,2,832.000,768,896
800,F8_01_1_2_Chlorophyll_A_001_phosphate_plate5.tif,3,858.667,816,912
801,F8_01_1_2_Chlorophyll_A_001_phosphate_plate5.tif,2,776.000,768,784
802,F8_01_1_2_Chlorophyll_A_001_phosphate_plate5.tif,1,832.000,832,832
803,F8_01_1_2_Chlorophyll_A_001_phosphate_plate5.tif,3,805.333,784,848
804,F8_01_1_2_Chlorophyll_A_001_phosphate_plate5.tif,2,824.000,800,848
805,F8_01_1_2_Chlorophyll_A_001_phosphate_plate5.tif,1,784.000,784,784
806,F8_01_1_2_Chlorophyll_A_001_phosphate_plate5.tif,1,864.000,864,864
807,F8_01_1_2_Chlorophyll_A_001_phosphate_plate5.tif,1,880.000,880,880
808,F8_01_1_2_Chlorophyll_A_001_phosphate_plate5.tif,1,784.000,784,784
809,F8_01_1_2_Chlorophyll_A_001_phosphate_plate5.tif,1,800.000,800,800
810,F8_01_1_2_Chlorophyll_A_001_phosphate_plate5.tif,1,800.000,800,800
811,F8_01_1_2_Chlorophyll_A_001_phosphate_plate5.tif,1,816.000,816,816
812,F8_01_1_2_Chlorophyll_A_001_phosphate_plate5.tif,1,784.000,784,784
813,F8_01_1_2_Chlorophyll_A_001_phosphate_plate5.tif,1,896.000,896,896
814,F8_01_1_2_Chlorophyll_A_001_phosphate_plate5.tif,1,768.000,768,768
815,F8_01_1_2_Chlorophyll_A_001_phosphate_plate5.tif,1,768.000,768,768
816,F8_01_1_2_Chlorophyll_A_001_phosphate_plate5.tif,1,816.000,816,816
817,F8_01_1_2_Chlorophyll_A_001_phosphate_plate5.tif,1,784.000,784,784
818,F8_01_1_2_Chlorophyll_A_001_phosphate_plate5.tif,1,848.000,848,848
819,F8_01_1_2_Chlorophyll_A_001_phosphate_plate5.tif,1,848.000,848,848
820,F8_01_1_2_Chlorophyll_A_001_phosphate_plate5.tif,1,1024.000,1024,1024
821,F8_01_1_2_Chlorophyll_A_001_phosphate_plate5.tif,1,912.000,912,912
822,F8_01_1_2_Chlorophyll_A_001_phosphate_plate5.tif,2,816.000,768,864
823,F8_01_1_2_Chlorophyll_A_001_phosphate_plate5.tif,4,808.000,784,848
824,F8_01_1_2_Chlorophyll_A_001_phosphate_plate5.tif,2,816.000,784,848
825,F8_01_1_2_Chlorophyll_A_001_phosphate_plate5.tif,16,842.000,768,1088
826,F8_01_1_2_Chlorophyll_A_001_phosphate_plate5.tif,8,924.000,800,1136
827,F8_01_1_2_Chlorophyll_A_001_phosphate_plate5.tif,22,875.636,768,1008
828,F8_01_1_2_Chlorophyll_A_001_phosphate_plate5.tif,64,871.500,768,1136
829,F8_01_1_2_Chlorophyll_A_001_phosphate_plate5.tif,2,856.000,848,864
830,F8_01_1_2_Chlorophyll_A_001_phosphate_plate5.tif,12,853.333,768,1088
831,F8_01_1_2_Chlorophyll_A_001_phosphate_plate5.tif,1,768.000,768,768
832,F8_01_1_2_Chlorophyll_A_001_phosphate_plate5.tif,5,828.800,784,864
833,F8_01_1_2_Chlorophyll_A_001_phosphate_plate5.tif,20,854.400,768,976
834,F8_01_1_2_Chlorophyll_A_001_phosphate_plate5.tif,1,864.000,864,864
835,F8_01_1_2_Chlorophyll_A_001_phosphate_plate5.tif,1,816.000,816,816
836,F8_01_1_2_Chlorophyll_A_001_phosphate_plate5.tif,5,812.800,768,944
837,F8_01_1_2_Chlorophyll_A_001_phosphate_plate5.tif,2,864.000,832,896
838,F8_01_1_2_Chlorophyll_A_001_phosphate_plate5.tif,1,816.000,816,816
839,F8_01_1_2_Chlorophyll_A_001_phosphate_plate5.tif,2,880.000,848,912
840,F8_01_1_2_Chlorophyll_A_001_phosphate_plate5.tif,1,848.000,848,848
841,F8_01_1_2_Chlorophyll_A_001_phosphate_plate5.tif,1,848.000,848,848
842,F8_01_1_2_Chlorophyll_A_001_phosphate_plate5.tif,1,768.000,768,768
843,F8_01_1_2_Chlorophyll_A_001_phosphate_plate5.tif,1,848.000,848,848
844,F8_01_1_2_Chlorophyll_A_001_phosphate_plate5.tif,2,864.000,768,960
845,F8_01_1_2_Chlorophyll_A_001_phosphate_plate5.tif,1,864.000,864,864
846,F8_01_1_2_Chlorophyll_A_001_phosphate_plate5.tif,1,768.000,768,768
847,F8_01_1_2_Chlorophyll_A_001_phosphate_plate5.tif,5,835.200,768,944
848,F8_01_1_2_Chlorophyll_A_001_phosphate_plate5.tif,1,864.000,864,864
849,F8_01_1_2_Chlorophyll_A_001_phosphate_plate5.tif,1,912.000,912,912
850,F8_01_1_2_Chlorophyll_A_001_phosphate_plate5.tif,1,784.000,784,784
851,F8_01_1_2_Chlorophyll_A_001_phosphate_plate5.tif,2,808.000,768,848
852,F8_01_1_2_Chlorophyll_A_001_phosphate_plate5.tif,1,816.000,816,816
853,F8_01_1_2_Chlorophyll_A_001_phosphate_plate5.tif,1,800.000,800,800
854,F8_01_1_2_Chlorophyll_A_001_phosphate_plate5.tif,1,768.000,768,768
855,F8_01_1_2_Chlorophyll_A_001_phosphate_plate5.tif,1,816.000,816,816
856,F8_01_1_2_Chlorophyll_A_001_phosphate_plate5.tif,1,800.000,800,800
857,F8_01_1_2_Chlorophyll_A_001_phosphate_plate5.tif,2,832.000,784,880
858,F8_01_1_2_Chlorophyll_A_001_phosphate_plate5.tif,1,864.000,864,864
859,F8_01_1_2_Chlorophyll_A_001_phosphate_plate5.tif,1,768.000,768,768
860,F8_01_1_2_Chlorophyll_A_001_phosphate_plate5.tif,1,848.000,848,848
861,F8_01_1_2_Chlorophyll_A_001_phosphate_plate5.tif,4,880.000,768,1104
862,F8_01_1_2_Chlorophyll_A_001_phosphate_plate5.tif,5,844.800,816,896
863,F8_01_1_2_Chlorophyll_A_001_phosphate_plate5.tif,2,768.000,768,768
864,F8_01_1_2_Chlorophyll_A_001_phosphate_plate5.tif,223,2365.130,768,22352
865,F8_01_1_2_Chlorophyll_A_001_phosphate_plate5.tif,2,824.000,800,848
866,F8_01_1_2_Chlorophyll_A_001_phosphate_plate5.tif,4,864.000,784,944
867,F8_01_1_2_Chlorophyll_A_001_phosphate_plate5.tif,5,816.000,768,880
868,F8_01_1_2_Chlorophyll_A_001_phosphate_plate5.tif,2,816.000,768,864
869,F8_01_1_2_Chlorophyll_A_001_phosphate_plate5.tif,3,885.333,800,1024
870,F8_01_1_2_Chlorophyll_A_001_phosphate_plate5.tif,4,904.000,768,1024
871,F8_01_1_2_Chlorophyll_A_001_phosphate_plate5.tif,2,928.000,864,992
872,F8_01_1_2_Chlorophyll_A_001_phosphate_plate5.tif,1,816.000,816,816
873,F8_01_1_2_Chlorophyll_A_001_phosphate_plate5.tif,1,864.000,864,864
874,F8_01_1_2_Chlorophyll_A_001_phosphate_plate5.tif,2,832.000,800,864
875,F8_01_1_2_Chlorophyll_A_001_phosphate_plate5.tif,1,800.000,800,800
876,F8_01_1_2_Chlorophyll_A_001_phosphate_plate5.tif,1,832.000,832,832
877,F8_01_1_2_Chlorophyll_A_001_phosphate_plate5.tif,1,800.000,800,800
878,F8_01_1_2_Chlorophyll_A_001_phosphate_plate5.tif,2,784.000,768,800
879,F8_01_1_2_Chlorophyll_A_001_phosphate_plate5.tif,5,812.800,784,848
880,F8_01_1_2_Chlorophyll_A_001_phosphate_plate5.tif,2,824.000,800,848
881,F8_01_1_2_Chlorophyll_A_001_phosphate_plate5.tif,2,944.000,944,944
882,F8_01_1_2_Chlorophyll_A_001_phosphate_plate5.tif,2,856.000,784,928
883,F8_01_1_2_Chlorophyll_A_001_phosphate_plate5.tif,1,784.000,784,784
884,F8_01_1_2_Chlorophyll_A_001_phosphate_plate5.tif,1,768.000,768,768
885,F8_01_1_2_Chlorophyll_A_001_phosphate_plate5.tif,2,816.000,768,864
886,F8_01_1_2_Chlorophyll_A_001_phosphate_plate5.tif,3,789.333,768,816
887,F8_01_1_2_Chlorophyll_A_001_phosphate_plate5.tif,1,768.000,768,768
888,F8_01_1_2_Chlorophyll_A_001_phosphate_plate5.tif,1,832.000,832,832
889,F8_01_1_2_Chlorophyll_A_001_phosphate_plate5.tif,4,848.000,784,976
890,F8_01_1_2_Chlorophyll_A_001_phosphate_plate5.tif,3,800.000,768,848
891,F8_01_1_2_Chlorophyll_A_001_phosphate_plate5.tif,1,800.000,800,800
892,F8_01_1_2_Chlorophyll_A_001_phosphate_plate5.tif,2,880.000,848,912
893,F8_01_1_2_Chlorophyll_A_001_phosphate_plate5.tif,1,784.000,784,784
894,F8_01_1_2_Chlorophyll_A_001_phosphate_plate5.tif,1,784.000,784,784
895,F8_01_1_2_Chlorophyll_A_001_phosphate_plate5.tif,1,784.000,784,784
896,F8_01_1_2_Chlorophyll_A_001_phosphate_plate5.tif,3,816.000,768,848
897,F8_01_1_2_Chlorophyll_A_001_phosphate_plate5.tif,1,784.000,784,784
898,F8_01_1_2_Chlorophyll_A_001_phosphate_plate5.tif,8,852.000,784,944
899,F8_01_1_2_Chlorophyll_A_001_phosphate_plate5.tif,2,800.000,784,816
900,F8_01_1_2_Chlorophyll_A_001_phosphate_plate5.tif,1,912.000,912,912
901,F8_01_1_2_Chlorophyll_A_001_phosphate_plate5.tif,1,768.000,768,768
902,F8_01_1_2_Chlorophyll_A_001_phosphate_plate5.tif,11,859.636,768,1008
903,F8_01_1_2_Chlorophyll_A_001_phosphate_plate5.tif,1,816.000,816,816
904,F8_01_1_2_Chlorophyll_A_001_phosphate_plate5.tif,1,864.000,864,864
905,F8_01_1_2_Chlorophyll_A_001_phosphate_plate5.tif,1,896.000,896,896
906,F8_01_1_2_Chlorophyll_A_001_phosphate_plate5.tif,3,826.667,784,896
907,F8_01_1_2_Chlorophyll_A_001_phosphate_plate5.tif,3,976.000,768,1248
908,F8_01_1_2_Chlorophyll_A_001_phosphate_plate5.tif,10,843.200,768,1056
909,F8_01_1_2_Chlorophyll_A_001_phosphate_plate5.tif,1,768.000,768,768
910,F8_01_1_2_Chlorophyll_A_001_phosphate_plate5.tif,48,885.333,768,1168
911,F8_01_1_2_Chlorophyll_A_001_phosphate_plate5.tif,23,884.174,768,1056
912,F8_01_1_2_Chlorophyll_A_001_phosphate_plate5.tif,77,893.299,768,1168
913,F8_01_1_2_Chlorophyll_A_001_phosphate_plate5.tif,42,891.429,768,1152
914,F8_01_1_2_Chlorophyll_A_001_phosphate_plate5.tif,99,857.374,768,1056
915,F8_01_1_2_Chlorophyll_A_001_phosphate_plate5.tif,16,853.000,768,1104
916,F8_01_1_2_Chlorophyll_A_001_phosphate_plate5.tif,17,848.941,768,960
917,F8_01_1_2_Chlorophyll_A_001_phosphate_plate5.tif,1,784.000,784,784
918,F8_01_1_2_Chlorophyll_A_001_phosphate_plate5.tif,3,848.000,784,896
919,F8_01_1_2_Chlorophyll_A_001_phosphate_plate5.tif,2,896.000,880,912
920,F8_01_1_2_Chlorophyll_A_001_phosphate_plate5.tif,3,826.667,768,880
921,F8_01_1_2_Chlorophyll_A_001_phosphate_plate5.tif,1,832.000,832,832
922,F8_01_1_2_Chlorophyll_A_001_phosphate_plate5.tif,18,846.222,768,1008
923,F8_01_1_2_Chlorophyll_A_001_phosphate_plate5.tif,2,824.000,768,880
924,F8_01_1_2_Chlorophyll_A_001_phosphate_plate5.tif,1,816.000,816,816
925,F8_01_1_2_Chlorophyll_A_001_phosphate_plate5.tif,4,876.000,768,1136
926,F8_01_1_2_Chlorophyll_A_001_phosphate_plate5.tif,3,928.000,768,1104
927,F8_01_1_2_Chlorophyll_A_001_phosphate_plate5.tif,2,808.000,784,832
928,F8_01_1_2_Chlorophyll_A_001_phosphate_plate5.tif,1,1040.000,1040,1040
929,F8_01_1_2_Chlorophyll_A_001_phosphate_plate5.tif,2,824.000,800,848
930,F8_01_1_2_Chlorophyll_A_001_phosphate_plate5.tif,1,880.000,880,880
931,F8_01_1_2_Chlorophyll_A_001_phosphate_plate5.tif,1,784.000,784,784
932,F8_01_1_2_Chlorophyll_A_001_phosphate_plate5.tif,4,812.000,768,928
933,F8_01_1_2_Chlorophyll_A_001_phosphate_plate5.tif,1,768.000,768,768
934,F8_01_1_2_Chlorophyll_A_001_phosphate_plate5.tif,1,784.000,784,784
935,F8_01_1_2_Chlorophyll_A_001_phosphate_plate5.tif,1,864.000,864,864
936,F8_01_1_2_Chlorophyll_A_001_phosphate_plate5.tif,2,864.000,784,944
937,F8_01_1_2_Chlorophyll_A_001_phosphate_plate5.tif,1,944.000,944,944
938,F8_01_1_2_Chlorophyll_A_001_phosphate_plate5.tif,1,896.000,896,896
939,F8_01_1_2_Chlorophyll_A_001_phosphate_plate5.tif,1,880.000,880,880
940,F8_01_1_2_Chlorophyll_A_001_phosphate_plate5.tif,1,832.000,832,832
941,F8_01_1_2_Chlorophyll_A_001_phosphate_plate5.tif,1,832.000,832,832
942,F8_01_1_2_Chlorophyll_A_001_phosphate_plate5.tif,1,784.000,784,784
943,F8_01_1_2_Chlorophyll_A_001_phosphate_plate5.tif,3,816.000,768,912
944,F8_01_1_2_Chlorophyll_A_001_phosphate_plate5.tif,2,776.000,768,784
945,F8_01_1_2_Chlorophyll_A_001_phosphate_plate5.tif,1,816.000,816,816
946,F8_01_1_2_Chlorophyll_A_001_phosphate_plate5.tif,3,816.000,768,864
947,F8_01_1_2_Chlorophyll_A_001_phosphate_plate5.tif,3,794.667,768,832
948,F8_01_1_2_Chlorophyll_A_001_phosphate_plate5.tif,1,848.000,848,848
949,F8_01_1_2_Chlorophyll_A_001_phosphate_plate5.tif,2,800.000,768,832
950,F8_01_1_2_Chlorophyll_A_001_phosphate_plate5.tif,1,864.000,864,864
951,F8_01_1_2_Chlorophyll_A_001_phosphate_plate5.tif,1,864.000,864,864
952,F8_01_1_2_Chlorophyll_A_001_phosphate_plate5.tif,1,784.000,784,784
953,F8_01_1_2_Chlorophyll_A_001_phosphate_plate5.tif,1,880.000,880,880
954,F8_01_1_2_Chlorophyll_A_001_phosphate_plate5.tif,1,864.000,864,864
955,F8_01_1_2_Chlorophyll_A_001_phosphate_plate5.tif,1,944.000,944,944
956,F8_01_1_2_Chlorophyll_A_001_phosphate_plate5.tif,1,768.000,768,768
957,F8_01_1_2_Chlorophyll_A_001_phosphate_plate5.tif,4,884.000,768,1008
958,F8_01_1_2_Chlorophyll_A_001_phosphate_plate5.tif,1,880.000,880,880
959,F8_01_1_2_Chlorophyll_A_001_phosphate_plate5.tif,7,850.286,768,992
960,F8_01_1_2_Chlorophyll_A_001_phosphate_plate5.tif,3,885.333,848,944
961,F8_01_1_2_Chlorophyll_A_001_phosphate_plate5.tif,7,857.143,784,976
962,F8_01_1_2_Chlorophyll_A_001_phosphate_plate5.tif,11,848.000,784,912
963,F8_01_1_2_Chlorophyll_A_001_phosphate_plate5.tif,1,800.000,800,800
964,F8_01_1_2_Chlorophyll_A_001_phosphate_plate5.tif,20,856.800,768,1008
965,F8_01_1_2_Chlorophyll_A_001_phosphate_plate5.tif,4,812.000,768,864
966,F8_01_1_2_Chlorophyll_A_001_phosphate_plate5.tif,2,848.000,768,928
967,F8_01_1_2_Chlorophyll_A_001_phosphate_plate5.tif,1,784.000,784,784
968,F8_01_1_2_Chlorophyll_A_001_phosphate_plate5.tif,1,944.000,944,944
969,F8_01_1_2_Chlorophyll_A_001_phosphate_plate5.tif,1,784.000,784,784
970,F8_01_1_2_Chlorophyll_A_001_phosphate_plate5.tif,2,768.000,768,768
971,F8_01_1_2_Chlorophyll_A_001_phosphate_plate5.tif,6,856.000,768,944
972,F8_01_1_2_Chlorophyll_A_001_phosphate_plate5.tif,1,784.000,784,784
973,F8_01_1_2_Chlorophyll_A_001_phosphate_plate5.tif,6,853.333,768,944
974,F8_01_1_2_Chlorophyll_A_001_phosphate_plate5.tif,1,832.000,832,832
975,F8_01_1_2_Chlorophyll_A_001_phosphate_plate5.tif,2,848.000,848,848
976,F8_01_1_2_Chlorophyll_A_001_phosphate_plate5.tif,2,808.000,784,832
977,F8_01_1_2_Chlorophyll_A_001_phosphate_plate5.tif,1,1024.000,1024,1024
978,F8_01_1_2_Chlorophyll_A_001_phosphate_plate5.tif,2,888.000,832,944
979,F8_01_1_2_Chlorophyll_A_001_phosphate_plate5.tif,2,784.000,784,784
980,F8_01_1_2_Chlorophyll_A_001_phosphate_plate5.tif,1,768.000,768,768
981,F8_01_1_2_Chlorophyll_A_001_phosphate_plate5.tif,1,768.000,768,768
982,F8_01_1_2_Chlorophyll_A_001_phosphate_plate5.tif,2,776.000,768,784
983,F8_01_1_2_Chlorophyll_A_001_phosphate_plate5.tif,1,848.000,848,848
984,F8_01_1_2_Chlorophyll_A_001_phosphate_plate5.tif,1,832.000,832,832
985,F8_01_1_2_Chlorophyll_A_001_phosphate_plate5.tif,1,784.000,784,784
986,F8_01_1_2_Chlorophyll_A_001_phosphate_plate5.tif,1,784.000,784,784
987,F8_01_1_2_Chlorophyll_A_001_phosphate_plate5.tif,2,808.000,784,832
988,F8_01_1_2_Chlorophyll_A_001_phosphate_plate5.tif,1,768.000,768,768
989,F8_01_1_2_Chlorophyll_A_001_phosphate_plate5.tif,2,840.000,768,912
990,F8_01_1_2_Chlorophyll_A_001_phosphate_plate5.tif,1,784.000,784,784
991,F8_01_1_2_Chlorophyll_A_001_phosphate_plate5.tif,1,800.000,800,800
992,F8_01_1_2_Chlorophyll_A_001_phosphate_plate5.tif,1,928.000,928,928
993,F8_01_1_2_Chlorophyll_A_001_phosphate_plate5.tif,1,768.000,768,768
994,F8_01_1_2_Chlorophyll_A_001_phosphate_plate5.tif,1,768.000,768,768
995,F8_01_1_2_Chlorophyll_A_001_phosphate_plate5.tif,7,822.857,768,912
996,F8_01_1_2_Chlorophyll_A_001_phosphate_plate5.tif,94,872.170,768,1120
997,F8_01_1_2_Chlorophyll_A_001_phosphate_plate5.tif,2,832.000,800,864
998,F8_01_1_2_Chlorophyll_A_001_phosphate_plate5.tif,98,878.204,768,1072
999,F8_01_1_2_Chlorophyll_A_001_phosphate_plate5.tif,27,899.556,768,1168
1000,F8_01_1_2_Chlorophyll_A_001_phosphate_plate5.tif,22,884.364,768,1040
1001,F8_01_1_2_Chlorophyll_A_001_phosphate_plate5.tif,19,856.421,768,960
1002,F8_01_1_2_Chlorophyll_A_001_phosphate_plate5.tif,3,832.000,768,880
1003,F8_01_1_2_Chlorophyll_A_001_phosphate_plate5.tif,5,848.000,768,976
1004,F8_01_1_2_Chlorophyll_A_001_phosphate_plate5.tif,1,864.000,864,864
1005,F8_01_1_2_Chlorophyll_A_001_phosphate_plate5.tif,4,872.000,784,1104
1006,F8_01_1_2_Chlorophyll_A_001_phosphate_plate5.tif,3,821.333,768,896
1007,F8_01_1_2_Chlorophyll_A_001_phosphate_plate5.tif,1,864.000,864,864
1008,F8_01_1_2_Chlorophyll_A_001_phosphate_plate5.tif,2,920.000,912,928
1009,F8_01_1_2_Chlorophyll_A_001_phosphate_plate5.tif,2,896.000,864,928
1010,F8_01_1_2_Chlorophyll_A_001_phosphate_plate5.tif,2,824.000,768,880
1011,F8_01_1_2_Chlorophyll_A_001_phosphate_plate5.tif,1,816.000,816,816
1012,F8_01_1_2_Chlorophyll_A_001_phosphate_plate5.tif,4,824.000,816,832
1013,F8_01_1_2_Chlorophyll_A_001_phosphate_plate5.tif,1,800.000,800,800
1014,F8_01_1_2_Chlorophyll_A_001_phosphate_plate5.tif,1,976.000,976,976
1015,F8_01_1_2_Chlorophyll_A_001_phosphate_plate5.tif,1,832.000,832,832
1016,F8_01_1_2_Chlorophyll_A_001_phosphate_plate5.tif,1,800.000,800,800
1017,F8_01_1_2_Chlorophyll_A_001_phosphate_plate5.tif,1,848.000,848,848
1018,F8_01_1_2_Chlorophyll_A_001_phosphate_plate5.tif,3,789.333,784,800
1019,F8_01_1_2_Chlorophyll_A_001_phosphate_plate5.tif,1,800.000,800,800
1020,F8_01_1_2_Chlorophyll_A_001_phosphate_plate5.tif,1,976.000,976,976
1021,F8_01_1_2_Chlorophyll_A_001_phosphate_plate5.tif,1,784.000,784,784
1022,F8_01_1_2_Chlorophyll_A_001_phosphate_plate5.tif,1,768.000,768,768
1023,F8_01_1_2_Chlorophyll_A_001_phosphate_plate5.tif,1,768.000,768,768
1024,F8_01_1_2_Chlorophyll_A_001_phosphate_plate5.tif,6,861.333,768,944
1025,F8_01_1_2_Chlorophyll_A_001_phosphate_plate5.tif,1,864.000,864,864
1026,F8_01_1_2_Chlorophyll_A_001_phosphate_plate5.tif,3,821.333,800,848
1027,F8_01_1_2_Chlorophyll_A_001_phosphate_plate5.tif,1,832.000,832,832
1028,F8_01_1_2_Chlorophyll_A_001_phosphate_plate5.tif,2,784.000,784,784
1029,F8_01_1_2_Chlorophyll_A_001_phosphate_plate5.tif,1,864.000,864,864
1030,F8_01_1_2_Chlorophyll_A_001_phosphate_plate5.tif,1,800.000,800,800
1031,F8_01_1_2_Chlorophyll_A_001_phosphate_plate5.tif,1,768.000,768,768
1032,F8_01_1_2_Chlorophyll_A_001_phosphate_plate5.tif,1,800.000,800,800
1033,F8_01_1_2_Chlorophyll_A_001_phosphate_plate5.tif,2,856.000,848,864
1034,F8_01_1_2_Chlorophyll_A_001_phosphate_plate5.tif,1,784.000,784,784
1035,F8_01_1_2_Chlorophyll_A_001_phosphate_plate5.tif,1,768.000,768,768
1036,F8_01_1_2_Chlorophyll_A_001_phosphate_plate5.tif,2,792.000,768,816
1037,F8_01_1_2_Chlorophyll_A_001_phosphate_plate5.tif,1,816.000,816,816
1038,F8_01_1_2_Chlorophyll_A_001_phosphate_plate5.tif,3,922.667,880,976
1039,F8_01_1_2_Chlorophyll_A_001_phosphate_plate5.tif,1,800.000,800,800
1040,F8_01_1_2_Chlorophyll_A_001_phosphate_plate5.tif,1,816.000,816,816
1041,F8_01_1_2_Chlorophyll_A_001_phosphate_plate5.tif,1,784.000,784,784
1042,F8_01_1_2_Chlorophyll_A_001_phosphate_plate5.tif,2,856.000,784,928
1043,F8_01_1_2_Chlorophyll_A_001_phosphate_plate5.tif,2,856.000,784,928
1044,F8_01_1_2_Chlorophyll_A_001_phosphate_plate5.tif,1,992.000,992,992
1045,F8_01_1_2_Chlorophyll_A_001_phosphate_plate5.tif,2,920.000,848,992
1046,F8_01_1_2_Chlorophyll_A_001_phosphate_plate5.tif,2,824.000,800,848
1047,F8_01_1_2_Chlorophyll_A_001_phosphate_plate5.tif,141,858.440,768,1248
1048,F8_01_1_2_Chlorophyll_A_001_phosphate_plate5.tif,11,840.727,768,912
1049,F8_01_1_2_Chlorophyll_A_001_phosphate_plate5.tif,4,848.000,768,928
1050,F8_01_1_2_Chlorophyll_A_001_phosphate_plate5.tif,2,808.000,800,816
1051,F8_01_1_2_Chlorophyll_A_001_phosphate_plate5.tif,5,880.000,784,928
1052,F8_01_1_2_Chlorophyll_A_001_phosphate_plate5.tif,1,864.000,864,864
1053,F8_01_1_2_Chlorophyll_A_001_phosphate_plate5.tif,60,873.333,768,1072
1054,F8_01_1_2_Chlorophyll_A_001_phosphate_plate5.tif,12,926.667,784,1088
1055,F8_01_1_2_Chlorophyll_A_001_phosphate_plate5.tif,40,894.400,784,1120
1056,F8_01_1_2_Chlorophyll_A_001_phosphate_plate5.tif,18,879.111,768,992
1057,F8_01_1_2_Chlorophyll_A_001_phosphate_plate5.tif,5,860.800,816,912
1058,F8_01_1_2_Chlorophyll_A_001_phosphate_plate5.tif,2,840.000,832,848
1059,F8_01_1_2_Chlorophyll_A_001_phosphate_plate5.tif,4,840.000,800,896
1060,F8_01_1_2_Chlorophyll_A_001_phosphate_plate5.tif,8,796.000,768,848
1061,F8_01_1_2_Chlorophyll_A_001_phosphate_plate5.tif,2,816.000,784,848
1062,F8_01_1_2_Chlorophyll_A_001_phosphate_plate5.tif,1,864.000,864,864
1063,F8_01_1_2_Chlorophyll_A_001_phosphate_plate5.tif,8,812.000,768,896
1064,F8_01_1_2_Chlorophyll_A_001_phosphate_plate5.tif,1,848.000,848,848
1065,F8_01_1_2_Chlorophyll_A_001_phosphate_plate5.tif,1,848.000,848,848
1066,F8_01_1_2_Chlorophyll_A_001_phosphate_plate5.tif,1,848.000,848,848
1067,F8_01_1_2_Chlorophyll_A_001_phosphate_plate5.tif,1,960.000,960,960
1068,F8_01_1_2_Chlorophyll_A_001_phosphate_plate5.tif,1,800.000,800,800
1069,F8_01_1_2_Chlorophyll_A_001_phosphate_plate5.tif,1,768.000,768,768
1070,F8_01_1_2_Chlorophyll_A_001_phosphate_plate5.tif,1,848.000,848,848
1071,F8_01_1_2_Chlorophyll_A_001_phosphate_plate5.tif,3,922.667,864,960
1072,F8_01_1_2_Chlorophyll_A_001_phosphate_plate5.tif,1,928.000,928,928
1073,F8_01_1_2_Chlorophyll_A_001_phosphate_plate5.tif,2,920.000,816,1024
1074,F8_01_1_2_Chlorophyll_A_001_phosphate_plate5.tif,1,784.000,784,784
1075,F8_01_1_2_Chlorophyll_A_001_phosphate_plate5.tif,1,800.000,800,800
1076,F8_01_1_2_Chlorophyll_A_001_phosphate_plate5.tif,1,816.000,816,816
1077,F8_01_1_2_Chlorophyll_A_001_phosphate_plate5.tif,1,784.000,784,784
1078,F8_01_1_2_Chlorophyll_A_001_phosphate_plate5.tif,1,880.000,880,880
1079,F8_01_1_2_Chlorophyll_A_001_phosphate_plate5.tif,1,848.000,848,848
1080,F8_01_1_2_Chlorophyll_A_001_phosphate_plate5.tif,2,784.000,768,800
1081,F8_01_1_2_Chlorophyll_A_001_phosphate_plate5.tif,1,768.000,768,768
1082,F8_01_1_2_Chlorophyll_A_001_phosphate_plate5.tif,1,768.000,768,768
1083,F8_01_1_2_Chlorophyll_A_001_phosphate_plate5.tif,2,856.000,832,880
1084,F8_01_1_2_Chlorophyll_A_001_phosphate_plate5.tif,1,784.000,784,784
1085,F8_01_1_2_Chlorophyll_A_001_phosphate_plate5.tif,1,784.000,784,784
1086,F8_01_1_2_Chlorophyll_A_001_phosphate_plate5.tif,1,800.000,800,800
1087,F8_01_1_2_Chlorophyll_A_001_phosphate_plate5.tif,3,794.667,768,832
1088,F8_01_1_2_Chlorophyll_A_001_phosphate_plate5.tif,1,864.000,864,864
1089,F8_01_1_2_Chlorophyll_A_001_phosphate_plate5.tif,1,832.000,832,832
1090,F8_01_1_2_Chlorophyll_A_001_phosphate_plate5.tif,1,896.000,896,896
1091,F8_01_1_2_Chlorophyll_A_001_phosphate_plate5.tif,6,840.000,768,976
1092,F8_01_1_2_Chlorophyll_A_001_phosphate_plate5.tif,1,784.000,784,784
1093,F8_01_1_2_Chlorophyll_A_001_phosphate_plate5.tif,1,784.000,784,784
1094,F8_01_1_2_Chlorophyll_A_001_phosphate_plate5.tif,1,880.000,880,880
1095,F8_01_1_2_Chlorophyll_A_001_phosphate_plate5.tif,399,1027.689,768,1504
1096,F8_01_1_2_Chlorophyll_A_001_phosphate_plate5.tif,4,852.000,800,912
1097,F8_01_1_2_Chlorophyll_A_001_phosphate_plate5.tif,3,832.000,784,912
1098,F8_01_1_2_Chlorophyll_A_001_phosphate_plate5.tif,7,866.286,768,992
1099,F8_01_1_2_Chlorophyll_A_001_phosphate_plate5.tif,2,912.000,816,1008
1100,F8_01_1_2_Chlorophyll_A_001_phosphate_plate5.tif,1,784.000,784,784
1101,F8_01_1_2_Chlorophyll_A_001_phosphate_plate5.tif,1,864.000,864,864
1102,F8_01_1_2_Chlorophyll_A_001_phosphate_plate5.tif,4,864.000,800,912
1103,F8_01_1_2_Chlorophyll_A_001_phosphate_plate5.tif,3,800.000,768,864
1104,F8_01_1_2_Chlorophyll_A_001_phosphate_plate5.tif,1,800.000,800,800
1105,F8_01_1_2_Chlorophyll_A_001_phosphate_plate5.tif,1,832.000,832,832
1106,F8_01_1_2_Chlorophyll_A_001_phosphate_plate5.tif,1,864.000,864,864
1107,F8_01_1_2_Chlorophyll_A_001_phosphate_plate5.tif,3,794.667,768,816
1108,F8_01_1_2_Chlorophyll_A_001_phosphate_plate5.tif,2,768.000,768,768
1109,F8_01_1_2_Chlorophyll_A_001_phosphate_plate5.tif,1,832.000,832,832
1110,F8_01_1_2_Chlorophyll_A_001_phosphate_plate5.tif,4,796.000,784,816
1111,F8_01_1_2_Chlorophyll_A_001_phosphate_plate5.tif,3,810.667,784,848
1112,F8_01_1_2_Chlorophyll_A_001_phosphate_plate5.tif,2,784.000,768,800
1113,F8_01_1_2_Chlorophyll_A_001_phosphate_plate5.tif,3,821.333,768,880
1114,F8_01_1_2_Chlorophyll_A_001_phosphate_plate5.tif,1,768.000,768,768
1115,F8_01_1_2_Chlorophyll_A_001_phosphate_plate5.tif,3,880.000,768,944
1116,F8_01_1_2_Chlorophyll_A_001_phosphate_plate5.tif,1,800.000,800,800
1117,F8_01_1_2_Chlorophyll_A_001_phosphate_plate5.tif,1,848.000,848,848
1118,F8_01_1_2_Chlorophyll_A_001_phosphate_plate5.tif,1,848.000,848,848
1119,F8_01_1_2_Chlorophyll_A_001_phosphate_plate5.tif,1,768.000,768,768
1120,F8_01_1_2_Chlorophyll_A_001_phosphate_plate5.tif,2,800.000,800,800
1121,F8_01_1_2_Chlorophyll_A_001_phosphate_plate5.tif,1,768.000,768,768
1122,F8_01_1_2_Chlorophyll_A_001_phosphate_plate5.tif,1,768.000,768,768
1123,F8_01_1_2_Chlorophyll_A_001_phosphate_plate5.tif,1,896.000,896,896
1124,F8_01_1_2_Chlorophyll_A_001_phosphate_plate5.tif,2,800.000,768,832
1125,F8_01_1_2_Chlorophyll_A_001_phosphate_plate5.tif,1,784.000,784,784
1126,F8_01_1_2_Chlorophyll_A_001_phosphate_plate5.tif,3,842.667,768,880
1127,F8_01_1_2_Chlorophyll_A_001_phosphate_plate5.tif,2,800.000,784,816
1128,F8_01_1_2_Chlorophyll_A_001_phosphate_plate5.tif,2,816.000,768,864
1129,F8_01_1_2_Chlorophyll_A_001_phosphate_plate5.tif,3,885.333,864,912
1130,F8_01_1_2_Chlorophyll_A_001_phosphate_plate5.tif,1,784.000,784,784
1131,F8_01_1_2_Chlorophyll_A_001_phosphate_plate5.tif,2,768.000,768,768
1132,F8_01_1_2_Chlorophyll_A_001_phosphate_plate5.tif,1,944.000,944,944
1133,F8_01_1_2_Chlorophyll_A_001_phosphate_plate5.tif,2,792.000,784,800
1134,F8_01_1_2_Chlorophyll_A_001_phosphate_plate5.tif,4,820.000,768,864
1135,F8_01_1_2_Chlorophyll_A_001_phosphate_plate5.tif,2,992.000,960,1024
1136,F8_01_1_2_Chlorophyll_A_001_phosphate_plate5.tif,19,844.632,768,928
1137,F8_01_1_2_Chlorophyll_A_001_phosphate_plate5.tif,1,800.000,800,800
1138,F8_01_1_2_Chlorophyll_A_001_phosphate_plate5.tif,7,880.000,784,1024
1139,F8_01_1_2_Chlorophyll_A_001_phosphate_plate5.tif,53,860.679,768,1104
1140,F8_01_1_2_Chlorophyll_A_001_phosphate_plate5.tif,54,897.185,768,1216
1141,F8_01_1_2_Chlorophyll_A_001_phosphate_plate5.tif,2,808.000,800,816
1142,F8_01_1_2_Chlorophyll_A_001_phosphate_plate5.tif,3,853.333,800,912
1143,F8_01_1_2_Chlorophyll_A_001_phosphate_plate5.tif,3,880.000,784,928
1144,F8_01_1_2_Chlorophyll_A_001_phosphate_plate5.tif,1,848.000,848,848
1145,F8_01_1_2_Chlorophyll_A_001_phosphate_plate5.tif,1,832.000,832,832
1146,F8_01_1_2_Chlorophyll_A_001_phosphate_plate5.tif,2,792.000,784,800
1147,F8_01_1_2_Chlorophyll_A_001_phosphate_plate5.tif,1,800.000,800,800
1148,F8_01_1_2_Chlorophyll_A_001_phosphate_plate5.tif,3,912.000,768,1008
1149,F8_01_1_2_Chlorophyll_A_001_phosphate_plate5.tif,4,796.000,768,864
1150,F8_01_1_2_Chlorophyll_A_001_phosphate_plate5.tif,3,810.667,784,848
1151,F8_01_1_2_Chlorophyll_A_001_phosphate_plate5.tif,1,768.000,768,768
1152,F8_01_1_2_Chlorophyll_A_001_phosphate_plate5.tif,1,832.000,832,832
1153,F8_01_1_2_Chlorophyll_A_001_phosphate_plate5.tif,1,784.000,784,784
1154,F8_01_1_2_Chlorophyll_A_001_phosphate_plate5.tif,1,1072.000,1072,1072
1155,F8_01_1_2_Chlorophyll_A_001_phosphate_plate5.tif,5,822.400,768,880
1156,F8_01_1_2_Chlorophyll_A_001_phosphate_plate5.tif,1,768.000,768,768
1157,F8_01_1_2_Chlorophyll_A_001_phosphate_plate5.tif,1,784.000,784,784
1158,F8_01_1_2_Chlorophyll_A_001_phosphate_plate5.tif,1,816.000,816,816
1159,F8_01_1_2_Chlorophyll_A_001_phosphate_plate5.tif,6,816.000,784,848
1160,F8_01_1_2_Chlorophyll_A_001_phosphate_plate5.tif,1,768.000,768,768
1161,F8_01_1_2_Chlorophyll_A_001_phosphate_plate5.tif,3,864.000,784,976
1162,F8_01_1_2_Chlorophyll_A_001_phosphate_plate5.tif,2,872.000,832,912
1163,F8_01_1_2_Chlorophyll_A_001_phosphate_plate5.tif,1,880.000,880,880
1164,F8_01_1_2_Chlorophyll_A_001_phosphate_plate5.tif,3,800.000,784,816
1165,F8_01_1_2_Chlorophyll_A_001_phosphate_plate5.tif,1,768.000,768,768
1166,F8_01_1_2_Chlorophyll_A_001_phosphate_plate5.tif,1,864.000,864,864
1167,F8_01_1_2_Chlorophyll_A_001_phosphate_plate5.tif,1,864.000,864,864
1168,F8_01_1_2_Chlorophyll_A_001_phosphate_plate5.tif,5,864.000,768,960
1169,F8_01_1_2_Chlorophyll_A_001_phosphate_plate5.tif,1,864.000,864,864
1170,F8_01_1_2_Chlorophyll_A_001_phosphate_plate5.tif,3,848.000,800,928
1171,F8_01_1_2_Chlorophyll_A_001_phosphate_plate5.tif,1,848.000,848,848
1172,F8_01_1_2_Chlorophyll_A_001_phosphate_plate5.tif,1,768.000,768,768
1173,F8_01_1_2_Chlorophyll_A_001_phosphate_plate5.tif,3,832.000,768,944
1174,F8_01_1_2_Chlorophyll_A_001_phosphate_plate5.tif,3,784.000,768,800
1175,F8_01_1_2_Chlorophyll_A_001_phosphate_plate5.tif,2,776.000,768,784
1176,F8_01_1_2_Chlorophyll_A_001_phosphate_plate5.tif,1,912.000,912,912
1177,F8_01_1_2_Chlorophyll_A_001_phosphate_plate5.tif,1,800.000,800,800
1178,F8_01_1_2_Chlorophyll_A_001_phosphate_plate5.tif,1,784.000,784,784
1179,F8_01_1_2_Chlorophyll_A_001_phosphate_plate5.tif,3,874.667,784,944
1180,F8_01_1_2_Chlorophyll_A_001_phosphate_plate5.tif,1,848.000,848,848
1181,F8_01_1_2_Chlorophyll_A_001_phosphate_plate5.tif,4,872.000,800,928
1182,F8_01_1_2_Chlorophyll_A_001_phosphate_plate5.tif,1,768.000,768,768
1183,F8_01_1_2_Chlorophyll_A_001_phosphate_plate5.tif,4,844.000,816,896
1184,F8_01_1_2_Chlorophyll_A_001_phosphate_plate5.tif,1,832.000,832,832
1185,F8_01_1_2_Chlorophyll_A_001_phosphate_plate5.tif,41,882.341,768,1040
1186,F8_01_1_2_Chlorophyll_A_001_phosphate_plate5.tif,97,856.907,768,1040
1187,F8_01_1_2_Chlorophyll_A_001_phosphate_plate5.tif,2,952.000,880,1024
1188,F8_01_1_2_Chlorophyll_A_001_phosphate_plate5.tif,4,932.000,800,1024
1189,F8_01_1_2_Chlorophyll_A_001_phosphate_plate5.tif,4,908.000,784,1024
1190,F8_01_1_2_Chlorophyll_A_001_phosphate_plate5.tif,2,848.000,832,864
1191,F8_01_1_2_Chlorophyll_A_001_phosphate_plate5.tif,10,878.400,800,1072
1192,F8_01_1_2_Chlorophyll_A_001_phosphate_plate5.tif,3,922.667,848,1040
1193,F8_01_1_2_Chlorophyll_A_001_phosphate_plate5.tif,1,768.000,768,768
1194,F8_01_1_2_Chlorophyll_A_001_phosphate_plate5.tif,3,832.000,800,864
1195,F8_01_1_2_Chlorophyll_A_001_phosphate_plate5.tif,4,888.000,768,1104
1196,F8_01_1_2_Chlorophyll_A_001_phosphate_plate5.tif,1,768.000,768,768
1197,F8_01_1_2_Chlorophyll_A_001_phosphate_plate5.tif,3,832.000,768,880
1198,F8_01_1_2_Chlorophyll_A_001_phosphate_plate5.tif,1,768.000,768,768
1199,F8_01_1_2_Chlorophyll_A_001_phosphate_plate5.tif,3,794.667,784,800
1200,F8_01_1_2_Chlorophyll_A_001_phosphate_plate5.tif,1,912.000,912,912
1201,F8_01_1_2_Chlorophyll_A_001_phosphate_plate5.tif,1,880.000,880,880
1202,F8_01_1_2_Chlorophyll_A_001_phosphate_plate5.tif,1,800.000,800,800
1203,F8_01_1_2_Chlorophyll_A_001_phosphate_plate5.tif,1,832.000,832,832
1204,F8_01_1_2_Chlorophyll_A_001_phosphate_plate5.tif,1,784.000,784,784
1205,F8_01_1_2_Chlorophyll_A_001_phosphate_plate5.tif,1,944.000,944,944
1206,F8_01_1_2_Chlorophyll_A_001_phosphate_plate5.tif,1,784.000,784,784
1207,F8_01_1_2_Chlorophyll_A_001_phosphate_plate5.tif,1,768.000,768,768
1208,F8_01_1_2_Chlorophyll_A_001_phosphate_plate5.tif,1,848.000,848,848
1209,F8_01_1_2_Chlorophyll_A_001_phosphate_plate5.tif,1,896.000,896,896
1210,F8_01_1_2_Chlorophyll_A_001_phosphate_plate5.tif,1,784.000,784,784
1211,F8_01_1_2_Chlorophyll_A_001_phosphate_plate5.tif,1,896.000,896,896
1212,F8_01_1_2_Chlorophyll_A_001_phosphate_plate5.tif,1,832.000,832,832
1213,F8_01_1_2_Chlorophyll_A_001_phosphate_plate5.tif,1,768.000,768,768
1214,F8_01_1_2_Chlorophyll_A_001_phosphate_plate5.tif,2,768.000,768,768
1215,F8_01_1_2_Chlorophyll_A_001_phosphate_plate5.tif,1,928.000,928,928
1216,F8_01_1_2_Chlorophyll_A_001_phosphate_plate5.tif,1,784.000,784,784
1217,F8_01_1_2_Chlorophyll_A_001_phosphate_plate5.tif,1,768.000,768,768
1218,F8_01_1_2_Chlorophyll_A_001_phosphate_plate5.tif,2,776.000,768,784
1219,F8_01_1_2_Chlorophyll_A_001_phosphate_plate5.tif,1,768.000,768,768
1220,F8_01_1_2_Chlorophyll_A_001_phosphate_plate5.tif,2,872.000,848,896
1221,F8_01_1_2_Chlorophyll_A_001_phosphate_plate5.tif,3,832.000,800,864
1222,F8_01_1_2_Chlorophyll_A_001_phosphate_plate5.tif,2,816.000,768,864
1223,F8_01_1_2_Chlorophyll_A_001_phosphate_plate5.tif,4,780.000,768,800
1224,F8_01_1_2_Chlorophyll_A_001_phosphate_plate5.tif,1,768.000,768,768
1225,F8_01_1_2_Chlorophyll_A_001_phosphate_plate5.tif,1,992.000,992,992
1226,F8_01_1_2_Chlorophyll_A_001_phosphate_plate5.tif,5,841.600,768,928
1227,F8_01_1_2_Chlorophyll_A_001_phosphate_plate5.tif,3,896.000,800,1040
1228,F8_01_1_2_Chlorophyll_A_001_phosphate_plate5.tif,67,870.925,768,1136
1229,F8_01_1_2_Chlorophyll_A_001_phosphate_plate5.tif,14,877.714,768,1168
1230,F8_01_1_2_Chlorophyll_A_001_phosphate_plate5.tif,36,876.444,768,1088
1231,F8_01_1_2_Chlorophyll_A_001_phosphate_plate5.tif,22,886.545,768,1024
1232,F8_01_1_2_Chlorophyll_A_001_phosphate_plate5.tif,30,953.067,768,1248
1233,F8_01_1_2_Chlorophyll_A_001_phosphate_plate5.tif,3,869.333,800,960
1234,F8_01_1_2_Chlorophyll_A_001_phosphate_plate5.tif,2,856.000,832,880
1235,F8_01_1_2_Chlorophyll_A_001_phosphate_plate5.tif,2,872.000,784,960
1236,F8_01_1_2_Chlorophyll_A_001_phosphate_plate5.tif,10,828.800,768,896
1237,F8_01_1_2_Chlorophyll_A_001_phosphate_plate5.tif,2,856.000,800,912
1238,F8_01_1_2_Chlorophyll_A_001_phosphate_plate5.tif,12,874.667,768,992
1239,F8_01_1_2_Chlorophyll_A_001_phosphate_plate5.tif,1,928.000,928,928
1240,F8_01_1_2_Chlorophyll_A_001_phosphate_plate5.tif,1,800.000,800,800
1241,F8_01_1_2_Chlorophyll_A_001_phosphate_plate5.tif,2,824.000,768,880
1242,F8_01_1_2_Chlorophyll_A_001_phosphate_plate5.tif,4,848.000,800,896
1243,F8_01_1_2_Chlorophyll_A_001_phosphate_plate5.tif,9,849.778,800,960
1244,F8_01_1_2_Chlorophyll_A_001_phosphate_plate5.tif,1,864.000,864,864
1245,F8_01_1_2_Chlorophyll_A_001_phosphate_plate5.tif,231,1329.593,768,2832
1246,F8_01_1_2_Chlorophyll_A_001_phosphate_plate5.tif,2,824.000,768,880
1247,F8_01_1_2_Chlorophyll_A_001_phosphate_plate5.tif,3,837.333,768,896
1248,F8_01_1_2_Chlorophyll_A_001_phosphate_plate5.tif,7,836.571,768,1072
1249,F8_01_1_2_Chlorophyll_A_001_phosphate_plate5.tif,2,864.000,800,928
1250,F8_01_1_2_Chlorophyll_A_001_phosphate_plate5.tif,2,800.000,768,832
1251,F8_01_1_2_Chlorophyll_A_001_phosphate_plate5.tif,1,832.000,832,832
1252,F8_01_1_2_Chlorophyll_A_001_phosphate_plate5.tif,1,960.000,960,960
1253,F8_01_1_2_Chlorophyll_A_001_phosphate_plate5.tif,11,827.636,768,992
1254,F8_01_1_2_Chlorophyll_A_001_phosphate_plate5.tif,1,800.000,800,800
1255,F8_01_1_2_Chlorophyll_A_001_phosphate_plate5.tif,1,768.000,768,768
1256,F8_01_1_2_Chlorophyll_A_001_phosphate_plate5.tif,1,944.000,944,944
1257,F8_01_1_2_Chlorophyll_A_001_phosphate_plate5.tif,1,768.000,768,768
1258,F8_01_1_2_Chlorophyll_A_001_phosphate_plate5.tif,1,816.000,816,816
1259,F8_01_1_2_Chlorophyll_A_001_phosphate_plate5.tif,1,832.000,832,832
1260,F8_01_1_2_Chlorophyll_A_001_phosphate_plate5.tif,4,884.000,816,992
1261,F8_01_1_2_Chlorophyll_A_001_phosphate_plate5.tif,1,784.000,784,784
1262,F8_01_1_2_Chlorophyll_A_001_phosphate_plate5.tif,2,832.000,816,848
1263,F8_01_1_2_Chlorophyll_A_001_phosphate_plate5.tif,1,784.000,784,784
1264,F8_01_1_2_Chlorophyll_A_001_phosphate_plate5.tif,1,928.000,928,928
1265,F8_01_1_2_Chlorophyll_A_001_phosphate_plate5.tif,1,800.000,800,800
1266,F8_01_1_2_Chlorophyll_A_001_phosphate_plate5.tif,3,821.333,784,848
1267,F8_01_1_2_Chlorophyll_A_001_phosphate_plate5.tif,1,768.000,768,768
1268,F8_01_1_2_Chlorophyll_A_001_phosphate_plate5.tif,1,976.000,976,976
1269,F8_01_1_2_Chlorophyll_A_001_phosphate_plate5.tif,3,837.333,784,944
1270,F8_01_1_2_Chlorophyll_A_001_phosphate_plate5.tif,2,880.000,768,992
1271,F8_01_1_2_Chlorophyll_A_001_phosphate_plate5.tif,1,960.000,960,960
1272,F8_01_1_2_Chlorophyll_A_001_phosphate_plate5.tif,3,917.333,800,1008
1273,F8_01_1_2_Chlorophyll_A_001_phosphate_plate5.tif,206,858.718,768,1152
1274,F8_01_1_2_Chlorophyll_A_001_phosphate_plate5.tif,26,902.154,768,1072
1275,F8_01_1_2_Chlorophyll_A_001_phosphate_plate5.tif,51,862.431,768,1056
1276,F8_01_1_2_Chlorophyll_A_001_phosphate_plate5.tif,1,784.000,784,784
1277,F8_01_1_2_Chlorophyll_A_001_phosphate_plate5.tif,5,780.800,768,800
1278,F8_01_1_2_Chlorophyll_A_001_phosphate_plate5.tif,1,896.000,896,896
1279,F8_01_1_2_Chlorophyll_A_001_phosphate_plate5.tif,5,838.400,768,896
1280,F8_01_1_2_Chlorophyll_A_001_phosphate_plate5.tif,4,792.000,768,816
1281,F8_01_1_2_Chlorophyll_A_001_phosphate_plate5.tif,1,784.000,784,784
1282,F8_01_1_2_Chlorophyll_A_001_phosphate_plate5.tif,5,809.600,768,896
1283,F8_01_1_2_Chlorophyll_A_001_phosphate_plate5.tif,3,832.000,800,864
1284,F8_01_1_2_Chlorophyll_A_001_phosphate_plate5.tif,3,832.000,768,944
1285,F8_01_1_2_Chlorophyll_A_001_phosphate_plate5.tif,1,848.000,848,848
1286,F8_01_1_2_Chlorophyll_A_001_phosphate_plate5.tif,1,864.000,864,864
1287,F8_01_1_2_Chlorophyll_A_001_phosphate_plate5.tif,1,816.000,816,816
1288,F8_01_1_2_Chlorophyll_A_001_phosphate_plate5.tif,2,912.000,784,1040
1289,F8_01_1_2_Chlorophyll_A_001_phosphate_plate5.tif,1,768.000,768,768
1290,F8_01_1_2_Chlorophyll_A_001_phosphate_plate5.tif,2,808.000,800,816
1291,F8_01_1_2_Chlorophyll_A_001_phosphate_plate5.tif,1,880.000,880,880
1292,F8_01_1_2_Chlorophyll_A_001_phosphate_plate5.tif,1,816.000,816,816
1293,F8_01_1_2_Chlorophyll_A_001_phosphate_plate5.tif,1,768.000,768,768
1294,F8_01_1_2_Chlorophyll_A_001_phosphate_plate5.tif,2,768.000,768,768
1295,F8_01_1_2_Chlorophyll_A_001_phosphate_plate5.tif,1,848.000,848,848
1296,F8_01_1_2_Chlorophyll_A_001_phosphate_plate5.tif,3,864.000,832,896
1297,F8_01_1_2_Chlorophyll_A_001_phosphate_plate5.tif,1,784.000,784,784
1298,F8_01_1_2_Chlorophyll_A_001_phosphate_plate5.tif,1,768.000,768,768
1299,F8_01_1_2_Chlorophyll_A_001_phosphate_plate5.tif,1,784.000,784,784
1300,F8_01_1_2_Chlorophyll_A_001_phosphate_plate5.tif,4,828.000,800,864
1301,F8_01_1_2_Chlorophyll_A_001_phosphate_plate5.tif,1,816.000,816,816
1302,F8_01_1_2_Chlorophyll_A_001_phosphate_plate5.tif,1,864.000,864,864
1303,F8_01_1_2_Chlorophyll_A_001_phosphate_plate5.tif,2,904.000,848,960
1304,F8_01_1_2_Chlorophyll_A_001_phosphate_plate5.tif,1,816.000,816,816
1305,F8_01_1_2_Chlorophyll_A_001_phosphate_plate5.tif,4,896.000,800,1040
1306,F8_01_1_2_Chlorophyll_A_001_phosphate_plate5.tif,10,854.400,768,992
1307,F8_01_1_2_Chlorophyll_A_001_phosphate_plate5.tif,7,864.000,800,928
1308,F8_01_1_2_Chlorophyll_A_001_phosphate_plate5.tif,21,848.762,768,976
1309,F8_01_1_2_Chlorophyll_A_001_phosphate_plate5.tif,176,2493.909,768,22448
1310,F8_01_1_2_Chlorophyll_A_001_phosphate_plate5.tif,2,792.000,768,816
1311,F8_01_1_2_Chlorophyll_A_001_phosphate_plate5.tif,14,841.143,784,912
1312,F8_01_1_2_Chlorophyll_A_001_phosphate_plate5.tif,3,858.667,816,928
1313,F8_01_1_2_Chlorophyll_A_001_phosphate_plate5.tif,1,896.000,896,896
1314,F8_01_1_2_Chlorophyll_A_001_phosphate_plate5.tif,1,784.000,784,784
1315,F8_01_1_2_Chlorophyll_A_001_phosphate_plate5.tif,1,784.000,784,784
1316,F8_01_1_2_Chlorophyll_A_001_phosphate_plate5.tif,15,848.000,800,944
1317,F8_01_1_2_Chlorophyll_A_001_phosphate_plate5.tif,4,840.000,768,880
1318,F8_01_1_2_Chlorophyll_A_001_phosphate_plate5.tif,3,842.667,768,944
1319,F8_01_1_2_Chlorophyll_A_001_phosphate_plate5.tif,2,816.000,816,816
1320,F8_01_1_2_Chlorophyll_A_001_phosphate_plate5.tif,6,786.667,768,800
1321,F8_01_1_2_Chlorophyll_A_001_phosphate_plate5.tif,1,784.000,784,784
1322,F8_01_1_2_Chlorophyll_A_001_phosphate_plate5.tif,3,885.333,784,1072
1323,F8_01_1_2_Chlorophyll_A_001_phosphate_plate5.tif,3,874.667,768,1024
1324,F8_01_1_2_Chlorophyll_A_001_phosphate_plate5.tif,1,784.000,784,784
1325,F8_01_1_2_Chlorophyll_A_001_phosphate_plate5.tif,2,816.000,768,864
1326,F8_01_1_2_Chlorophyll_A_001_phosphate_plate5.tif,1,816.000,816,816
1327,F8_01_1_2_Chlorophyll_A_001_phosphate_plate5.tif,1,784.000,784,784
1328,F8_01_1_2_Chlorophyll_A_001_phosphate_plate5.tif,3,816.000,784,864
1329,F8_01_1_2_Chlorophyll_A_001_phosphate_plate5.tif,1,768.000,768,768
1330,F8_01_1_2_Chlorophyll_A_001_phosphate_plate5.tif,2,944.000,912,976
1331,F8_01_1_2_Chlorophyll_A_001_phosphate_plate5.tif,1,832.000,832,832
1332,F8_01_1_2_Chlorophyll_A_001_phosphate_plate5.tif,1,784.000,784,784
1333,F8_01_1_2_Chlorophyll_A_001_phosphate_plate5.tif,1,768.000,768,768
1334,F8_01_1_2_Chlorophyll_A_001_phosphate_plate5.tif,1,768.000,768,768
1335,F8_01_1_2_Chlorophyll_A_001_phosphate_plate5.tif,1,848.000,848,848
1336,F8_01_1_2_Chlorophyll_A_001_phosphate_plate5.tif,1,816.000,816,816
1337,F8_01_1_2_Chlorophyll_A_001_phosphate_plate5.tif,3,789.333,768,800
1338,F8_01_1_2_Chlorophyll_A_001_phosphate_plate5.tif,1,800.000,800,800
1339,F8_01_1_2_Chlorophyll_A_001_phosphate_plate5.tif,2,776.000,768,784
1340,F8_01_1_2_Chlorophyll_A_001_phosphate_plate5.tif,1,848.000,848,848
1341,F8_01_1_2_Chlorophyll_A_001_phosphate_plate5.tif,2,832.000,784,880
1342,F8_01_1_2_Chlorophyll_A_001_phosphate_plate5.tif,1,768.000,768,768
1343,F8_01_1_2_Chlorophyll_A_001_phosphate_plate5.tif,1,880.000,880,880
1344,F8_01_1_2_Chlorophyll_A_001_phosphate_plate5.tif,1,784.000,784,784
1345,F8_01_1_2_Chlorophyll_A_001_phosphate_plate5.tif,4,816.000,784,896
1346,F8_01_1_2_Chlorophyll_A_001_phosphate_plate5.tif,1,848.000,848,848
1347,F8_01_1_2_Chlorophyll_A_001_phosphate_plate5.tif,1,864.000,864,864
1348,F8_01_1_2_Chlorophyll_A_001_phosphate_plate5.tif,1,800.000,800,800
1349,F8_01_1_2_Chlorophyll_A_001_phosphate_plate5.tif,1,832.000,832,832
1350,F8_01_1_2_Chlorophyll_A_001_phosphate_plate5.tif,1,768.000,768,768
1351,F8_01_1_2_Chlorophyll_A_001_phosphate_plate5.tif,1,864.000,864,864
1352,F8_01_1_2_Chlorophyll_A_001_phosphate_plate5.tif,3,842.667,768,912
1353,F8_01_1_2_Chlorophyll_A_001_phosphate_plate5.tif,2,856.000,800,912
1354,F8_01_1_2_Chlorophyll_A_001_phosphate_plate5.tif,1,784.000,784,784
1355,F8_01_1_2_Chlorophyll_A_001_phosphate_plate5.tif,7,893.714,768,1120
1356,F8_01_1_2_Chlorophyll_A_001_phosphate_plate5.tif,1,944.000,944,944
1357,F8_01_1_2_Chlorophyll_A_001_phosphate_plate5.tif,2,816.000,800,832
1358,F8_01_1_2_Chlorophyll_A_001_phosphate_plate5.tif,1,784.000,784,784
1359,F8_01_1_2_Chlorophyll_A_001_phosphate_plate5.tif,35,863.543,768,1040
1360,F8_01_1_2_Chlorophyll_A_001_phosphate_plate5.tif,63,876.952,768,1136
1361,F8_01_1_2_Chlorophyll_A_001_phosphate_plate5.tif,26,958.154,768,1136
1362,F8_01_1_2_Chlorophyll_A_001_phosphate_plate5.tif,2,872.000,832,912
1363,F8_01_1_2_Chlorophyll_A_001_phosphate_plate5.tif,32,837.500,768,1072
1364,F8_01_1_2_Chlorophyll_A_001_phosphate_plate5.tif,1,944.000,944,944
1365,F8_01_1_2_Chlorophyll_A_001_phosphate_plate5.tif,65,863.262,768,1072
1366,F8_01_1_2_Chlorophyll_A_001_phosphate_plate5.tif,1,800.000,800,800
1367,F8_01_1_2_Chlorophyll_A_001_phosphate_plate5.tif,3,858.667,800,928
1368,F8_01_1_2_Chlorophyll_A_001_phosphate_plate5.tif,1,880.000,880,880
1369,F8_01_1_2_Chlorophyll_A_001_phosphate_plate5.tif,4,796.000,768,848
1370,F8_01_1_2_Chlorophyll_A_001_phosphate_plate5.tif,1,896.000,896,896
1371,F8_01_1_2_Chlorophyll_A_001_phosphate_plate5.tif,1,800.000,800,800
1372,F8_01_1_2_Chlorophyll_A_001_phosphate_plate5.tif,4,784.000,768,800
1373,F8_01_1_2_Chlorophyll_A_001_phosphate_plate5.tif,1,944.000,944,944
1374,F8_01_1_2_Chlorophyll_A_001_phosphate_plate5.tif,1,864.000,864,864
1375,F8_01_1_2_Chlorophyll_A_001_phosphate_plate5.tif,1,1008.000,1008,1008
1376,F8_01_1_2_Chlorophyll_A_001_phosphate_plate5.tif,1,832.000,832,832
1377,F8_01_1_2_Chlorophyll_A_001_phosphate_plate5.tif,1,848.000,848,848
1378,F8_01_1_2_Chlorophyll_A_001_phosphate_plate5.tif,1,864.000,864,864
1379,F8_01_1_2_Chlorophyll_A_001_phosphate_plate5.tif,1,768.000,768,768
1380,F8_01_1_2_Chlorophyll_A_001_phosphate_plate5.tif,3,826.667,768,928
1381,F8_01_1_2_Chlorophyll_A_001_phosphate_plate5.tif,1,880.000,880,880
1382,F8_01_1_2_Chlorophyll_A_001_phosphate_plate5.tif,1,800.000,800,800
1383,F8_01_1_2_Chlorophyll_A_001_phosphate_plate5.tif,3,842.667,784,928
1384,F8_01_1_2_Chlorophyll_A_001_phosphate_plate5.tif,1,768.000,768,768
1385,F8_01_1_2_Chlorophyll_A_001_phosphate_plate5.tif,1,816.000,816,816
1386,F8_01_1_2_Chlorophyll_A_001_phosphate_plate5.tif,1,864.000,864,864
1387,F8_01_1_2_Chlorophyll_A_001_phosphate_plate5.tif,1,1232.000,1232,1232
1388,F8_01_1_2_Chlorophyll_A_001_phosphate_plate5.tif,1,800.000,800,800
1389,F8_01_1_2_Chlorophyll_A_001_phosphate_plate5.tif,1,848.000,848,848
1390,F8_01_1_2_Chlorophyll_A_001_phosphate_plate5.tif,1,880.000,880,880
1391,F8_01_1_2_Chlorophyll_A_001_phosphate_plate5.tif,2,816.000,784,848
1392,F8_01_1_2_Chlorophyll_A_001_phosphate_plate5.tif,1,784.000,784,784
1393,F8_01_1_2_Chlorophyll_A_001_phosphate_plate5.tif,3,848.000,768,912
1394,F8_01_1_2_Chlorophyll_A_001_phosphate_plate5.tif,4,856.000,784,912
1395,F8_01_1_2_Chlorophyll_A_001_phosphate_plate5.tif,1,912.000,912,912
1396,F8_01_1_2_Chlorophyll_A_001_phosphate_plate5.tif,2,800.000,784,816
1397,F8_01_1_2_Chlorophyll_A_001_phosphate_plate5.tif,2,816.000,800,832
1398,F8_01_1_2_Chlorophyll_A_001_phosphate_plate5.tif,1,768.000,768,768
1399,F8_01_1_2_Chlorophyll_A_001_phosphate_plate5.tif,1,832.000,832,832
1400,F8_01_1_2_Chlorophyll_A_001_phosphate_plate5.tif,2,880.000,864,896
1401,F8_01_1_2_Chlorophyll_A_001_phosphate_plate5.tif,1,960.000,960,960
1402,F8_01_1_2_Chlorophyll_A_001_phosphate_plate5.tif,3,858.667,800,896
1403,F8_01_1_2_Chlorophyll_A_001_phosphate_plate5.tif,1,944.000,944,944
1404,F8_01_1_2_Chlorophyll_A_001_phosphate_plate5.tif,1,768.000,768,768
1405,F8_01_1_2_Chlorophyll_A_001_phosphate_plate5.tif,1,800.000,800,800
1406,F8_01_1_2_Chlorophyll_A_001_phosphate_plate5.tif,1,896.000,896,896
1407,F8_01_1_2_Chlorophyll_A_001_phosphate_plate5.tif,2,920.000,912,928
1408,F8_01_1_2_Chlorophyll_A_001_phosphate_plate5.tif,1,944.000,944,944
1409,F8_01_1_2_Chlorophyll_A_001_phosphate_plate5.tif,2,800.000,768,832
1410,F8_01_1_2_Chlorophyll_A_001_phosphate_plate5.tif,1,784.000,784,784
1411,F8_01_1_2_Chlorophyll_A_001_phosphate_plate5.tif,26,886.154,768,1088
1412,F8_01_1_2_Chlorophyll_A_001_phosphate_plate5.tif,1,912.000,912,912
1413,F8_01_1_2_Chlorophyll_A_001_phosphate_plate5.tif,13,806.154,768,960
1414,F8_01_1_2_Chlorophyll_A_001_phosphate_plate5.tif,2,840.000,832,848
1415,F8_01_1_2_Chlorophyll_A_001_phosphate_plate5.tif,27,855.704,768,1056
1416,F8_01_1_2_Chlorophyll_A_001_phosphate_plate5.tif,40,879.600,768,1136
1417,F8_01_1_2_Chlorophyll_A_001_phosphate_plate5.tif,3,837.333,816,848
1418,F8_01_1_2_Chlorophyll_A_001_phosphate_plate5.tif,8,860.000,768,976
1419,F8_01_1_2_Chlorophyll_A_001_phosphate_plate5.tif,4,844.000,816,896
1420,F8_01_1_2_Chlorophyll_A_001_phosphate_plate5.tif,12,878.667,768,1120
1421,F8_01_1_2_Chlorophyll_A_001_phosphate_plate5.tif,2,840.000,816,864
1422,F8_01_1_2_Chlorophyll_A_001_phosphate_plate5.tif,6,834.667,784,912
1423,F8_01_1_2_Chlorophyll_A_001_phosphate_plate5.tif,1,800.000,800,800
1424,F8_01_1_2_Chlorophyll_A_001_phosphate_plate5.tif,2,840.000,832,848
1425,F8_01_1_2_Chlorophyll_A_001_phosphate_plate5.tif,1,768.000,768,768
1426,F8_01_1_2_Chlorophyll_A_001_phosphate_plate5.tif,2,768.000,768,768
1427,F8_01_1_2_Chlorophyll_A_001_phosphate_plate5.tif,2,856.000,832,880
1428,F8_01_1_2_Chlorophyll_A_001_phosphate_plate5.tif,1,832.000,832,832
1429,F8_01_1_2_Chlorophyll_A_001_phosphate_plate5.tif,1,848.000,848,848
1430,F8_01_1_2_Chlorophyll_A_001_phosphate_plate5.tif,1,896.000,896,896
1431,F8_01_1_2_Chlorophyll_A_001_phosphate_plate5.tif,3,816.000,768,896
1432,F8_01_1_2_Chlorophyll_A_001_phosphate_plate5.tif,3,826.667,784,912
1433,F8_01_1_2_Chlorophyll_A_001_phosphate_plate5.tif,1,864.000,864,864
1434,F8_01_1_2_Chlorophyll_A_001_phosphate_plate5.tif,2,776.000,768,784
1435,F8_01_1_2_Chlorophyll_A_001_phosphate_plate5.tif,1,784.000,784,784
1436,F8_01_1_2_Chlorophyll_A_001_phosphate_plate5.tif,2,816.000,816,816
1437,F8_01_1_2_Chlorophyll_A_001_phosphate_plate5.tif,1,816.000,816,816
1438,F8_01_1_2_Chlorophyll_A_001_phosphate_plate5.tif,2,880.000,800,960
1439,F8_01_1_2_Chlorophyll_A_001_phosphate_plate5.tif,2,896.000,800,992
1440,F8_01_1_2_Chlorophyll_A_001_phosphate_plate5.tif,1,864.000,864,864
1441,F8_01_1_2_Chlorophyll_A_001_phosphate_plate5.tif,1,1024.000,1024,1024
1442,F8_01_1_2_Chlorophyll_A_001_phosphate_plate5.tif,2,816.000,800,832
1443,F8_01_1_2_Chlorophyll_A_001_phosphate_plate5.tif,1,864.000,864,864
1444,F8_01_1_2_Chlorophyll_A_001_phosphate_plate5.tif,1,768.000,768,768
1445,F8_01_1_2_Chlorophyll_A_001_phosphate_plate5.tif,1,880.000,880,880
1446,F8_01_1_2_Chlorophyll_A_001_phosphate_plate5.tif,1,784.000,784,784
1447,F8_01_1_2_Chlorophyll_A_001_phosphate_plate5.tif,1,848.000,848,848
1448,F8_01_1_2_Chlorophyll_A_001_phosphate_plate5.tif,1,784.000,784,784
1449,F8_01_1_2_Chlorophyll_A_001_phosphate_plate5.tif,1,848.000,848,848
1450,F8_01_1_2_Chlorophyll_A_001_phosphate_plate5.tif,1,864.000,864,864
1451,F8_01_1_2_Chlorophyll_A_001_phosphate_plate5.tif,1,816.000,816,816
1452,F8_01_1_2_Chlorophyll_A_001_phosphate_plate5.tif,1,896.000,896,896
1453,F8_01_1_2_Chlorophyll_A_001_phosphate_plate5.tif,1,768.000,768,768
1454,F8_01_1_2_Chlorophyll_A_001_phosphate_plate5.tif,1,784.000,784,784
1455,F8_01_1_2_Chlorophyll_A_001_phosphate_plate5.tif,69,989.217,768,1504
1456,F8_01_1_2_Chlorophyll_A_001_phosphate_plate5.tif,1,816.000,816,816
1457,F8_01_1_2_Chlorophyll_A_001_phosphate_plate5.tif,1,784.000,784,784
1458,F8_01_1_2_Chlorophyll_A_001_phosphate_plate5.tif,1,784.000,784,784
1459,F8_01_1_2_Chlorophyll_A_001_phosphate_plate5.tif,2,864.000,768,960
1460,F8_01_1_2_Chlorophyll_A_001_phosphate_plate5.tif,9,848.000,768,928
1461,F8_01_1_2_Chlorophyll_A_001_phosphate_plate5.tif,1,784.000,784,784
1462,F8_01_1_2_Chlorophyll_A_001_phosphate_plate5.tif,348,2393.931,768,31472
1463,F8_01_1_2_Chlorophyll_A_001_phosphate_plate5.tif,71,861.296,768,1136
1464,F8_01_1_2_Chlorophyll_A_001_phosphate_plate5.tif,9,855.111,768,992
1465,F8_01_1_2_Chlorophyll_A_001_phosphate_plate5.tif,1,816.000,816,816
1466,F8_01_1_2_Chlorophyll_A_001_phosphate_plate5.tif,4,788.000,768,816
1467,F8_01_1_2_Chlorophyll_A_001_phosphate_plate5.tif,1,784.000,784,784
1468,F8_01_1_2_Chlorophyll_A_001_phosphate_plate5.tif,4,864.000,784,928
1469,F8_01_1_2_Chlorophyll_A_001_phosphate_plate5.tif,4,844.000,800,928
1470,F8_01_1_2_Chlorophyll_A_001_phosphate_plate5.tif,1,944.000,944,944
1471,F8_01_1_2_Chlorophyll_A_001_phosphate_plate5.tif,3,869.333,784,944
1472,F8_01_1_2_Chlorophyll_A_001_phosphate_plate5.tif,1,768.000,768,768
1473,F8_01_1_2_Chlorophyll_A_001_phosphate_plate5.tif,2,800.000,768,832
1474,F8_01_1_2_Chlorophyll_A_001_phosphate_plate5.tif,4,812.000,768,848
1475,F8_01_1_2_Chlorophyll_A_001_phosphate_plate5.tif,1,800.000,800,800
1476,F8_01_1_2_Chlorophyll_A_001_phosphate_plate5.tif,1,832.000,832,832
1477,F8_01_1_2_Chlorophyll_A_001_phosphate_plate5.tif,2,888.000,848,928
1478,F8_01_1_2_Chlorophyll_A_001_phosphate_plate5.tif,1,800.000,800,800
1479,F8_01_1_2_Chlorophyll_A_001_phosphate_plate5.tif,1,848.000,848,848
1480,F8_01_1_2_Chlorophyll_A_001_phosphate_plate5.tif,2,800.000,768,832
1481,F8_01_1_2_Chlorophyll_A_001_phosphate_plate5.tif,1,992.000,992,992
1482,F8_01_1_2_Chlorophyll_A_001_phosphate_plate5.tif,1,880.000,880,880
1483,F8_01_1_2_Chlorophyll_A_001_phosphate_plate5.tif,1,768.000,768,768
1484,F8_01_1_2_Chlorophyll_A_001_phosphate_plate5.tif,1,816.000,816,816
1485,F8_01_1_2_Chlorophyll_A_001_phosphate_plate5.tif,1,880.000,880,880
1486,F8_01_1_2_Chlorophyll_A_001_phosphate_plate5.tif,1,800.000,800,800
1487,F8_01_1_2_Chlorophyll_A_001_phosphate_plate5.tif,1,768.000,768,768
1488,F8_01_1_2_Chlorophyll_A_001_phosphate_plate5.tif,1,768.000,768,768
1489,F8_01_1_2_Chlorophyll_A_001_phosphate_plate5.tif,1,800.000,800,800
1490,F8_01_1_2_Chlorophyll_A_001_phosphate_plate5.tif,1,768.000,768,768
1491,F8_01_1_2_Chlorophyll_A_001_phosphate_plate5.tif,1,848.000,848,848
1492,F8_01_1_2_Chlorophyll_A_001_phosphate_plate5.tif,2,816.000,800,832
1493,F8_01_1_2_Chlorophyll_A_001_phosphate_plate5.tif,1,784.000,784,784
1494,F8_01_1_2_Chlorophyll_A_001_phosphate_plate5.tif,1,816.000,816,816
1495,F8_01_1_2_Chlorophyll_A_001_phosphate_plate5.tif,1,816.000,816,816
1496,F8_01_1_2_Chlorophyll_A_001_phosphate_plate5.tif,3,805.333,800,816
1497,F8_01_1_2_Chlorophyll_A_001_phosphate_plate5.tif,1,928.000,928,928
1498,F8_01_1_2_Chlorophyll_A_001_phosphate_plate5.tif,3,821.333,768,912
1499,F8_01_1_2_Chlorophyll_A_001_phosphate_plate5.tif,49,878.367,768,1072
1500,F8_01_1_2_Chlorophyll_A_001_phosphate_plate5.tif,24,910.000,768,1136
1501,F8_01_1_2_Chlorophyll_A_001_phosphate_plate5.tif,76,875.789,768,1184
1502,F8_01_1_2_Chlorophyll_A_001_phosphate_plate5.tif,21,921.905,768,1152
1503,F8_01_1_2_Chlorophyll_A_001_phosphate_plate5.tif,2,816.000,784,848
1504,F8_01_1_2_Chlorophyll_A_001_phosphate_plate5.tif,1,768.000,768,768
1505,F8_01_1_2_Chlorophyll_A_001_phosphate_plate5.tif,1,800.000,800,800
1506,F8_01_1_2_Chlorophyll_A_001_phosphate_plate5.tif,1,896.000,896,896
1507,F8_01_1_2_Chlorophyll_A_001_phosphate_plate5.tif,2,808.000,800,816
1508,F8_01_1_2_Chlorophyll_A_001_phosphate_plate5.tif,1,816.000,816,816
1509,F8_01_1_2_Chlorophyll_A_001_phosphate_plate5.tif,1,992.000,992,992
1510,F8_01_1_2_Chlorophyll_A_001_phosphate_plate5.tif,1,800.000,800,800
1511,F8_01_1_2_Chlorophyll_A_001_phosphate_plate5.tif,3,826.667,784,880
1512,F8_01_1_2_Chlorophyll_A_001_phosphate_plate5.tif,1,832.000,832,832
1513,F8_01_1_2_Chlorophyll_A_001_phosphate_plate5.tif,2,816.000,784,848
1514,F8_01_1_2_Chlorophyll_A_001_phosphate_plate5.tif,1,816.000,816,816
1515,F8_01_1_2_Chlorophyll_A_001_phosphate_plate5.tif,1,864.000,864,864
1516,F8_01_1_2_Chlorophyll_A_001_phosphate_plate5.tif,1,816.000,816,816
1517,F8_01_1_2_Chlorophyll_A_001_phosphate_plate5.tif,1,880.000,880,880
1518,F8_01_1_2_Chlorophyll_A_001_phosphate_plate5.tif,1,832.000,832,832
1519,F8_01_1_2_Chlorophyll_A_001_phosphate_plate5.tif,2,880.000,800,960
1520,F8_01_1_2_Chlorophyll_A_001_phosphate_plate5.tif,1,800.000,800,800
1521,F8_01_1_2_Chlorophyll_A_001_phosphate_plate5.tif,1,768.000,768,768
1522,F8_01_1_2_Chlorophyll_A_001_phosphate_plate5.tif,2,888.000,800,976
1523,F8_01_1_2_Chlorophyll_A_001_phosphate_plate5.tif,2,792.000,784,800
1524,F8_01_1_2_Chlorophyll_A_001_phosphate_plate5.tif,1,848.000,848,848
1525,F8_01_1_2_Chlorophyll_A_001_phosphate_plate5.tif,3,805.333,768,864
1526,F8_01_1_2_Chlorophyll_A_001_phosphate_plate5.tif,2,800.000,784,816
1527,F8_01_1_2_Chlorophyll_A_001_phosphate_plate5.tif,2,792.000,768,816
1528,F8_01_1_2_Chlorophyll_A_001_phosphate_plate5.tif,9,865.778,768,1120
1529,F8_01_1_2_Chlorophyll_A_001_phosphate_plate5.tif,2,832.000,768,896
1530,F8_01_1_2_Chlorophyll_A_001_phosphate_plate5.tif,1,848.000,848,848
1531,F8_01_1_2_Chlorophyll_A_001_phosphate_plate5.tif,2,896.000,832,960
1532,F8_01_1_2_Chlorophyll_A_001_phosphate_plate5.tif,1,976.000,976,976
1533,F8_01_1_2_Chlorophyll_A_001_phosphate_plate5.tif,2,856.000,784,928
1534,F8_01_1_2_Chlorophyll_A_001_phosphate_plate5.tif,3,853.333,800,944
1535,F8_01_1_2_Chlorophyll_A_001_phosphate_plate5.tif,3,874.667,784,944
1536,F8_01_1_2_Chlorophyll_A_001_phosphate_plate5.tif,1,944.000,944,944
1537,F8_01_1_2_Chlorophyll_A_001_phosphate_plate5.tif,80,895.800,768,1168
1538,F8_01_1_2_Chlorophyll_A_001_phosphate_plate5.tif,28,877.714,768,976
1539,F8_01_1_2_Chlorophyll_A_001_phosphate_plate5.tif,13,845.538,768,912
1540,F8_01_1_2_Chlorophyll_A_001_phosphate_plate5.tif,53,898.717,768,1040
1541,F8_01_1_2_Chlorophyll_A_001_phosphate_plate5.tif,20,918.400,768,1088
1542,F8_01_1_2_Chlorophyll_A_001_phosphate_plate5.tif,1,880.000,880,880
1543,F8_01_1_2_Chlorophyll_A_001_phosphate_plate5.tif,3,789.333,768,816
1544,F8_01_1_2_Chlorophyll_A_001_phosphate_plate5.tif,1,896.000,896,896
1545,F8_01_1_2_Chlorophyll_A_001_phosphate_plate5.tif,1,960.000,960,960
1546,F8_01_1_2_Chlorophyll_A_001_phosphate_plate5.tif,5,828.800,768,864
1547,F8_01_1_2_Chlorophyll_A_001_phosphate_plate5.tif,1,832.000,832,832
1548,F8_01_1_2_Chlorophyll_A_001_phosphate_plate5.tif,2,832.000,800,864
1549,F8_01_1_2_Chlorophyll_A_001_phosphate_plate5.tif,2,840.000,784,896
1550,F8_01_1_2_Chlorophyll_A_001_phosphate_plate5.tif,2,816.000,816,816
1551,F8_01_1_2_Chlorophyll_A_001_phosphate_plate5.tif,1,816.000,816,816
1552,F8_01_1_2_Chlorophyll_A_001_phosphate_plate5.tif,2,816.000,768,864
1553,F8_01_1_2_Chlorophyll_A_001_phosphate_plate5.tif,1,944.000,944,944
1554,F8_01_1_2_Chlorophyll_A_001_phosphate_plate5.tif,1,880.000,880,880
1555,F8_01_1_2_Chlorophyll_A_001_phosphate_plate5.tif,6,834.667,800,864
1556,F8_01_1_2_Chlorophyll_A_001_phosphate_plate5.tif,1,848.000,848,848
1557,F8_01_1_2_Chlorophyll_A_001_phosphate_plate5.tif,1,784.000,784,784
1558,F8_01_1_2_Chlorophyll_A_001_phosphate_plate5.tif,3,896.000,768,992
1559,F8_01_1_2_Chlorophyll_A_001_phosphate_plate5.tif,1,880.000,880,880
1560,F8_01_1_2_Chlorophyll_A_001_phosphate_plate5.tif,1,784.000,784,784
1561,F8_01_1_2_Chlorophyll_A_001_phosphate_plate5.tif,2,832.000,784,880
1562,F8_01_1_2_Chlorophyll_A_001_phosphate_plate5.tif,2,808.000,768,848
1563,F8_01_1_2_Chlorophyll_A_001_phosphate_plate5.tif,1,768.000,768,768
1564,F8_01_1_2_Chlorophyll_A_001_phosphate_plate5.tif,1,784.000,784,784
1565,F8_01_1_2_Chlorophyll_A_001_phosphate_plate5.tif,2,896.000,880,912
1566,F8_01_1_2_Chlorophyll_A_001_phosphate_plate5.tif,1,832.000,832,832
1567,F8_01_1_2_Chlorophyll_A_001_phosphate_plate5.tif,1,768.000,768,768
1568,F8_01_1_2_Chlorophyll_A_001_phosphate_plate5.tif,1,912.000,912,912
1569,F8_01_1_2_Chlorophyll_A_001_phosphate_plate5.tif,1,848.000,848,848
1570,F8_01_1_2_Chlorophyll_A_001_phosphate_plate5.tif,1,768.000,768,768
1571,F8_01_1_2_Chlorophyll_A_001_phosphate_plate5.tif,1,832.000,832,832
1572,F8_01_1_2_Chlorophyll_A_001_phosphate_plate5.tif,1,864.000,864,864
1573,F8_01_1_2_Chlorophyll_A_001_phosphate_plate5.tif,2,776.000,768,784
1574,F8_01_1_2_Chlorophyll_A_001_phosphate_plate5.tif,1,768.000,768,768
1575,F8_01_1_2_Chlorophyll_A_001_phosphate_plate5.tif,1,880.000,880,880
1576,F8_01_1_2_Chlorophyll_A_001_phosphate_plate5.tif,1,800.000,800,800
1577,F8_01_1_2_Chlorophyll_A_001_phosphate_plate5.tif,1,768.000,768,768
1578,F8_01_1_2_Chlorophyll_A_001_phosphate_plate5.tif,1,944.000,944,944
1579,F8_01_1_2_Chlorophyll_A_001_phosphate_plate5.tif,1,768.000,768,768
1580,F8_01_1_2_Chlorophyll_A_001_phosphate_plate5.tif,2,976.000,944,1008
1581,F8_01_1_2_Chlorophyll_A_001_phosphate_plate5.tif,2,864.000,864,864
1582,F8_01_1_2_Chlorophyll_A_001_phosphate_plate5.tif,1,848.000,848,848
1583,F8_01_1_2_Chlorophyll_A_001_phosphate_plate5.tif,1,816.000,816,816
1584,F8_01_1_2_Chlorophyll_A_001_phosphate_plate5.tif,1,768.000,768,768
1585,F8_01_1_2_Chlorophyll_A_001_phosphate_plate5.tif,2,840.000,832,848
1586,F8_01_1_2_Chlorophyll_A_001_phosphate_plate5.tif,1,784.000,784,784
1587,F8_01_1_2_Chlorophyll_A_001_phosphate_plate5.tif,1,784.000,784,784
1588,F8_01_1_2_Chlorophyll_A_001_phosphate_plate5.tif,1,816.000,816,816
1589,F8_01_1_2_Chlorophyll_A_001_phosphate_plate5.tif,4,864.000,768,1040
1590,F8_01_1_2_Chlorophyll_A_001_phosphate_plate5.tif,18,854.222,768,1008
1591,F8_01_1_2_Chlorophyll_A_001_phosphate_plate5.tif,22,864.000,784,992
1592,F8_01_1_2_Chlorophyll_A_001_phosphate_plate5.tif,3,794.667,784,800
1593,F8_01_1_2_Chlorophyll_A_001_phosphate_plate5.tif,19,865.684,768,1168
1594,F8_01_1_2_Chlorophyll_A_001_phosphate_plate5.tif,51,876.235,768,1120
1595,F8_01_1_2_Chlorophyll_A_001_phosphate_plate5.tif,53,886.038,768,1200
1596,F8_01_1_2_Chlorophyll_A_001_phosphate_plate5.tif,35,874.514,768,1040
1597,F8_01_1_2_Chlorophyll_A_001_phosphate_plate5.tif,41,876.098,768,1088
1598,F8_01_1_2_Chlorophyll_A_001_phosphate_plate5.tif,50,906.880,768,1184
1599,F8_01_1_2_Chlorophyll_A_001_phosphate_plate5.tif,54,859.556,768,992
1600,F8_01_1_2_Chlorophyll_A_001_phosphate_plate5.tif,2,888.000,864,912
1601,F8_01_1_2_Chlorophyll_A_001_phosphate_plate5.tif,1,816.000,816,816
1602,F8_01_1_2_Chlorophyll_A_001_phosphate_plate5.tif,1,928.000,928,928
1603,F8_01_1_2_Chlorophyll_A_001_phosphate_plate5.tif,2,768.000,768,768
1604,F8_01_1_2_Chlorophyll_A_001_phosphate_plate5.tif,1,784.000,784,784
1605,F8_01_1_2_Chlorophyll_A_001_phosphate_plate5.tif,10,836.800,768,928
1606,F8_01_1_2_Chlorophyll_A_001_phosphate_plate5.tif,5,784.000,768,816
1607,F8_01_1_2_Chlorophyll_A_001_phosphate_plate5.tif,2,888.000,800,976
1608,F8_01_1_2_Chlorophyll_A_001_phosphate_plate5.tif,3,821.333,768,864
1609,F8_01_1_2_Chlorophyll_A_001_phosphate_plate5.tif,1,784.000,784,784
1610,F8_01_1_2_Chlorophyll_A_001_phosphate_plate5.tif,3,832.000,784,928
1611,F8_01_1_2_Chlorophyll_A_001_phosphate_plate5.tif,1,768.000,768,768
1612,F8_01_1_2_Chlorophyll_A_001_phosphate_plate5.tif,1,784.000,784,784
1613,F8_01_1_2_Chlorophyll_A_001_phosphate_plate5.tif,1,1024.000,1024,1024
1614,F8_01_1_2_Chlorophyll_A_001_phosphate_plate5.tif,1,800.000,800,800
1615,F8_01_1_2_Chlorophyll_A_001_phosphate_plate5.tif,1,768.000,768,768
1616,F8_01_1_2_Chlorophyll_A_001_phosphate_plate5.tif,1,768.000,768,768
1617,F8_01_1_2_Chlorophyll_A_001_phosphate_plate5.tif,2,832.000,784,880
1618,F8_01_1_2_Chlorophyll_A_001_phosphate_plate5.tif,1,832.000,832,832
1619,F8_01_1_2_Chlorophyll_A_001_phosphate_plate5.tif,1,816.000,816,816
1620,F8_01_1_2_Chlorophyll_A_001_phosphate_plate5.tif,3,832.000,784,912
1621,F8_01_1_2_Chlorophyll_A_001_phosphate_plate5.tif,1,832.000,832,832
1622,F8_01_1_2_Chlorophyll_A_001_phosphate_plate5.tif,1,784.000,784,784
1623,F8_01_1_2_Chlorophyll_A_001_phosphate_plate5.tif,1,768.000,768,768
1624,F8_01_1_2_Chlorophyll_A_001_phosphate_plate5.tif,1,768.000,768,768
1625,F8_01_1_2_Chlorophyll_A_001_phosphate_plate5.tif,1,768.000,768,768
1626,F8_01_1_2_Chlorophyll_A_001_phosphate_plate5.tif,1,880.000,880,880
1627,F8_01_1_2_Chlorophyll_A_001_phosphate_plate5.tif,2,800.000,800,800
1628,F8_01_1_2_Chlorophyll_A_001_phosphate_plate5.tif,1,768.000,768,768
1629,F8_01_1_2_Chlorophyll_A_001_phosphate_plate5.tif,1,864.000,864,864
1630,F8_01_1_2_Chlorophyll_A_001_phosphate_plate5.tif,1,944.000,944,944
1631,F8_01_1_2_Chlorophyll_A_001_phosphate_plate5.tif,3,800.000,768,832
1632,F8_01_1_2_Chlorophyll_A_001_phosphate_plate5.tif,3,848.000,784,928
1633,F8_01_1_2_Chlorophyll_A_001_phosphate_plate5.tif,103,2869.592,768,16656
1634,F8_01_1_2_Chlorophyll_A_001_phosphate_plate5.tif,1,944.000,944,944
1635,F8_01_1_2_Chlorophyll_A_001_phosphate_plate5.tif,2,816.000,800,832
1636,F8_01_1_2_Chlorophyll_A_001_phosphate_plate5.tif,2,904.000,864,944
1637,F8_01_1_2_Chlorophyll_A_001_phosphate_plate5.tif,1,960.000,960,960
1638,F8_01_1_2_Chlorophyll_A_001_phosphate_plate5.tif,2,848.000,816,880
1639,F8_01_1_2_Chlorophyll_A_001_phosphate_plate5.tif,8,878.000,768,1072
1640,F8_01_1_2_Chlorophyll_A_001_phosphate_plate5.tif,1,960.000,960,960
1641,F8_01_1_2_Chlorophyll_A_001_phosphate_plate5.tif,1,960.000,960,960
1642,F8_01_1_2_Chlorophyll_A_001_phosphate_plate5.tif,2,800.000,800,800
1643,F8_01_1_2_Chlorophyll_A_001_phosphate_plate5.tif,214,2519.551,768,19648
1644,F8_01_1_2_Chlorophyll_A_001_phosphate_plate5.tif,12,858.667,784,1024
1645,F8_01_1_2_Chlorophyll_A_001_phosphate_plate5.tif,26,923.077,784,1136
1646,F8_01_1_2_Chlorophyll_A_001_phosphate_plate5.tif,69,997.565,768,1264
1647,F8_01_1_2_Chlorophyll_A_001_phosphate_plate5.tif,59,875.661,768,1216
1648,F8_01_1_2_Chlorophyll_A_001_phosphate_plate5.tif,2,792.000,784,800
1649,F8_01_1_2_Chlorophyll_A_001_phosphate_plate5.tif,1,1024.000,1024,1024
1650,F8_01_1_2_Chlorophyll_A_001_phosphate_plate5.tif,3,901.333,816,1024
1651,F8_01_1_2_Chlorophyll_A_001_phosphate_plate5.tif,1,1024.000,1024,1024
1652,F8_01_1_2_Chlorophyll_A_001_phosphate_plate5.tif,2,768.000,768,768
1653,F8_01_1_2_Chlorophyll_A_001_phosphate_plate5.tif,22,849.455,768,1024
1654,F8_01_1_2_Chlorophyll_A_001_phosphate_plate5.tif,1,816.000,816,816
1655,F8_01_1_2_Chlorophyll_A_001_phosphate_plate5.tif,3,816.000,784,848
1656,F8_01_1_2_Chlorophyll_A_001_phosphate_plate5.tif,10,833.600,768,896
1657,F8_01_1_2_Chlorophyll_A_001_phosphate_plate5.tif,4,832.000,768,896
1658,F8_01_1_2_Chlorophyll_A_001_phosphate_plate5.tif,2,864.000,784,944
1659,F8_01_1_2_Chlorophyll_A_001_phosphate_plate5.tif,2,872.000,768,976
1660,F8_01_1_2_Chlorophyll_A_001_phosphate_plate5.tif,2,792.000,784,800
1661,F8_01_1_2_Chlorophyll_A_001_phosphate_plate5.tif,1,960.000,960,960
1662,F8_01_1_2_Chlorophyll_A_001_phosphate_plate5.tif,1,896.000,896,896
1663,F8_01_1_2_Chlorophyll_A_001_phosphate_plate5.tif,1,864.000,864,864
1664,F8_01_1_2_Chlorophyll_A_001_phosphate_plate5.tif,1,768.000,768,768
1665,F8_01_1_2_Chlorophyll_A_001_phosphate_plate5.tif,1,768.000,768,768
1666,F8_01_1_2_Chlorophyll_A_001_phosphate_plate5.tif,1,880.000,880,880
1667,F8_01_1_2_Chlorophyll_A_001_phosphate_plate5.tif,1,848.000,848,848
1668,F8_01_1_2_Chlorophyll_A_001_phosphate_plate5.tif,3,837.333,768,928
1669,F8_01_1_2_Chlorophyll_A_001_phosphate_plate5.tif,2,776.000,768,784
1670,F8_01_1_2_Chlorophyll_A_001_phosphate_plate5.tif,1,992.000,992,992
1671,F8_01_1_2_Chlorophyll_A_001_phosphate_plate5.tif,1,880.000,880,880
1672,F8_01_1_2_Chlorophyll_A_001_phosphate_plate5.tif,1,784.000,784,784
1673,F8_01_1_2_Chlorophyll_A_001_phosphate_plate5.tif,5,857.600,816,896
1674,F8_01_1_2_Chlorophyll_A_001_phosphate_plate5.tif,2,816.000,768,864
1675,F8_01_1_2_Chlorophyll_A_001_phosphate_plate5.tif,1,816.000,816,816
1676,F8_01_1_2_Chlorophyll_A_001_phosphate_plate5.tif,1,800.000,800,800
1677,F8_01_1_2_Chlorophyll_A_001_phosphate_plate5.tif,2,792.000,768,816
1678,F8_01_1_2_Chlorophyll_A_001_phosphate_plate5.tif,1,944.000,944,944
1679,F8_01_1_2_Chlorophyll_A_001_phosphate_plate5.tif,1,944.000,944,944
1680,F8_01_1_2_Chlorophyll_A_001_phosphate_plate5.tif,1,800.000,800,800
1681,F8_01_1_2_Chlorophyll_A_001_phosphate_plate5.tif,1,800.000,800,800
1682,F8_01_1_2_Chlorophyll_A_001_phosphate_plate5.tif,1,784.000,784,784
1683,F8_01_1_2_Chlorophyll_A_001_phosphate_plate5.tif,1,800.000,800,800
1684,F8_01_1_2_Chlorophyll_A_001_phosphate_plate5.tif,2,792.000,768,816
1685,F8_01_1_2_Chlorophyll_A_001_phosphate_plate5.tif,1,928.000,928,928
1686,F8_01_1_2_Chlorophyll_A_001_phosphate_plate5.tif,1,848.000,848,848
1687,F8_01_1_2_Chlorophyll_A_001_phosphate_plate5.tif,1,800.000,800,800
1688,F8_01_1_2_Chlorophyll_A_001_phosphate_plate5.tif,1,944.000,944,944
1689,F8_01_1_2_Chlorophyll_A_001_phosphate_plate5.tif,1,816.000,816,816
1690,F8_01_1_2_Chlorophyll_A_001_phosphate_plate5.tif,1,800.000,800,800
1691,F8_01_1_2_Chlorophyll_A_001_phosphate_plate5.tif,1,864.000,864,864
1692,F8_01_1_2_Chlorophyll_A_001_phosphate_plate5.tif,2,832.000,768,896
1693,F8_01_1_2_Chlorophyll_A_001_phosphate_plate5.tif,7,832.000,768,944
1694,F8_01_1_2_Chlorophyll_A_001_phosphate_plate5.tif,21,883.048,768,1056
1695,F8_01_1_2_Chlorophyll_A_001_phosphate_plate5.tif,44,862.182,768,1104
1696,F8_01_1_2_Chlorophyll_A_001_phosphate_plate5.tif,2,896.000,800,992
1697,F8_01_1_2_Chlorophyll_A_001_phosphate_plate5.tif,49,909.061,768,1184
1698,F8_01_1_2_Chlorophyll_A_001_phosphate_plate5.tif,388,1561.443,768,15744
1699,F8_01_1_2_Chlorophyll_A_001_phosphate_plate5.tif,7,891.429,800,1104
1700,F8_01_1_2_Chlorophyll_A_001_phosphate_plate5.tif,1,928.000,928,928
1701,F8_01_1_2_Chlorophyll_A_001_phosphate_plate5.tif,22,834.909,768,960
1702,F8_01_1_2_Chlorophyll_A_001_phosphate_plate5.tif,1,832.000,832,832
1703,F8_01_1_2_Chlorophyll_A_001_phosphate_plate5.tif,3,837.333,768,880
1704,F8_01_1_2_Chlorophyll_A_001_phosphate_plate5.tif,1,864.000,864,864
1705,F8_01_1_2_Chlorophyll_A_001_phosphate_plate5.tif,1,1056.000,1056,1056
1706,F8_01_1_2_Chlorophyll_A_001_phosphate_plate5.tif,1,800.000,800,800
1707,F8_01_1_2_Chlorophyll_A_001_phosphate_plate5.tif,4,852.000,816,896
1708,F8_01_1_2_Chlorophyll_A_001_phosphate_plate5.tif,1,880.000,880,880
1709,F8_01_1_2_Chlorophyll_A_001_phosphate_plate5.tif,2,824.000,800,848
1710,F8_01_1_2_Chlorophyll_A_001_phosphate_plate5.tif,5,864.000,800,976
1711,F8_01_1_2_Chlorophyll_A_001_phosphate_plate5.tif,4,776.000,768,784
1712,F8_01_1_2_Chlorophyll_A_001_phosphate_plate5.tif,2,848.000,816,880
1713,F8_01_1_2_Chlorophyll_A_001_phosphate_plate5.tif,1,784.000,784,784
1714,F8_01_1_2_Chlorophyll_A_001_phosphate_plate5.tif,5,828.800,800,864
1715,F8_01_1_2_Chlorophyll_A_001_phosphate_plate5.tif,1,768.000,768,768
1716,F8_01_1_2_Chlorophyll_A_001_phosphate_plate5.tif,3,784.000,768,800
1717,F8_01_1_2_Chlorophyll_A_001_phosphate_plate5.tif,1,768.000,768,768
1718,F8_01_1_2_Chlorophyll_A_001_phosphate_plate5.tif,2,816.000,768,864
1719,F8_01_1_2_Chlorophyll_A_001_phosphate_plate5.tif,1,784.000,784,784
1720,F8_01_1_2_Chlorophyll_A_001_phosphate_plate5.tif,1,800.000,800,800
1721,F8_01_1_2_Chlorophyll_A_001_phosphate_plate5.tif,1,992.000,992,992
1722,F8_01_1_2_Chlorophyll_A_001_phosphate_plate5.tif,1,816.000,816,816
1723,F8_01_1_2_Chlorophyll_A_001_phosphate_plate5.tif,1,832.000,832,832
1724,F8_01_1_2_Chlorophyll_A_001_phosphate_plate5.tif,1,768.000,768,768
1725,F8_01_1_2_Chlorophyll_A_001_phosphate_plate5.tif,1,928.000,928,928
1726,F8_01_1_2_Chlorophyll_A_001_phosphate_plate5.tif,1,880.000,880,880
1727,F8_01_1_2_Chlorophyll_A_001_phosphate_plate5.tif,4,836.000,784,880
1728,F8_01_1_2_Chlorophyll_A_001_phosphate_plate5.tif,1,784.000,784,784
1729,F8_01_1_2_Chlorophyll_A_001_phosphate_plate5.tif,1,1008.000,1008,1008
1730,F8_01_1_2_Chlorophyll_A_001_phosphate_plate5.tif,1,768.000,768,768
1731,F8_01_1_2_Chlorophyll_A_001_phosphate_plate5.tif,1,864.000,864,864
1732,F8_01_1_2_Chlorophyll_A_001_phosphate_plate5.tif,1,800.000,800,800
1733,F8_01_1_2_Chlorophyll_A_001_phosphate_plate5.tif,1,848.000,848,848
1734,F8_01_1_2_Chlorophyll_A_001_phosphate_plate5.tif,1,784.000,784,784
1735,F8_01_1_2_Chlorophyll_A_001_phosphate_plate5.tif,1,864.000,864,864
1736,F8_01_1_2_Chlorophyll_A_001_phosphate_plate5.tif,1,912.000,912,912
1737,F8_01_1_2_Chlorophyll_A_001_phosphate_plate5.tif,1,912.000,912,912
1738,F8_01_1_2_Chlorophyll_A_001_phosphate_plate5.tif,2,816.000,768,864
1739,F8_01_1_2_Chlorophyll_A_001_phosphate_plate5.tif,4,880.000,800,976
1740,F8_01_1_2_Chlorophyll_A_001_phosphate_plate5.tif,1,896.000,896,896
1741,F8_01_1_2_Chlorophyll_A_001_phosphate_plate5.tif,1,896.000,896,896
1742,F8_01_1_2_Chlorophyll_A_001_phosphate_plate5.tif,4,800.000,768,832
1743,F8_01_1_2_Chlorophyll_A_001_phosphate_plate5.tif,24,888.667,768,1184
1744,F8_01_1_2_Chlorophyll_A_001_phosphate_plate5.tif,4,828.000,800,912
1745,F8_01_1_2_Chlorophyll_A_001_phosphate_plate5.tif,1,1040.000,1040,1040
1746,F8_01_1_2_Chlorophyll_A_001_phosphate_plate5.tif,9,872.889,784,1136
1747,F8_01_1_2_Chlorophyll_A_001_phosphate_plate5.tif,7,818.286,768,880
1748,F8_01_1_2_Chlorophyll_A_001_phosphate_plate5.tif,1,768.000,768,768
1749,F8_01_1_2_Chlorophyll_A_001_phosphate_plate5.tif,3,805.333,768,832
1750,F8_01_1_2_Chlorophyll_A_001_phosphate_plate5.tif,1,816.000,816,816
1751,F8_01_1_2_Chlorophyll_A_001_phosphate_plate5.tif,4,860.000,768,1024
1752,F8_01_1_2_Chlorophyll_A_001_phosphate_plate5.tif,1,1008.000,1008,1008
1753,F8_01_1_2_Chlorophyll_A_001_phosphate_plate5.tif,1,848.000,848,848
1754,F8_01_1_2_Chlorophyll_A_001_phosphate_plate5.tif,1,928.000,928,928
1755,F8_01_1_2_Chlorophyll_A_001_phosphate_plate5.tif,1,816.000,816,816
1756,F8_01_1_2_Chlorophyll_A_001_phosphate_plate5.tif,1,768.000,768,768
1757,F8_01_1_2_Chlorophyll_A_001_phosphate_plate5.tif,7,829.714,768,960
1758,F8_01_1_2_Chlorophyll_A_001_phosphate_plate5.tif,3,837.333,816,848
1759,F8_01_1_2_Chlorophyll_A_001_phosphate_plate5.tif,2,808.000,768,848
1760,F8_01_1_2_Chlorophyll_A_001_phosphate_plate5.tif,3,842.667,832,848
1761,F8_01_1_2_Chlorophyll_A_001_phosphate_plate5.tif,1,864.000,864,864
1762,F8_01_1_2_Chlorophyll_A_001_phosphate_plate5.tif,6,794.667,768,832
1763,F8_01_1_2_Chlorophyll_A_001_phosphate_plate5.tif,1,880.000,880,880
1764,F8_01_1_2_Chlorophyll_A_001_phosphate_plate5.tif,1,816.000,816,816
1765,F8_01_1_2_Chlorophyll_A_001_phosphate_plate5.tif,1,800.000,800,800
1766,F8_01_1_2_Chlorophyll_A_001_phosphate_plate5.tif,1,864.000,864,864
1767,F8_01_1_2_Chlorophyll_A_001_phosphate_plate5.tif,3,848.000,768,944
1768,F8_01_1_2_Chlorophyll_A_001_phosphate_plate5.tif,2,832.000,784,880
1769,F8_01_1_2_Chlorophyll_A_001_phosphate_plate5.tif,1,832.000,832,832
1770,F8_01_1_2_Chlorophyll_A_001_phosphate_plate5.tif,1,784.000,784,784
1771,F8_01_1_2_Chlorophyll_A_001_phosphate_plate5.tif,3,832.000,784,864
1772,F8_01_1_2_Chlorophyll_A_001_phosphate_plate5.tif,1,960.000,960,960
1773,F8_01_1_2_Chlorophyll_A_001_phosphate_plate5.tif,3,826.667,800,864
1774,F8_01_1_2_Chlorophyll_A_001_phosphate_plate5.tif,1,880.000,880,880
1775,F8_01_1_2_Chlorophyll_A_001_phosphate_plate5.tif,3,832.000,800,848
1776,F8_01_1_2_Chlorophyll_A_001_phosphate_plate5.tif,2,800.000,800,800
1777,F8_01_1_2_Chlorophyll_A_001_phosphate_plate5.tif,1,800.000,800,800
1778,F8_01_1_2_Chlorophyll_A_001_phosphate_plate5.tif,1,880.000,880,880
1779,F8_01_1_2_Chlorophyll_A_001_phosphate_plate5.tif,1,800.000,800,800
1780,F8_01_1_2_Chlorophyll_A_001_phosphate_plate5.tif,1,896.000,896,896
1781,F8_01_1_2_Chlorophyll_A_001_phosphate_plate5.tif,2,792.000,768,816
1782,F8_01_1_2_Chlorophyll_A_001_phosphate_plate5.tif,1,800.000,800,800
1783,F8_01_1_2_Chlorophyll_A_001_phosphate_plate5.tif,1,768.000,768,768
1784,F8_01_1_2_Chlorophyll_A_001_phosphate_plate5.tif,3,805.333,768,848
1785,F8_01_1_2_Chlorophyll_A_001_phosphate_plate5.tif,1,784.000,784,784
1786,F8_01_1_2_Chlorophyll_A_001_phosphate_plate5.tif,1,848.000,848,848
1787,F8_01_1_2_Chlorophyll_A_001_phosphate_plate5.tif,2,768.000,768,768
1788,F8_01_1_2_Chlorophyll_A_001_phosphate_plate5.tif,3,778.667,768,800
1789,F8_01_1_2_Chlorophyll_A_001_phosphate_plate5.tif,2,848.000,800,896
1790,F8_01_1_2_Chlorophyll_A_001_phosphate_plate5.tif,4,832.000,768,944
1791,F8_01_1_2_Chlorophyll_A_001_phosphate_plate5.tif,3,784.000,768,816
1792,F8_01_1_2_Chlorophyll_A_001_phosphate_plate5.tif,9,858.667,768,976
1793,F8_01_1_2_Chlorophyll_A_001_phosphate_plate5.tif,1,848.000,848,848
1794,F8_01_1_2_Chlorophyll_A_001_phosphate_plate5.tif,1,768.000,768,768
1795,F8_01_1_2_Chlorophyll_A_001_phosphate_plate5.tif,17,874.353,768,1088
1796,F8_01_1_2_Chlorophyll_A_001_phosphate_plate5.tif,181,851.624,768,1152
1797,F8_01_1_2_Chlorophyll_A_001_phosphate_plate5.tif,3,821.333,784,864
1798,F8_01_1_2_Chlorophyll_A_001_phosphate_plate5.tif,11,914.909,784,1248
1799,F8_01_1_2_Chlorophyll_A_001_phosphate_plate5.tif,28,856.000,768,1104
1800,F8_01_1_2_Chlorophyll_A_001_phosphate_plate5.tif,1,784.000,784,784
1801,F8_01_1_2_Chlorophyll_A_001_phosphate_plate5.tif,1,864.000,864,864
1802,F8_01_1_2_Chlorophyll_A_001_phosphate_plate5.tif,3,810.667,768,832
1803,F8_01_1_2_Chlorophyll_A_001_phosphate_plate5.tif,1,816.000,816,816
1804,F8_01_1_2_Chlorophyll_A_001_phosphate_plate5.tif,1,832.000,832,832
1805,F8_01_1_2_Chlorophyll_A_001_phosphate_plate5.tif,2,824.000,784,864
1806,F8_01_1_2_Chlorophyll_A_001_phosphate_plate5.tif,1,848.000,848,848
1807,F8_01_1_2_Chlorophyll_A_001_phosphate_plate5.tif,3,816.000,784,864
1808,F8_01_1_2_Chlorophyll_A_001_phosphate_plate5.tif,2,808.000,784,832
1809,F8_01_1_2_Chlorophyll_A_001_phosphate_plate5.tif,1,800.000,800,800
1810,F8_01_1_2_Chlorophyll_A_001_phosphate_plate5.tif,2,936.000,880,992
1811,F8_01_1_2_Chlorophyll_A_001_phosphate_plate5.tif,1,800.000,800,800
1812,F8_01_1_2_Chlorophyll_A_001_phosphate_plate5.tif,1,816.000,816,816
1813,F8_01_1_2_Chlorophyll_A_001_phosphate_plate5.tif,1,784.000,784,784
1814,F8_01_1_2_Chlorophyll_A_001_phosphate_plate5.tif,1,960.000,960,960
1815,F8_01_1_2_Chlorophyll_A_001_phosphate_plate5.tif,3,816.000,768,880
1816,F8_01_1_2_Chlorophyll_A_001_phosphate_plate5.tif,1,896.000,896,896
1817,F8_01_1_2_Chlorophyll_A_001_phosphate_plate5.tif,1,800.000,800,800
1818,F8_01_1_2_Chlorophyll_A_001_phosphate_plate5.tif,1,800.000,800,800
1819,F8_01_1_2_Chlorophyll_A_001_phosphate_plate5.tif,3,805.333,768,832
1820,F8_01_1_2_Chlorophyll_A_001_phosphate_plate5.tif,1,784.000,784,784
1821,F8_01_1_2_Chlorophyll_A_001_phosphate_plate5.tif,1,832.000,832,832
1822,F8_01_1_2_Chlorophyll_A_001_phosphate_plate5.tif,1,784.000,784,784
1823,F8_01_1_2_Chlorophyll_A_001_phosphate_plate5.tif,86,2485.395,768,12592
1824,F8_01_1_2_Chlorophyll_A_001_phosphate_plate5.tif,2,872.000,864,880
1825,F8_01_1_2_Chlorophyll_A_001_phosphate_plate5.tif,2,784.000,768,800
1826,F8_01_1_2_Chlorophyll_A_001_phosphate_plate5.tif,1,832.000,832,832
1827,F8_01_1_2_Chlorophyll_A_001_phosphate_plate5.tif,1,768.000,768,768
1828,F8_01_1_2_Chlorophyll_A_001_phosphate_plate5.tif,1,784.000,784,784
1829,F8_01_1_2_Chlorophyll_A_001_phosphate_plate5.tif,1,784.000,784,784
1830,F8_01_1_2_Chlorophyll_A_001_phosphate_plate5.tif,1,848.000,848,848
1831,F8_01_1_2_Chlorophyll_A_001_phosphate_plate5.tif,1,864.000,864,864
1832,F8_01_1_2_Chlorophyll_A_001_phosphate_plate5.tif,1,1120.000,1120,1120
1833,F8_01_1_2_Chlorophyll_A_001_phosphate_plate5.tif,1,816.000,816,816
1834,F8_01_1_2_Chlorophyll_A_001_phosphate_plate5.tif,1,896.000,896,896
1835,F8_01_1_2_Chlorophyll_A_001_phosphate_plate5.tif,1,784.000,784,784
1836,F8_01_1_2_Chlorophyll_A_001_phosphate_plate5.tif,1,800.000,800,800
1837,F8_01_1_2_Chlorophyll_A_001_phosphate_plate5.tif,2,768.000,768,768
1838,F8_01_1_2_Chlorophyll_A_001_phosphate_plate5.tif,1,816.000,816,816
1839,F8_01_1_2_Chlorophyll_A_001_phosphate_plate5.tif,1,912.000,912,912
1840,F8_01_1_2_Chlorophyll_A_001_phosphate_plate5.tif,1,864.000,864,864
1841,F8_01_1_2_Chlorophyll_A_001_phosphate_plate5.tif,1,768.000,768,768
1842,F8_01_1_2_Chlorophyll_A_001_phosphate_plate5.tif,4,820.000,768,976
1843,F8_01_1_2_Chlorophyll_A_001_phosphate_plate5.tif,2,928.000,864,992
1844,F8_01_1_2_Chlorophyll_A_001_phosphate_plate5.tif,1,800.000,800,800
1845,F8_01_1_2_Chlorophyll_A_001_phosphate_plate5.tif,1,784.000,784,784
1846,F8_01_1_2_Chlorophyll_A_001_phosphate_plate5.tif,32,936.500,784,1200
1847,F8_01_1_2_Chlorophyll_A_001_phosphate_plate5.tif,11,885.818,768,1088
1848,F8_01_1_2_Chlorophyll_A_001_phosphate_plate5.tif,35,1035.886,768,1232
1849,F8_01_1_2_Chlorophyll_A_001_phosphate_plate5.tif,14,868.571,768,1072
1850,F8_01_1_2_Chlorophyll_A_001_phosphate_plate5.tif,3,906.667,848,944
1851,F8_01_1_2_Chlorophyll_A_001_phosphate_plate5.tif,1,1088.000,1088,1088
1852,F8_01_1_2_Chlorophyll_A_001_phosphate_plate5.tif,1,1056.000,1056,1056
1853,F8_01_1_2_Chlorophyll_A_001_phosphate_plate5.tif,7,886.857,768,992
1854,F8_01_1_2_Chlorophyll_A_001_phosphate_plate5.tif,1,928.000,928,928
1855,F8_01_1_2_Chlorophyll_A_001_phosphate_plate5.tif,3,821.333,768,848
1856,F8_01_1_2_Chlorophyll_A_001_phosphate_plate5.tif,7,825.143,768,896
1857,F8_01_1_2_Chlorophyll_A_001_phosphate_plate5.tif,1,928.000,928,928
1858,F8_01_1_2_Chlorophyll_A_001_phosphate_plate5.tif,1,864.000,864,864
1859,F8_01_1_2_Chlorophyll_A_001_phosphate_plate5.tif,1,848.000,848,848
1860,F8_01_1_2_Chlorophyll_A_001_phosphate_plate5.tif,1,944.000,944,944
1861,F8_01_1_2_Chlorophyll_A_001_phosphate_plate5.tif,3,944.000,864,1024
1862,F8_01_1_2_Chlorophyll_A_001_phosphate_plate5.tif,6,866.667,768,1072
1863,F8_01_1_2_Chlorophyll_A_001_phosphate_plate5.tif,1,768.000,768,768
1864,F8_01_1_2_Chlorophyll_A_001_phosphate_plate5.tif,1,816.000,816,816
1865,F8_01_1_2_Chlorophyll_A_001_phosphate_plate5.tif,1,784.000,784,784
1866,F8_01_1_2_Chlorophyll_A_001_phosphate_plate5.tif,1,816.000,816,816
1867,F8_01_1_2_Chlorophyll_A_001_phosphate_plate5.tif,1,848.000,848,848
1868,F8_01_1_2_Chlorophyll_A_001_phosphate_plate5.tif,1,768.000,768,768
1869,F8_01_1_2_Chlorophyll_A_001_phosphate_plate5.tif,2,776.000,768,784
1870,F8_01_1_2_Chlorophyll_A_001_phosphate_plate5.tif,4,796.000,768,832
1871,F8_01_1_2_Chlorophyll_A_001_phosphate_plate5.tif,4,804.000,768,832
1872,F8_01_1_2_Chlorophyll_A_001_phosphate_plate5.tif,3,826.667,784,864
1873,F8_01_1_2_Chlorophyll_A_001_phosphate_plate5.tif,1,880.000,880,880
1874,F8_01_1_2_Chlorophyll_A_001_phosphate_plate5.tif,3,821.333,768,912
1875,F8_01_1_2_Chlorophyll_A_001_phosphate_plate5.tif,1,976.000,976,976
1876,F8_01_1_2_Chlorophyll_A_001_phosphate_plate5.tif,1,896.000,896,896
1877,F8_01_1_2_Chlorophyll_A_001_phosphate_plate5.tif,2,840.000,768,912
1878,F8_01_1_2_Chlorophyll_A_001_phosphate_plate5.tif,1,944.000,944,944
1879,F8_01_1_2_Chlorophyll_A_001_phosphate_plate5.tif,1,816.000,816,816
1880,F8_01_1_2_Chlorophyll_A_001_phosphate_plate5.tif,1,768.000,768,768
1881,F8_01_1_2_Chlorophyll_A_001_phosphate_plate5.tif,3,848.000,800,928
1882,F8_01_1_2_Chlorophyll_A_001_phosphate_plate5.tif,3,826.667,784,864
1883,F8_01_1_2_Chlorophyll_A_001_phosphate_plate5.tif,9,801.778,784,832
1884,F8_01_1_2_Chlorophyll_A_001_phosphate_plate5.tif,1,976.000,976,976
1885,F8_01_1_2_Chlorophyll_A_001_phosphate_plate5.tif,18,856.889,768,1024
1886,F8_01_1_2_Chlorophyll_A_001_phosphate_plate5.tif,2,848.000,848,848
1887,F8_01_1_2_Chlorophyll_A_001_phosphate_plate5.tif,1,848.000,848,848
1888,F8_01_1_2_Chlorophyll_A_001_phosphate_plate5.tif,1,800.000,800,800
1889,F8_01_1_2_Chlorophyll_A_001_phosphate_plate5.tif,5,924.800,768,1136
1890,F8_01_1_2_Chlorophyll_A_001_phosphate_plate5.tif,2,832.000,816,848
1891,F8_01_1_2_Chlorophyll_A_001_phosphate_plate5.tif,91,877.890,768,1088
1892,F8_01_1_2_Chlorophyll_A_001_phosphate_plate5.tif,19,882.526,768,1120
1893,F8_01_1_2_Chlorophyll_A_001_phosphate_plate5.tif,20,908.800,784,1184
1894,F8_01_1_2_Chlorophyll_A_001_phosphate_plate5.tif,1,768.000,768,768
1895,F8_01_1_2_Chlorophyll_A_001_phosphate_plate5.tif,1,1056.000,1056,1056
1896,F8_01_1_2_Chlorophyll_A_001_phosphate_plate5.tif,3,800.000,768,848
1897,F8_01_1_2_Chlorophyll_A_001_phosphate_plate5.tif,9,837.333,768,976
1898,F8_01_1_2_Chlorophyll_A_001_phosphate_plate5.tif,1,768.000,768,768
1899,F8_01_1_2_Chlorophyll_A_001_phosphate_plate5.tif,1,880.000,880,880
1900,F8_01_1_2_Chlorophyll_A_001_phosphate_plate5.tif,1,784.000,784,784
1901,F8_01_1_2_Chlorophyll_A_001_phosphate_plate5.tif,1,880.000,880,880
1902,F8_01_1_2_Chlorophyll_A_001_phosphate_plate5.tif,2,824.000,800,848
1903,F8_01_1_2_Chlorophyll_A_001_phosphate_plate5.tif,1,800.000,800,800
1904,F8_01_1_2_Chlorophyll_A_001_phosphate_plate5.tif,1,800.000,800,800
1905,F8_01_1_2_Chlorophyll_A_001_phosphate_plate5.tif,4,868.000,816,944
1906,F8_01_1_2_Chlorophyll_A_001_phosphate_plate5.tif,7,880.000,800,1008
1907,F8_01_1_2_Chlorophyll_A_001_phosphate_plate5.tif,1,784.000,784,784
1908,F8_01_1_2_Chlorophyll_A_001_phosphate_plate5.tif,1,768.000,768,768
1909,F8_01_1_2_Chlorophyll_A_001_phosphate_plate5.tif,1,848.000,848,848
1910,F8_01_1_2_Chlorophyll_A_001_phosphate_plate5.tif,1,848.000,848,848
1911,F8_01_1_2_Chlorophyll_A_001_phosphate_plate5.tif,1,800.000,800,800
1912,F8_01_1_2_Chlorophyll_A_001_phosphate_plate5.tif,1,800.000,800,800
1913,F8_01_1_2_Chlorophyll_A_001_phosphate_plate5.tif,4,856.000,784,912
1914,F8_01_1_2_Chlorophyll_A_001_phosphate_plate5.tif,2,840.000,832,848
1915,F8_01_1_2_Chlorophyll_A_001_phosphate_plate5.tif,1,816.000,816,816
1916,F8_01_1_2_Chlorophyll_A_001_phosphate_plate5.tif,3,890.667,816,976
1917,F8_01_1_2_Chlorophyll_A_001_phosphate_plate5.tif,4,840.000,800,960
1918,F8_01_1_2_Chlorophyll_A_001_phosphate_plate5.tif,1,784.000,784,784
1919,F8_01_1_2_Chlorophyll_A_001_phosphate_plate5.tif,1,784.000,784,784
1920,F8_01_1_2_Chlorophyll_A_001_phosphate_plate5.tif,1,880.000,880,880
1921,F8_01_1_2_Chlorophyll_A_001_phosphate_plate5.tif,3,837.333,784,880
1922,F8_01_1_2_Chlorophyll_A_001_phosphate_plate5.tif,11,880.000,768,1136
1923,F8_01_1_2_Chlorophyll_A_001_phosphate_plate5.tif,2,792.000,784,800
1924,F8_01_1_2_Chlorophyll_A_001_phosphate_plate5.tif,1,768.000,768,768
1925,F8_01_1_2_Chlorophyll_A_001_phosphate_plate5.tif,1,1008.000,1008,1008
1926,F8_01_1_2_Chlorophyll_A_001_phosphate_plate5.tif,3,794.667,784,816
1927,F8_01_1_2_Chlorophyll_A_001_phosphate_plate5.tif,3,826.667,784,880
1928,F8_01_1_2_Chlorophyll_A_001_phosphate_plate5.tif,1,848.000,848,848
1929,F8_01_1_2_Chlorophyll_A_001_phosphate_plate5.tif,1,784.000,784,784
1930,F8_01_1_2_Chlorophyll_A_001_phosphate_plate5.tif,1,784.000,784,784
1931,F8_01_1_2_Chlorophyll_A_001_phosphate_plate5.tif,1,784.000,784,784
1932,F8_01_1_2_Chlorophyll_A_001_phosphate_plate5.tif,1,768.000,768,768
1933,F8_01_1_2_Chlorophyll_A_001_phosphate_plate5.tif,2,784.000,768,800
1934,F8_01_1_2_Chlorophyll_A_001_phosphate_plate5.tif,1,800.000,800,800
1935,F8_01_1_2_Chlorophyll_A_001_phosphate_plate5.tif,2,824.000,800,848
1936,F8_01_1_2_Chlorophyll_A_001_phosphate_plate5.tif,1,816.000,816,816
1937,F8_01_1_2_Chlorophyll_A_001_phosphate_plate5.tif,2,768.000,768,768
1938,F8_01_1_2_Chlorophyll_A_001_phosphate_plate5.tif,3,880.000,816,928
1939,F8_01_1_2_Chlorophyll_A_001_phosphate_plate5.tif,1,816.000,816,816
1940,F8_01_1_2_Chlorophyll_A_001_phosphate_plate5.tif,4,804.000,768,832
1941,F8_01_1_2_Chlorophyll_A_001_phosphate_plate5.tif,3,816.000,784,848
1942,F8_01_1_2_Chlorophyll_A_001_phosphate_plate5.tif,1,848.000,848,848
1943,F8_01_1_2_Chlorophyll_A_001_phosphate_plate5.tif,79,857.722,768,1040
1944,F8_01_1_2_Chlorophyll_A_001_phosphate_plate5.tif,26,852.923,784,960
1945,F8_01_1_2_Chlorophyll_A_001_phosphate_plate5.tif,2,904.000,880,928
1946,F8_01_1_2_Chlorophyll_A_001_phosphate_plate5.tif,2,960.000,912,1008
1947,F8_01_1_2_Chlorophyll_A_001_phosphate_plate5.tif,17,889.412,768,1088
1948,F8_01_1_2_Chlorophyll_A_001_phosphate_plate5.tif,31,856.774,768,1008
1949,F8_01_1_2_Chlorophyll_A_001_phosphate_plate5.tif,33,881.939,768,1168
1950,F8_01_1_2_Chlorophyll_A_001_phosphate_plate5.tif,2,808.000,768,848
1951,F8_01_1_2_Chlorophyll_A_001_phosphate_plate5.tif,1,768.000,768,768
1952,F8_01_1_2_Chlorophyll_A_001_phosphate_plate5.tif,10,864.000,768,1008
1953,F8_01_1_2_Chlorophyll_A_001_phosphate_plate5.tif,3,848.000,800,896
1954,F8_01_1_2_Chlorophyll_A_001_phosphate_plate5.tif,23,832.000,768,976
1955,F8_01_1_2_Chlorophyll_A_001_phosphate_plate5.tif,1,784.000,784,784
1956,F8_01_1_2_Chlorophyll_A_001_phosphate_plate5.tif,1,784.000,784,784
1957,F8_01_1_2_Chlorophyll_A_001_phosphate_plate5.tif,18,829.333,768,976
1958,F8_01_1_2_Chlorophyll_A_001_phosphate_plate5.tif,1,784.000,784,784
1959,F8_01_1_2_Chlorophyll_A_001_phosphate_plate5.tif,1,816.000,816,816
1960,F8_01_1_2_Chlorophyll_A_001_phosphate_plate5.tif,1,912.000,912,912
1961,F8_01_1_2_Chlorophyll_A_001_phosphate_plate5.tif,1,864.000,864,864
1962,F8_01_1_2_Chlorophyll_A_001_phosphate_plate5.tif,1,784.000,784,784
1963,F8_01_1_2_Chlorophyll_A_001_phosphate_plate5.tif,12,845.333,768,976
1964,F8_01_1_2_Chlorophyll_A_001_phosphate_plate5.tif,9,846.222,768,976
1965,F8_01_1_2_Chlorophyll_A_001_phosphate_plate5.tif,1,784.000,784,784
1966,F8_01_1_2_Chlorophyll_A_001_phosphate_plate5.tif,1,784.000,784,784
1967,F8_01_1_2_Chlorophyll_A_001_phosphate_plate5.tif,5,912.000,816,1088
1968,F8_01_1_2_Chlorophyll_A_001_phosphate_plate5.tif,1,800.000,800,800
1969,F8_01_1_2_Chlorophyll_A_001_phosphate_plate5.tif,1,768.000,768,768
1970,F8_01_1_2_Chlorophyll_A_001_phosphate_plate5.tif,1,848.000,848,848
1971,F8_01_1_2_Chlorophyll_A_001_phosphate_plate5.tif,2,792.000,784,800
1972,F8_01_1_2_Chlorophyll_A_001_phosphate_plate5.tif,4,892.000,768,1104
1973,F8_01_1_2_Chlorophyll_A_001_phosphate_plate5.tif,1,768.000,768,768
1974,F8_01_1_2_Chlorophyll_A_001_phosphate_plate5.tif,1,832.000,832,832
1975,F8_01_1_2_Chlorophyll_A_001_phosphate_plate5.tif,1,816.000,816,816
1976,F8_01_1_2_Chlorophyll_A_001_phosphate_plate5.tif,2,880.000,864,896
1977,F8_01_1_2_Chlorophyll_A_001_phosphate_plate5.tif,3,778.667,768,800
1978,F8_01_1_2_Chlorophyll_A_001_phosphate_plate5.tif,1,768.000,768,768
1979,F8_01_1_2_Chlorophyll_A_001_phosphate_plate5.tif,2,784.000,768,800
1980,F8_01_1_2_Chlorophyll_A_001_phosphate_plate5.tif,1,800.000,800,800
1981,F8_01_1_2_Chlorophyll_A_001_phosphate_plate5.tif,5,816.000,768,864
1982,F8_01_1_2_Chlorophyll_A_001_phosphate_plate5.tif,2,896.000,864,928
1983,F8_01_1_2_Chlorophyll_A_001_phosphate_plate5.tif,1,768.000,768,768
1984,F8_01_1_2_Chlorophyll_A_001_phosphate_plate5.tif,4,848.000,784,992
1985,F8_01_1_2_Chlorophyll_A_001_phosphate_plate5.tif,1,992.000,992,992
1986,F8_01_1_2_Chlorophyll_A_001_phosphate_plate5.tif,1,784.000,784,784
1987,F8_01_1_2_Chlorophyll_A_001_phosphate_plate5.tif,1,832.000,832,832
1988,F8_01_1_2_Chlorophyll_A_001_phosphate_plate5.tif,1,864.000,864,864
1989,F8_01_1_2_Chlorophyll_A_001_phosphate_plate5.tif,2,864.000,768,960
1990,F8_01_1_2_Chlorophyll_A_001_phosphate_plate5.tif,9,842.667,768,976
1991,F8_01_1_2_Chlorophyll_A_001_phosphate_plate5.tif,1,832.000,832,832
1992,F8_01_1_2_Chlorophyll_A_001_phosphate_plate5.tif,1,768.000,768,768
1993,F8_01_1_2_Chlorophyll_A_001_phosphate_plate5.tif,1,848.000,848,848
1994,F8_01_1_2_Chlorophyll_A_001_phosphate_plate5.tif,1,768.000,768,768
1995,F8_01_1_2_Chlorophyll_A_001_phosphate_plate5.tif,1,992.000,992,992
1996,F8_01_1_2_Chlorophyll_A_001_phosphate_plate5.tif,2,776.000,768,784
1997,F8_01_1_2_Chlorophyll_A_001_phosphate_plate5.tif,2,856.000,848,864
1998,F8_01_1_2_Chlorophyll_A_001_phosphate_plate5.tif,1,768.000,768,768
1999,F8_01_1_2_Chlorophyll_A_001_phosphate_plate5.tif,1,784.000,784,784
2000,F8_01_1_2_Chlorophyll_A_001_phosphate_plate5.tif,1,768.000,768,768
2001,F8_01_1_2_Chlorophyll_A_001_phosphate_plate5.tif,5,870.400,784,960
2002,F8_01_1_2_Chlorophyll_A_001_phosphate_plate5.tif,14,896.000,768,1072
2003,F8_01_1_2_Chlorophyll_A_001_phosphate_plate5.tif,1,880.000,880,880
2004,F8_01_1_2_Chlorophyll_A_001_phosphate_plate5.tif,205,2758.868,768,29552
2005,F8_01_1_2_Chlorophyll_A_001_phosphate_plate5.tif,46,895.652,768,1200
2006,F8_01_1_2_Chlorophyll_A_001_phosphate_plate5.tif,553,1314.893,768,12656
2007,F8_01_1_2_Chlorophyll_A_001_phosphate_plate5.tif,15,865.067,768,976
2008,F8_01_1_2_Chlorophyll_A_001_phosphate_plate5.tif,54,874.074,768,1184
2009,F8_01_1_2_Chlorophyll_A_001_phosphate_plate5.tif,1,960.000,960,960
2010,F8_01_1_2_Chlorophyll_A_001_phosphate_plate5.tif,1,800.000,800,800
2011,F8_01_1_2_Chlorophyll_A_001_phosphate_plate5.tif,1,768.000,768,768
2012,F8_01_1_2_Chlorophyll_A_001_phosphate_plate5.tif,4,880.000,816,1008
2013,F8_01_1_2_Chlorophyll_A_001_phosphate_plate5.tif,9,881.778,784,1056
2014,F8_01_1_2_Chlorophyll_A_001_phosphate_plate5.tif,1,768.000,768,768
2015,F8_01_1_2_Chlorophyll_A_001_phosphate_plate5.tif,1,816.000,816,816
2016,F8_01_1_2_Chlorophyll_A_001_phosphate_plate5.tif,1,800.000,800,800
2017,F8_01_1_2_Chlorophyll_A_001_phosphate_plate5.tif,1,944.000,944,944
2018,F8_01_1_2_Chlorophyll_A_001_phosphate_plate5.tif,1,864.000,864,864
2019,F8_01_1_2_Chlorophyll_A_001_phosphate_plate5.tif,1,768.000,768,768
2020,F8_01_1_2_Chlorophyll_A_001_phosphate_plate5.tif,1,816.000,816,816
2021,F8_01_1_2_Chlorophyll_A_001_phosphate_plate5.tif,1,800.000,800,800
2022,F8_01_1_2_Chlorophyll_A_001_phosphate_plate5.tif,1,864.000,864,864
2023,F8_01_1_2_Chlorophyll_A_001_phosphate_plate5.tif,1,768.000,768,768
2024,F8_01_1_2_Chlorophyll_A_001_phosphate_plate5.tif,5,819.200,768,848
2025,F8_01_1_2_Chlorophyll_A_001_phosphate_plate5.tif,3,826.667,800,880
2026,F8_01_1_2_Chlorophyll_A_001_phosphate_plate5.tif,2,832.000,784,880
2027,F8_01_1_2_Chlorophyll_A_001_phosphate_plate5.tif,1,784.000,784,784
2028,F8_01_1_2_Chlorophyll_A_001_phosphate_plate5.tif,3,869.333,832,912
2029,F8_01_1_2_Chlorophyll_A_001_phosphate_plate5.tif,2,832.000,768,896
2030,F8_01_1_2_Chlorophyll_A_001_phosphate_plate5.tif,1,848.000,848,848
2031,F8_01_1_2_Chlorophyll_A_001_phosphate_plate5.tif,1,1008.000,1008,1008
2032,F8_01_1_2_Chlorophyll_A_001_phosphate_plate5.tif,1,784.000,784,784
2033,F8_01_1_2_Chlorophyll_A_001_phosphate_plate5.tif,1,816.000,816,816
2034,F8_01_1_2_Chlorophyll_A_001_phosphate_plate5.tif,3,794.667,768,848
2035,F8_01_1_2_Chlorophyll_A_001_phosphate_plate5.tif,1,784.000,784,784
2036,F8_01_1_2_Chlorophyll_A_001_phosphate_plate5.tif,1,928.000,928,928
2037,F8_01_1_2_Chlorophyll_A_001_phosphate_plate5.tif,1,800.000,800,800
2038,F8_01_1_2_Chlorophyll_A_001_phosphate_plate5.tif,2,792.000,768,816
2039,F8_01_1_2_Chlorophyll_A_001_phosphate_plate5.tif,1,816.000,816,816
2040,F8_01_1_2_Chlorophyll_A_001_phosphate_plate5.tif,1,880.000,880,880
2041,F8_01_1_2_Chlorophyll_A_001_phosphate_plate5.tif,2,832.000,832,832
2042,F8_01_1_2_Chlorophyll_A_001_phosphate_plate5.tif,1,800.000,800,800
2043,F8_01_1_2_Chlorophyll_A_001_phosphate_plate5.tif,5,796.800,768,848
2044,F8_01_1_2_Chlorophyll_A_001_phosphate_plate5.tif,1,864.000,864,864
2045,F8_01_1_2_Chlorophyll_A_001_phosphate_plate5.tif,1,816.000,816,816
2046,F8_01_1_2_Chlorophyll_A_001_phosphate_plate5.tif,2,944.000,800,1088
2047,F8_01_1_2_Chlorophyll_A_001_phosphate_plate5.tif,2,840.000,816,864
2048,F8_01_1_2_Chlorophyll_A_001_phosphate_plate5.tif,2,856.000,768,944
2049,F8_01_1_2_Chlorophyll_A_001_phosphate_plate5.tif,5,883.200,768,1072
2050,F8_01_1_2_Chlorophyll_A_001_phosphate_plate5.tif,25,865.920,768,1088
2051,F8_01_1_2_Chlorophyll_A_001_phosphate_plate5.tif,68,878.588,768,1152
2052,F8_01_1_2_Chlorophyll_A_001_phosphate_plate5.tif,30,880.533,768,1200
2053,F8_01_1_2_Chlorophyll_A_001_phosphate_plate5.tif,45,875.378,768,1104
2054,F8_01_1_2_Chlorophyll_A_001_phosphate_plate5.tif,1,784.000,784,784
2055,F8_01_1_2_Chlorophyll_A_001_phosphate_plate5.tif,4,916.000,768,1008
2056,F8_01_1_2_Chlorophyll_A_001_phosphate_plate5.tif,1,832.000,832,832
2057,F8_01_1_2_Chlorophyll_A_001_phosphate_plate5.tif,5,860.800,768,1024
2058,F8_01_1_2_Chlorophyll_A_001_phosphate_plate5.tif,1,768.000,768,768
2059,F8_01_1_2_Chlorophyll_A_001_phosphate_plate5.tif,1,880.000,880,880
2060,F8_01_1_2_Chlorophyll_A_001_phosphate_plate5.tif,1,784.000,784,784
2061,F8_01_1_2_Chlorophyll_A_001_phosphate_plate5.tif,3,922.667,832,1040
2062,F8_01_1_2_Chlorophyll_A_001_phosphate_plate5.tif,2,800.000,768,832
2063,F8_01_1_2_Chlorophyll_A_001_phosphate_plate5.tif,1,896.000,896,896
2064,F8_01_1_2_Chlorophyll_A_001_phosphate_plate5.tif,1,816.000,816,816
2065,F8_01_1_2_Chlorophyll_A_001_phosphate_plate5.tif,1,864.000,864,864
2066,F8_01_1_2_Chlorophyll_A_001_phosphate_plate5.tif,3,853.333,784,944
2067,F8_01_1_2_Chlorophyll_A_001_phosphate_plate5.tif,4,880.000,816,928
2068,F8_01_1_2_Chlorophyll_A_001_phosphate_plate5.tif,1,784.000,784,784
2069,F8_01_1_2_Chlorophyll_A_001_phosphate_plate5.tif,1,944.000,944,944
2070,F8_01_1_2_Chlorophyll_A_001_phosphate_plate5.tif,1,768.000,768,768
2071,F8_01_1_2_Chlorophyll_A_001_phosphate_plate5.tif,1,768.000,768,768
2072,F8_01_1_2_Chlorophyll_A_001_phosphate_plate5.tif,1,800.000,800,800
2073,F8_01_1_2_Chlorophyll_A_001_phosphate_plate5.tif,1,896.000,896,896
2074,F8_01_1_2_Chlorophyll_A_001_phosphate_plate5.tif,3,800.000,784,816
2075,F8_01_1_2_Chlorophyll_A_001_phosphate_plate5.tif,3,848.000,832,864
2076,F8_01_1_2_Chlorophyll_A_001_phosphate_plate5.tif,1,864.000,864,864
2077,F8_01_1_2_Chlorophyll_A_001_phosphate_plate5.tif,1,944.000,944,944
2078,F8_01_1_2_Chlorophyll_A_001_phosphate_plate5.tif,2,816.000,784,848
2079,F8_01_1_2_Chlorophyll_A_001_phosphate_plate5.tif,1,768.000,768,768
2080,F8_01_1_2_Chlorophyll_A_001_phosphate_plate5.tif,1,784.000,784,784
2081,F8_01_1_2_Chlorophyll_A_001_phosphate_plate5.tif,2,784.000,784,784
2082,F8_01_1_2_Chlorophyll_A_001_phosphate_plate5.tif,2,816.000,768,864
2083,F8_01_1_2_Chlorophyll_A_001_phosphate_plate5.tif,1,784.000,784,784
2084,F8_01_1_2_Chlorophyll_A_001_phosphate_plate5.tif,1,832.000,832,832
2085,F8_01_1_2_Chlorophyll_A_001_phosphate_plate5.tif,2,832.000,832,832
2086,F8_01_1_2_Chlorophyll_A_001_phosphate_plate5.tif,4,860.000,768,976
2087,F8_01_1_2_Chlorophyll_A_001_phosphate_plate5.tif,1,816.000,816,816
2088,F8_01_1_2_Chlorophyll_A_001_phosphate_plate5.tif,2,816.000,784,848
2089,F8_01_1_2_Chlorophyll_A_001_phosphate_plate5.tif,2,848.000,800,896
2090,F8_01_1_2_Chlorophyll_A_001_phosphate_plate5.tif,1,768.000,768,768
2091,F8_01_1_2_Chlorophyll_A_001_phosphate_plate5.tif,1,912.000,912,912
2092,F8_01_1_2_Chlorophyll_A_001_phosphate_plate5.tif,1,800.000,800,800
2093,F8_01_1_2_Chlorophyll_A_001_phosphate_plate5.tif,1,832.000,832,832
2094,F8_01_1_2_Chlorophyll_A_001_phosphate_plate5.tif,1,864.000,864,864
2095,F8_01_1_2_Chlorophyll_A_001_phosphate_plate5.tif,1,768.000,768,768
2096,F8_01_1_2_Chlorophyll_A_001_phosphate_plate5.tif,1,912.000,912,912
2097,F8_01_1_2_Chlorophyll_A_001_phosphate_plate5.tif,3,906.667,880,944
2098,F8_01_1_2_Chlorophyll_A_001_phosphate_plate5.tif,1,768.000,768,768
2099,F8_01_1_2_Chlorophyll_A_001_phosphate_plate5.tif,6,800.000,768,848
2100,F8_01_1_2_Chlorophyll_A_001_phosphate_plate5.tif,2,904.000,880,928
2101,F8_01_1_2_Chlorophyll_A_001_phosphate_plate5.tif,1,880.000,880,880
2102,F8_01_1_2_Chlorophyll_A_001_phosphate_plate5.tif,2,776.000,768,784
2103,F8_01_1_2_Chlorophyll_A_001_phosphate_plate5.tif,1,768.000,768,768
2104,F8_01_1_2_Chlorophyll_A_001_phosphate_plate5.tif,8,860.000,784,960
2105,F8_01_1_2_Chlorophyll_A_001_phosphate_plate5.tif,33,886.303,768,1120
2106,F8_01_1_2_Chlorophyll_A_001_phosphate_plate5.tif,123,883.902,768,1152
2107,F8_01_1_2_Chlorophyll_A_001_phosphate_plate5.tif,62,861.419,768,1200
2108,F8_01_1_2_Chlorophyll_A_001_phosphate_plate5.tif,50,960.320,768,1264
2109,F8_01_1_2_Chlorophyll_A_001_phosphate_plate5.tif,112,1000.857,784,1312
2110,F8_01_1_2_Chlorophyll_A_001_phosphate_plate5.tif,1,880.000,880,880
2111,F8_01_1_2_Chlorophyll_A_001_phosphate_plate5.tif,1,928.000,928,928
2112,F8_01_1_2_Chlorophyll_A_001_phosphate_plate5.tif,2,848.000,832,864
2113,F8_01_1_2_Chlorophyll_A_001_phosphate_plate5.tif,2,784.000,768,800
2114,F8_01_1_2_Chlorophyll_A_001_phosphate_plate5.tif,1,768.000,768,768
2115,F8_01_1_2_Chlorophyll_A_001_phosphate_plate5.tif,18,848.000,784,1040
2116,F8_01_1_2_Chlorophyll_A_001_phosphate_plate5.tif,2,816.000,816,816
2117,F8_01_1_2_Chlorophyll_A_001_phosphate_plate5.tif,1,976.000,976,976
2118,F8_01_1_2_Chlorophyll_A_001_phosphate_plate5.tif,8,840.000,768,912
2119,F8_01_1_2_Chlorophyll_A_001_phosphate_plate5.tif,6,834.667,784,864
2120,F8_01_1_2_Chlorophyll_A_001_phosphate_plate5.tif,16,846.000,768,1024
2121,F8_01_1_2_Chlorophyll_A_001_phosphate_plate5.tif,1,928.000,928,928
2122,F8_01_1_2_Chlorophyll_A_001_phosphate_plate5.tif,1,928.000,928,928
2123,F8_01_1_2_Chlorophyll_A_001_phosphate_plate5.tif,2,872.000,864,880
2124,F8_01_1_2_Chlorophyll_A_001_phosphate_plate5.tif,2,896.000,848,944
2125,F8_01_1_2_Chlorophyll_A_001_phosphate_plate5.tif,6,845.333,784,960
2126,F8_01_1_2_Chlorophyll_A_001_phosphate_plate5.tif,2,800.000,800,800
2127,F8_01_1_2_Chlorophyll_A_001_phosphate_plate5.tif,5,841.600,768,960
2128,F8_01_1_2_Chlorophyll_A_001_phosphate_plate5.tif,2,872.000,864,880
2129,F8_01_1_2_Chlorophyll_A_001_phosphate_plate5.tif,1,848.000,848,848
2130,F8_01_1_2_Chlorophyll_A_001_phosphate_plate5.tif,2,904.000,896,912
2131,F8_01_1_2_Chlorophyll_A_001_phosphate_plate5.tif,1,768.000,768,768
2132,F8_01_1_2_Chlorophyll_A_001_phosphate_plate5.tif,1,944.000,944,944
2133,F8_01_1_2_Chlorophyll_A_001_phosphate_plate5.tif,2,776.000,768,784
2134,F8_01_1_2_Chlorophyll_A_001_phosphate_plate5.tif,1,784.000,784,784
2135,F8_01_1_2_Chlorophyll_A_001_phosphate_plate5.tif,1,1056.000,1056,1056
2136,F8_01_1_2_Chlorophyll_A_001_phosphate_plate5.tif,1,816.000,816,816
2137,F8_01_1_2_Chlorophyll_A_001_phosphate_plate5.tif,2,816.000,800,832
2138,F8_01_1_2_Chlorophyll_A_001_phosphate_plate5.tif,3,789.333,768,816
2139,F8_01_1_2_Chlorophyll_A_001_phosphate_plate5.tif,2,808.000,768,848
2140,F8_01_1_2_Chlorophyll_A_001_phosphate_plate5.tif,1,848.000,848,848
2141,F8_01_1_2_Chlorophyll_A_001_phosphate_plate5.tif,2,848.000,832,864
2142,F8_01_1_2_Chlorophyll_A_001_phosphate_plate5.tif,1,768.000,768,768
2143,F8_01_1_2_Chlorophyll_A_001_phosphate_plate5.tif,1,880.000,880,880
2144,F8_01_1_2_Chlorophyll_A_001_phosphate_plate5.tif,1,816.000,816,816
2145,F8_01_1_2_Chlorophyll_A_001_phosphate_plate5.tif,2,888.000,864,912
2146,F8_01_1_2_Chlorophyll_A_001_phosphate_plate5.tif,1,800.000,800,800
2147,F8_01_1_2_Chlorophyll_A_001_phosphate_plate5.tif,2,888.000,864,912
2148,F8_01_1_2_Chlorophyll_A_001_phosphate_plate5.tif,1,976.000,976,976
2149,F8_01_1_2_Chlorophyll_A_001_phosphate_plate5.tif,2,832.000,768,896
2150,F8_01_1_2_Chlorophyll_A_001_phosphate_plate5.tif,5,851.200,768,976
2151,F8_01_1_2_Chlorophyll_A_001_phosphate_plate5.tif,5,928.000,800,1264
2152,F8_01_1_2_Chlorophyll_A_001_phosphate_plate5.tif,1,816.000,816,816
2153,F8_01_1_2_Chlorophyll_A_001_phosphate_plate5.tif,1,928.000,928,928
2154,F8_01_1_2_Chlorophyll_A_001_phosphate_plate5.tif,1,864.000,864,864
2155,F8_01_1_2_Chlorophyll_A_001_phosphate_plate5.tif,53,872.755,768,1056
2156,F8_01_1_2_Chlorophyll_A_001_phosphate_plate5.tif,47,898.043,768,1072
2157,F8_01_1_2_Chlorophyll_A_001_phosphate_plate5.tif,2,832.000,816,848
2158,F8_01_1_2_Chlorophyll_A_001_phosphate_plate5.tif,2,856.000,832,880
2159,F8_01_1_2_Chlorophyll_A_001_phosphate_plate5.tif,1,784.000,784,784
2160,F8_01_1_2_Chlorophyll_A_001_phosphate_plate5.tif,2,864.000,816,912
2161,F8_01_1_2_Chlorophyll_A_001_phosphate_plate5.tif,3,842.667,784,944
2162,F8_01_1_2_Chlorophyll_A_001_phosphate_plate5.tif,4,832.000,768,912
2163,F8_01_1_2_Chlorophyll_A_001_phosphate_plate5.tif,2,840.000,768,912
2164,F8_01_1_2_Chlorophyll_A_001_phosphate_plate5.tif,1,848.000,848,848
2165,F8_01_1_2_Chlorophyll_A_001_phosphate_plate5.tif,1,896.000,896,896
2166,F8_01_1_2_Chlorophyll_A_001_phosphate_plate5.tif,3,885.333,832,928
2167,F8_01_1_2_Chlorophyll_A_001_phosphate_plate5.tif,6,813.333,784,864
2168,F8_01_1_2_Chlorophyll_A_001_phosphate_plate5.tif,9,899.556,816,1008
2169,F8_01_1_2_Chlorophyll_A_001_phosphate_plate5.tif,1,816.000,816,816
2170,F8_01_1_2_Chlorophyll_A_001_phosphate_plate5.tif,1,880.000,880,880
2171,F8_01_1_2_Chlorophyll_A_001_phosphate_plate5.tif,5,822.400,768,944
2172,F8_01_1_2_Chlorophyll_A_001_phosphate_plate5.tif,1,768.000,768,768
2173,F8_01_1_2_Chlorophyll_A_001_phosphate_plate5.tif,1,960.000,960,960
2174,F8_01_1_2_Chlorophyll_A_001_phosphate_plate5.tif,1,800.000,800,800
2175,F8_01_1_2_Chlorophyll_A_001_phosphate_plate5.tif,1,768.000,768,768
2176,F8_01_1_2_Chlorophyll_A_001_phosphate_plate5.tif,1,768.000,768,768
2177,F8_01_1_2_Chlorophyll_A_001_phosphate_plate5.tif,1,800.000,800,800
2178,F8_01_1_2_Chlorophyll_A_001_phosphate_plate5.tif,3,800.000,784,816
2179,F8_01_1_2_Chlorophyll_A_001_phosphate_plate5.tif,1,832.000,832,832
2180,F8_01_1_2_Chlorophyll_A_001_phosphate_plate5.tif,1,848.000,848,848
2181,F8_01_1_2_Chlorophyll_A_001_phosphate_plate5.tif,1,784.000,784,784
2182,F8_01_1_2_Chlorophyll_A_001_phosphate_plate5.tif,1,880.000,880,880
2183,F8_01_1_2_Chlorophyll_A_001_phosphate_plate5.tif,1,768.000,768,768
2184,F8_01_1_2_Chlorophyll_A_001_phosphate_plate5.tif,1,784.000,784,784
2185,F8_01_1_2_Chlorophyll_A_001_phosphate_plate5.tif,3,800.000,768,832
2186,F8_01_1_2_Chlorophyll_A_001_phosphate_plate5.tif,1,800.000,800,800
2187,F8_01_1_2_Chlorophyll_A_001_phosphate_plate5.tif,1,784.000,784,784
2188,F8_01_1_2_Chlorophyll_A_001_phosphate_plate5.tif,1,896.000,896,896
2189,F8_01_1_2_Chlorophyll_A_001_phosphate_plate5.tif,2,872.000,864,880
2190,F8_01_1_2_Chlorophyll_A_001_phosphate_plate5.tif,1,784.000,784,784
2191,F8_01_1_2_Chlorophyll_A_001_phosphate_plate5.tif,2,904.000,896,912
2192,F8_01_1_2_Chlorophyll_A_001_phosphate_plate5.tif,1,768.000,768,768
2193,F8_01_1_2_Chlorophyll_A_001_phosphate_plate5.tif,1,880.000,880,880
2194,F8_01_1_2_Chlorophyll_A_001_phosphate_plate5.tif,1,800.000,800,800
2195,F8_01_1_2_Chlorophyll_A_001_phosphate_plate5.tif,1,864.000,864,864
2196,F8_01_1_2_Chlorophyll_A_001_phosphate_plate5.tif,3,784.000,768,800
2197,F8_01_1_2_Chlorophyll_A_001_phosphate_plate5.tif,1,896.000,896,896
2198,F8_01_1_2_Chlorophyll_A_001_phosphate_plate5.tif,2,824.000,816,832
2199,F8_01_1_2_Chlorophyll_A_001_phosphate_plate5.tif,1,784.000,784,784
2200,F8_01_1_2_Chlorophyll_A_001_phosphate_plate5.tif,1,816.000,816,816
2201,F8_01_1_2_Chlorophyll_A_001_phosphate_plate5.tif,1,816.000,816,816
2202,F8_01_1_2_Chlorophyll_A_001_phosphate_plate5.tif,1,768.000,768,768
2203,F8_01_1_2_Chlorophyll_A_001_phosphate_plate5.tif,1,784.000,784,784
2204,F8_01_1_2_Chlorophyll_A_001_phosphate_plate5.tif,1,784.000,784,784
2205,F8_01_1_2_Chlorophyll_A_001_phosphate_plate5.tif,1,784.000,784,784
2206,F8_01_1_2_Chlorophyll_A_001_phosphate_plate5.tif,3,810.667,768,864
2207,F8_01_1_2_Chlorophyll_A_001_phosphate_plate5.tif,1,944.000,944,944
2208,F8_01_1_2_Chlorophyll_A_001_phosphate_plate5.tif,1,832.000,832,832
2209,F8_01_1_2_Chlorophyll_A_001_phosphate_plate5.tif,166,1618.892,768,9184
2210,F8_01_1_2_Chlorophyll_A_001_phosphate_plate5.tif,59,882.712,768,1168
2211,F8_01_1_2_Chlorophyll_A_001_phosphate_plate5.tif,9,864.000,768,1008
2212,F8_01_1_2_Chlorophyll_A_001_phosphate_plate5.tif,1,864.000,864,864
2213,F8_01_1_2_Chlorophyll_A_001_phosphate_plate5.tif,43,836.465,768,1040
2214,F8_01_1_2_Chlorophyll_A_001_phosphate_plate5.tif,2,816.000,768,864
2215,F8_01_1_2_Chlorophyll_A_001_phosphate_plate5.tif,2,936.000,912,960
2216,F8_01_1_2_Chlorophyll_A_001_phosphate_plate5.tif,6,842.667,768,896
2217,F8_01_1_2_Chlorophyll_A_001_phosphate_plate5.tif,17,836.706,768,992
2218,F8_01_1_2_Chlorophyll_A_001_phosphate_plate5.tif,1,768.000,768,768
2219,F8_01_1_2_Chlorophyll_A_001_phosphate_plate5.tif,1,848.000,848,848
2220,F8_01_1_2_Chlorophyll_A_001_phosphate_plate5.tif,2,872.000,864,880
2221,F8_01_1_2_Chlorophyll_A_001_phosphate_plate5.tif,3,848.000,816,896
2222,F8_01_1_2_Chlorophyll_A_001_phosphate_plate5.tif,2,944.000,928,960
2223,F8_01_1_2_Chlorophyll_A_001_phosphate_plate5.tif,2,840.000,800,880
2224,F8_01_1_2_Chlorophyll_A_001_phosphate_plate5.tif,1,880.000,880,880
2225,F8_01_1_2_Chlorophyll_A_001_phosphate_plate5.tif,3,816.000,784,864
2226,F8_01_1_2_Chlorophyll_A_001_phosphate_plate5.tif,2,784.000,784,784
2227,F8_01_1_2_Chlorophyll_A_001_phosphate_plate5.tif,1,832.000,832,832
2228,F8_01_1_2_Chlorophyll_A_001_phosphate_plate5.tif,1,768.000,768,768
2229,F8_01_1_2_Chlorophyll_A_001_phosphate_plate5.tif,2,808.000,800,816
2230,F8_01_1_2_Chlorophyll_A_001_phosphate_plate5.tif,1,896.000,896,896
2231,F8_01_1_2_Chlorophyll_A_001_phosphate_plate5.tif,2,856.000,848,864
2232,F8_01_1_2_Chlorophyll_A_001_phosphate_plate5.tif,6,802.667,768,832
2233,F8_01_1_2_Chlorophyll_A_001_phosphate_plate5.tif,1,864.000,864,864
2234,F8_01_1_2_Chlorophyll_A_001_phosphate_plate5.tif,1,784.000,784,784
2235,F8_01_1_2_Chlorophyll_A_001_phosphate_plate5.tif,128,3567.000,768,24608
2236,F8_01_1_2_Chlorophyll_A_001_phosphate_plate5.tif,4,812.000,768,864
2237,F8_01_1_2_Chlorophyll_A_001_phosphate_plate5.tif,1,1024.000,1024,1024
2238,F8_01_1_2_Chlorophyll_A_001_phosphate_plate5.tif,1,832.000,832,832
2239,F8_01_1_2_Chlorophyll_A_001_phosphate_plate5.tif,1,832.000,832,832
2240,F8_01_1_2_Chlorophyll_A_001_phosphate_plate5.tif,1,912.000,912,912
2241,F8_01_1_2_Chlorophyll_A_001_phosphate_plate5.tif,1,784.000,784,784
2242,F8_01_1_2_Chlorophyll_A_001_phosphate_plate5.tif,1,800.000,800,800
2243,F8_01_1_2_Chlorophyll_A_001_phosphate_plate5.tif,1,848.000,848,848
2244,F8_01_1_2_Chlorophyll_A_001_phosphate_plate5.tif,1,864.000,864,864
2245,F8_01_1_2_Chlorophyll_A_001_phosphate_plate5.tif,1,768.000,768,768
2246,F8_01_1_2_Chlorophyll_A_001_phosphate_plate5.tif,1,944.000,944,944
2247,F8_01_1_2_Chlorophyll_A_001_phosphate_plate5.tif,1,784.000,784,784
2248,F8_01_1_2_Chlorophyll_A_001_phosphate_plate5.tif,1,816.000,816,816
2249,F8_01_1_2_Chlorophyll_A_001_phosphate_plate5.tif,4,812.000,768,864
2250,F8_01_1_2_Chlorophyll_A_001_phosphate_plate5.tif,2,824.000,784,864
2251,F8_01_1_2_Chlorophyll_A_001_phosphate_plate5.tif,2,896.000,816,976
2252,F8_01_1_2_Chlorophyll_A_001_phosphate_plate5.tif,1,768.000,768,768
2253,F8_01_1_2_Chlorophyll_A_001_phosphate_plate5.tif,2,864.000,800,928
2254,F8_01_1_2_Chlorophyll_A_001_phosphate_plate5.tif,1,816.000,816,816
2255,F8_01_1_2_Chlorophyll_A_001_phosphate_plate5.tif,1,816.000,816,816
2256,F8_01_1_2_Chlorophyll_A_001_phosphate_plate5.tif,1,784.000,784,784
2257,F8_01_1_2_Chlorophyll_A_001_phosphate_plate5.tif,1,992.000,992,992
2258,F8_01_1_2_Chlorophyll_A_001_phosphate_plate5.tif,17,919.529,800,1168
2259,F8_01_1_2_Chlorophyll_A_001_phosphate_plate5.tif,1,864.000,864,864
2260,F8_01_1_2_Chlorophyll_A_001_phosphate_plate5.tif,8,882.000,800,992
2261,F8_01_1_2_Chlorophyll_A_001_phosphate_plate5.tif,4,860.000,768,1024
2262,F8_01_1_2_Chlorophyll_A_001_phosphate_plate5.tif,2,848.000,848,848
2263,F8_01_1_2_Chlorophyll_A_001_phosphate_plate5.tif,2,880.000,816,944
2264,F8_01_1_2_Chlorophyll_A_001_phosphate_plate5.tif,2,808.000,768,848
2265,F8_01_1_2_Chlorophyll_A_001_phosphate_plate5.tif,3,890.667,768,1024
2266,F8_01_1_2_Chlorophyll_A_001_phosphate_plate5.tif,4,804.000,768,864
2267,F8_01_1_2_Chlorophyll_A_001_phosphate_plate5.tif,1,784.000,784,784
2268,F8_01_1_2_Chlorophyll_A_001_phosphate_plate5.tif,2,912.000,864,960
2269,F8_01_1_2_Chlorophyll_A_001_phosphate_plate5.tif,4,860.000,816,928
2270,F8_01_1_2_Chlorophyll_A_001_phosphate_plate5.tif,1,992.000,992,992
2271,F8_01_1_2_Chlorophyll_A_001_phosphate_plate5.tif,2,792.000,768,816
2272,F8_01_1_2_Chlorophyll_A_001_phosphate_plate5.tif,1,848.000,848,848
2273,F8_01_1_2_Chlorophyll_A_001_phosphate_plate5.tif,2,800.000,768,832
2274,F8_01_1_2_Chlorophyll_A_001_phosphate_plate5.tif,3,848.000,816,880
2275,F8_01_1_2_Chlorophyll_A_001_phosphate_plate5.tif,1,800.000,800,800
2276,F8_01_1_2_Chlorophyll_A_001_phosphate_plate5.tif,2,784.000,768,800
2277,F8_01_1_2_Chlorophyll_A_001_phosphate_plate5.tif,4,880.000,832,1024
2278,F8_01_1_2_Chlorophyll_A_001_phosphate_plate5.tif,1,800.000,800,800
2279,F8_01_1_2_Chlorophyll_A_001_phosphate_plate5.tif,1,848.000,848,848
2280,F8_01_1_2_Chlorophyll_A_001_phosphate_plate5.tif,3,864.000,800,944
2281,F8_01_1_2_Chlorophyll_A_001_phosphate_plate5.tif,1,848.000,848,848
2282,F8_01_1_2_Chlorophyll_A_001_phosphate_plate5.tif,1,784.000,784,784
2283,F8_01_1_2_Chlorophyll_A_001_phosphate_plate5.tif,1,800.000,800,800
2284,F8_01_1_2_Chlorophyll_A_001_phosphate_plate5.tif,1,864.000,864,864
2285,F8_01_1_2_Chlorophyll_A_001_phosphate_plate5.tif,1,848.000,848,848
2286,F8_01_1_2_Chlorophyll_A_001_phosphate_plate5.tif,1,800.000,800,800
2287,F8_01_1_2_Chlorophyll_A_001_phosphate_plate5.tif,3,858.667,784,944
2288,F8_01_1_2_Chlorophyll_A_001_phosphate_plate5.tif,2,808.000,768,848
2289,F8_01_1_2_Chlorophyll_A_001_phosphate_plate5.tif,2,872.000,784,960
2290,F8_01_1_2_Chlorophyll_A_001_phosphate_plate5.tif,1,912.000,912,912
2291,F8_01_1_2_Chlorophyll_A_001_phosphate_plate5.tif,1,800.000,800,800
2292,F8_01_1_2_Chlorophyll_A_001_phosphate_plate5.tif,1,832.000,832,832
2293,F8_01_1_2_Chlorophyll_A_001_phosphate_plate5.tif,1,848.000,848,848
2294,F8_01_1_2_Chlorophyll_A_001_phosphate_plate5.tif,1,784.000,784,784
2295,F8_01_1_2_Chlorophyll_A_001_phosphate_plate5.tif,1,912.000,912,912
2296,F8_01_1_2_Chlorophyll_A_001_phosphate_plate5.tif,1,816.000,816,816
2297,F8_01_1_2_Chlorophyll_A_001_phosphate_plate5.tif,1,864.000,864,864
2298,F8_01_1_2_Chlorophyll_A_001_phosphate_plate5.tif,1,768.000,768,768
2299,F8_01_1_2_Chlorophyll_A_001_phosphate_plate5.tif,1,784.000,784,784
2300,F8_01_1_2_Chlorophyll_A_001_phosphate_plate5.tif,1,768.000,768,768
2301,F8_01_1_2_Chlorophyll_A_001_phosphate_plate5.tif,1,768.000,768,768
2302,F8_01_1_2_Chlorophyll_A_001_phosphate_plate5.tif,1,800.000,800,800
2303,F8_01_1_2_Chlorophyll_A_001_phosphate_plate5.tif,5,803.200,768,864
2304,F8_01_1_2_Chlorophyll_A_001_phosphate_plate5.tif,9,826.667,768,976
2305,F8_01_1_2_Chlorophyll_A_001_phosphate_plate5.tif,95,855.916,768,1072
2306,F8_01_1_2_Chlorophyll_A_001_phosphate_plate5.tif,1,800.000,800,800
2307,F8_01_1_2_Chlorophyll_A_001_phosphate_plate5.tif,49,876.408,768,1168
2308,F8_01_1_2_Chlorophyll_A_001_phosphate_plate5.tif,1,1008.000,1008,1008
2309,F8_01_1_2_Chlorophyll_A_001_phosphate_plate5.tif,1,784.000,784,784
2310,F8_01_1_2_Chlorophyll_A_001_phosphate_plate5.tif,3,864.000,784,928
2311,F8_01_1_2_Chlorophyll_A_001_phosphate_plate5.tif,13,856.615,768,992
2312,F8_01_1_2_Chlorophyll_A_001_phosphate_plate5.tif,10,876.800,784,960
2313,F8_01_1_2_Chlorophyll_A_001_phosphate_plate5.tif,2,832.000,768,896
2314,F8_01_1_2_Chlorophyll_A_001_phosphate_plate5.tif,6,808.000,768,864
2315,F8_01_1_2_Chlorophyll_A_001_phosphate_plate5.tif,2,920.000,864,976
2316,F8_01_1_2_Chlorophyll_A_001_phosphate_plate5.tif,5,848.000,784,928
2317,F8_01_1_2_Chlorophyll_A_001_phosphate_plate5.tif,3,917.333,912,928
2318,F8_01_1_2_Chlorophyll_A_001_phosphate_plate5.tif,2,848.000,784,912
2319,F8_01_1_2_Chlorophyll_A_001_phosphate_plate5.tif,2,792.000,784,800
2320,F8_01_1_2_Chlorophyll_A_001_phosphate_plate5.tif,5,825.600,768,960
2321,F8_01_1_2_Chlorophyll_A_001_phosphate_plate5.tif,2,936.000,912,960
2322,F8_01_1_2_Chlorophyll_A_001_phosphate_plate5.tif,2,856.000,848,864
2323,F8_01_1_2_Chlorophyll_A_001_phosphate_plate5.tif,1,848.000,848,848
2324,F8_01_1_2_Chlorophyll_A_001_phosphate_plate5.tif,4,808.000,768,864
2325,F8_01_1_2_Chlorophyll_A_001_phosphate_plate5.tif,1,864.000,864,864
2326,F8_01_1_2_Chlorophyll_A_001_phosphate_plate5.tif,2,792.000,784,800
2327,F8_01_1_2_Chlorophyll_A_001_phosphate_plate5.tif,1,816.000,816,816
2328,F8_01_1_2_Chlorophyll_A_001_phosphate_plate5.tif,1,880.000,880,880
2329,F8_01_1_2_Chlorophyll_A_001_phosphate_plate5.tif,1,880.000,880,880
2330,F8_01_1_2_Chlorophyll_A_001_phosphate_plate5.tif,1,832.000,832,832
2331,F8_01_1_2_Chlorophyll_A_001_phosphate_plate5.tif,1,880.000,880,880
2332,F8_01_1_2_Chlorophyll_A_001_phosphate_plate5.tif,1,816.000,816,816
2333,F8_01_1_2_Chlorophyll_A_001_phosphate_plate5.tif,1,816.000,816,816
2334,F8_01_1_2_Chlorophyll_A_001_phosphate_plate5.tif,1,800.000,800,800
2335,F8_01_1_2_Chlorophyll_A_001_phosphate_plate5.tif,1,800.000,800,800
2336,F8_01_1_2_Chlorophyll_A_001_phosphate_plate5.tif,1,784.000,784,784
2337,F8_01_1_2_Chlorophyll_A_001_phosphate_plate5.tif,2,776.000,768,784
2338,F8_01_1_2_Chlorophyll_A_001_phosphate_plate5.tif,1,800.000,800,800
2339,F8_01_1_2_Chlorophyll_A_001_phosphate_plate5.tif,1,992.000,992,992
2340,F8_01_1_2_Chlorophyll_A_001_phosphate_plate5.tif,1,896.000,896,896
2341,F8_01_1_2_Chlorophyll_A_001_phosphate_plate5.tif,2,784.000,768,800
2342,F8_01_1_2_Chlorophyll_A_001_phosphate_plate5.tif,1,768.000,768,768
2343,F8_01_1_2_Chlorophyll_A_001_phosphate_plate5.tif,6,877.333,784,1008
2344,F8_01_1_2_Chlorophyll_A_001_phosphate_plate5.tif,1,768.000,768,768
2345,F8_01_1_2_Chlorophyll_A_001_phosphate_plate5.tif,1,928.000,928,928
2346,F8_01_1_2_Chlorophyll_A_001_phosphate_plate5.tif,1,816.000,816,816
2347,F8_01_1_2_Chlorophyll_A_001_phosphate_plate5.tif,1,1056.000,1056,1056
2348,F8_01_1_2_Chlorophyll_A_001_phosphate_plate5.tif,1,864.000,864,864
2349,F8_01_1_2_Chlorophyll_A_001_phosphate_plate5.tif,1,976.000,976,976
2350,F8_01_1_2_Chlorophyll_A_001_phosphate_plate5.tif,1,816.000,816,816
2351,F8_01_1_2_Chlorophyll_A_001_phosphate_plate5.tif,2,824.000,800,848
2352,F8_01_1_2_Chlorophyll_A_001_phosphate_plate5.tif,1,864.000,864,864
2353,F8_01_1_2_Chlorophyll_A_001_phosphate_plate5.tif,25,848.000,768,1088
2354,F8_01_1_2_Chlorophyll_A_001_phosphate_plate5.tif,62,847.742,768,1056
2355,F8_01_1_2_Chlorophyll_A_001_phosphate_plate5.tif,4,896.000,832,944
2356,F8_01_1_2_Chlorophyll_A_001_phosphate_plate5.tif,6,888.000,800,976
2357,F8_01_1_2_Chlorophyll_A_001_phosphate_plate5.tif,22,822.545,768,960
2358,F8_01_1_2_Chlorophyll_A_001_phosphate_plate5.tif,35,916.571,768,1216
2359,F8_01_1_2_Chlorophyll_A_001_phosphate_plate5.tif,98,882.612,768,1232
2360,F8_01_1_2_Chlorophyll_A_001_phosphate_plate5.tif,35,887.314,768,1184
2361,F8_01_1_2_Chlorophyll_A_001_phosphate_plate5.tif,46,881.391,768,1072
2362,F8_01_1_2_Chlorophyll_A_001_phosphate_plate5.tif,16,900.000,768,1104
2363,F8_01_1_2_Chlorophyll_A_001_phosphate_plate5.tif,3,826.667,768,864
2364,F8_01_1_2_Chlorophyll_A_001_phosphate_plate5.tif,2,800.000,784,816
2365,F8_01_1_2_Chlorophyll_A_001_phosphate_plate5.tif,10,867.200,768,976
2366,F8_01_1_2_Chlorophyll_A_001_phosphate_plate5.tif,2,856.000,848,864
2367,F8_01_1_2_Chlorophyll_A_001_phosphate_plate5.tif,3,832.000,768,928
2368,F8_01_1_2_Chlorophyll_A_001_phosphate_plate5.tif,1,784.000,784,784
2369,F8_01_1_2_Chlorophyll_A_001_phosphate_plate5.tif,4,792.000,768,816
2370,F8_01_1_2_Chlorophyll_A_001_phosphate_plate5.tif,1,848.000,848,848
2371,F8_01_1_2_Chlorophyll_A_001_phosphate_plate5.tif,1,848.000,848,848
2372,F8_01_1_2_Chlorophyll_A_001_phosphate_plate5.tif,3,922.667,848,976
2373,F8_01_1_2_Chlorophyll_A_001_phosphate_plate5.tif,3,896.000,816,1024
2374,F8_01_1_2_Chlorophyll_A_001_phosphate_plate5.tif,5,809.600,768,928
2375,F8_01_1_2_Chlorophyll_A_001_phosphate_plate5.tif,1,880.000,880,880
2376,F8_01_1_2_Chlorophyll_A_001_phosphate_plate5.tif,1,896.000,896,896
2377,F8_01_1_2_Chlorophyll_A_001_phosphate_plate5.tif,2,816.000,784,848
2378,F8_01_1_2_Chlorophyll_A_001_phosphate_plate5.tif,1,784.000,784,784
2379,F8_01_1_2_Chlorophyll_A_001_phosphate_plate5.tif,1,768.000,768,768
2380,F8_01_1_2_Chlorophyll_A_001_phosphate_plate5.tif,1,800.000,800,800
2381,F8_01_1_2_Chlorophyll_A_001_phosphate_plate5.tif,5,832.000,768,896
2382,F8_01_1_2_Chlorophyll_A_001_phosphate_plate5.tif,2,784.000,768,800
2383,F8_01_1_2_Chlorophyll_A_001_phosphate_plate5.tif,3,810.667,768,864
2384,F8_01_1_2_Chlorophyll_A_001_phosphate_plate5.tif,2,888.000,848,928
2385,F8_01_1_2_Chlorophyll_A_001_phosphate_plate5.tif,1,848.000,848,848
2386,F8_01_1_2_Chlorophyll_A_001_phosphate_plate5.tif,1,880.000,880,880
2387,F8_01_1_2_Chlorophyll_A_001_phosphate_plate5.tif,1,768.000,768,768
2388,F8_01_1_2_Chlorophyll_A_001_phosphate_plate5.tif,2,864.000,768,960
2389,F8_01_1_2_Chlorophyll_A_001_phosphate_plate5.tif,1,864.000,864,864
2390,F8_01_1_2_Chlorophyll_A_001_phosphate_plate5.tif,1,848.000,848,848
2391,F8_01_1_2_Chlorophyll_A_001_phosphate_plate5.tif,1,768.000,768,768
2392,F8_01_1_2_Chlorophyll_A_001_phosphate_plate5.tif,2,808.000,768,848
2393,F8_01_1_2_Chlorophyll_A_001_phosphate_plate5.tif,1,944.000,944,944
2394,F8_01_1_2_Chlorophyll_A_001_phosphate_plate5.tif,1,848.000,848,848
2395,F8_01_1_2_Chlorophyll_A_001_phosphate_plate5.tif,1,864.000,864,864
2396,F8_01_1_2_Chlorophyll_A_001_phosphate_plate5.tif,1,784.000,784,784
2397,F8_01_1_2_Chlorophyll_A_001_phosphate_plate5.tif,1,880.000,880,880
2398,F8_01_1_2_Chlorophyll_A_001_phosphate_plate5.tif,1,800.000,800,800
2399,F8_01_1_2_Chlorophyll_A_001_phosphate_plate5.tif,1,832.000,832,832
2400,F8_01_1_2_Chlorophyll_A_001_phosphate_plate5.tif,1,784.000,784,784
2401,F8_01_1_2_Chlorophyll_A_001_phosphate_plate5.tif,2,800.000,784,816
2402,F8_01_1_2_Chlorophyll_A_001_phosphate_plate5.tif,1,816.000,816,816
2403,F8_01_1_2_Chlorophyll_A_001_phosphate_plate5.tif,1,800.000,800,800
2404,F8_01_1_2_Chlorophyll_A_001_phosphate_plate5.tif,2,816.000,784,848
2405,F8_01_1_2_Chlorophyll_A_001_phosphate_plate5.tif,1,800.000,800,800
2406,F8_01_1_2_Chlorophyll_A_001_phosphate_plate5.tif,1,896.000,896,896
2407,F8_01_1_2_Chlorophyll_A_001_phosphate_plate5.tif,1,784.000,784,784
2408,F8_01_1_2_Chlorophyll_A_001_phosphate_plate5.tif,1,784.000,784,784
2409,F8_01_1_2_Chlorophyll_A_001_phosphate_plate5.tif,1,768.000,768,768
2410,F8_01_1_2_Chlorophyll_A_001_phosphate_plate5.tif,1,800.000,800,800
2411,F8_01_1_2_Chlorophyll_A_001_phosphate_plate5.tif,1,832.000,832,832
2412,F8_01_1_2_Chlorophyll_A_001_phosphate_plate5.tif,21,844.190,768,992
2413,F8_01_1_2_Chlorophyll_A_001_phosphate_plate5.tif,1,880.000,880,880
2414,F8_01_1_2_Chlorophyll_A_001_phosphate_plate5.tif,1,800.000,800,800
2415,F8_01_1_2_Chlorophyll_A_001_phosphate_plate5.tif,7,912.000,768,1056
2416,F8_01_1_2_Chlorophyll_A_001_phosphate_plate5.tif,26,877.538,768,1104
2417,F8_01_1_2_Chlorophyll_A_001_phosphate_plate5.tif,2,816.000,784,848
2418,F8_01_1_2_Chlorophyll_A_001_phosphate_plate5.tif,3,954.667,768,1296
2419,F8_01_1_2_Chlorophyll_A_001_phosphate_plate5.tif,2,872.000,864,880
2420,F8_01_1_2_Chlorophyll_A_001_phosphate_plate5.tif,5,822.400,768,912
2421,F8_01_1_2_Chlorophyll_A_001_phosphate_plate5.tif,1,832.000,832,832
2422,F8_01_1_2_Chlorophyll_A_001_phosphate_plate5.tif,1,800.000,800,800
2423,F8_01_1_2_Chlorophyll_A_001_phosphate_plate5.tif,1,1008.000,1008,1008
2424,F8_01_1_2_Chlorophyll_A_001_phosphate_plate5.tif,5,787.200,768,832
2425,F8_01_1_2_Chlorophyll_A_001_phosphate_plate5.tif,4,800.000,768,864
2426,F8_01_1_2_Chlorophyll_A_001_phosphate_plate5.tif,1,768.000,768,768
2427,F8_01_1_2_Chlorophyll_A_001_phosphate_plate5.tif,1,928.000,928,928
2428,F8_01_1_2_Chlorophyll_A_001_phosphate_plate5.tif,1,768.000,768,768
2429,F8_01_1_2_Chlorophyll_A_001_phosphate_plate5.tif,4,904.000,800,1008
2430,F8_01_1_2_Chlorophyll_A_001_phosphate_plate5.tif,5,864.000,784,1008
2431,F8_01_1_2_Chlorophyll_A_001_phosphate_plate5.tif,2,792.000,768,816
2432,F8_01_1_2_Chlorophyll_A_001_phosphate_plate5.tif,1,848.000,848,848
2433,F8_01_1_2_Chlorophyll_A_001_phosphate_plate5.tif,1,848.000,848,848
2434,F8_01_1_2_Chlorophyll_A_001_phosphate_plate5.tif,2,808.000,800,816
2435,F8_01_1_2_Chlorophyll_A_001_phosphate_plate5.tif,1,816.000,816,816
2436,F8_01_1_2_Chlorophyll_A_001_phosphate_plate5.tif,1,768.000,768,768
2437,F8_01_1_2_Chlorophyll_A_001_phosphate_plate5.tif,1,768.000,768,768
2438,F8_01_1_2_Chlorophyll_A_001_phosphate_plate5.tif,5,825.600,784,880
2439,F8_01_1_2_Chlorophyll_A_001_phosphate_plate5.tif,1,960.000,960,960
2440,F8_01_1_2_Chlorophyll_A_001_phosphate_plate5.tif,1,768.000,768,768
2441,F8_01_1_2_Chlorophyll_A_001_phosphate_plate5.tif,1,816.000,816,816
2442,F8_01_1_2_Chlorophyll_A_001_phosphate_plate5.tif,1,816.000,816,816
2443,F8_01_1_2_Chlorophyll_A_001_phosphate_plate5.tif,1,800.000,800,800
2444,F8_01_1_2_Chlorophyll_A_001_phosphate_plate5.tif,1,832.000,832,832
2445,F8_01_1_2_Chlorophyll_A_001_phosphate_plate5.tif,1,800.000,800,800
2446,F8_01_1_2_Chlorophyll_A_001_phosphate_plate5.tif,1,768.000,768,768
2447,F8_01_1_2_Chlorophyll_A_001_phosphate_plate5.tif,1,768.000,768,768
2448,F8_01_1_2_Chlorophyll_A_001_phosphate_plate5.tif,1,800.000,800,800
2449,F8_01_1_2_Chlorophyll_A_001_phosphate_plate5.tif,1,768.000,768,768
2450,F8_01_1_2_Chlorophyll_A_001_phosphate_plate5.tif,1,800.000,800,800
2451,F8_01_1_2_Chlorophyll_A_001_phosphate_plate5.tif,1,816.000,816,816
2452,F8_01_1_2_Chlorophyll_A_001_phosphate_plate5.tif,2,872.000,848,896
2453,F8_01_1_2_Chlorophyll_A_001_phosphate_plate5.tif,2,856.000,800,912
2454,F8_01_1_2_Chlorophyll_A_001_phosphate_plate5.tif,3,826.667,768,864
2455,F8_01_1_2_Chlorophyll_A_001_phosphate_plate5.tif,1,848.000,848,848
2456,F8_01_1_2_Chlorophyll_A_001_phosphate_plate5.tif,4,812.000,800,816
2457,F8_01_1_2_Chlorophyll_A_001_phosphate_plate5.tif,1,784.000,784,784
2458,F8_01_1_2_Chlorophyll_A_001_phosphate_plate5.tif,1,1072.000,1072,1072
2459,F8_01_1_2_Chlorophyll_A_001_phosphate_plate5.tif,3,832.000,816,848
2460,F8_01_1_2_Chlorophyll_A_001_phosphate_plate5.tif,1,864.000,864,864
2461,F8_01_1_2_Chlorophyll_A_001_phosphate_plate5.tif,16,884.000,768,1056
2462,F8_01_1_2_Chlorophyll_A_001_phosphate_plate5.tif,10,883.200,768,1120
2463,F8_01_1_2_Chlorophyll_A_001_phosphate_plate5.tif,1,848.000,848,848
2464,F8_01_1_2_Chlorophyll_A_001_phosphate_plate5.tif,4,812.000,768,864
2465,F8_01_1_2_Chlorophyll_A_001_phosphate_plate5.tif,1,768.000,768,768
2466,F8_01_1_2_Chlorophyll_A_001_phosphate_plate5.tif,1,800.000,800,800
2467,F8_01_1_2_Chlorophyll_A_001_phosphate_plate5.tif,19,845.474,768,992
2468,F8_01_1_2_Chlorophyll_A_001_phosphate_plate5.tif,6,882.667,768,1088
2469,F8_01_1_2_Chlorophyll_A_001_phosphate_plate5.tif,2,816.000,816,816
2470,F8_01_1_2_Chlorophyll_A_001_phosphate_plate5.tif,1,800.000,800,800
2471,F8_01_1_2_Chlorophyll_A_001_phosphate_plate5.tif,1,848.000,848,848
2472,F8_01_1_2_Chlorophyll_A_001_phosphate_plate5.tif,1,800.000,800,800
2473,F8_01_1_2_Chlorophyll_A_001_phosphate_plate5.tif,1,784.000,784,784
2474,F8_01_1_2_Chlorophyll_A_001_phosphate_plate5.tif,2,808.000,768,848
2475,F8_01_1_2_Chlorophyll_A_001_phosphate_plate5.tif,1,944.000,944,944
2476,F8_01_1_2_Chlorophyll_A_001_phosphate_plate5.tif,1,976.000,976,976
2477,F8_01_1_2_Chlorophyll_A_001_phosphate_plate5.tif,1,768.000,768,768
2478,F8_01_1_2_Chlorophyll_A_001_phosphate_plate5.tif,1,768.000,768,768
2479,F8_01_1_2_Chlorophyll_A_001_phosphate_plate5.tif,7,854.857,784,912
2480,F8_01_1_2_Chlorophyll_A_001_phosphate_plate5.tif,2,816.000,800,832
2481,F8_01_1_2_Chlorophyll_A_001_phosphate_plate5.tif,2,832.000,832,832
2482,F8_01_1_2_Chlorophyll_A_001_phosphate_plate5.tif,2,808.000,800,816
2483,F8_01_1_2_Chlorophyll_A_001_phosphate_plate5.tif,1,832.000,832,832
2484,F8_01_1_2_Chlorophyll_A_001_phosphate_plate5.tif,1,816.000,816,816
2485,F8_01_1_2_Chlorophyll_A_001_phosphate_plate5.tif,1,832.000,832,832
2486,F8_01_1_2_Chlorophyll_A_001_phosphate_plate5.tif,1,896.000,896,896
2487,F8_01_1_2_Chlorophyll_A_001_phosphate_plate5.tif,2,792.000,768,816
2488,F8_01_1_2_Chlorophyll_A_001_phosphate_plate5.tif,1,864.000,864,864
2489,F8_01_1_2_Chlorophyll_A_001_phosphate_plate5.tif,2,936.000,928,944
2490,F8_01_1_2_Chlorophyll_A_001_phosphate_plate5.tif,3,810.667,800,816
2491,F8_01_1_2_Chlorophyll_A_001_phosphate_plate5.tif,1,800.000,800,800
2492,F8_01_1_2_Chlorophyll_A_001_phosphate_plate5.tif,1,768.000,768,768
2493,F8_01_1_2_Chlorophyll_A_001_phosphate_plate5.tif,1,896.000,896,896
2494,F8_01_1_2_Chlorophyll_A_001_phosphate_plate5.tif,2,856.000,848,864
2495,F8_01_1_2_Chlorophyll_A_001_phosphate_plate5.tif,1,800.000,800,800
2496,F8_01_1_2_Chlorophyll_A_001_phosphate_plate5.tif,1,800.000,800,800
2497,F8_01_1_2_Chlorophyll_A_001_phosphate_plate5.tif,2,840.000,768,912
2498,F8_01_1_2_Chlorophyll_A_001_phosphate_plate5.tif,1,768.000,768,768
2499,F8_01_1_2_Chlorophyll_A_001_phosphate_plate5.tif,1,960.000,960,960
2500,F8_01_1_2_Chlorophyll_A_001_phosphate_plate5.tif,1,800.000,800,800
2501,F8_01_1_2_Chlorophyll_A_001_phosphate_plate5.tif,3,805.333,768,880
2502,F8_01_1_2_Chlorophyll_A_001_phosphate_plate5.tif,7,838.857,768,928
2503,F8_01_1_2_Chlorophyll_A_001_phosphate_plate5.tif,7,816.000,768,880
2504,F8_01_1_2_Chlorophyll_A_001_phosphate_plate5.tif,2,792.000,784,800
2505,F8_01_1_2_Chlorophyll_A_001_phosphate_plate5.tif,1,912.000,912,912
2506,F8_01_1_2_Chlorophyll_A_001_phosphate_plate5.tif,1,880.000,880,880
2507,F8_01_1_2_Chlorophyll_A_001_phosphate_plate5.tif,39,907.487,768,1136
2508,F8_01_1_2_Chlorophyll_A_001_phosphate_plate5.tif,35,882.743,768,1040
2509,F8_01_1_2_Chlorophyll_A_001_phosphate_plate5.tif,40,860.800,768,1024
2510,F8_01_1_2_Chlorophyll_A_001_phosphate_plate5.tif,40,911.600,768,1248
2511,F8_01_1_2_Chlorophyll_A_001_phosphate_plate5.tif,22,933.091,768,1104
2512,F8_01_1_2_Chlorophyll_A_001_phosphate_plate5.tif,29,916.414,768,1216
2513,F8_01_1_2_Chlorophyll_A_001_phosphate_plate5.tif,77,883.117,768,1136
2514,F8_01_1_2_Chlorophyll_A_001_phosphate_plate5.tif,38,867.789,768,1072
2515,F8_01_1_2_Chlorophyll_A_001_phosphate_plate5.tif,1,912.000,912,912
2516,F8_01_1_2_Chlorophyll_A_001_phosphate_plate5.tif,2,832.000,800,864
2517,F8_01_1_2_Chlorophyll_A_001_phosphate_plate5.tif,1,896.000,896,896
2518,F8_01_1_2_Chlorophyll_A_001_phosphate_plate5.tif,1,768.000,768,768
2519,F8_01_1_2_Chlorophyll_A_001_phosphate_plate5.tif,20,837.600,768,992
2520,F8_01_1_2_Chlorophyll_A_001_phosphate_plate5.tif,3,858.667,784,912
2521,F8_01_1_2_Chlorophyll_A_001_phosphate_plate5.tif,7,845.714,784,928
2522,F8_01_1_2_Chlorophyll_A_001_phosphate_plate5.tif,2,816.000,800,832
2523,F8_01_1_2_Chlorophyll_A_001_phosphate_plate5.tif,1,848.000,848,848
2524,F8_01_1_2_Chlorophyll_A_001_phosphate_plate5.tif,1,896.000,896,896
2525,F8_01_1_2_Chlorophyll_A_001_phosphate_plate5.tif,10,830.400,784,944
2526,F8_01_1_2_Chlorophyll_A_001_phosphate_plate5.tif,1,784.000,784,784
2527,F8_01_1_2_Chlorophyll_A_001_phosphate_plate5.tif,2,840.000,800,880
2528,F8_01_1_2_Chlorophyll_A_001_phosphate_plate5.tif,5,838.400,768,1008
2529,F8_01_1_2_Chlorophyll_A_001_phosphate_plate5.tif,2,872.000,784,960
2530,F8_01_1_2_Chlorophyll_A_001_phosphate_plate5.tif,6,845.333,784,880
2531,F8_01_1_2_Chlorophyll_A_001_phosphate_plate5.tif,6,802.667,768,880
2532,F8_01_1_2_Chlorophyll_A_001_phosphate_plate5.tif,1,768.000,768,768
2533,F8_01_1_2_Chlorophyll_A_001_phosphate_plate5.tif,1,800.000,800,800
2534,F8_01_1_2_Chlorophyll_A_001_phosphate_plate5.tif,1,880.000,880,880
2535,F8_01_1_2_Chlorophyll_A_001_phosphate_plate5.tif,6,781.333,768,816
2536,F8_01_1_2_Chlorophyll_A_001_phosphate_plate5.tif,1,768.000,768,768
2537,F8_01_1_2_Chlorophyll_A_001_phosphate_plate5.tif,1,816.000,816,816
2538,F8_01_1_2_Chlorophyll_A_001_phosphate_plate5.tif,2,840.000,832,848
2539,F8_01_1_2_Chlorophyll_A_001_phosphate_plate5.tif,4,812.000,784,848
2540,F8_01_1_2_Chlorophyll_A_001_phosphate_plate5.tif,5,806.400,768,848
2541,F8_01_1_2_Chlorophyll_A_001_phosphate_plate5.tif,1,864.000,864,864
2542,F8_01_1_2_Chlorophyll_A_001_phosphate_plate5.tif,1,800.000,800,800
2543,F8_01_1_2_Chlorophyll_A_001_phosphate_plate5.tif,4,812.000,768,848
2544,F8_01_1_2_Chlorophyll_A_001_phosphate_plate5.tif,1,768.000,768,768
2545,F8_01_1_2_Chlorophyll_A_001_phosphate_plate5.tif,1,784.000,784,784
2546,F8_01_1_2_Chlorophyll_A_001_phosphate_plate5.tif,1,800.000,800,800
2547,F8_01_1_2_Chlorophyll_A_001_phosphate_plate5.tif,1,784.000,784,784
2548,F8_01_1_2_Chlorophyll_A_001_phosphate_plate5.tif,3,816.000,816,816
2549,F8_01_1_2_Chlorophyll_A_001_phosphate_plate5.tif,2,856.000,800,912
2550,F8_01_1_2_Chlorophyll_A_001_phosphate_plate5.tif,1,848.000,848,848
2551,F8_01_1_2_Chlorophyll_A_001_phosphate_plate5.tif,1,784.000,784,784
2552,F8_01_1_2_Chlorophyll_A_001_phosphate_plate5.tif,1,784.000,784,784
2553,F8_01_1_2_Chlorophyll_A_001_phosphate_plate5.tif,1,784.000,784,784
2554,F8_01_1_2_Chlorophyll_A_001_phosphate_plate5.tif,1,768.000,768,768
2555,F8_01_1_2_Chlorophyll_A_001_phosphate_plate5.tif,1,832.000,832,832
2556,F8_01_1_2_Chlorophyll_A_001_phosphate_plate5.tif,1,784.000,784,784
2557,F8_01_1_2_Chlorophyll_A_001_phosphate_plate5.tif,2,952.000,864,1040
2558,F8_01_1_2_Chlorophyll_A_001_phosphate_plate5.tif,1,960.000,960,960
2559,F8_01_1_2_Chlorophyll_A_001_phosphate_plate5.tif,1,832.000,832,832
2560,F8_01_1_2_Chlorophyll_A_001_phosphate_plate5.tif,1,832.000,832,832
2561,F8_01_1_2_Chlorophyll_A_001_phosphate_plate5.tif,1,1008.000,1008,1008
2562,F8_01_1_2_Chlorophyll_A_001_phosphate_plate5.tif,1,976.000,976,976
2563,F8_01_1_2_Chlorophyll_A_001_phosphate_plate5.tif,1,928.000,928,928
2564,F8_01_1_2_Chlorophyll_A_001_phosphate_plate5.tif,3,869.333,800,928
2565,F8_01_1_2_Chlorophyll_A_001_phosphate_plate5.tif,4,860.000,816,896
2566,F8_01_1_2_Chlorophyll_A_001_phosphate_plate5.tif,47,886.128,768,1152
2567,F8_01_1_2_Chlorophyll_A_001_phosphate_plate5.tif,33,850.424,768,1056
2568,F8_01_1_2_Chlorophyll_A_001_phosphate_plate5.tif,28,885.143,768,1056
2569,F8_01_1_2_Chlorophyll_A_001_phosphate_plate5.tif,21,847.238,768,1072
2570,F8_01_1_2_Chlorophyll_A_001_phosphate_plate5.tif,45,866.844,768,1120
2571,F8_01_1_2_Chlorophyll_A_001_phosphate_plate5.tif,1,976.000,976,976
2572,F8_01_1_2_Chlorophyll_A_001_phosphate_plate5.tif,1,832.000,832,832
2573,F8_01_1_2_Chlorophyll_A_001_phosphate_plate5.tif,1,832.000,832,832
2574,F8_01_1_2_Chlorophyll_A_001_phosphate_plate5.tif,2,1000.000,976,1024
2575,F8_01_1_2_Chlorophyll_A_001_phosphate_plate5.tif,9,862.222,784,1024
2576,F8_01_1_2_Chlorophyll_A_001_phosphate_plate5.tif,1,768.000,768,768
2577,F8_01_1_2_Chlorophyll_A_001_phosphate_plate5.tif,3,848.000,816,896
2578,F8_01_1_2_Chlorophyll_A_001_phosphate_plate5.tif,1,800.000,800,800
2579,F8_01_1_2_Chlorophyll_A_001_phosphate_plate5.tif,7,898.286,768,1024
2580,F8_01_1_2_Chlorophyll_A_001_phosphate_plate5.tif,9,865.778,768,1008
2581,F8_01_1_2_Chlorophyll_A_001_phosphate_plate5.tif,1,944.000,944,944
2582,F8_01_1_2_Chlorophyll_A_001_phosphate_plate5.tif,3,789.333,768,816
2583,F8_01_1_2_Chlorophyll_A_001_phosphate_plate5.tif,1,784.000,784,784
2584,F8_01_1_2_Chlorophyll_A_001_phosphate_plate5.tif,1,832.000,832,832
2585,F8_01_1_2_Chlorophyll_A_001_phosphate_plate5.tif,2,880.000,864,896
2586,F8_01_1_2_Chlorophyll_A_001_phosphate_plate5.tif,1,816.000,816,816
2587,F8_01_1_2_Chlorophyll_A_001_phosphate_plate5.tif,1,816.000,816,816
2588,F8_01_1_2_Chlorophyll_A_001_phosphate_plate5.tif,5,828.800,768,896
2589,F8_01_1_2_Chlorophyll_A_001_phosphate_plate5.tif,5,886.400,800,928
2590,F8_01_1_2_Chlorophyll_A_001_phosphate_plate5.tif,2,784.000,768,800
2591,F8_01_1_2_Chlorophyll_A_001_phosphate_plate5.tif,1,992.000,992,992
2592,F8_01_1_2_Chlorophyll_A_001_phosphate_plate5.tif,3,800.000,784,832
2593,F8_01_1_2_Chlorophyll_A_001_phosphate_plate5.tif,3,837.333,768,960
2594,F8_01_1_2_Chlorophyll_A_001_phosphate_plate5.tif,1,848.000,848,848
2595,F8_01_1_2_Chlorophyll_A_001_phosphate_plate5.tif,1,800.000,800,800
2596,F8_01_1_2_Chlorophyll_A_001_phosphate_plate5.tif,1,928.000,928,928
2597,F8_01_1_2_Chlorophyll_A_001_phosphate_plate5.tif,3,805.333,784,832
2598,F8_01_1_2_Chlorophyll_A_001_phosphate_plate5.tif,1,800.000,800,800
2599,F8_01_1_2_Chlorophyll_A_001_phosphate_plate5.tif,1,768.000,768,768
2600,F8_01_1_2_Chlorophyll_A_001_phosphate_plate5.tif,1,848.000,848,848
2601,F8_01_1_2_Chlorophyll_A_001_phosphate_plate5.tif,1,768.000,768,768
2602,F8_01_1_2_Chlorophyll_A_001_phosphate_plate5.tif,3,778.667,768,784
2603,F8_01_1_2_Chlorophyll_A_001_phosphate_plate5.tif,1,848.000,848,848
2604,F8_01_1_2_Chlorophyll_A_001_phosphate_plate5.tif,2,800.000,784,816
2605,F8_01_1_2_Chlorophyll_A_001_phosphate_plate5.tif,1,864.000,864,864
2606,F8_01_1_2_Chlorophyll_A_001_phosphate_plate5.tif,1,880.000,880,880
2607,F8_01_1_2_Chlorophyll_A_001_phosphate_plate5.tif,1,864.000,864,864
2608,F8_01_1_2_Chlorophyll_A_001_phosphate_plate5.tif,1,848.000,848,848
2609,F8_01_1_2_Chlorophyll_A_001_phosphate_plate5.tif,1,800.000,800,800
2610,F8_01_1_2_Chlorophyll_A_001_phosphate_plate5.tif,1,848.000,848,848
2611,F8_01_1_2_Chlorophyll_A_001_phosphate_plate5.tif,1,768.000,768,768
2612,F8_01_1_2_Chlorophyll_A_001_phosphate_plate5.tif,2,800.000,784,816
2613,F8_01_1_2_Chlorophyll_A_001_phosphate_plate5.tif,1,816.000,816,816
2614,F8_01_1_2_Chlorophyll_A_001_phosphate_plate5.tif,1,784.000,784,784
2615,F8_01_1_2_Chlorophyll_A_001_phosphate_plate5.tif,2,808.000,784,832
2616,F8_01_1_2_Chlorophyll_A_001_phosphate_plate5.tif,2,840.000,784,896
2617,F8_01_1_2_Chlorophyll_A_001_phosphate_plate5.tif,1,768.000,768,768
2618,F8_01_1_2_Chlorophyll_A_001_phosphate_plate5.tif,1,864.000,864,864
2619,F8_01_1_2_Chlorophyll_A_001_phosphate_plate5.tif,1,848.000,848,848
2620,F8_01_1_2_Chlorophyll_A_001_phosphate_plate5.tif,3,837.333,784,928
2621,F8_01_1_2_Chlorophyll_A_001_phosphate_plate5.tif,1,816.000,816,816
2622,F8_01_1_2_Chlorophyll_A_001_phosphate_plate5.tif,2,792.000,768,816
2623,F8_01_1_2_Chlorophyll_A_001_phosphate_plate5.tif,1,928.000,928,928
2624,F8_01_1_2_Chlorophyll_A_001_phosphate_plate5.tif,3,789.333,784,800
2625,F8_01_1_2_Chlorophyll_A_001_phosphate_plate5.tif,1,832.000,832,832
2626,F8_01_1_2_Chlorophyll_A_001_phosphate_plate5.tif,30,859.733,768,1088
2627,F8_01_1_2_Chlorophyll_A_001_phosphate_plate5.tif,1,960.000,960,960
2628,F8_01_1_2_Chlorophyll_A_001_phosphate_plate5.tif,112,853.429,768,1104
2629,F8_01_1_2_Chlorophyll_A_001_phosphate_plate5.tif,74,895.351,768,1168
2630,F8_01_1_2_Chlorophyll_A_001_phosphate_plate5.tif,66,883.636,768,1120
2631,F8_01_1_2_Chlorophyll_A_001_phosphate_plate5.tif,1081,2254.609,768,27248
2632,F8_01_1_2_Chlorophyll_A_001_phosphate_plate5.tif,230,2072.904,768,19888
2633,F8_01_1_2_Chlorophyll_A_001_phosphate_plate5.tif,4,816.000,784,880
2634,F8_01_1_2_Chlorophyll_A_001_phosphate_plate5.tif,1,784.000,784,784
2635,F8_01_1_2_Chlorophyll_A_001_phosphate_plate5.tif,16,848.000,768,928
2636,F8_01_1_2_Chlorophyll_A_001_phosphate_plate5.tif,8,906.000,768,1024
2637,F8_01_1_2_Chlorophyll_A_001_phosphate_plate5.tif,1,800.000,800,800
2638,F8_01_1_2_Chlorophyll_A_001_phosphate_plate5.tif,2,784.000,768,800
2639,F8_01_1_2_Chlorophyll_A_001_phosphate_plate5.tif,1,848.000,848,848
2640,F8_01_1_2_Chlorophyll_A_001_phosphate_plate5.tif,2,872.000,800,944
2641,F8_01_1_2_Chlorophyll_A_001_phosphate_plate5.tif,3,832.000,768,912
2642,F8_01_1_2_Chlorophyll_A_001_phosphate_plate5.tif,2,800.000,784,816
2643,F8_01_1_2_Chlorophyll_A_001_phosphate_plate5.tif,1,768.000,768,768
2644,F8_01_1_2_Chlorophyll_A_001_phosphate_plate5.tif,1,784.000,784,784
2645,F8_01_1_2_Chlorophyll_A_001_phosphate_plate5.tif,3,917.333,784,1040
2646,F8_01_1_2_Chlorophyll_A_001_phosphate_plate5.tif,8,786.000,768,816
2647,F8_01_1_2_Chlorophyll_A_001_phosphate_plate5.tif,2,840.000,800,880
2648,F8_01_1_2_Chlorophyll_A_001_phosphate_plate5.tif,1,848.000,848,848
2649,F8_01_1_2_Chlorophyll_A_001_phosphate_plate5.tif,1,784.000,784,784
2650,F8_01_1_2_Chlorophyll_A_001_phosphate_plate5.tif,1,784.000,784,784
2651,F8_01_1_2_Chlorophyll_A_001_phosphate_plate5.tif,1,768.000,768,768
2652,F8_01_1_2_Chlorophyll_A_001_phosphate_plate5.tif,2,944.000,912,976
2653,F8_01_1_2_Chlorophyll_A_001_phosphate_plate5.tif,1,784.000,784,784
2654,F8_01_1_2_Chlorophyll_A_001_phosphate_plate5.tif,1,944.000,944,944
2655,F8_01_1_2_Chlorophyll_A_001_phosphate_plate5.tif,1,784.000,784,784
2656,F8_01_1_2_Chlorophyll_A_001_phosphate_plate5.tif,1,768.000,768,768
2657,F8_01_1_2_Chlorophyll_A_001_phosphate_plate5.tif,1,928.000,928,928
2658,F8_01_1_2_Chlorophyll_A_001_phosphate_plate5.tif,4,872.000,784,992
2659,F8_01_1_2_Chlorophyll_A_001_phosphate_plate5.tif,1,768.000,768,768
2660,F8_01_1_2_Chlorophyll_A_001_phosphate_plate5.tif,1,784.000,784,784
2661,F8_01_1_2_Chlorophyll_A_001_phosphate_plate5.tif,2,808.000,768,848
2662,F8_01_1_2_Chlorophyll_A_001_phosphate_plate5.tif,1,800.000,800,800
2663,F8_01_1_2_Chlorophyll_A_001_phosphate_plate5.tif,1,848.000,848,848
2664,F8_01_1_2_Chlorophyll_A_001_phosphate_plate5.tif,1,928.000,928,928
2665,F8_01_1_2_Chlorophyll_A_001_phosphate_plate5.tif,1,912.000,912,912
2666,F8_01_1_2_Chlorophyll_A_001_phosphate_plate5.tif,1,768.000,768,768
2667,F8_01_1_2_Chlorophyll_A_001_phosphate_plate5.tif,1,816.000,816,816
2668,F8_01_1_2_Chlorophyll_A_001_phosphate_plate5.tif,43,879.628,768,1152
2669,F8_01_1_2_Chlorophyll_A_001_phosphate_plate5.tif,37,873.081,768,1104
2670,F8_01_1_2_Chlorophyll_A_001_phosphate_plate5.tif,1,960.000,960,960
2671,F8_01_1_2_Chlorophyll_A_001_phosphate_plate5.tif,2,880.000,816,944
2672,F8_01_1_2_Chlorophyll_A_001_phosphate_plate5.tif,4,824.000,768,912
2673,F8_01_1_2_Chlorophyll_A_001_phosphate_plate5.tif,1,864.000,864,864
2674,F8_01_1_2_Chlorophyll_A_001_phosphate_plate5.tif,5,854.400,768,1008
2675,F8_01_1_2_Chlorophyll_A_001_phosphate_plate5.tif,2,768.000,768,768
2676,F8_01_1_2_Chlorophyll_A_001_phosphate_plate5.tif,4,888.000,768,960
2677,F8_01_1_2_Chlorophyll_A_001_phosphate_plate5.tif,2,880.000,768,992
2678,F8_01_1_2_Chlorophyll_A_001_phosphate_plate5.tif,1,848.000,848,848
2679,F8_01_1_2_Chlorophyll_A_001_phosphate_plate5.tif,1,768.000,768,768
2680,F8_01_1_2_Chlorophyll_A_001_phosphate_plate5.tif,1,864.000,864,864
2681,F8_01_1_2_Chlorophyll_A_001_phosphate_plate5.tif,2,896.000,848,944
2682,F8_01_1_2_Chlorophyll_A_001_phosphate_plate5.tif,1,864.000,864,864
2683,F8_01_1_2_Chlorophyll_A_001_phosphate_plate5.tif,1,864.000,864,864
2684,F8_01_1_2_Chlorophyll_A_001_phosphate_plate5.tif,5,851.200,816,928
2685,F8_01_1_2_Chlorophyll_A_001_phosphate_plate5.tif,1,784.000,784,784
2686,F8_01_1_2_Chlorophyll_A_001_phosphate_plate5.tif,6,805.333,768,848
2687,F8_01_1_2_Chlorophyll_A_001_phosphate_plate5.tif,1,816.000,816,816
2688,F8_01_1_2_Chlorophyll_A_001_phosphate_plate5.tif,2,768.000,768,768
2689,F8_01_1_2_Chlorophyll_A_001_phosphate_plate5.tif,4,828.000,768,864
2690,F8_01_1_2_Chlorophyll_A_001_phosphate_plate5.tif,1,848.000,848,848
2691,F8_01_1_2_Chlorophyll_A_001_phosphate_plate5.tif,1,880.000,880,880
2692,F8_01_1_2_Chlorophyll_A_001_phosphate_plate5.tif,2,824.000,768,880
2693,F8_01_1_2_Chlorophyll_A_001_phosphate_plate5.tif,1,800.000,800,800
2694,F8_01_1_2_Chlorophyll_A_001_phosphate_plate5.tif,4,812.000,768,864
2695,F8_01_1_2_Chlorophyll_A_001_phosphate_plate5.tif,1,880.000,880,880
2696,F8_01_1_2_Chlorophyll_A_001_phosphate_plate5.tif,1,784.000,784,784
2697,F8_01_1_2_Chlorophyll_A_001_phosphate_plate5.tif,1,768.000,768,768
2698,F8_01_1_2_Chlorophyll_A_001_phosphate_plate5.tif,1,800.000,800,800
2699,F8_01_1_2_Chlorophyll_A_001_phosphate_plate5.tif,1,976.000,976,976
2700,F8_01_1_2_Chlorophyll_A_001_phosphate_plate5.tif,1,848.000,848,848
2701,F8_01_1_2_Chlorophyll_A_001_phosphate_plate5.tif,1,784.000,784,784
2702,F8_01_1_2_Chlorophyll_A_001_phosphate_plate5.tif,3,800.000,768,832
2703,F8_01_1_2_Chlorophyll_A_001_phosphate_plate5.tif,1,816.000,816,816
2704,F8_01_1_2_Chlorophyll_A_001_phosphate_plate5.tif,1,816.000,816,816
2705,F8_01_1_2_Chlorophyll_A_001_phosphate_plate5.tif,1,800.000,800,800
2706,F8_01_1_2_Chlorophyll_A_001_phosphate_plate5.tif,1,816.000,816,816
2707,F8_01_1_2_Chlorophyll_A_001_phosphate_plate5.tif,1,864.000,864,864
2708,F8_01_1_2_Chlorophyll_A_001_phosphate_plate5.tif,2,768.000,768,768
2709,F8_01_1_2_Chlorophyll_A_001_phosphate_plate5.tif,1,864.000,864,864
2710,F8_01_1_2_Chlorophyll_A_001_phosphate_plate5.tif,1,784.000,784,784
2711,F8_01_1_2_Chlorophyll_A_001_phosphate_plate5.tif,2,784.000,768,800
2712,F8_01_1_2_Chlorophyll_A_001_phosphate_plate5.tif,1,784.000,784,784
2713,F8_01_1_2_Chlorophyll_A_001_phosphate_plate5.tif,1,768.000,768,768
2714,F8_01_1_2_Chlorophyll_A_001_phosphate_plate5.tif,1,896.000,896,896
2715,F8_01_1_2_Chlorophyll_A_001_phosphate_plate5.tif,2,856.000,816,896
2716,F8_01_1_2_Chlorophyll_A_001_phosphate_plate5.tif,5,841.600,768,928
2717,F8_01_1_2_Chlorophyll_A_001_phosphate_plate5.tif,2,888.000,880,896
2718,F8_01_1_2_Chlorophyll_A_001_phosphate_plate5.tif,12,836.000,768,1008
2719,F8_01_1_2_Chlorophyll_A_001_phosphate_plate5.tif,12,849.333,768,960
2720,F8_01_1_2_Chlorophyll_A_001_phosphate_plate5.tif,2,784.000,768,800
2721,F8_01_1_2_Chlorophyll_A_001_phosphate_plate5.tif,1,768.000,768,768
2722,F8_01_1_2_Chlorophyll_A_001_phosphate_plate5.tif,3,789.333,768,832
2723,F8_01_1_2_Chlorophyll_A_001_phosphate_plate5.tif,6,837.333,768,896
2724,F8_01_1_2_Chlorophyll_A_001_phosphate_plate5.tif,26,911.385,768,1168
2725,F8_01_1_2_Chlorophyll_A_001_phosphate_plate5.tif,27,911.407,768,1264
2726,F8_01_1_2_Chlorophyll_A_001_phosphate_plate5.tif,43,900.093,768,1024
2727,F8_01_1_2_Chlorophyll_A_001_phosphate_plate5.tif,202,1476.356,768,10032
2728,F8_01_1_2_Chlorophyll_A_001_phosphate_plate5.tif,35,900.571,768,1088
2729,F8_01_1_2_Chlorophyll_A_001_phosphate_plate5.tif,4,876.000,784,960
2730,F8_01_1_2_Chlorophyll_A_001_phosphate_plate5.tif,1,784.000,784,784
2731,F8_01_1_2_Chlorophyll_A_001_phosphate_plate5.tif,26,843.692,768,992
2732,F8_01_1_2_Chlorophyll_A_001_phosphate_plate5.tif,13,903.385,768,1168
2733,F8_01_1_2_Chlorophyll_A_001_phosphate_plate5.tif,3,837.333,768,880
2734,F8_01_1_2_Chlorophyll_A_001_phosphate_plate5.tif,4,796.000,768,848
2735,F8_01_1_2_Chlorophyll_A_001_phosphate_plate5.tif,2,840.000,768,912
2736,F8_01_1_2_Chlorophyll_A_001_phosphate_plate5.tif,6,850.667,768,976
2737,F8_01_1_2_Chlorophyll_A_001_phosphate_plate5.tif,9,856.889,784,976
2738,F8_01_1_2_Chlorophyll_A_001_phosphate_plate5.tif,1,784.000,784,784
2739,F8_01_1_2_Chlorophyll_A_001_phosphate_plate5.tif,2,904.000,816,992
2740,F8_01_1_2_Chlorophyll_A_001_phosphate_plate5.tif,1,816.000,816,816
2741,F8_01_1_2_Chlorophyll_A_001_phosphate_plate5.tif,1,912.000,912,912
2742,F8_01_1_2_Chlorophyll_A_001_phosphate_plate5.tif,2,856.000,784,928
2743,F8_01_1_2_Chlorophyll_A_001_phosphate_plate5.tif,1,864.000,864,864
2744,F8_01_1_2_Chlorophyll_A_001_phosphate_plate5.tif,2,824.000,800,848
2745,F8_01_1_2_Chlorophyll_A_001_phosphate_plate5.tif,1,784.000,784,784
2746,F8_01_1_2_Chlorophyll_A_001_phosphate_plate5.tif,1,768.000,768,768
2747,F8_01_1_2_Chlorophyll_A_001_phosphate_plate5.tif,1,928.000,928,928
2748,F8_01_1_2_Chlorophyll_A_001_phosphate_plate5.tif,1,768.000,768,768
2749,F8_01_1_2_Chlorophyll_A_001_phosphate_plate5.tif,1,864.000,864,864
2750,F8_01_1_2_Chlorophyll_A_001_phosphate_plate5.tif,1,832.000,832,832
2751,F8_01_1_2_Chlorophyll_A_001_phosphate_plate5.tif,2,800.000,800,800
2752,F8_01_1_2_Chlorophyll_A_001_phosphate_plate5.tif,1,864.000,864,864
2753,F8_01_1_2_Chlorophyll_A_001_phosphate_plate5.tif,5,816.000,768,896
2754,F8_01_1_2_Chlorophyll_A_001_phosphate_plate5.tif,1,784.000,784,784
2755,F8_01_1_2_Chlorophyll_A_001_phosphate_plate5.tif,1,768.000,768,768
2756,F8_01_1_2_Chlorophyll_A_001_phosphate_plate5.tif,1,944.000,944,944
2757,F8_01_1_2_Chlorophyll_A_001_phosphate_plate5.tif,1,784.000,784,784
2758,F8_01_1_2_Chlorophyll_A_001_phosphate_plate5.tif,1,784.000,784,784
2759,F8_01_1_2_Chlorophyll_A_001_phosphate_plate5.tif,1,880.000,880,880
2760,F8_01_1_2_Chlorophyll_A_001_phosphate_plate5.tif,1,784.000,784,784
2761,F8_01_1_2_Chlorophyll_A_001_phosphate_plate5.tif,3,805.333,768,832
2762,F8_01_1_2_Chlorophyll_A_001_phosphate_plate5.tif,4,876.000,800,960
2763,F8_01_1_2_Chlorophyll_A_001_phosphate_plate5.tif,1,784.000,784,784
2764,F8_01_1_2_Chlorophyll_A_001_phosphate_plate5.tif,1,784.000,784,784
2765,F8_01_1_2_Chlorophyll_A_001_phosphate_plate5.tif,199,1647.035,768,8800
2766,F8_01_1_2_Chlorophyll_A_001_phosphate_plate5.tif,7,905.143,800,1056
2767,F8_01_1_2_Chlorophyll_A_001_phosphate_plate5.tif,1,896.000,896,896
2768,F8_01_1_2_Chlorophyll_A_001_phosphate_plate5.tif,237,2200.034,768,17728
2769,F8_01_1_2_Chlorophyll_A_001_phosphate_plate5.tif,5,860.800,816,960
2770,F8_01_1_2_Chlorophyll_A_001_phosphate_plate5.tif,5,848.000,768,928
2771,F8_01_1_2_Chlorophyll_A_001_phosphate_plate5.tif,1,896.000,896,896
2772,F8_01_1_2_Chlorophyll_A_001_phosphate_plate5.tif,3,880.000,768,1056
2773,F8_01_1_2_Chlorophyll_A_001_phosphate_plate5.tif,240,1857.867,768,14768
2774,F8_01_1_2_Chlorophyll_A_001_phosphate_plate5.tif,2,872.000,832,912
2775,F8_01_1_2_Chlorophyll_A_001_phosphate_plate5.tif,3,832.000,768,880
2776,F8_01_1_2_Chlorophyll_A_001_phosphate_plate5.tif,1,800.000,800,800
2777,F8_01_1_2_Chlorophyll_A_001_phosphate_plate5.tif,3,773.333,768,784
2778,F8_01_1_2_Chlorophyll_A_001_phosphate_plate5.tif,1,848.000,848,848
2779,F8_01_1_2_Chlorophyll_A_001_phosphate_plate5.tif,1,768.000,768,768
2780,F8_01_1_2_Chlorophyll_A_001_phosphate_plate5.tif,2,832.000,816,848
2781,F8_01_1_2_Chlorophyll_A_001_phosphate_plate5.tif,2,928.000,880,976
2782,F8_01_1_2_Chlorophyll_A_001_phosphate_plate5.tif,3,842.667,784,912
2783,F8_01_1_2_Chlorophyll_A_001_phosphate_plate5.tif,1,880.000,880,880
2784,F8_01_1_2_Chlorophyll_A_001_phosphate_plate5.tif,1,800.000,800,800
2785,F8_01_1_2_Chlorophyll_A_001_phosphate_plate5.tif,1,784.000,784,784
2786,F8_01_1_2_Chlorophyll_A_001_phosphate_plate5.tif,1,816.000,816,816
2787,F8_01_1_2_Chlorophyll_A_001_phosphate_plate5.tif,3,928.000,816,992
2788,F8_01_1_2_Chlorophyll_A_001_phosphate_plate5.tif,2,816.000,768,864
2789,F8_01_1_2_Chlorophyll_A_001_phosphate_plate5.tif,1,912.000,912,912
2790,F8_01_1_2_Chlorophyll_A_001_phosphate_plate5.tif,3,789.333,768,800
2791,F8_01_1_2_Chlorophyll_A_001_phosphate_plate5.tif,1,800.000,800,800
2792,F8_01_1_2_Chlorophyll_A_001_phosphate_plate5.tif,1,800.000,800,800
2793,F8_01_1_2_Chlorophyll_A_001_phosphate_plate5.tif,1,768.000,768,768
2794,F8_01_1_2_Chlorophyll_A_001_phosphate_plate5.tif,3,789.333,784,800
2795,F8_01_1_2_Chlorophyll_A_001_phosphate_plate5.tif,1,864.000,864,864
2796,F8_01_1_2_Chlorophyll_A_001_phosphate_plate5.tif,2,952.000,896,1008
2797,F8_01_1_2_Chlorophyll_A_001_phosphate_plate5.tif,4,848.000,768,880
2798,F8_01_1_2_Chlorophyll_A_001_phosphate_plate5.tif,1,800.000,800,800
2799,F8_01_1_2_Chlorophyll_A_001_phosphate_plate5.tif,1,960.000,960,960
2800,F8_01_1_2_Chlorophyll_A_001_phosphate_plate5.tif,1,816.000,816,816
2801,F8_01_1_2_Chlorophyll_A_001_phosphate_plate5.tif,1,800.000,800,800
2802,F8_01_1_2_Chlorophyll_A_001_phosphate_plate5.tif,1,768.000,768,768
2803,F8_01_1_2_Chlorophyll_A_001_phosphate_plate5.tif,1,848.000,848,848
2804,F8_01_1_2_Chlorophyll_A_001_phosphate_plate5.tif,1,816.000,816,816
2805,F8_01_1_2_Chlorophyll_A_001_phosphate_plate5.tif,2,856.000,816,896
2806,F8_01_1_2_Chlorophyll_A_001_phosphate_plate5.tif,1,800.000,800,800
2807,F8_01_1_2_Chlorophyll_A_001_phosphate_plate5.tif,1,864.000,864,864
2808,F8_01_1_2_Chlorophyll_A_001_phosphate_plate5.tif,3,832.000,784,928
2809,F8_01_1_2_Chlorophyll_A_001_phosphate_plate5.tif,1,912.000,912,912
2810,F8_01_1_2_Chlorophyll_A_001_phosphate_plate5.tif,1,880.000,880,880
2811,F8_01_1_2_Chlorophyll_A_001_phosphate_plate5.tif,5,803.200,768,864
2812,F8_01_1_2_Chlorophyll_A_001_phosphate_plate5.tif,2,784.000,784,784
2813,F8_01_1_2_Chlorophyll_A_001_phosphate_plate5.tif,30,856.000,768,1072
2814,F8_01_1_2_Chlorophyll_A_001_phosphate_plate5.tif,2,928.000,928,928
2815,F8_01_1_2_Chlorophyll_A_001_phosphate_plate5.tif,77,879.169,768,1120
2816,F8_01_1_2_Chlorophyll_A_001_phosphate_plate5.tif,10,942.400,816,1184
2817,F8_01_1_2_Chlorophyll_A_001_phosphate_plate5.tif,11,897.455,768,992
2818,F8_01_1_2_Chlorophyll_A_001_phosphate_plate5.tif,34,864.000,768,1104
2819,F8_01_1_2_Chlorophyll_A_001_phosphate_plate5.tif,7,870.857,768,1024
2820,F8_01_1_2_Chlorophyll_A_001_phosphate_plate5.tif,1,768.000,768,768
2821,F8_01_1_2_Chlorophyll_A_001_phosphate_plate5.tif,4,808.000,768,848
2822,F8_01_1_2_Chlorophyll_A_001_phosphate_plate5.tif,2,824.000,816,832
2823,F8_01_1_2_Chlorophyll_A_001_phosphate_plate5.tif,1,960.000,960,960
2824,F8_01_1_2_Chlorophyll_A_001_phosphate_plate5.tif,7,873.143,768,944
2825,F8_01_1_2_Chlorophyll_A_001_phosphate_plate5.tif,9,846.222,768,1008
2826,F8_01_1_2_Chlorophyll_A_001_phosphate_plate5.tif,34,843.765,768,1024
2827,F8_01_1_2_Chlorophyll_A_001_phosphate_plate5.tif,1,768.000,768,768
2828,F8_01_1_2_Chlorophyll_A_001_phosphate_plate5.tif,1,800.000,800,800
2829,F8_01_1_2_Chlorophyll_A_001_phosphate_plate5.tif,1,816.000,816,816
2830,F8_01_1_2_Chlorophyll_A_001_phosphate_plate5.tif,2,872.000,832,912
2831,F8_01_1_2_Chlorophyll_A_001_phosphate_plate5.tif,2,896.000,816,976
2832,F8_01_1_2_Chlorophyll_A_001_phosphate_plate5.tif,2,792.000,768,816
2833,F8_01_1_2_Chlorophyll_A_001_phosphate_plate5.tif,4,856.000,784,928
2834,F8_01_1_2_Chlorophyll_A_001_phosphate_plate5.tif,2,768.000,768,768
2835,F8_01_1_2_Chlorophyll_A_001_phosphate_plate5.tif,2,864.000,832,896
2836,F8_01_1_2_Chlorophyll_A_001_phosphate_plate5.tif,1,768.000,768,768
2837,F8_01_1_2_Chlorophyll_A_001_phosphate_plate5.tif,2,824.000,784,864
2838,F8_01_1_2_Chlorophyll_A_001_phosphate_plate5.tif,2,808.000,768,848
2839,F8_01_1_2_Chlorophyll_A_001_phosphate_plate5.tif,1,768.000,768,768
2840,F8_01_1_2_Chlorophyll_A_001_phosphate_plate5.tif,1,880.000,880,880
2841,F8_01_1_2_Chlorophyll_A_001_phosphate_plate5.tif,1,832.000,832,832
2842,F8_01_1_2_Chlorophyll_A_001_phosphate_plate5.tif,1,864.000,864,864
2843,F8_01_1_2_Chlorophyll_A_001_phosphate_plate5.tif,1,768.000,768,768
2844,F8_01_1_2_Chlorophyll_A_001_phosphate_plate5.tif,1,880.000,880,880
2845,F8_01_1_2_Chlorophyll_A_001_phosphate_plate5.tif,4,832.000,800,928
2846,F8_01_1_2_Chlorophyll_A_001_phosphate_plate5.tif,3,821.333,784,864
2847,F8_01_1_2_Chlorophyll_A_001_phosphate_plate5.tif,1,848.000,848,848
2848,F8_01_1_2_Chlorophyll_A_001_phosphate_plate5.tif,1,880.000,880,880
2849,F8_01_1_2_Chlorophyll_A_001_phosphate_plate5.tif,1,912.000,912,912
2850,F8_01_1_2_Chlorophyll_A_001_phosphate_plate5.tif,1,768.000,768,768
2851,F8_01_1_2_Chlorophyll_A_001_phosphate_plate5.tif,1,800.000,800,800
2852,F8_01_1_2_Chlorophyll_A_001_phosphate_plate5.tif,1,784.000,784,784
2853,F8_01_1_2_Chlorophyll_A_001_phosphate_plate5.tif,1,816.000,816,816
2854,F8_01_1_2_Chlorophyll_A_001_phosphate_plate5.tif,1,768.000,768,768
2855,F8_01_1_2_Chlorophyll_A_001_phosphate_plate5.tif,3,826.667,768,928
2856,F8_01_1_2_Chlorophyll_A_001_phosphate_plate5.tif,1,848.000,848,848
2857,F8_01_1_2_Chlorophyll_A_001_phosphate_plate5.tif,1,768.000,768,768
2858,F8_01_1_2_Chlorophyll_A_001_phosphate_plate5.tif,2,792.000,768,816
2859,F8_01_1_2_Chlorophyll_A_001_phosphate_plate5.tif,1,896.000,896,896
2860,F8_01_1_2_Chlorophyll_A_001_phosphate_plate5.tif,3,864.000,816,896
2861,F8_01_1_2_Chlorophyll_A_001_phosphate_plate5.tif,1,784.000,784,784
2862,F8_01_1_2_Chlorophyll_A_001_phosphate_plate5.tif,1,912.000,912,912
2863,F8_01_1_2_Chlorophyll_A_001_phosphate_plate5.tif,2,872.000,848,896
2864,F8_01_1_2_Chlorophyll_A_001_phosphate_plate5.tif,1,768.000,768,768
2865,F8_01_1_2_Chlorophyll_A_001_phosphate_plate5.tif,4,848.000,768,944
2866,F8_01_1_2_Chlorophyll_A_001_phosphate_plate5.tif,1,816.000,816,816
2867,F8_01_1_2_Chlorophyll_A_001_phosphate_plate5.tif,1,960.000,960,960
2868,F8_01_1_2_Chlorophyll_A_001_phosphate_plate5.tif,1,1040.000,1040,1040
2869,F8_01_1_2_Chlorophyll_A_001_phosphate_plate5.tif,3,853.333,800,896
2870,F8_01_1_2_Chlorophyll_A_001_phosphate_plate5.tif,3,858.667,784,896
2871,F8_01_1_2_Chlorophyll_A_001_phosphate_plate5.tif,46,912.000,768,1216
2872,F8_01_1_2_Chlorophyll_A_001_phosphate_plate5.tif,30,876.267,768,1248
2873,F8_01_1_2_Chlorophyll_A_001_phosphate_plate5.tif,385,2067.782,768,23712
2874,F8_01_1_2_Chlorophyll_A_001_phosphate_plate5.tif,9,881.778,784,1040
2875,F8_01_1_2_Chlorophyll_A_001_phosphate_plate5.tif,1,768.000,768,768
2876,F8_01_1_2_Chlorophyll_A_001_phosphate_plate5.tif,1,864.000,864,864
2877,F8_01_1_2_Chlorophyll_A_001_phosphate_plate5.tif,4,792.000,768,832
2878,F8_01_1_2_Chlorophyll_A_001_phosphate_plate5.tif,1,832.000,832,832
2879,F8_01_1_2_Chlorophyll_A_001_phosphate_plate5.tif,4,868.000,768,928
2880,F8_01_1_2_Chlorophyll_A_001_phosphate_plate5.tif,1,928.000,928,928
2881,F8_01_1_2_Chlorophyll_A_001_phosphate_plate5.tif,3,805.333,768,864
2882,F8_01_1_2_Chlorophyll_A_001_phosphate_plate5.tif,2,832.000,800,864
2883,F8_01_1_2_Chlorophyll_A_001_phosphate_plate5.tif,1,848.000,848,848
2884,F8_01_1_2_Chlorophyll_A_001_phosphate_plate5.tif,3,805.333,768,848
2885,F8_01_1_2_Chlorophyll_A_001_phosphate_plate5.tif,3,816.000,768,848
2886,F8_01_1_2_Chlorophyll_A_001_phosphate_plate5.tif,1,800.000,800,800
2887,F8_01_1_2_Chlorophyll_A_001_phosphate_plate5.tif,3,816.000,768,896
2888,F8_01_1_2_Chlorophyll_A_001_phosphate_plate5.tif,2,848.000,784,912
2889,F8_01_1_2_Chlorophyll_A_001_phosphate_plate5.tif,1,784.000,784,784
2890,F8_01_1_2_Chlorophyll_A_001_phosphate_plate5.tif,1,816.000,816,816
2891,F8_01_1_2_Chlorophyll_A_001_phosphate_plate5.tif,2,792.000,784,800
2892,F8_01_1_2_Chlorophyll_A_001_phosphate_plate5.tif,1,800.000,800,800
2893,F8_01_1_2_Chlorophyll_A_001_phosphate_plate5.tif,1,768.000,768,768
2894,F8_01_1_2_Chlorophyll_A_001_phosphate_plate5.tif,2,776.000,768,784
2895,F8_01_1_2_Chlorophyll_A_001_phosphate_plate5.tif,1,816.000,816,816
2896,F8_01_1_2_Chlorophyll_A_001_phosphate_plate5.tif,1,816.000,816,816
2897,F8_01_1_2_Chlorophyll_A_001_phosphate_plate5.tif,1,800.000,800,800
2898,F8_01_1_2_Chlorophyll_A_001_phosphate_plate5.tif,1,848.000,848,848
2899,F8_01_1_2_Chlorophyll_A_001_phosphate_plate5.tif,2,864.000,816,912
2900,F8_01_1_2_Chlorophyll_A_001_phosphate_plate5.tif,1,848.000,848,848
2901,F8_01_1_2_Chlorophyll_A_001_phosphate_plate5.tif,1,816.000,816,816
2902,F8_01_1_2_Chlorophyll_A_001_phosphate_plate5.tif,1,800.000,800,800
2903,F8_01_1_2_Chlorophyll_A_001_phosphate_plate5.tif,1,816.000,816,816
2904,F8_01_1_2_Chlorophyll_A_001_phosphate_plate5.tif,14,857.143,784,992
2905,F8_01_1_2_Chlorophyll_A_001_phosphate_plate5.tif,1,784.000,784,784
2906,F8_01_1_2_Chlorophyll_A_001_phosphate_plate5.tif,63,882.032,768,1152
2907,F8_01_1_2_Chlorophyll_A_001_phosphate_plate5.tif,27,868.741,768,1072
2908,F8_01_1_2_Chlorophyll_A_001_phosphate_plate5.tif,40,876.400,768,1088
2909,F8_01_1_2_Chlorophyll_A_001_phosphate_plate5.tif,68,896.706,768,1184
2910,F8_01_1_2_Chlorophyll_A_001_phosphate_plate5.tif,51,863.059,768,1072
2911,F8_01_1_2_Chlorophyll_A_001_phosphate_plate5.tif,4,868.000,784,1024
2912,F8_01_1_2_Chlorophyll_A_001_phosphate_plate5.tif,1,896.000,896,896
2913,F8_01_1_2_Chlorophyll_A_001_phosphate_plate5.tif,13,888.615,784,1024
2914,F8_01_1_2_Chlorophyll_A_001_phosphate_plate5.tif,2,896.000,832,960
2915,F8_01_1_2_Chlorophyll_A_001_phosphate_plate5.tif,5,857.600,768,1040
2916,F8_01_1_2_Chlorophyll_A_001_phosphate_plate5.tif,1,784.000,784,784
2917,F8_01_1_2_Chlorophyll_A_001_phosphate_plate5.tif,2,832.000,800,864
2918,F8_01_1_2_Chlorophyll_A_001_phosphate_plate5.tif,1,816.000,816,816
2919,F8_01_1_2_Chlorophyll_A_001_phosphate_plate5.tif,1,784.000,784,784
2920,F8_01_1_2_Chlorophyll_A_001_phosphate_plate5.tif,1,848.000,848,848
2921,F8_01_1_2_Chlorophyll_A_001_phosphate_plate5.tif,1,816.000,816,816
2922,F8_01_1_2_Chlorophyll_A_001_phosphate_plate5.tif,1,848.000,848,848
2923,F8_01_1_2_Chlorophyll_A_001_phosphate_plate5.tif,1,1040.000,1040,1040
2924,F8_01_1_2_Chlorophyll_A_001_phosphate_plate5.tif,4,860.000,768,976
2925,F8_01_1_2_Chlorophyll_A_001_phosphate_plate5.tif,1,784.000,784,784
2926,F8_01_1_2_Chlorophyll_A_001_phosphate_plate5.tif,1,784.000,784,784
2927,F8_01_1_2_Chlorophyll_A_001_phosphate_plate5.tif,6,821.333,768,944
2928,F8_01_1_2_Chlorophyll_A_001_phosphate_plate5.tif,3,890.667,800,944
2929,F8_01_1_2_Chlorophyll_A_001_phosphate_plate5.tif,1,864.000,864,864
2930,F8_01_1_2_Chlorophyll_A_001_phosphate_plate5.tif,1,768.000,768,768
2931,F8_01_1_2_Chlorophyll_A_001_phosphate_plate5.tif,1,816.000,816,816
2932,F8_01_1_2_Chlorophyll_A_001_phosphate_plate5.tif,1,816.000,816,816
2933,F8_01_1_2_Chlorophyll_A_001_phosphate_plate5.tif,1,976.000,976,976
2934,F8_01_1_2_Chlorophyll_A_001_phosphate_plate5.tif,1,896.000,896,896
2935,F8_01_1_2_Chlorophyll_A_001_phosphate_plate5.tif,1,896.000,896,896
2936,F8_01_1_2_Chlorophyll_A_001_phosphate_plate5.tif,2,792.000,784,800
2937,F8_01_1_2_Chlorophyll_A_001_phosphate_plate5.tif,1,832.000,832,832
2938,F8_01_1_2_Chlorophyll_A_001_phosphate_plate5.tif,2,912.000,880,944
2939,F8_01_1_2_Chlorophyll_A_001_phosphate_plate5.tif,1,880.000,880,880
2940,F8_01_1_2_Chlorophyll_A_001_phosphate_plate5.tif,3,832.000,784,864
2941,F8_01_1_2_Chlorophyll_A_001_phosphate_plate5.tif,1,864.000,864,864
2942,F8_01_1_2_Chlorophyll_A_001_phosphate_plate5.tif,4,808.000,784,816
2943,F8_01_1_2_Chlorophyll_A_001_phosphate_plate5.tif,1,768.000,768,768
2944,F8_01_1_2_Chlorophyll_A_001_phosphate_plate5.tif,1,784.000,784,784
2945,F8_01_1_2_Chlorophyll_A_001_phosphate_plate5.tif,27,891.259,768,1120
2946,F8_01_1_2_Chlorophyll_A_001_phosphate_plate5.tif,1,800.000,800,800
2947,F8_01_1_2_Chlorophyll_A_001_phosphate_plate5.tif,1,768.000,768,768
2948,F8_01_1_2_Chlorophyll_A_001_phosphate_plate5.tif,1,768.000,768,768
2949,F8_01_1_2_Chlorophyll_A_001_phosphate_plate5.tif,2,800.000,768,832
2950,F8_01_1_2_Chlorophyll_A_001_phosphate_plate5.tif,1,784.000,784,784
2951,F8_01_1_2_Chlorophyll_A_001_phosphate_plate5.tif,1,816.000,816,816
2952,F8_01_1_2_Chlorophyll_A_001_phosphate_plate5.tif,1,768.000,768,768
2953,F8_01_1_2_Chlorophyll_A_001_phosphate_plate5.tif,1,784.000,784,784
2954,F8_01_1_2_Chlorophyll_A_001_phosphate_plate5.tif,3,800.000,768,832
2955,F8_01_1_2_Chlorophyll_A_001_phosphate_plate5.tif,1,768.000,768,768
2956,F8_01_1_2_Chlorophyll_A_001_phosphate_plate5.tif,6,826.667,768,944
2957,F8_01_1_2_Chlorophyll_A_001_phosphate_plate5.tif,13,832.000,768,880
2958,F8_01_1_2_Chlorophyll_A_001_phosphate_plate5.tif,7,834.286,784,928
2959,F8_01_1_2_Chlorophyll_A_001_phosphate_plate5.tif,4,920.000,768,992
2960,F8_01_1_2_Chlorophyll_A_001_phosphate_plate5.tif,42,875.429,768,1072
2961,F8_01_1_2_Chlorophyll_A_001_phosphate_plate5.tif,56,855.429,768,992
2962,F8_01_1_2_Chlorophyll_A_001_phosphate_plate5.tif,23,861.913,768,1024
2963,F8_01_1_2_Chlorophyll_A_001_phosphate_plate5.tif,113,995.965,768,1584
2964,F8_01_1_2_Chlorophyll_A_001_phosphate_plate5.tif,85,883.576,768,1088
2965,F8_01_1_2_Chlorophyll_A_001_phosphate_plate5.tif,1,768.000,768,768
2966,F8_01_1_2_Chlorophyll_A_001_phosphate_plate5.tif,3,922.667,864,976
2967,F8_01_1_2_Chlorophyll_A_001_phosphate_plate5.tif,6,792.000,768,832
2968,F8_01_1_2_Chlorophyll_A_001_phosphate_plate5.tif,2,800.000,768,832
2969,F8_01_1_2_Chlorophyll_A_001_phosphate_plate5.tif,2,808.000,784,832
2970,F8_01_1_2_Chlorophyll_A_001_phosphate_plate5.tif,1,800.000,800,800
2971,F8_01_1_2_Chlorophyll_A_001_phosphate_plate5.tif,4,812.000,768,880
2972,F8_01_1_2_Chlorophyll_A_001_phosphate_plate5.tif,1,800.000,800,800
2973,F8_01_1_2_Chlorophyll_A_001_phosphate_plate5.tif,2,856.000,848,864
2974,F8_01_1_2_Chlorophyll_A_001_phosphate_plate5.tif,1,912.000,912,912
2975,F8_01_1_2_Chlorophyll_A_001_phosphate_plate5.tif,2,800.000,768,832
2976,F8_01_1_2_Chlorophyll_A_001_phosphate_plate5.tif,1,800.000,800,800
2977,F8_01_1_2_Chlorophyll_A_001_phosphate_plate5.tif,3,826.667,784,864
2978,F8_01_1_2_Chlorophyll_A_001_phosphate_plate5.tif,1,768.000,768,768
2979,F8_01_1_2_Chlorophyll_A_001_phosphate_plate5.tif,1,800.000,800,800
2980,F8_01_1_2_Chlorophyll_A_001_phosphate_plate5.tif,1,848.000,848,848
2981,F8_01_1_2_Chlorophyll_A_001_phosphate_plate5.tif,1,832.000,832,832
2982,F8_01_1_2_Chlorophyll_A_001_phosphate_plate5.tif,1,768.000,768,768
2983,F8_01_1_2_Chlorophyll_A_001_phosphate_plate5.tif,1,864.000,864,864
2984,F8_01_1_2_Chlorophyll_A_001_phosphate_plate5.tif,1,896.000,896,896
2985,F8_01_1_2_Chlorophyll_A_001_phosphate_plate5.tif,2,792.000,768,816
2986,F8_01_1_2_Chlorophyll_A_001_phosphate_plate5.tif,1,800.000,800,800
2987,F8_01_1_2_Chlorophyll_A_001_phosphate_plate5.tif,3,848.000,768,976
2988,F8_01_1_2_Chlorophyll_A_001_phosphate_plate5.tif,1,816.000,816,816
2989,F8_01_1_2_Chlorophyll_A_001_phosphate_plate5.tif,1,912.000,912,912
2990,F8_01_1_2_Chlorophyll_A_001_phosphate_plate5.tif,3,890.667,816,1040
2991,F8_01_1_2_Chlorophyll_A_001_phosphate_plate5.tif,2,856.000,848,864
2992,F8_01_1_2_Chlorophyll_A_001_phosphate_plate5.tif,1,784.000,784,784
2993,F8_01_1_2_Chlorophyll_A_001_phosphate_plate5.tif,2,800.000,768,832
2994,F8_01_1_2_Chlorophyll_A_001_phosphate_plate5.tif,1,784.000,784,784
2995,F8_01_1_2_Chlorophyll_A_001_phosphate_plate5.tif,1,816.000,816,816
2996,F8_01_1_2_Chlorophyll_A_001_phosphate_plate5.tif,1,784.000,784,784
2997,F8_01_1_2_Chlorophyll_A_001_phosphate_plate5.tif,1,864.000,864,864
2998,F8_01_1_2_Chlorophyll_A_001_phosphate_plate5.tif,3,837.333,784,880
2999,F8_01_1_2_Chlorophyll_A_001_phosphate_plate5.tif,1,848.000,848,848
3000,F8_01_1_2_Chlorophyll_A_001_phosphate_plate5.tif,1,816.000,816,816
3001,F8_01_1_2_Chlorophyll_A_001_phosphate_plate5.tif,2,816.000,768,864
3002,F8_01_1_2_Chlorophyll_A_001_phosphate_plate5.tif,2,840.000,784,896
3003,F8_01_1_2_Chlorophyll_A_001_phosphate_plate5.tif,3,794.667,768,848
3004,F8_01_1_2_Chlorophyll_A_001_phosphate_plate5.tif,3,821.333,784,864
3005,F8_01_1_2_Chlorophyll_A_001_phosphate_plate5.tif,1,832.000,832,832
3006,F8_01_1_2_Chlorophyll_A_001_phosphate_plate5.tif,4,904.000,848,1024
3007,F8_01_1_2_Chlorophyll_A_001_phosphate_plate5.tif,3,842.667,816,896
3008,F8_01_1_2_Chlorophyll_A_001_phosphate_plate5.tif,1,784.000,784,784
3009,F8_01_1_2_Chlorophyll_A_001_phosphate_plate5.tif,17,858.353,768,1024
3010,F8_01_1_2_Chlorophyll_A_001_phosphate_plate5.tif,5,819.200,768,960
3011,F8_01_1_2_Chlorophyll_A_001_phosphate_plate5.tif,60,909.067,768,1168
3012,F8_01_1_2_Chlorophyll_A_001_phosphate_plate5.tif,5,912.000,800,1008
3013,F8_01_1_2_Chlorophyll_A_001_phosphate_plate5.tif,2,864.000,848,880
3014,F8_01_1_2_Chlorophyll_A_001_phosphate_plate5.tif,1,880.000,880,880
3015,F8_01_1_2_Chlorophyll_A_001_phosphate_plate5.tif,1,880.000,880,880
3016,F8_01_1_2_Chlorophyll_A_001_phosphate_plate5.tif,1,864.000,864,864
3017,F8_01_1_2_Chlorophyll_A_001_phosphate_plate5.tif,1,784.000,784,784
3018,F8_01_1_2_Chlorophyll_A_001_phosphate_plate5.tif,4,824.000,800,848
3019,F8_01_1_2_Chlorophyll_A_001_phosphate_plate5.tif,1,784.000,784,784
3020,F8_01_1_2_Chlorophyll_A_001_phosphate_plate5.tif,4,848.000,784,912
3021,F8_01_1_2_Chlorophyll_A_001_phosphate_plate5.tif,1,800.000,800,800
3022,F8_01_1_2_Chlorophyll_A_001_phosphate_plate5.tif,1,864.000,864,864
3023,F8_01_1_2_Chlorophyll_A_001_phosphate_plate5.tif,1,976.000,976,976
3024,F8_01_1_2_Chlorophyll_A_001_phosphate_plate5.tif,5,822.400,768,960
3025,F8_01_1_2_Chlorophyll_A_001_phosphate_plate5.tif,1,880.000,880,880
3026,F8_01_1_2_Chlorophyll_A_001_phosphate_plate5.tif,1,864.000,864,864
3027,F8_01_1_2_Chlorophyll_A_001_phosphate_plate5.tif,2,888.000,864,912
3028,F8_01_1_2_Chlorophyll_A_001_phosphate_plate5.tif,1,816.000,816,816
3029,F8_01_1_2_Chlorophyll_A_001_phosphate_plate5.tif,1,848.000,848,848
3030,F8_01_1_2_Chlorophyll_A_001_phosphate_plate5.tif,1,768.000,768,768
3031,F8_01_1_2_Chlorophyll_A_001_phosphate_plate5.tif,1,784.000,784,784
3032,F8_01_1_2_Chlorophyll_A_001_phosphate_plate5.tif,2,792.000,784,800
3033,F8_01_1_2_Chlorophyll_A_001_phosphate_plate5.tif,1,768.000,768,768
3034,F8_01_1_2_Chlorophyll_A_001_phosphate_plate5.tif,1,816.000,816,816
3035,F8_01_1_2_Chlorophyll_A_001_phosphate_plate5.tif,1,800.000,800,800
3036,F8_01_1_2_Chlorophyll_A_001_phosphate_plate5.tif,2,832.000,816,848
3037,F8_01_1_2_Chlorophyll_A_001_phosphate_plate5.tif,3,901.333,800,1040
3038,F8_01_1_2_Chlorophyll_A_001_phosphate_plate5.tif,2,824.000,816,832
3039,F8_01_1_2_Chlorophyll_A_001_phosphate_plate5.tif,1,768.000,768,768
3040,F8_01_1_2_Chlorophyll_A_001_phosphate_plate5.tif,2,840.000,800,880
3041,F8_01_1_2_Chlorophyll_A_001_phosphate_plate5.tif,1,800.000,800,800
3042,F8_01_1_2_Chlorophyll_A_001_phosphate_plate5.tif,1,800.000,800,800
3043,F8_01_1_2_Chlorophyll_A_001_phosphate_plate5.tif,1,784.000,784,784
3044,F8_01_1_2_Chlorophyll_A_001_phosphate_plate5.tif,2,824.000,800,848
3045,F8_01_1_2_Chlorophyll_A_001_phosphate_plate5.tif,1,784.000,784,784
3046,F8_01_1_2_Chlorophyll_A_001_phosphate_plate5.tif,3,858.667,768,976
3047,F8_01_1_2_Chlorophyll_A_001_phosphate_plate5.tif,1,784.000,784,784
3048,F8_01_1_2_Chlorophyll_A_001_phosphate_plate5.tif,1,1008.000,1008,1008
3049,F8_01_1_2_Chlorophyll_A_001_phosphate_plate5.tif,1,848.000,848,848
3050,F8_01_1_2_Chlorophyll_A_001_phosphate_plate5.tif,1,1008.000,1008,1008
3051,F8_01_1_2_Chlorophyll_A_001_phosphate_plate5.tif,1,768.000,768,768
3052,F8_01_1_2_Chlorophyll_A_001_phosphate_plate5.tif,1,816.000,816,816
3053,F8_01_1_2_Chlorophyll_A_001_phosphate_plate5.tif,3,821.333,768,896
3054,F8_01_1_2_Chlorophyll_A_001_phosphate_plate5.tif,1,800.000,800,800
3055,F8_01_1_2_Chlorophyll_A_001_phosphate_plate5.tif,1,784.000,784,784
3056,F8_01_1_2_Chlorophyll_A_001_phosphate_plate5.tif,1,880.000,880,880
3057,F8_01_1_2_Chlorophyll_A_001_phosphate_plate5.tif,1,800.000,800,800
3058,F8_01_1_2_Chlorophyll_A_001_phosphate_plate5.tif,5,844.800,784,896
3059,F8_01_1_2_Chlorophyll_A_001_phosphate_plate5.tif,3,800.000,768,816
3060,F8_01_1_2_Chlorophyll_A_001_phosphate_plate5.tif,1,1040.000,1040,1040
3061,F8_01_1_2_Chlorophyll_A_001_phosphate_plate5.tif,2,808.000,768,848
3062,F8_01_1_2_Chlorophyll_A_001_phosphate_plate5.tif,2,872.000,864,880
3063,F8_01_1_2_Chlorophyll_A_001_phosphate_plate5.tif,12,828.000,768,960
3064,F8_01_1_2_Chlorophyll_A_001_phosphate_plate5.tif,100,892.960,768,1136
3065,F8_01_1_2_Chlorophyll_A_001_phosphate_plate5.tif,98,851.265,768,1200
3066,F8_01_1_2_Chlorophyll_A_001_phosphate_plate5.tif,2,848.000,768,928
3067,F8_01_1_2_Chlorophyll_A_001_phosphate_plate5.tif,2,848.000,848,848
3068,F8_01_1_2_Chlorophyll_A_001_phosphate_plate5.tif,4,832.000,800,880
3069,F8_01_1_2_Chlorophyll_A_001_phosphate_plate5.tif,1,880.000,880,880
3070,F8_01_1_2_Chlorophyll_A_001_phosphate_plate5.tif,2,808.000,768,848
3071,F8_01_1_2_Chlorophyll_A_001_phosphate_plate5.tif,11,837.818,784,960
3072,F8_01_1_2_Chlorophyll_A_001_phosphate_plate5.tif,1,768.000,768,768
3073,F8_01_1_2_Chlorophyll_A_001_phosphate_plate5.tif,1,816.000,816,816
3074,F8_01_1_2_Chlorophyll_A_001_phosphate_plate5.tif,5,844.800,784,960
3075,F8_01_1_2_Chlorophyll_A_001_phosphate_plate5.tif,10,859.200,800,976
3076,F8_01_1_2_Chlorophyll_A_001_phosphate_plate5.tif,1,880.000,880,880
3077,F8_01_1_2_Chlorophyll_A_001_phosphate_plate5.tif,2,824.000,768,880
3078,F8_01_1_2_Chlorophyll_A_001_phosphate_plate5.tif,3,874.667,768,992
3079,F8_01_1_2_Chlorophyll_A_001_phosphate_plate5.tif,2,880.000,848,912
3080,F8_01_1_2_Chlorophyll_A_001_phosphate_plate5.tif,2,800.000,800,800
3081,F8_01_1_2_Chlorophyll_A_001_phosphate_plate5.tif,1,784.000,784,784
3082,F8_01_1_2_Chlorophyll_A_001_phosphate_plate5.tif,1,800.000,800,800
3083,F8_01_1_2_Chlorophyll_A_001_phosphate_plate5.tif,1,864.000,864,864
3084,F8_01_1_2_Chlorophyll_A_001_phosphate_plate5.tif,3,896.000,832,944
3085,F8_01_1_2_Chlorophyll_A_001_phosphate_plate5.tif,2,832.000,784,880
3086,F8_01_1_2_Chlorophyll_A_001_phosphate_plate5.tif,2,824.000,800,848
3087,F8_01_1_2_Chlorophyll_A_001_phosphate_plate5.tif,4,824.000,768,864
3088,F8_01_1_2_Chlorophyll_A_001_phosphate_plate5.tif,3,864.000,784,992
3089,F8_01_1_2_Chlorophyll_A_001_phosphate_plate5.tif,1,800.000,800,800
3090,F8_01_1_2_Chlorophyll_A_001_phosphate_plate5.tif,4,840.000,768,912
3091,F8_01_1_2_Chlorophyll_A_001_phosphate_plate5.tif,1,816.000,816,816
3092,F8_01_1_2_Chlorophyll_A_001_phosphate_plate5.tif,1,800.000,800,800
3093,F8_01_1_2_Chlorophyll_A_001_phosphate_plate5.tif,1,800.000,800,800
3094,F8_01_1_2_Chlorophyll_A_001_phosphate_plate5.tif,1,800.000,800,800
3095,F8_01_1_2_Chlorophyll_A_001_phosphate_plate5.tif,1,944.000,944,944
3096,F8_01_1_2_Chlorophyll_A_001_phosphate_plate5.tif,1,784.000,784,784
3097,F8_01_1_2_Chlorophyll_A_001_phosphate_plate5.tif,1,928.000,928,928
3098,F8_01_1_2_Chlorophyll_A_001_phosphate_plate5.tif,1,800.000,800,800
3099,F8_01_1_2_Chlorophyll_A_001_phosphate_plate5.tif,1,768.000,768,768
3100,F8_01_1_2_Chlorophyll_A_001_phosphate_plate5.tif,1,816.000,816,816
3101,F8_01_1_2_Chlorophyll_A_001_phosphate_plate5.tif,1,768.000,768,768
3102,F8_01_1_2_Chlorophyll_A_001_phosphate_plate5.tif,1,800.000,800,800
3103,F8_01_1_2_Chlorophyll_A_001_phosphate_plate5.tif,1,800.000,800,800
3104,F8_01_1_2_Chlorophyll_A_001_phosphate_plate5.tif,1,800.000,800,800
3105,F8_01_1_2_Chlorophyll_A_001_phosphate_plate5.tif,2,912.000,912,912
3106,F8_01_1_2_Chlorophyll_A_001_phosphate_plate5.tif,2,776.000,768,784
3107,F8_01_1_2_Chlorophyll_A_001_phosphate_plate5.tif,1,768.000,768,768
3108,F8_01_1_2_Chlorophyll_A_001_phosphate_plate5.tif,1,1264.000,1264,1264
3109,F8_01_1_2_Chlorophyll_A_001_phosphate_plate5.tif,3,789.333,768,816
3110,F8_01_1_2_Chlorophyll_A_001_phosphate_plate5.tif,2,808.000,800,816
3111,F8_01_1_2_Chlorophyll_A_001_phosphate_plate5.tif,2,808.000,768,848
3112,F8_01_1_2_Chlorophyll_A_001_phosphate_plate5.tif,1,816.000,816,816
3113,F8_01_1_2_Chlorophyll_A_001_phosphate_plate5.tif,2,888.000,848,928
3114,F8_01_1_2_Chlorophyll_A_001_phosphate_plate5.tif,15,813.867,768,1008
3115,F8_01_1_2_Chlorophyll_A_001_phosphate_plate5.tif,13,866.462,768,976
3116,F8_01_1_2_Chlorophyll_A_001_phosphate_plate5.tif,64,886.000,768,1104
3117,F8_01_1_2_Chlorophyll_A_001_phosphate_plate5.tif,15,887.467,768,1008
3118,F8_01_1_2_Chlorophyll_A_001_phosphate_plate5.tif,15,882.133,784,976
3119,F8_01_1_2_Chlorophyll_A_001_phosphate_plate5.tif,95,860.800,768,1088
3120,F8_01_1_2_Chlorophyll_A_001_phosphate_plate5.tif,1,928.000,928,928
3121,F8_01_1_2_Chlorophyll_A_001_phosphate_plate5.tif,3,816.000,768,896
3122,F8_01_1_2_Chlorophyll_A_001_phosphate_plate5.tif,83,870.169,768,1104
3123,F8_01_1_2_Chlorophyll_A_001_phosphate_plate5.tif,1,800.000,800,800
3124,F8_01_1_2_Chlorophyll_A_001_phosphate_plate5.tif,1,864.000,864,864
3125,F8_01_1_2_Chlorophyll_A_001_phosphate_plate5.tif,6,810.667,768,896
3126,F8_01_1_2_Chlorophyll_A_001_phosphate_plate5.tif,8,814.000,768,912
3127,F8_01_1_2_Chlorophyll_A_001_phosphate_plate5.tif,1,816.000,816,816
3128,F8_01_1_2_Chlorophyll_A_001_phosphate_plate5.tif,1,784.000,784,784
3129,F8_01_1_2_Chlorophyll_A_001_phosphate_plate5.tif,1,784.000,784,784
3130,F8_01_1_2_Chlorophyll_A_001_phosphate_plate5.tif,1,864.000,864,864
3131,F8_01_1_2_Chlorophyll_A_001_phosphate_plate5.tif,5,867.200,784,960
3132,F8_01_1_2_Chlorophyll_A_001_phosphate_plate5.tif,1,832.000,832,832
3133,F8_01_1_2_Chlorophyll_A_001_phosphate_plate5.tif,1,784.000,784,784
3134,F8_01_1_2_Chlorophyll_A_001_phosphate_plate5.tif,3,869.333,768,1024
3135,F8_01_1_2_Chlorophyll_A_001_phosphate_plate5.tif,1,800.000,800,800
3136,F8_01_1_2_Chlorophyll_A_001_phosphate_plate5.tif,1,816.000,816,816
3137,F8_01_1_2_Chlorophyll_A_001_phosphate_plate5.tif,2,816.000,800,832
3138,F8_01_1_2_Chlorophyll_A_001_phosphate_plate5.tif,4,844.000,800,912
3139,F8_01_1_2_Chlorophyll_A_001_phosphate_plate5.tif,1,784.000,784,784
3140,F8_01_1_2_Chlorophyll_A_001_phosphate_plate5.tif,1,880.000,880,880
3141,F8_01_1_2_Chlorophyll_A_001_phosphate_plate5.tif,2,808.000,800,816
3142,F8_01_1_2_Chlorophyll_A_001_phosphate_plate5.tif,1,832.000,832,832
3143,F8_01_1_2_Chlorophyll_A_001_phosphate_plate5.tif,1,864.000,864,864
3144,F8_01_1_2_Chlorophyll_A_001_phosphate_plate5.tif,1,784.000,784,784
3145,F8_01_1_2_Chlorophyll_A_001_phosphate_plate5.tif,2,808.000,800,816
3146,F8_01_1_2_Chlorophyll_A_001_phosphate_plate5.tif,1,832.000,832,832
3147,F8_01_1_2_Chlorophyll_A_001_phosphate_plate5.tif,1,768.000,768,768
3148,F8_01_1_2_Chlorophyll_A_001_phosphate_plate5.tif,1,800.000,800,800
3149,F8_01_1_2_Chlorophyll_A_001_phosphate_plate5.tif,1,816.000,816,816
3150,F8_01_1_2_Chlorophyll_A_001_phosphate_plate5.tif,6,837.333,768,896
3151,F8_01_1_2_Chlorophyll_A_001_phosphate_plate5.tif,2,808.000,784,832
3152,F8_01_1_2_Chlorophyll_A_001_phosphate_plate5.tif,1,768.000,768,768
3153,F8_01_1_2_Chlorophyll_A_001_phosphate_plate5.tif,1,784.000,784,784
3154,F8_01_1_2_Chlorophyll_A_001_phosphate_plate5.tif,1,960.000,960,960
3155,F8_01_1_2_Chlorophyll_A_001_phosphate_plate5.tif,1,768.000,768,768
3156,F8_01_1_2_Chlorophyll_A_001_phosphate_plate5.tif,1,896.000,896,896
3157,F8_01_1_2_Chlorophyll_A_001_phosphate_plate5.tif,3,869.333,848,896
3158,F8_01_1_2_Chlorophyll_A_001_phosphate_plate5.tif,4,848.000,800,992
3159,F8_01_1_2_Chlorophyll_A_001_phosphate_plate5.tif,18,852.444,768,1152
3160,F8_01_1_2_Chlorophyll_A_001_phosphate_plate5.tif,1,768.000,768,768
3161,F8_01_1_2_Chlorophyll_A_001_phosphate_plate5.tif,63,863.492,768,1040
3162,F8_01_1_2_Chlorophyll_A_001_phosphate_plate5.tif,1,880.000,880,880
3163,F8_01_1_2_Chlorophyll_A_001_phosphate_plate5.tif,2,896.000,832,960
3164,F8_01_1_2_Chlorophyll_A_001_phosphate_plate5.tif,39,886.974,768,1056
3165,F8_01_1_2_Chlorophyll_A_001_phosphate_plate5.tif,32,896.000,768,1184
3166,F8_01_1_2_Chlorophyll_A_001_phosphate_plate5.tif,1,816.000,816,816
3167,F8_01_1_2_Chlorophyll_A_001_phosphate_plate5.tif,3,816.000,784,880
3168,F8_01_1_2_Chlorophyll_A_001_phosphate_plate5.tif,1,992.000,992,992
3169,F8_01_1_2_Chlorophyll_A_001_phosphate_plate5.tif,1,784.000,784,784
3170,F8_01_1_2_Chlorophyll_A_001_phosphate_plate5.tif,3,784.000,768,800
3171,F8_01_1_2_Chlorophyll_A_001_phosphate_plate5.tif,2,792.000,784,800
3172,F8_01_1_2_Chlorophyll_A_001_phosphate_plate5.tif,1,768.000,768,768
3173,F8_01_1_2_Chlorophyll_A_001_phosphate_plate5.tif,1,784.000,784,784
3174,F8_01_1_2_Chlorophyll_A_001_phosphate_plate5.tif,1,816.000,816,816
3175,F8_01_1_2_Chlorophyll_A_001_phosphate_plate5.tif,7,816.000,768,896
3176,F8_01_1_2_Chlorophyll_A_001_phosphate_plate5.tif,1,816.000,816,816
3177,F8_01_1_2_Chlorophyll_A_001_phosphate_plate5.tif,1,784.000,784,784
3178,F8_01_1_2_Chlorophyll_A_001_phosphate_plate5.tif,1,848.000,848,848
3179,F8_01_1_2_Chlorophyll_A_001_phosphate_plate5.tif,1,912.000,912,912
3180,F8_01_1_2_Chlorophyll_A_001_phosphate_plate5.tif,1,848.000,848,848
3181,F8_01_1_2_Chlorophyll_A_001_phosphate_plate5.tif,4,856.000,800,880
3182,F8_01_1_2_Chlorophyll_A_001_phosphate_plate5.tif,1,816.000,816,816
3183,F8_01_1_2_Chlorophyll_A_001_phosphate_plate5.tif,2,792.000,768,816
3184,F8_01_1_2_Chlorophyll_A_001_phosphate_plate5.tif,1,800.000,800,800
3185,F8_01_1_2_Chlorophyll_A_001_phosphate_plate5.tif,1,928.000,928,928
3186,F8_01_1_2_Chlorophyll_A_001_phosphate_plate5.tif,2,904.000,880,928
3187,F8_01_1_2_Chlorophyll_A_001_phosphate_plate5.tif,5,841.600,800,928
3188,F8_01_1_2_Chlorophyll_A_001_phosphate_plate5.tif,1,768.000,768,768
3189,F8_01_1_2_Chlorophyll_A_001_phosphate_plate5.tif,1,800.000,800,800
3190,F8_01_1_2_Chlorophyll_A_001_phosphate_plate5.tif,4,808.000,768,896
3191,F8_01_1_2_Chlorophyll_A_001_phosphate_plate5.tif,1,784.000,784,784
3192,F8_01_1_2_Chlorophyll_A_001_phosphate_plate5.tif,1,800.000,800,800
3193,F8_01_1_2_Chlorophyll_A_001_phosphate_plate5.tif,1,800.000,800,800
3194,F8_01_1_2_Chlorophyll_A_001_phosphate_plate5.tif,1,832.000,832,832
3195,F8_01_1_2_Chlorophyll_A_001_phosphate_plate5.tif,1,768.000,768,768
3196,F8_01_1_2_Chlorophyll_A_001_phosphate_plate5.tif,1,768.000,768,768
3197,F8_01_1_2_Chlorophyll_A_001_phosphate_plate5.tif,1,912.000,912,912
3198,F8_01_1_2_Chlorophyll_A_001_phosphate_plate5.tif,1,768.000,768,768
3199,F8_01_1_2_Chlorophyll_A_001_phosphate_plate5.tif,2,808.000,800,816
3200,F8_01_1_2_Chlorophyll_A_001_phosphate_plate5.tif,1,784.000,784,784
3201,F8_01_1_2_Chlorophyll_A_001_phosphate_plate5.tif,1,880.000,880,880
3202,F8_01_1_2_Chlorophyll_A_001_phosphate_plate5.tif,2,832.000,816,848
3203,F8_01_1_2_Chlorophyll_A_001_phosphate_plate5.tif,1,800.000,800,800
3204,F8_01_1_2_Chlorophyll_A_001_phosphate_plate5.tif,1,800.000,800,800
3205,F8_01_1_2_Chlorophyll_A_001_phosphate_plate5.tif,1,976.000,976,976
3206,F8_01_1_2_Chlorophyll_A_001_phosphate_plate5.tif,2,768.000,768,768
3207,F8_01_1_2_Chlorophyll_A_001_phosphate_plate5.tif,2,840.000,784,896
3208,F8_01_1_2_Chlorophyll_A_001_phosphate_plate5.tif,2,856.000,800,912
3209,F8_01_1_2_Chlorophyll_A_001_phosphate_plate5.tif,1,864.000,864,864
3210,F8_01_1_2_Chlorophyll_A_001_phosphate_plate5.tif,1,800.000,800,800
3211,F8_01_1_2_Chlorophyll_A_001_phosphate_plate5.tif,1,800.000,800,800
3212,F8_01_1_2_Chlorophyll_A_001_phosphate_plate5.tif,1,864.000,864,864
3213,F8_01_1_2_Chlorophyll_A_001_phosphate_plate5.tif,1,960.000,960,960
3214,F8_01_1_2_Chlorophyll_A_001_phosphate_plate5.tif,20,859.200,768,1088
3215,F8_01_1_2_Chlorophyll_A_001_phosphate_plate5.tif,42,866.286,768,1120
3216,F8_01_1_2_Chlorophyll_A_001_phosphate_plate5.tif,5,857.600,816,912
3217,F8_01_1_2_Chlorophyll_A_001_phosphate_plate5.tif,14,912.000,800,1040
3218,F8_01_1_2_Chlorophyll_A_001_phosphate_plate5.tif,1,912.000,912,912
3219,F8_01_1_2_Chlorophyll_A_001_phosphate_plate5.tif,4,900.000,784,976
3220,F8_01_1_2_Chlorophyll_A_001_phosphate_plate5.tif,1,784.000,784,784
3221,F8_01_1_2_Chlorophyll_A_001_phosphate_plate5.tif,1,912.000,912,912
3222,F8_01_1_2_Chlorophyll_A_001_phosphate_plate5.tif,7,870.857,768,1008
3223,F8_01_1_2_Chlorophyll_A_001_phosphate_plate5.tif,18,856.889,768,1008
3224,F8_01_1_2_Chlorophyll_A_001_phosphate_plate5.tif,2,840.000,784,896
3225,F8_01_1_2_Chlorophyll_A_001_phosphate_plate5.tif,5,864.000,832,928
3226,F8_01_1_2_Chlorophyll_A_001_phosphate_plate5.tif,1,1056.000,1056,1056
3227,F8_01_1_2_Chlorophyll_A_001_phosphate_plate5.tif,4,892.000,848,944
3228,F8_01_1_2_Chlorophyll_A_001_phosphate_plate5.tif,1,896.000,896,896
3229,F8_01_1_2_Chlorophyll_A_001_phosphate_plate5.tif,9,858.667,784,992
3230,F8_01_1_2_Chlorophyll_A_001_phosphate_plate5.tif,1,880.000,880,880
3231,F8_01_1_2_Chlorophyll_A_001_phosphate_plate5.tif,2,784.000,784,784
3232,F8_01_1_2_Chlorophyll_A_001_phosphate_plate5.tif,2,776.000,768,784
3233,F8_01_1_2_Chlorophyll_A_001_phosphate_plate5.tif,12,816.000,768,976
3234,F8_01_1_2_Chlorophyll_A_001_phosphate_plate5.tif,1,768.000,768,768
3235,F8_01_1_2_Chlorophyll_A_001_phosphate_plate5.tif,8,816.000,768,880
3236,F8_01_1_2_Chlorophyll_A_001_phosphate_plate5.tif,2,840.000,816,864
3237,F8_01_1_2_Chlorophyll_A_001_phosphate_plate5.tif,1,784.000,784,784
3238,F8_01_1_2_Chlorophyll_A_001_phosphate_plate5.tif,1,800.000,800,800
3239,F8_01_1_2_Chlorophyll_A_001_phosphate_plate5.tif,1,928.000,928,928
3240,F8_01_1_2_Chlorophyll_A_001_phosphate_plate5.tif,1,768.000,768,768
3241,F8_01_1_2_Chlorophyll_A_001_phosphate_plate5.tif,1,768.000,768,768
3242,F8_01_1_2_Chlorophyll_A_001_phosphate_plate5.tif,1,864.000,864,864
3243,F8_01_1_2_Chlorophyll_A_001_phosphate_plate5.tif,1,768.000,768,768
3244,F8_01_1_2_Chlorophyll_A_001_phosphate_plate5.tif,1,784.000,784,784
3245,F8_01_1_2_Chlorophyll_A_001_phosphate_plate5.tif,1,800.000,800,800
3246,F8_01_1_2_Chlorophyll_A_001_phosphate_plate5.tif,1,784.000,784,784
3247,F8_01_1_2_Chlorophyll_A_001_phosphate_plate5.tif,1,1040.000,1040,1040
3248,F8_01_1_2_Chlorophyll_A_001_phosphate_plate5.tif,1,768.000,768,768
3249,F8_01_1_2_Chlorophyll_A_001_phosphate_plate5.tif,1,832.000,832,832
3250,F8_01_1_2_Chlorophyll_A_001_phosphate_plate5.tif,1,816.000,816,816
3251,F8_01_1_2_Chlorophyll_A_001_phosphate_plate5.tif,1,784.000,784,784
3252,F8_01_1_2_Chlorophyll_A_001_phosphate_plate5.tif,1,816.000,816,816
3253,F8_01_1_2_Chlorophyll_A_001_phosphate_plate5.tif,1,784.000,784,784
3254,F8_01_1_2_Chlorophyll_A_001_phosphate_plate5.tif,1,784.000,784,784
3255,F8_01_1_2_Chlorophyll_A_001_phosphate_plate5.tif,4,844.000,800,880
3256,F8_01_1_2_Chlorophyll_A_001_phosphate_plate5.tif,1,800.000,800,800
3257,F8_01_1_2_Chlorophyll_A_001_phosphate_plate5.tif,1,880.000,880,880
3258,F8_01_1_2_Chlorophyll_A_001_phosphate_plate5.tif,3,837.333,816,880
3259,F8_01_1_2_Chlorophyll_A_001_phosphate_plate5.tif,1,768.000,768,768
3260,F8_01_1_2_Chlorophyll_A_001_phosphate_plate5.tif,1,768.000,768,768
3261,F8_01_1_2_Chlorophyll_A_001_phosphate_plate5.tif,1,784.000,784,784
3262,F8_01_1_2_Chlorophyll_A_001_phosphate_plate5.tif,1,928.000,928,928
3263,F8_01_1_2_Chlorophyll_A_001_phosphate_plate5.tif,5,870.400,784,960
3264,F8_01_1_2_Chlorophyll_A_001_phosphate_plate5.tif,1,960.000,960,960
3265,F8_01_1_2_Chlorophyll_A_001_phosphate_plate5.tif,2,792.000,768,816
3266,F8_01_1_2_Chlorophyll_A_001_phosphate_plate5.tif,2,824.000,768,880
3267,F8_01_1_2_Chlorophyll_A_001_phosphate_plate5.tif,28,907.429,768,1264
3268,F8_01_1_2_Chlorophyll_A_001_phosphate_plate5.tif,1,864.000,864,864
3269,F8_01_1_2_Chlorophyll_A_001_phosphate_plate5.tif,59,875.390,768,1184
3270,F8_01_1_2_Chlorophyll_A_001_phosphate_plate5.tif,64,888.250,768,1200
3271,F8_01_1_2_Chlorophyll_A_001_phosphate_plate5.tif,22,909.818,768,1152
3272,F8_01_1_2_Chlorophyll_A_001_phosphate_plate5.tif,24,881.333,768,1040
3273,F8_01_1_2_Chlorophyll_A_001_phosphate_plate5.tif,1,832.000,832,832
3274,F8_01_1_2_Chlorophyll_A_001_phosphate_plate5.tif,2,800.000,784,816
3275,F8_01_1_2_Chlorophyll_A_001_phosphate_plate5.tif,1,848.000,848,848
3276,F8_01_1_2_Chlorophyll_A_001_phosphate_plate5.tif,1,800.000,800,800
3277,F8_01_1_2_Chlorophyll_A_001_phosphate_plate5.tif,4,896.000,816,1072
3278,F8_01_1_2_Chlorophyll_A_001_phosphate_plate5.tif,21,803.810,768,1008
3279,F8_01_1_2_Chlorophyll_A_001_phosphate_plate5.tif,1,800.000,800,800
3280,F8_01_1_2_Chlorophyll_A_001_phosphate_plate5.tif,1,816.000,816,816
3281,F8_01_1_2_Chlorophyll_A_001_phosphate_plate5.tif,5,860.800,784,944
3282,F8_01_1_2_Chlorophyll_A_001_phosphate_plate5.tif,1,768.000,768,768
3283,F8_01_1_2_Chlorophyll_A_001_phosphate_plate5.tif,2,768.000,768,768
3284,F8_01_1_2_Chlorophyll_A_001_phosphate_plate5.tif,2,824.000,800,848
3285,F8_01_1_2_Chlorophyll_A_001_phosphate_plate5.tif,1,816.000,816,816
3286,F8_01_1_2_Chlorophyll_A_001_phosphate_plate5.tif,2,816.000,800,832
3287,F8_01_1_2_Chlorophyll_A_001_phosphate_plate5.tif,2,784.000,784,784
3288,F8_01_1_2_Chlorophyll_A_001_phosphate_plate5.tif,1,768.000,768,768
3289,F8_01_1_2_Chlorophyll_A_001_phosphate_plate5.tif,1,816.000,816,816
3290,F8_01_1_2_Chlorophyll_A_001_phosphate_plate5.tif,1,784.000,784,784
3291,F8_01_1_2_Chlorophyll_A_001_phosphate_plate5.tif,2,824.000,768,880
3292,F8_01_1_2_Chlorophyll_A_001_phosphate_plate5.tif,3,842.667,816,880
3293,F8_01_1_2_Chlorophyll_A_001_phosphate_plate5.tif,1,864.000,864,864
3294,F8_01_1_2_Chlorophyll_A_001_phosphate_plate5.tif,1,848.000,848,848
3295,F8_01_1_2_Chlorophyll_A_001_phosphate_plate5.tif,1,768.000,768,768
3296,F8_01_1_2_Chlorophyll_A_001_phosphate_plate5.tif,1,800.000,800,800
3297,F8_01_1_2_Chlorophyll_A_001_phosphate_plate5.tif,1,848.000,848,848
3298,F8_01_1_2_Chlorophyll_A_001_phosphate_plate5.tif,1,944.000,944,944
3299,F8_01_1_2_Chlorophyll_A_001_phosphate_plate5.tif,2,800.000,768,832
3300,F8_01_1_2_Chlorophyll_A_001_phosphate_plate5.tif,4,800.000,768,816
3301,F8_01_1_2_Chlorophyll_A_001_phosphate_plate5.tif,1,768.000,768,768
3302,F8_01_1_2_Chlorophyll_A_001_phosphate_plate5.tif,1,784.000,784,784
3303,F8_01_1_2_Chlorophyll_A_001_phosphate_plate5.tif,7,886.857,768,1120
3304,F8_01_1_2_Chlorophyll_A_001_phosphate_plate5.tif,1,800.000,800,800
3305,F8_01_1_2_Chlorophyll_A_001_phosphate_plate5.tif,1,880.000,880,880
3306,F8_01_1_2_Chlorophyll_A_001_phosphate_plate5.tif,3,810.667,800,832
3307,F8_01_1_2_Chlorophyll_A_001_phosphate_plate5.tif,6,880.000,768,1056
3308,F8_01_1_2_Chlorophyll_A_001_phosphate_plate5.tif,1,784.000,784,784
3309,F8_01_1_2_Chlorophyll_A_001_phosphate_plate5.tif,59,869.153,768,1136
3310,F8_01_1_2_Chlorophyll_A_001_phosphate_plate5.tif,13,854.154,768,1024
3311,F8_01_1_2_Chlorophyll_A_001_phosphate_plate5.tif,310,1829.781,768,19984
3312,F8_01_1_2_Chlorophyll_A_001_phosphate_plate5.tif,2,928.000,848,1008
3313,F8_01_1_2_Chlorophyll_A_001_phosphate_plate5.tif,3,848.000,800,928
3314,F8_01_1_2_Chlorophyll_A_001_phosphate_plate5.tif,3,837.333,768,912
3315,F8_01_1_2_Chlorophyll_A_001_phosphate_plate5.tif,1,816.000,816,816
3316,F8_01_1_2_Chlorophyll_A_001_phosphate_plate5.tif,1,880.000,880,880
3317,F8_01_1_2_Chlorophyll_A_001_phosphate_plate5.tif,7,838.857,784,944
3318,F8_01_1_2_Chlorophyll_A_001_phosphate_plate5.tif,1,800.000,800,800
3319,F8_01_1_2_Chlorophyll_A_001_phosphate_plate5.tif,11,866.909,768,1072
3320,F8_01_1_2_Chlorophyll_A_001_phosphate_plate5.tif,1,800.000,800,800
3321,F8_01_1_2_Chlorophyll_A_001_phosphate_plate5.tif,1,784.000,784,784
3322,F8_01_1_2_Chlorophyll_A_001_phosphate_plate5.tif,2,808.000,768,848
3323,F8_01_1_2_Chlorophyll_A_001_phosphate_plate5.tif,2,888.000,880,896
3324,F8_01_1_2_Chlorophyll_A_001_phosphate_plate5.tif,1,784.000,784,784
3325,F8_01_1_2_Chlorophyll_A_001_phosphate_plate5.tif,1,896.000,896,896
3326,F8_01_1_2_Chlorophyll_A_001_phosphate_plate5.tif,13,855.385,768,1008
3327,F8_01_1_2_Chlorophyll_A_001_phosphate_plate5.tif,1,944.000,944,944
3328,F8_01_1_2_Chlorophyll_A_001_phosphate_plate5.tif,1,848.000,848,848
3329,F8_01_1_2_Chlorophyll_A_001_phosphate_plate5.tif,9,812.444,768,848
3330,F8_01_1_2_Chlorophyll_A_001_phosphate_plate5.tif,3,869.333,816,944
3331,F8_01_1_2_Chlorophyll_A_001_phosphate_plate5.tif,1,912.000,912,912
3332,F8_01_1_2_Chlorophyll_A_001_phosphate_plate5.tif,1,864.000,864,864
3333,F8_01_1_2_Chlorophyll_A_001_phosphate_plate5.tif,1,784.000,784,784
3334,F8_01_1_2_Chlorophyll_A_001_phosphate_plate5.tif,6,813.333,768,928
3335,F8_01_1_2_Chlorophyll_A_001_phosphate_plate5.tif,3,853.333,768,1008
3336,F8_01_1_2_Chlorophyll_A_001_phosphate_plate5.tif,3,944.000,864,1072
3337,F8_01_1_2_Chlorophyll_A_001_phosphate_plate5.tif,2,824.000,800,848
3338,F8_01_1_2_Chlorophyll_A_001_phosphate_plate5.tif,5,857.600,816,912
3339,F8_01_1_2_Chlorophyll_A_001_phosphate_plate5.tif,5,851.200,800,944
3340,F8_01_1_2_Chlorophyll_A_001_phosphate_plate5.tif,1,784.000,784,784
3341,F8_01_1_2_Chlorophyll_A_001_phosphate_plate5.tif,1,976.000,976,976
3342,F8_01_1_2_Chlorophyll_A_001_phosphate_plate5.tif,1,784.000,784,784
3343,F8_01_1_2_Chlorophyll_A_001_phosphate_plate5.tif,5,787.200,768,816
3344,F8_01_1_2_Chlorophyll_A_001_phosphate_plate5.tif,4,868.000,768,928
3345,F8_01_1_2_Chlorophyll_A_001_phosphate_plate5.tif,1,768.000,768,768
3346,F8_01_1_2_Chlorophyll_A_001_phosphate_plate5.tif,2,872.000,800,944
3347,F8_01_1_2_Chlorophyll_A_001_phosphate_plate5.tif,2,784.000,768,800
3348,F8_01_1_2_Chlorophyll_A_001_phosphate_plate5.tif,1,944.000,944,944
3349,F8_01_1_2_Chlorophyll_A_001_phosphate_plate5.tif,1,768.000,768,768
3350,F8_01_1_2_Chlorophyll_A_001_phosphate_plate5.tif,1,896.000,896,896
3351,F8_01_1_2_Chlorophyll_A_001_phosphate_plate5.tif,1,896.000,896,896
3352,F8_01_1_2_Chlorophyll_A_001_phosphate_plate5.tif,1,800.000,800,800
3353,F8_01_1_2_Chlorophyll_A_001_phosphate_plate5.tif,1,784.000,784,784
3354,F8_01_1_2_Chlorophyll_A_001_phosphate_plate5.tif,1,960.000,960,960
3355,F8_01_1_2_Chlorophyll_A_001_phosphate_plate5.tif,1,768.000,768,768
3356,F8_01_1_2_Chlorophyll_A_001_phosphate_plate5.tif,3,874.667,816,928
3357,F8_01_1_2_Chlorophyll_A_001_phosphate_plate5.tif,1,816.000,816,816
3358,F8_01_1_2_Chlorophyll_A_001_phosphate_plate5.tif,1,768.000,768,768
3359,F8_01_1_2_Chlorophyll_A_001_phosphate_plate5.tif,2,808.000,768,848
3360,F8_01_1_2_Chlorophyll_A_001_phosphate_plate5.tif,1,784.000,784,784
3361,F8_01_1_2_Chlorophyll_A_001_phosphate_plate5.tif,2,848.000,784,912
3362,F8_01_1_2_Chlorophyll_A_001_phosphate_plate5.tif,1,880.000,880,880
3363,F8_01_1_2_Chlorophyll_A_001_phosphate_plate5.tif,2,808.000,800,816
3364,F8_01_1_2_Chlorophyll_A_001_phosphate_plate5.tif,1,880.000,880,880
3365,F8_01_1_2_Chlorophyll_A_001_phosphate_plate5.tif,1,896.000,896,896
3366,F8_01_1_2_Chlorophyll_A_001_phosphate_plate5.tif,1,848.000,848,848
3367,F8_01_1_2_Chlorophyll_A_001_phosphate_plate5.tif,1,768.000,768,768
3368,F8_01_1_2_Chlorophyll_A_001_phosphate_plate5.tif,2,816.000,768,864
3369,F8_01_1_2_Chlorophyll_A_001_phosphate_plate5.tif,8,816.000,768,896
3370,F8_01_1_2_Chlorophyll_A_001_phosphate_plate5.tif,5,803.200,768,848
3371,F8_01_1_2_Chlorophyll_A_001_phosphate_plate5.tif,2,848.000,784,912
3372,F8_01_1_2_Chlorophyll_A_001_phosphate_plate5.tif,10,819.200,768,864
3373,F8_01_1_2_Chlorophyll_A_001_phosphate_plate5.tif,2,824.000,800,848
3374,F8_01_1_2_Chlorophyll_A_001_phosphate_plate5.tif,144,864.667,768,1120
3375,F8_01_1_2_Chlorophyll_A_001_phosphate_plate5.tif,16,853.000,768,992
3376,F8_01_1_2_Chlorophyll_A_001_phosphate_plate5.tif,12,914.667,768,1216
3377,F8_01_1_2_Chlorophyll_A_001_phosphate_plate5.tif,67,876.179,768,1184
3378,F8_01_1_2_Chlorophyll_A_001_phosphate_plate5.tif,1,976.000,976,976
3379,F8_01_1_2_Chlorophyll_A_001_phosphate_plate5.tif,1,848.000,848,848
3380,F8_01_1_2_Chlorophyll_A_001_phosphate_plate5.tif,7,850.286,768,1040
3381,F8_01_1_2_Chlorophyll_A_001_phosphate_plate5.tif,3,885.333,800,928
3382,F8_01_1_2_Chlorophyll_A_001_phosphate_plate5.tif,2,848.000,800,896
3383,F8_01_1_2_Chlorophyll_A_001_phosphate_plate5.tif,1,976.000,976,976
3384,F8_01_1_2_Chlorophyll_A_001_phosphate_plate5.tif,2,856.000,768,944
3385,F8_01_1_2_Chlorophyll_A_001_phosphate_plate5.tif,1,800.000,800,800
3386,F8_01_1_2_Chlorophyll_A_001_phosphate_plate5.tif,5,844.800,768,960
3387,F8_01_1_2_Chlorophyll_A_001_phosphate_plate5.tif,2,784.000,784,784
3388,F8_01_1_2_Chlorophyll_A_001_phosphate_plate5.tif,5,880.000,800,944
3389,F8_01_1_2_Chlorophyll_A_001_phosphate_plate5.tif,2,880.000,864,896
3390,F8_01_1_2_Chlorophyll_A_001_phosphate_plate5.tif,1,784.000,784,784
3391,F8_01_1_2_Chlorophyll_A_001_phosphate_plate5.tif,1,768.000,768,768
3392,F8_01_1_2_Chlorophyll_A_001_phosphate_plate5.tif,1,848.000,848,848
3393,F8_01_1_2_Chlorophyll_A_001_phosphate_plate5.tif,1,864.000,864,864
3394,F8_01_1_2_Chlorophyll_A_001_phosphate_plate5.tif,1,784.000,784,784
3395,F8_01_1_2_Chlorophyll_A_001_phosphate_plate5.tif,2,872.000,816,928
3396,F8_01_1_2_Chlorophyll_A_001_phosphate_plate5.tif,1,768.000,768,768
3397,F8_01_1_2_Chlorophyll_A_001_phosphate_plate5.tif,1,768.000,768,768
3398,F8_01_1_2_Chlorophyll_A_001_phosphate_plate5.tif,1,928.000,928,928
3399,F8_01_1_2_Chlorophyll_A_001_phosphate_plate5.tif,1,976.000,976,976
3400,F8_01_1_2_Chlorophyll_A_001_phosphate_plate5.tif,1,960.000,960,960
3401,F8_01_1_2_Chlorophyll_A_001_phosphate_plate5.tif,2,776.000,768,784
3402,F8_01_1_2_Chlorophyll_A_001_phosphate_plate5.tif,1,784.000,784,784
3403,F8_01_1_2_Chlorophyll_A_001_phosphate_plate5.tif,5,787.200,768,816
3404,F8_01_1_2_Chlorophyll_A_001_phosphate_plate5.tif,1,864.000,864,864
3405,F8_01_1_2_Chlorophyll_A_001_phosphate_plate5.tif,1,784.000,784,784
3406,F8_01_1_2_Chlorophyll_A_001_phosphate_plate5.tif,2,808.000,784,832
3407,F8_01_1_2_Chlorophyll_A_001_phosphate_plate5.tif,3,805.333,784,832
3408,F8_01_1_2_Chlorophyll_A_001_phosphate_plate5.tif,1,768.000,768,768
3409,F8_01_1_2_Chlorophyll_A_001_phosphate_plate5.tif,1,768.000,768,768
3410,F8_01_1_2_Chlorophyll_A_001_phosphate_plate5.tif,1,960.000,960,960
3411,F8_01_1_2_Chlorophyll_A_001_phosphate_plate5.tif,3,853.333,784,960
3412,F8_01_1_2_Chlorophyll_A_001_phosphate_plate5.tif,1,816.000,816,816
3413,F8_01_1_2_Chlorophyll_A_001_phosphate_plate5.tif,1,768.000,768,768
3414,F8_01_1_2_Chlorophyll_A_001_phosphate_plate5.tif,3,816.000,784,864
3415,F8_01_1_2_Chlorophyll_A_001_phosphate_plate5.tif,2,800.000,784,816
3416,F8_01_1_2_Chlorophyll_A_001_phosphate_plate5.tif,2,848.000,800,896
3417,F8_01_1_2_Chlorophyll_A_001_phosphate_plate5.tif,2,808.000,800,816
3418,F8_01_1_2_Chlorophyll_A_001_phosphate_plate5.tif,3,885.333,816,928
3419,F8_01_1_2_Chlorophyll_A_001_phosphate_plate5.tif,2,864.000,784,944
3420,F8_01_1_2_Chlorophyll_A_001_phosphate_plate5.tif,1,816.000,816,816
3421,F8_01_1_2_Chlorophyll_A_001_phosphate_plate5.tif,1,816.000,816,816
3422,F8_01_1_2_Chlorophyll_A_001_phosphate_plate5.tif,2,800.000,800,800
3423,F8_01_1_2_Chlorophyll_A_001_phosphate_plate5.tif,1,976.000,976,976
3424,F8_01_1_2_Chlorophyll_A_001_phosphate_plate5.tif,19,842.105,768,1024
3425,F8_01_1_2_Chlorophyll_A_001_phosphate_plate5.tif,2,960.000,960,960
3426,F8_01_1_2_Chlorophyll_A_001_phosphate_plate5.tif,27,897.185,784,1136
3427,F8_01_1_2_Chlorophyll_A_001_phosphate_plate5.tif,2,776.000,768,784
3428,F8_01_1_2_Chlorophyll_A_001_phosphate_plate5.tif,1,800.000,800,800
3429,F8_01_1_2_Chlorophyll_A_001_phosphate_plate5.tif,1,848.000,848,848
3430,F8_01_1_2_Chlorophyll_A_001_phosphate_plate5.tif,2,952.000,880,1024
3431,F8_01_1_2_Chlorophyll_A_001_phosphate_plate5.tif,1,864.000,864,864
3432,F8_01_1_2_Chlorophyll_A_001_phosphate_plate5.tif,1,912.000,912,912
3433,F8_01_1_2_Chlorophyll_A_001_phosphate_plate5.tif,13,873.846,816,944
3434,F8_01_1_2_Chlorophyll_A_001_phosphate_plate5.tif,1,864.000,864,864
3435,F8_01_1_2_Chlorophyll_A_001_phosphate_plate5.tif,1,1040.000,1040,1040
3436,F8_01_1_2_Chlorophyll_A_001_phosphate_plate5.tif,1,816.000,816,816
3437,F8_01_1_2_Chlorophyll_A_001_phosphate_plate5.tif,2,824.000,816,832
3438,F8_01_1_2_Chlorophyll_A_001_phosphate_plate5.tif,3,816.000,768,848
3439,F8_01_1_2_Chlorophyll_A_001_phosphate_plate5.tif,4,792.000,768,832
3440,F8_01_1_2_Chlorophyll_A_001_phosphate_plate5.tif,7,843.429,768,992
3441,F8_01_1_2_Chlorophyll_A_001_phosphate_plate5.tif,3,874.667,784,992
3442,F8_01_1_2_Chlorophyll_A_001_phosphate_plate5.tif,1,880.000,880,880
3443,F8_01_1_2_Chlorophyll_A_001_phosphate_plate5.tif,1,832.000,832,832
3444,F8_01_1_2_Chlorophyll_A_001_phosphate_plate5.tif,1,880.000,880,880
3445,F8_01_1_2_Chlorophyll_A_001_phosphate_plate5.tif,1,848.000,848,848
3446,F8_01_1_2_Chlorophyll_A_001_phosphate_plate5.tif,2,832.000,784,880
3447,F8_01_1_2_Chlorophyll_A_001_phosphate_plate5.tif,1,768.000,768,768
3448,F8_01_1_2_Chlorophyll_A_001_phosphate_plate5.tif,1,816.000,816,816
3449,F8_01_1_2_Chlorophyll_A_001_phosphate_plate5.tif,2,840.000,816,864
3450,F8_01_1_2_Chlorophyll_A_001_phosphate_plate5.tif,2,800.000,784,816
3451,F8_01_1_2_Chlorophyll_A_001_phosphate_plate5.tif,1,800.000,800,800
3452,F8_01_1_2_Chlorophyll_A_001_phosphate_plate5.tif,2,832.000,768,896
3453,F8_01_1_2_Chlorophyll_A_001_phosphate_plate5.tif,1,816.000,816,816
3454,F8_01_1_2_Chlorophyll_A_001_phosphate_plate5.tif,1,800.000,800,800
3455,F8_01_1_2_Chlorophyll_A_001_phosphate_plate5.tif,1,864.000,864,864
3456,F8_01_1_2_Chlorophyll_A_001_phosphate_plate5.tif,1,864.000,864,864
3457,F8_01_1_2_Chlorophyll_A_001_phosphate_plate5.tif,1,832.000,832,832
3458,F8_01_1_2_Chlorophyll_A_001_phosphate_plate5.tif,1,848.000,848,848
3459,F8_01_1_2_Chlorophyll_A_001_phosphate_plate5.tif,1,784.000,784,784
3460,F8_01_1_2_Chlorophyll_A_001_phosphate_plate5.tif,2,856.000,784,928
3461,F8_01_1_2_Chlorophyll_A_001_phosphate_plate5.tif,1,784.000,784,784
3462,F8_01_1_2_Chlorophyll_A_001_phosphate_plate5.tif,3,837.333,768,960
3463,F8_01_1_2_Chlorophyll_A_001_phosphate_plate5.tif,2,832.000,784,880
3464,F8_01_1_2_Chlorophyll_A_001_phosphate_plate5.tif,2,808.000,800,816
3465,F8_01_1_2_Chlorophyll_A_001_phosphate_plate5.tif,1,848.000,848,848
3466,F8_01_1_2_Chlorophyll_A_001_phosphate_plate5.tif,2,880.000,864,896
3467,F8_01_1_2_Chlorophyll_A_001_phosphate_plate5.tif,1,896.000,896,896
3468,F8_01_1_2_Chlorophyll_A_001_phosphate_plate5.tif,7,850.286,768,1008
3469,F8_01_1_2_Chlorophyll_A_001_phosphate_plate5.tif,52,861.846,768,1040
3470,F8_01_1_2_Chlorophyll_A_001_phosphate_plate5.tif,16,863.000,768,1008
3471,F8_01_1_2_Chlorophyll_A_001_phosphate_plate5.tif,3,906.667,800,1024
3472,F8_01_1_2_Chlorophyll_A_001_phosphate_plate5.tif,1,944.000,944,944
3473,F8_01_1_2_Chlorophyll_A_001_phosphate_plate5.tif,1,800.000,800,800
3474,F8_01_1_2_Chlorophyll_A_001_phosphate_plate5.tif,2,864.000,800,928
3475,F8_01_1_2_Chlorophyll_A_001_phosphate_plate5.tif,2,792.000,768,816
3476,F8_01_1_2_Chlorophyll_A_001_phosphate_plate5.tif,3,810.667,768,864
3477,F8_01_1_2_Chlorophyll_A_001_phosphate_plate5.tif,2,816.000,784,848
3478,F8_01_1_2_Chlorophyll_A_001_phosphate_plate5.tif,2,952.000,944,960
3479,F8_01_1_2_Chlorophyll_A_001_phosphate_plate5.tif,2,864.000,816,912
3480,F8_01_1_2_Chlorophyll_A_001_phosphate_plate5.tif,5,790.400,768,816
3481,F8_01_1_2_Chlorophyll_A_001_phosphate_plate5.tif,1,800.000,800,800
3482,F8_01_1_2_Chlorophyll_A_001_phosphate_plate5.tif,2,816.000,816,816
3483,F8_01_1_2_Chlorophyll_A_001_phosphate_plate5.tif,1,848.000,848,848
3484,F8_01_1_2_Chlorophyll_A_001_phosphate_plate5.tif,1,848.000,848,848
3485,F8_01_1_2_Chlorophyll_A_001_phosphate_plate5.tif,1,800.000,800,800
3486,F8_01_1_2_Chlorophyll_A_001_phosphate_plate5.tif,4,800.000,768,848
3487,F8_01_1_2_Chlorophyll_A_001_phosphate_plate5.tif,1,784.000,784,784
3488,F8_01_1_2_Chlorophyll_A_001_phosphate_plate5.tif,2,784.000,768,800
3489,F8_01_1_2_Chlorophyll_A_001_phosphate_plate5.tif,1,784.000,784,784
3490,F8_01_1_2_Chlorophyll_A_001_phosphate_plate5.tif,1,848.000,848,848
3491,F8_01_1_2_Chlorophyll_A_001_phosphate_plate5.tif,3,805.333,784,848
3492,F8_01_1_2_Chlorophyll_A_001_phosphate_plate5.tif,1,768.000,768,768
3493,F8_01_1_2_Chlorophyll_A_001_phosphate_plate5.tif,1,784.000,784,784
3494,F8_01_1_2_Chlorophyll_A_001_phosphate_plate5.tif,1,768.000,768,768
3495,F8_01_1_2_Chlorophyll_A_001_phosphate_plate5.tif,1,848.000,848,848
3496,F8_01_1_2_Chlorophyll_A_001_phosphate_plate5.tif,1,832.000,832,832
3497,F8_01_1_2_Chlorophyll_A_001_phosphate_plate5.tif,1,816.000,816,816
3498,F8_01_1_2_Chlorophyll_A_001_phosphate_plate5.tif,2,856.000,848,864
3499,F8_01_1_2_Chlorophyll_A_001_phosphate_plate5.tif,1,768.000,768,768
3500,F8_01_1_2_Chlorophyll_A_001_phosphate_plate5.tif,1,784.000,784,784
3501,F8_01_1_2_Chlorophyll_A_001_phosphate_plate5.tif,2,816.000,800,832
3502,F8_01_1_2_Chlorophyll_A_001_phosphate_plate5.tif,3,810.667,784,832
3503,F8_01_1_2_Chlorophyll_A_001_phosphate_plate5.tif,1,800.000,800,800
3504,F8_01_1_2_Chlorophyll_A_001_phosphate_plate5.tif,1,784.000,784,784
3505,F8_01_1_2_Chlorophyll_A_001_phosphate_plate5.tif,5,857.600,768,928
3506,F8_01_1_2_Chlorophyll_A_001_phosphate_plate5.tif,1,800.000,800,800
3507,F8_01_1_2_Chlorophyll_A_001_phosphate_plate5.tif,1,816.000,816,816
3508,F8_01_1_2_Chlorophyll_A_001_phosphate_plate5.tif,1,880.000,880,880
3509,F8_01_1_2_Chlorophyll_A_001_phosphate_plate5.tif,4,868.000,800,928
3510,F8_01_1_2_Chlorophyll_A_001_phosphate_plate5.tif,3,853.333,800,928
3511,F8_01_1_2_Chlorophyll_A_001_phosphate_plate5.tif,2,880.000,816,944
3512,F8_01_1_2_Chlorophyll_A_001_phosphate_plate5.tif,3,901.333,784,1104
3513,F8_01_1_2_Chlorophyll_A_001_phosphate_plate5.tif,47,883.745,768,1168
3514,F8_01_1_2_Chlorophyll_A_001_phosphate_plate5.tif,25,901.120,768,1104
3515,F8_01_1_2_Chlorophyll_A_001_phosphate_plate5.tif,32,891.500,768,1056
3516,F8_01_1_2_Chlorophyll_A_001_phosphate_plate5.tif,46,872.000,768,1216
3517,F8_01_1_2_Chlorophyll_A_001_phosphate_plate5.tif,22,890.909,768,1152
3518,F8_01_1_2_Chlorophyll_A_001_phosphate_plate5.tif,24,896.667,768,1024
3519,F8_01_1_2_Chlorophyll_A_001_phosphate_plate5.tif,46,873.739,768,1232
3520,F8_01_1_2_Chlorophyll_A_001_phosphate_plate5.tif,201,870.368,768,1168
3521,F8_01_1_2_Chlorophyll_A_001_phosphate_plate5.tif,14,862.857,768,1024
3522,F8_01_1_2_Chlorophyll_A_001_phosphate_plate5.tif,23,841.043,768,992
3523,F8_01_1_2_Chlorophyll_A_001_phosphate_plate5.tif,3,821.333,784,880
3524,F8_01_1_2_Chlorophyll_A_001_phosphate_plate5.tif,1,768.000,768,768
3525,F8_01_1_2_Chlorophyll_A_001_phosphate_plate5.tif,1,976.000,976,976
3526,F8_01_1_2_Chlorophyll_A_001_phosphate_plate5.tif,1,800.000,800,800
3527,F8_01_1_2_Chlorophyll_A_001_phosphate_plate5.tif,1,816.000,816,816
3528,F8_01_1_2_Chlorophyll_A_001_phosphate_plate5.tif,1,864.000,864,864
3529,F8_01_1_2_Chlorophyll_A_001_phosphate_plate5.tif,1,1008.000,1008,1008
3530,F8_01_1_2_Chlorophyll_A_001_phosphate_plate5.tif,5,876.800,784,960
3531,F8_01_1_2_Chlorophyll_A_001_phosphate_plate5.tif,7,845.714,768,928
3532,F8_01_1_2_Chlorophyll_A_001_phosphate_plate5.tif,1,864.000,864,864
3533,F8_01_1_2_Chlorophyll_A_001_phosphate_plate5.tif,2,824.000,784,864
3534,F8_01_1_2_Chlorophyll_A_001_phosphate_plate5.tif,5,825.600,768,896
3535,F8_01_1_2_Chlorophyll_A_001_phosphate_plate5.tif,1,816.000,816,816
3536,F8_01_1_2_Chlorophyll_A_001_phosphate_plate5.tif,2,800.000,784,816
3537,F8_01_1_2_Chlorophyll_A_001_phosphate_plate5.tif,3,842.667,832,848
3538,F8_01_1_2_Chlorophyll_A_001_phosphate_plate5.tif,1,992.000,992,992
3539,F8_01_1_2_Chlorophyll_A_001_phosphate_plate5.tif,1,816.000,816,816
3540,F8_01_1_2_Chlorophyll_A_001_phosphate_plate5.tif,1,800.000,800,800
3541,F8_01_1_2_Chlorophyll_A_001_phosphate_plate5.tif,2,976.000,960,992
3542,F8_01_1_2_Chlorophyll_A_001_phosphate_plate5.tif,1,768.000,768,768
3543,F8_01_1_2_Chlorophyll_A_001_phosphate_plate5.tif,1,848.000,848,848
3544,F8_01_1_2_Chlorophyll_A_001_phosphate_plate5.tif,1,1008.000,1008,1008
3545,F8_01_1_2_Chlorophyll_A_001_phosphate_plate5.tif,1,880.000,880,880
3546,F8_01_1_2_Chlorophyll_A_001_phosphate_plate5.tif,8,840.000,768,1024
3547,F8_01_1_2_Chlorophyll_A_001_phosphate_plate5.tif,1,800.000,800,800
3548,F8_01_1_2_Chlorophyll_A_001_phosphate_plate5.tif,1,1056.000,1056,1056
3549,F8_01_1_2_Chlorophyll_A_001_phosphate_plate5.tif,3,842.667,800,880
3550,F8_01_1_2_Chlorophyll_A_001_phosphate_plate5.tif,1,816.000,816,816
3551,F8_01_1_2_Chlorophyll_A_001_phosphate_plate5.tif,2,832.000,816,848
3552,F8_01_1_2_Chlorophyll_A_001_phosphate_plate5.tif,3,848.000,800,928
3553,F8_01_1_2_Chlorophyll_A_001_phosphate_plate5.tif,1,800.000,800,800
3554,F8_01_1_2_Chlorophyll_A_001_phosphate_plate5.tif,1,800.000,800,800
3555,F8_01_1_2_Chlorophyll_A_001_phosphate_plate5.tif,1,800.000,800,800
3556,F8_01_1_2_Chlorophyll_A_001_phosphate_plate5.tif,1,832.000,832,832
3557,F8_01_1_2_Chlorophyll_A_001_phosphate_plate5.tif,1,832.000,832,832
3558,F8_01_1_2_Chlorophyll_A_001_phosphate_plate5.tif,1,928.000,928,928
3559,F8_01_1_2_Chlorophyll_A_001_phosphate_plate5.tif,2,880.000,784,976
3560,F8_01_1_2_Chlorophyll_A_001_phosphate_plate5.tif,2,832.000,784,880
3561,F8_01_1_2_Chlorophyll_A_001_phosphate_plate5.tif,1,784.000,784,784
3562,F8_01_1_2_Chlorophyll_A_001_phosphate_plate5.tif,1,848.000,848,848
3563,F8_01_1_2_Chlorophyll_A_001_phosphate_plate5.tif,1,768.000,768,768
3564,F8_01_1_2_Chlorophyll_A_001_phosphate_plate5.tif,2,904.000,864,944
3565,F8_01_1_2_Chlorophyll_A_001_phosphate_plate5.tif,1,880.000,880,880
3566,F8_01_1_2_Chlorophyll_A_001_phosphate_plate5.tif,1,848.000,848,848
3567,F8_01_1_2_Chlorophyll_A_001_phosphate_plate5.tif,1,768.000,768,768
3568,F8_01_1_2_Chlorophyll_A_001_phosphate_plate5.tif,1,928.000,928,928
3569,F8_01_1_2_Chlorophyll_A_001_phosphate_plate5.tif,1,960.000,960,960
3570,F8_01_1_2_Chlorophyll_A_001_phosphate_plate5.tif,1,1024.000,1024,1024
3571,F8_01_1_2_Chlorophyll_A_001_phosphate_plate5.tif,139,872.518,768,1136
3572,F8_01_1_2_Chlorophyll_A_001_phosphate_plate5.tif,33,859.636,768,992
3573,F8_01_1_2_Chlorophyll_A_001_phosphate_plate5.tif,72,898.000,768,1152
3574,F8_01_1_2_Chlorophyll_A_001_phosphate_plate5.tif,34,901.176,768,1136
3575,F8_01_1_2_Chlorophyll_A_001_phosphate_plate5.tif,26,890.462,768,1024
3576,F8_01_1_2_Chlorophyll_A_001_phosphate_plate5.tif,2,880.000,848,912
3577,F8_01_1_2_Chlorophyll_A_001_phosphate_plate5.tif,3,816.000,800,848
3578,F8_01_1_2_Chlorophyll_A_001_phosphate_plate5.tif,9,867.556,768,960
3579,F8_01_1_2_Chlorophyll_A_001_phosphate_plate5.tif,1,880.000,880,880
3580,F8_01_1_2_Chlorophyll_A_001_phosphate_plate5.tif,2,856.000,832,880
3581,F8_01_1_2_Chlorophyll_A_001_phosphate_plate5.tif,2,864.000,864,864
3582,F8_01_1_2_Chlorophyll_A_001_phosphate_plate5.tif,1,864.000,864,864
3583,F8_01_1_2_Chlorophyll_A_001_phosphate_plate5.tif,2,776.000,768,784
3584,F8_01_1_2_Chlorophyll_A_001_phosphate_plate5.tif,2,840.000,832,848
3585,F8_01_1_2_Chlorophyll_A_001_phosphate_plate5.tif,4,844.000,784,912
3586,F8_01_1_2_Chlorophyll_A_001_phosphate_plate5.tif,2,800.000,800,800
3587,F8_01_1_2_Chlorophyll_A_001_phosphate_plate5.tif,1,800.000,800,800
3588,F8_01_1_2_Chlorophyll_A_001_phosphate_plate5.tif,1,896.000,896,896
3589,F8_01_1_2_Chlorophyll_A_001_phosphate_plate5.tif,1,784.000,784,784
3590,F8_01_1_2_Chlorophyll_A_001_phosphate_plate5.tif,1,848.000,848,848
3591,F8_01_1_2_Chlorophyll_A_001_phosphate_plate5.tif,2,816.000,768,864
3592,F8_01_1_2_Chlorophyll_A_001_phosphate_plate5.tif,2,840.000,800,880
3593,F8_01_1_2_Chlorophyll_A_001_phosphate_plate5.tif,1,768.000,768,768
3594,F8_01_1_2_Chlorophyll_A_001_phosphate_plate5.tif,1,848.000,848,848
3595,F8_01_1_2_Chlorophyll_A_001_phosphate_plate5.tif,2,856.000,768,944
3596,F8_01_1_2_Chlorophyll_A_001_phosphate_plate5.tif,1,848.000,848,848
3597,F8_01_1_2_Chlorophyll_A_001_phosphate_plate5.tif,1,832.000,832,832
3598,F8_01_1_2_Chlorophyll_A_001_phosphate_plate5.tif,1,768.000,768,768
3599,F8_01_1_2_Chlorophyll_A_001_phosphate_plate5.tif,3,858.667,832,896
3600,F8_01_1_2_Chlorophyll_A_001_phosphate_plate5.tif,1,768.000,768,768
3601,F8_01_1_2_Chlorophyll_A_001_phosphate_plate5.tif,1,768.000,768,768
3602,F8_01_1_2_Chlorophyll_A_001_phosphate_plate5.tif,1,784.000,784,784
3603,F8_01_1_2_Chlorophyll_A_001_phosphate_plate5.tif,32,850.000,768,1072
3604,F8_01_1_2_Chlorophyll_A_001_phosphate_plate5.tif,2,904.000,896,912
3605,F8_01_1_2_Chlorophyll_A_001_phosphate_plate5.tif,29,900.966,768,1088
3606,F8_01_1_2_Chlorophyll_A_001_phosphate_plate5.tif,62,885.161,768,1168
3607,F8_01_1_2_Chlorophyll_A_001_phosphate_plate5.tif,43,878.884,768,1088
3608,F8_01_1_2_Chlorophyll_A_001_phosphate_plate5.tif,38,883.368,768,1232
3609,F8_01_1_2_Chlorophyll_A_001_phosphate_plate5.tif,59,885.153,768,1152
3610,F8_01_1_2_Chlorophyll_A_001_phosphate_plate5.tif,2,784.000,768,800
3611,F8_01_1_2_Chlorophyll_A_001_phosphate_plate5.tif,1,800.000,800,800
3612,F8_01_1_2_Chlorophyll_A_001_phosphate_plate5.tif,4,808.000,784,832
3613,F8_01_1_2_Chlorophyll_A_001_phosphate_plate5.tif,1,800.000,800,800
3614,F8_01_1_2_Chlorophyll_A_001_phosphate_plate5.tif,27,840.889,768,976
3615,F8_01_1_2_Chlorophyll_A_001_phosphate_plate5.tif,1,880.000,880,880
3616,F8_01_1_2_Chlorophyll_A_001_phosphate_plate5.tif,3,778.667,768,800
3617,F8_01_1_2_Chlorophyll_A_001_phosphate_plate5.tif,13,850.462,784,1040
3618,F8_01_1_2_Chlorophyll_A_001_phosphate_plate5.tif,3,869.333,768,976
3619,F8_01_1_2_Chlorophyll_A_001_phosphate_plate5.tif,1,768.000,768,768
3620,F8_01_1_2_Chlorophyll_A_001_phosphate_plate5.tif,12,812.000,768,912
3621,F8_01_1_2_Chlorophyll_A_001_phosphate_plate5.tif,2,896.000,880,912
3622,F8_01_1_2_Chlorophyll_A_001_phosphate_plate5.tif,3,842.667,816,880
3623,F8_01_1_2_Chlorophyll_A_001_phosphate_plate5.tif,4,820.000,768,864
3624,F8_01_1_2_Chlorophyll_A_001_phosphate_plate5.tif,1,864.000,864,864
3625,F8_01_1_2_Chlorophyll_A_001_phosphate_plate5.tif,1,784.000,784,784
3626,F8_01_1_2_Chlorophyll_A_001_phosphate_plate5.tif,2,784.000,784,784
3627,F8_01_1_2_Chlorophyll_A_001_phosphate_plate5.tif,1,864.000,864,864
3628,F8_01_1_2_Chlorophyll_A_001_phosphate_plate5.tif,1,912.000,912,912
3629,F8_01_1_2_Chlorophyll_A_001_phosphate_plate5.tif,1,864.000,864,864
3630,F8_01_1_2_Chlorophyll_A_001_phosphate_plate5.tif,1,768.000,768,768
3631,F8_01_1_2_Chlorophyll_A_001_phosphate_plate5.tif,2,792.000,768,816
3632,F8_01_1_2_Chlorophyll_A_001_phosphate_plate5.tif,2,808.000,768,848
3633,F8_01_1_2_Chlorophyll_A_001_phosphate_plate5.tif,2,880.000,784,976
3634,F8_01_1_2_Chlorophyll_A_001_phosphate_plate5.tif,1,784.000,784,784
3635,F8_01_1_2_Chlorophyll_A_001_phosphate_plate5.tif,1,864.000,864,864
3636,F8_01_1_2_Chlorophyll_A_001_phosphate_plate5.tif,1,800.000,800,800
3637,F8_01_1_2_Chlorophyll_A_001_phosphate_plate5.tif,1,784.000,784,784
3638,F8_01_1_2_Chlorophyll_A_001_phosphate_plate5.tif,2,888.000,816,960
3639,F8_01_1_2_Chlorophyll_A_001_phosphate_plate5.tif,1,816.000,816,816
3640,F8_01_1_2_Chlorophyll_A_001_phosphate_plate5.tif,2,768.000,768,768
3641,F8_01_1_2_Chlorophyll_A_001_phosphate_plate5.tif,1,944.000,944,944
3642,F8_01_1_2_Chlorophyll_A_001_phosphate_plate5.tif,2,768.000,768,768
3643,F8_01_1_2_Chlorophyll_A_001_phosphate_plate5.tif,1,784.000,784,784
3644,F8_01_1_2_Chlorophyll_A_001_phosphate_plate5.tif,1,896.000,896,896
3645,F8_01_1_2_Chlorophyll_A_001_phosphate_plate5.tif,1,1024.000,1024,1024
3646,F8_01_1_2_Chlorophyll_A_001_phosphate_plate5.tif,1,928.000,928,928
3647,F8_01_1_2_Chlorophyll_A_001_phosphate_plate5.tif,1,784.000,784,784
3648,F8_01_1_2_Chlorophyll_A_001_phosphate_plate5.tif,2,800.000,768,832
3649,F8_01_1_2_Chlorophyll_A_001_phosphate_plate5.tif,1,912.000,912,912
3650,F8_01_1_2_Chlorophyll_A_001_phosphate_plate5.tif,1,1024.000,1024,1024
3651,F8_01_1_2_Chlorophyll_A_001_phosphate_plate5.tif,1,864.000,864,864
3652,F8_01_1_2_Chlorophyll_A_001_phosphate_plate5.tif,2,832.000,816,848
3653,F8_01_1_2_Chlorophyll_A_001_phosphate_plate5.tif,1,784.000,784,784
3654,F8_01_1_2_Chlorophyll_A_001_phosphate_plate5.tif,1,816.000,816,816
3655,F8_01_1_2_Chlorophyll_A_001_phosphate_plate5.tif,1,784.000,784,784
3656,F8_01_1_2_Chlorophyll_A_001_phosphate_plate5.tif,2,856.000,848,864
3657,F8_01_1_2_Chlorophyll_A_001_phosphate_plate5.tif,1,864.000,864,864
3658,F8_01_1_2_Chlorophyll_A_001_phosphate_plate5.tif,1,864.000,864,864
3659,F8_01_1_2_Chlorophyll_A_001_phosphate_plate5.tif,1,864.000,864,864
3660,F8_01_1_2_Chlorophyll_A_001_phosphate_plate5.tif,1,848.000,848,848
3661,F8_01_1_2_Chlorophyll_A_001_phosphate_plate5.tif,1,800.000,800,800
3662,F8_01_1_2_Chlorophyll_A_001_phosphate_plate5.tif,1,928.000,928,928
3663,F8_01_1_2_Chlorophyll_A_001_phosphate_plate5.tif,1,768.000,768,768
3664,F8_01_1_2_Chlorophyll_A_001_phosphate_plate5.tif,1,848.000,848,848
3665,F8_01_1_2_Chlorophyll_A_001_phosphate_plate5.tif,1,768.000,768,768
3666,F8_01_1_2_Chlorophyll_A_001_phosphate_plate5.tif,5,844.800,784,960
3667,F8_01_1_2_Chlorophyll_A_001_phosphate_plate5.tif,1,896.000,896,896
3668,F8_01_1_2_Chlorophyll_A_001_phosphate_plate5.tif,2,776.000,768,784
3669,F8_01_1_2_Chlorophyll_A_001_phosphate_plate5.tif,1,864.000,864,864
3670,F8_01_1_2_Chlorophyll_A_001_phosphate_plate5.tif,4,844.000,768,912
3671,F8_01_1_2_Chlorophyll_A_001_phosphate_plate5.tif,14,825.143,768,928
3672,F8_01_1_2_Chlorophyll_A_001_phosphate_plate5.tif,2,776.000,768,784
3673,F8_01_1_2_Chlorophyll_A_001_phosphate_plate5.tif,1,864.000,864,864
3674,F8_01_1_2_Chlorophyll_A_001_phosphate_plate5.tif,1,928.000,928,928
3675,F8_01_1_2_Chlorophyll_A_001_phosphate_plate5.tif,26,876.308,768,1184
3676,F8_01_1_2_Chlorophyll_A_001_phosphate_plate5.tif,8,896.000,784,1008
3677,F8_01_1_2_Chlorophyll_A_001_phosphate_plate5.tif,1,800.000,800,800
3678,F8_01_1_2_Chlorophyll_A_001_phosphate_plate5.tif,1,848.000,848,848
3679,F8_01_1_2_Chlorophyll_A_001_phosphate_plate5.tif,1,864.000,864,864
3680,F8_01_1_2_Chlorophyll_A_001_phosphate_plate5.tif,9,789.333,768,848
3681,F8_01_1_2_Chlorophyll_A_001_phosphate_plate5.tif,1,1104.000,1104,1104
3682,F8_01_1_2_Chlorophyll_A_001_phosphate_plate5.tif,1,800.000,800,800
3683,F8_01_1_2_Chlorophyll_A_001_phosphate_plate5.tif,1,848.000,848,848
3684,F8_01_1_2_Chlorophyll_A_001_phosphate_plate5.tif,5,854.400,800,912
3685,F8_01_1_2_Chlorophyll_A_001_phosphate_plate5.tif,36,853.333,768,1152
3686,F8_01_1_2_Chlorophyll_A_001_phosphate_plate5.tif,1,832.000,832,832
3687,F8_01_1_2_Chlorophyll_A_001_phosphate_plate5.tif,2,880.000,816,944
3688,F8_01_1_2_Chlorophyll_A_001_phosphate_plate5.tif,11,848.000,768,976
3689,F8_01_1_2_Chlorophyll_A_001_phosphate_plate5.tif,6,818.667,768,864
3690,F8_01_1_2_Chlorophyll_A_001_phosphate_plate5.tif,1,816.000,816,816
3691,F8_01_1_2_Chlorophyll_A_001_phosphate_plate5.tif,3,837.333,800,880
3692,F8_01_1_2_Chlorophyll_A_001_phosphate_plate5.tif,2,880.000,816,944
3693,F8_01_1_2_Chlorophyll_A_001_phosphate_plate5.tif,3,837.333,784,928
3694,F8_01_1_2_Chlorophyll_A_001_phosphate_plate5.tif,1,800.000,800,800
3695,F8_01_1_2_Chlorophyll_A_001_phosphate_plate5.tif,2,824.000,816,832
3696,F8_01_1_2_Chlorophyll_A_001_phosphate_plate5.tif,2,808.000,784,832
3697,F8_01_1_2_Chlorophyll_A_001_phosphate_plate5.tif,6,829.333,768,928
3698,F8_01_1_2_Chlorophyll_A_001_phosphate_plate5.tif,1,800.000,800,800
3699,F8_01_1_2_Chlorophyll_A_001_phosphate_plate5.tif,2,792.000,768,816
3700,F8_01_1_2_Chlorophyll_A_001_phosphate_plate5.tif,2,776.000,768,784
3701,F8_01_1_2_Chlorophyll_A_001_phosphate_plate5.tif,1,864.000,864,864
3702,F8_01_1_2_Chlorophyll_A_001_phosphate_plate5.tif,1,784.000,784,784
3703,F8_01_1_2_Chlorophyll_A_001_phosphate_plate5.tif,1,784.000,784,784
3704,F8_01_1_2_Chlorophyll_A_001_phosphate_plate5.tif,1,768.000,768,768
3705,F8_01_1_2_Chlorophyll_A_001_phosphate_plate5.tif,2,792.000,784,800
3706,F8_01_1_2_Chlorophyll_A_001_phosphate_plate5.tif,1,864.000,864,864
3707,F8_01_1_2_Chlorophyll_A_001_phosphate_plate5.tif,2,928.000,880,976
3708,F8_01_1_2_Chlorophyll_A_001_phosphate_plate5.tif,1,768.000,768,768
3709,F8_01_1_2_Chlorophyll_A_001_phosphate_plate5.tif,1,816.000,816,816
3710,F8_01_1_2_Chlorophyll_A_001_phosphate_plate5.tif,1,800.000,800,800
3711,F8_01_1_2_Chlorophyll_A_001_phosphate_plate5.tif,1,800.000,800,800
3712,F8_01_1_2_Chlorophyll_A_001_phosphate_plate5.tif,1,768.000,768,768
3713,F8_01_1_2_Chlorophyll_A_001_phosphate_plate5.tif,1,768.000,768,768
3714,F8_01_1_2_Chlorophyll_A_001_phosphate_plate5.tif,1,896.000,896,896
3715,F8_01_1_2_Chlorophyll_A_001_phosphate_plate5.tif,1,960.000,960,960
3716,F8_01_1_2_Chlorophyll_A_001_phosphate_plate5.tif,1,768.000,768,768
3717,F8_01_1_2_Chlorophyll_A_001_phosphate_plate5.tif,3,816.000,768,880
3718,F8_01_1_2_Chlorophyll_A_001_phosphate_plate5.tif,1,768.000,768,768
3719,F8_01_1_2_Chlorophyll_A_001_phosphate_plate5.tif,10,894.400,768,1184
3720,F8_01_1_2_Chlorophyll_A_001_phosphate_plate5.tif,7,800.000,768,848
3721,F8_01_1_2_Chlorophyll_A_001_phosphate_plate5.tif,38,859.789,768,1056
3722,F8_01_1_2_Chlorophyll_A_001_phosphate_plate5.tif,11,868.364,800,1024
3723,F8_01_1_2_Chlorophyll_A_001_phosphate_plate5.tif,1,800.000,800,800
3724,F8_01_1_2_Chlorophyll_A_001_phosphate_plate5.tif,4,824.000,784,880
3725,F8_01_1_2_Chlorophyll_A_001_phosphate_plate5.tif,3,869.333,816,928
3726,F8_01_1_2_Chlorophyll_A_001_phosphate_plate5.tif,9,851.556,768,976
3727,F8_01_1_2_Chlorophyll_A_001_phosphate_plate5.tif,7,829.714,768,912
3728,F8_01_1_2_Chlorophyll_A_001_phosphate_plate5.tif,3,874.667,768,976
3729,F8_01_1_2_Chlorophyll_A_001_phosphate_plate5.tif,2,888.000,848,928
3730,F8_01_1_2_Chlorophyll_A_001_phosphate_plate5.tif,1,816.000,816,816
3731,F8_01_1_2_Chlorophyll_A_001_phosphate_plate5.tif,2,880.000,816,944
3732,F8_01_1_2_Chlorophyll_A_001_phosphate_plate5.tif,2,816.000,784,848
3733,F8_01_1_2_Chlorophyll_A_001_phosphate_plate5.tif,1,896.000,896,896
3734,F8_01_1_2_Chlorophyll_A_001_phosphate_plate5.tif,1,864.000,864,864
3735,F8_01_1_2_Chlorophyll_A_001_phosphate_plate5.tif,4,808.000,768,848
3736,F8_01_1_2_Chlorophyll_A_001_phosphate_plate5.tif,1,784.000,784,784
3737,F8_01_1_2_Chlorophyll_A_001_phosphate_plate5.tif,1,832.000,832,832
3738,F8_01_1_2_Chlorophyll_A_001_phosphate_plate5.tif,1,864.000,864,864
3739,F8_01_1_2_Chlorophyll_A_001_phosphate_plate5.tif,3,853.333,816,896
3740,F8_01_1_2_Chlorophyll_A_001_phosphate_plate5.tif,3,789.333,784,800
3741,F8_01_1_2_Chlorophyll_A_001_phosphate_plate5.tif,1,864.000,864,864
3742,F8_01_1_2_Chlorophyll_A_001_phosphate_plate5.tif,1,768.000,768,768
3743,F8_01_1_2_Chlorophyll_A_001_phosphate_plate5.tif,2,808.000,800,816
3744,F8_01_1_2_Chlorophyll_A_001_phosphate_plate5.tif,1,912.000,912,912
3745,F8_01_1_2_Chlorophyll_A_001_phosphate_plate5.tif,1,816.000,816,816
3746,F8_01_1_2_Chlorophyll_A_001_phosphate_plate5.tif,2,816.000,768,864
3747,F8_01_1_2_Chlorophyll_A_001_phosphate_plate5.tif,1,768.000,768,768
3748,F8_01_1_2_Chlorophyll_A_001_phosphate_plate5.tif,1,784.000,784,784
3749,F8_01_1_2_Chlorophyll_A_001_phosphate_plate5.tif,1,768.000,768,768
3750,F8_01_1_2_Chlorophyll_A_001_phosphate_plate5.tif,1,784.000,784,784
3751,F8_01_1_2_Chlorophyll_A_001_phosphate_plate5.tif,1,768.000,768,768
3752,F8_01_1_2_Chlorophyll_A_001_phosphate_plate5.tif,1,944.000,944,944
3753,F8_01_1_2_Chlorophyll_A_001_phosphate_plate5.tif,2,792.000,768,816
3754,F8_01_1_2_Chlorophyll_A_001_phosphate_plate5.tif,1,784.000,784,784
3755,F8_01_1_2_Chlorophyll_A_001_phosphate_plate5.tif,3,805.333,784,832
3756,F8_01_1_2_Chlorophyll_A_001_phosphate_plate5.tif,1,816.000,816,816
3757,F8_01_1_2_Chlorophyll_A_001_phosphate_plate5.tif,1,768.000,768,768
3758,F8_01_1_2_Chlorophyll_A_001_phosphate_plate5.tif,1,960.000,960,960
3759,F8_01_1_2_Chlorophyll_A_001_phosphate_plate5.tif,1,768.000,768,768
3760,F8_01_1_2_Chlorophyll_A_001_phosphate_plate5.tif,3,848.000,768,944
3761,F8_01_1_2_Chlorophyll_A_001_phosphate_plate5.tif,72,876.889,768,1184
3762,F8_01_1_2_Chlorophyll_A_001_phosphate_plate5.tif,66,982.545,768,1632
3763,F8_01_1_2_Chlorophyll_A_001_phosphate_plate5.tif,2,920.000,816,1024
3764,F8_01_1_2_Chlorophyll_A_001_phosphate_plate5.tif,98,884.082,768,1136
3765,F8_01_1_2_Chlorophyll_A_001_phosphate_plate5.tif,27,911.407,784,1168
3766,F8_01_1_2_Chlorophyll_A_001_phosphate_plate5.tif,1,960.000,960,960
3767,F8_01_1_2_Chlorophyll_A_001_phosphate_plate5.tif,5,828.800,800,912
3768,F8_01_1_2_Chlorophyll_A_001_phosphate_plate5.tif,5,886.400,800,960
3769,F8_01_1_2_Chlorophyll_A_001_phosphate_plate5.tif,1,784.000,784,784
3770,F8_01_1_2_Chlorophyll_A_001_phosphate_plate5.tif,1,992.000,992,992
3771,F8_01_1_2_Chlorophyll_A_001_phosphate_plate5.tif,42,852.952,768,1168
3772,F8_01_1_2_Chlorophyll_A_001_phosphate_plate5.tif,1,928.000,928,928
3773,F8_01_1_2_Chlorophyll_A_001_phosphate_plate5.tif,3,832.000,784,912
3774,F8_01_1_2_Chlorophyll_A_001_phosphate_plate5.tif,1,768.000,768,768
3775,F8_01_1_2_Chlorophyll_A_001_phosphate_plate5.tif,1,784.000,784,784
3776,F8_01_1_2_Chlorophyll_A_001_phosphate_plate5.tif,4,792.000,768,816
3777,F8_01_1_2_Chlorophyll_A_001_phosphate_plate5.tif,3,874.667,768,960
3778,F8_01_1_2_Chlorophyll_A_001_phosphate_plate5.tif,4,836.000,800,896
3779,F8_01_1_2_Chlorophyll_A_001_phosphate_plate5.tif,1,768.000,768,768
3780,F8_01_1_2_Chlorophyll_A_001_phosphate_plate5.tif,1,1008.000,1008,1008
3781,F8_01_1_2_Chlorophyll_A_001_phosphate_plate5.tif,2,784.000,768,800
3782,F8_01_1_2_Chlorophyll_A_001_phosphate_plate5.tif,3,810.667,800,816
3783,F8_01_1_2_Chlorophyll_A_001_phosphate_plate5.tif,4,812.000,784,864
3784,F8_01_1_2_Chlorophyll_A_001_phosphate_plate5.tif,1,768.000,768,768
3785,F8_01_1_2_Chlorophyll_A_001_phosphate_plate5.tif,1,800.000,800,800
3786,F8_01_1_2_Chlorophyll_A_001_phosphate_plate5.tif,1,768.000,768,768
3787,F8_01_1_2_Chlorophyll_A_001_phosphate_plate5.tif,3,789.333,784,800
3788,F8_01_1_2_Chlorophyll_A_001_phosphate_plate5.tif,1,800.000,800,800
3789,F8_01_1_2_Chlorophyll_A_001_phosphate_plate5.tif,1,880.000,880,880
3790,F8_01_1_2_Chlorophyll_A_001_phosphate_plate5.tif,3,794.667,768,832
3791,F8_01_1_2_Chlorophyll_A_001_phosphate_plate5.tif,1,800.000,800,800
3792,F8_01_1_2_Chlorophyll_A_001_phosphate_plate5.tif,1,928.000,928,928
3793,F8_01_1_2_Chlorophyll_A_001_phosphate_plate5.tif,1,768.000,768,768
3794,F8_01_1_2_Chlorophyll_A_001_phosphate_plate5.tif,2,904.000,880,928
3795,F8_01_1_2_Chlorophyll_A_001_phosphate_plate5.tif,1,800.000,800,800
3796,F8_01_1_2_Chlorophyll_A_001_phosphate_plate5.tif,1,768.000,768,768
3797,F8_01_1_2_Chlorophyll_A_001_phosphate_plate5.tif,1,768.000,768,768
3798,F8_01_1_2_Chlorophyll_A_001_phosphate_plate5.tif,1,912.000,912,912
3799,F8_01_1_2_Chlorophyll_A_001_phosphate_plate5.tif,3,805.333,768,864
3800,F8_01_1_2_Chlorophyll_A_001_phosphate_plate5.tif,1,800.000,800,800
3801,F8_01_1_2_Chlorophyll_A_001_phosphate_plate5.tif,1,784.000,784,784
3802,F8_01_1_2_Chlorophyll_A_001_phosphate_plate5.tif,1,768.000,768,768
3803,F8_01_1_2_Chlorophyll_A_001_phosphate_plate5.tif,1,768.000,768,768
3804,F8_01_1_2_Chlorophyll_A_001_phosphate_plate5.tif,8,852.000,768,1056
3805,F8_01_1_2_Chlorophyll_A_001_phosphate_plate5.tif,78,862.564,768,1088
3806,F8_01_1_2_Chlorophyll_A_001_phosphate_plate5.tif,46,913.043,768,1072
3807,F8_01_1_2_Chlorophyll_A_001_phosphate_plate5.tif,42,880.000,768,1200
3808,F8_01_1_2_Chlorophyll_A_001_phosphate_plate5.tif,21,894.476,784,1168
3809,F8_01_1_2_Chlorophyll_A_001_phosphate_plate5.tif,42,891.810,768,1120
3810,F8_01_1_2_Chlorophyll_A_001_phosphate_plate5.tif,28,892.571,768,1200
3811,F8_01_1_2_Chlorophyll_A_001_phosphate_plate5.tif,1,896.000,896,896
3812,F8_01_1_2_Chlorophyll_A_001_phosphate_plate5.tif,100,865.280,768,1056
3813,F8_01_1_2_Chlorophyll_A_001_phosphate_plate5.tif,4,900.000,832,960
3814,F8_01_1_2_Chlorophyll_A_001_phosphate_plate5.tif,6,840.000,768,1008
3815,F8_01_1_2_Chlorophyll_A_001_phosphate_plate5.tif,2,880.000,864,896
3816,F8_01_1_2_Chlorophyll_A_001_phosphate_plate5.tif,3,821.333,784,880
3817,F8_01_1_2_Chlorophyll_A_001_phosphate_plate5.tif,1,896.000,896,896
3818,F8_01_1_2_Chlorophyll_A_001_phosphate_plate5.tif,3,821.333,768,880
3819,F8_01_1_2_Chlorophyll_A_001_phosphate_plate5.tif,1,976.000,976,976
3820,F8_01_1_2_Chlorophyll_A_001_phosphate_plate5.tif,2,840.000,768,912
3821,F8_01_1_2_Chlorophyll_A_001_phosphate_plate5.tif,2,840.000,832,848
3822,F8_01_1_2_Chlorophyll_A_001_phosphate_plate5.tif,11,840.727,768,992
3823,F8_01_1_2_Chlorophyll_A_001_phosphate_plate5.tif,1,912.000,912,912
3824,F8_01_1_2_Chlorophyll_A_001_phosphate_plate5.tif,2,872.000,832,912
3825,F8_01_1_2_Chlorophyll_A_001_phosphate_plate5.tif,2,768.000,768,768
3826,F8_01_1_2_Chlorophyll_A_001_phosphate_plate5.tif,1,816.000,816,816
3827,F8_01_1_2_Chlorophyll_A_001_phosphate_plate5.tif,2,824.000,800,848
3828,F8_01_1_2_Chlorophyll_A_001_phosphate_plate5.tif,1,784.000,784,784
3829,F8_01_1_2_Chlorophyll_A_001_phosphate_plate5.tif,3,853.333,784,960
3830,F8_01_1_2_Chlorophyll_A_001_phosphate_plate5.tif,1,768.000,768,768
3831,F8_01_1_2_Chlorophyll_A_001_phosphate_plate5.tif,1,816.000,816,816
3832,F8_01_1_2_Chlorophyll_A_001_phosphate_plate5.tif,7,818.286,768,944
3833,F8_01_1_2_Chlorophyll_A_001_phosphate_plate5.tif,1,800.000,800,800
3834,F8_01_1_2_Chlorophyll_A_001_phosphate_plate5.tif,2,856.000,816,896
3835,F8_01_1_2_Chlorophyll_A_001_phosphate_plate5.tif,1,784.000,784,784
3836,F8_01_1_2_Chlorophyll_A_001_phosphate_plate5.tif,1,800.000,800,800
3837,F8_01_1_2_Chlorophyll_A_001_phosphate_plate5.tif,1,816.000,816,816
3838,F8_01_1_2_Chlorophyll_A_001_phosphate_plate5.tif,1,800.000,800,800
3839,F8_01_1_2_Chlorophyll_A_001_phosphate_plate5.tif,1,880.000,880,880
3840,F8_01_1_2_Chlorophyll_A_001_phosphate_plate5.tif,2,808.000,784,832
3841,F8_01_1_2_Chlorophyll_A_001_phosphate_plate5.tif,1,864.000,864,864
3842,F8_01_1_2_Chlorophyll_A_001_phosphate_plate5.tif,2,768.000,768,768
3843,F8_01_1_2_Chlorophyll_A_001_phosphate_plate5.tif,1,800.000,800,800
3844,F8_01_1_2_Chlorophyll_A_001_phosphate_plate5.tif,3,816.000,768,864
3845,F8_01_1_2_Chlorophyll_A_001_phosphate_plate5.tif,1,880.000,880,880
3846,F8_01_1_2_Chlorophyll_A_001_phosphate_plate5.tif,1,800.000,800,800
3847,F8_01_1_2_Chlorophyll_A_001_phosphate_plate5.tif,1,816.000,816,816
3848,F8_01_1_2_Chlorophyll_A_001_phosphate_plate5.tif,1,864.000,864,864
3849,F8_01_1_2_Chlorophyll_A_001_phosphate_plate5.tif,1,800.000,800,800
3850,F8_01_1_2_Chlorophyll_A_001_phosphate_plate5.tif,1,816.000,816,816
3851,F8_01_1_2_Chlorophyll_A_001_phosphate_plate5.tif,2,800.000,784,816
3852,F8_01_1_2_Chlorophyll_A_001_phosphate_plate5.tif,1,832.000,832,832
3853,F8_01_1_2_Chlorophyll_A_001_phosphate_plate5.tif,1,800.000,800,800
3854,F8_01_1_2_Chlorophyll_A_001_phosphate_plate5.tif,1,912.000,912,912
3855,F8_01_1_2_Chlorophyll_A_001_phosphate_plate5.tif,1,784.000,784,784
3856,F8_01_1_2_Chlorophyll_A_001_phosphate_plate5.tif,1,848.000,848,848
3857,F8_01_1_2_Chlorophyll_A_001_phosphate_plate5.tif,6,789.333,768,800
3858,F8_01_1_2_Chlorophyll_A_001_phosphate_plate5.tif,2,912.000,768,1056
3859,F8_01_1_2_Chlorophyll_A_001_phosphate_plate5.tif,1,768.000,768,768
3860,F8_01_1_2_Chlorophyll_A_001_phosphate_plate5.tif,2,800.000,768,832
3861,F8_01_1_2_Chlorophyll_A_001_phosphate_plate5.tif,3,906.667,864,944
3862,F8_01_1_2_Chlorophyll_A_001_phosphate_plate5.tif,2,936.000,800,1072
3863,F8_01_1_2_Chlorophyll_A_001_phosphate_plate5.tif,52,858.769,768,1104
3864,F8_01_1_2_Chlorophyll_A_001_phosphate_plate5.tif,23,891.130,768,1088
3865,F8_01_1_2_Chlorophyll_A_001_phosphate_plate5.tif,69,913.623,768,1216
3866,F8_01_1_2_Chlorophyll_A_001_phosphate_plate5.tif,36,911.556,784,1072
3867,F8_01_1_2_Chlorophyll_A_001_phosphate_plate5.tif,13,896.000,784,992
3868,F8_01_1_2_Chlorophyll_A_001_phosphate_plate5.tif,71,872.338,768,1104
3869,F8_01_1_2_Chlorophyll_A_001_phosphate_plate5.tif,1,864.000,864,864
3870,F8_01_1_2_Chlorophyll_A_001_phosphate_plate5.tif,3,890.667,816,1008
3871,F8_01_1_2_Chlorophyll_A_001_phosphate_plate5.tif,3,778.667,768,784
3872,F8_01_1_2_Chlorophyll_A_001_phosphate_plate5.tif,1,816.000,816,816
3873,F8_01_1_2_Chlorophyll_A_001_phosphate_plate5.tif,2,920.000,912,928
3874,F8_01_1_2_Chlorophyll_A_001_phosphate_plate5.tif,2,832.000,800,864
3875,F8_01_1_2_Chlorophyll_A_001_phosphate_plate5.tif,1,816.000,816,816
3876,F8_01_1_2_Chlorophyll_A_001_phosphate_plate5.tif,1,768.000,768,768
3877,F8_01_1_2_Chlorophyll_A_001_phosphate_plate5.tif,1,960.000,960,960
3878,F8_01_1_2_Chlorophyll_A_001_phosphate_plate5.tif,1,800.000,800,800
3879,F8_01_1_2_Chlorophyll_A_001_phosphate_plate5.tif,3,842.667,768,896
3880,F8_01_1_2_Chlorophyll_A_001_phosphate_plate5.tif,4,844.000,768,912
3881,F8_01_1_2_Chlorophyll_A_001_phosphate_plate5.tif,1,880.000,880,880
3882,F8_01_1_2_Chlorophyll_A_001_phosphate_plate5.tif,1,768.000,768,768
3883,F8_01_1_2_Chlorophyll_A_001_phosphate_plate5.tif,1,784.000,784,784
3884,F8_01_1_2_Chlorophyll_A_001_phosphate_plate5.tif,3,784.000,768,800
3885,F8_01_1_2_Chlorophyll_A_001_phosphate_plate5.tif,1,784.000,784,784
3886,F8_01_1_2_Chlorophyll_A_001_phosphate_plate5.tif,1,784.000,784,784
3887,F8_01_1_2_Chlorophyll_A_001_phosphate_plate5.tif,1,800.000,800,800
3888,F8_01_1_2_Chlorophyll_A_001_phosphate_plate5.tif,1,896.000,896,896
3889,F8_01_1_2_Chlorophyll_A_001_phosphate_plate5.tif,1,768.000,768,768
3890,F8_01_1_2_Chlorophyll_A_001_phosphate_plate5.tif,1,864.000,864,864
3891,F8_01_1_2_Chlorophyll_A_001_phosphate_plate5.tif,1,848.000,848,848
3892,F8_01_1_2_Chlorophyll_A_001_phosphate_plate5.tif,1,816.000,816,816
3893,F8_01_1_2_Chlorophyll_A_001_phosphate_plate5.tif,1,816.000,816,816
3894,F8_01_1_2_Chlorophyll_A_001_phosphate_plate5.tif,1,768.000,768,768
3895,F8_01_1_2_Chlorophyll_A_001_phosphate_plate5.tif,2,824.000,816,832
3896,F8_01_1_2_Chlorophyll_A_001_phosphate_plate5.tif,2,808.000,800,816
3897,F8_01_1_2_Chlorophyll_A_001_phosphate_plate5.tif,1,784.000,784,784
3898,F8_01_1_2_Chlorophyll_A_001_phosphate_plate5.tif,1,944.000,944,944
3899,F8_01_1_2_Chlorophyll_A_001_phosphate_plate5.tif,2,824.000,768,880
3900,F8_01_1_2_Chlorophyll_A_001_phosphate_plate5.tif,1,848.000,848,848
3901,F8_01_1_2_Chlorophyll_A_001_phosphate_plate5.tif,1,816.000,816,816
3902,F8_01_1_2_Chlorophyll_A_001_phosphate_plate5.tif,1,912.000,912,912
3903,F8_01_1_2_Chlorophyll_A_001_phosphate_plate5.tif,11,861.091,784,928
3904,F8_01_1_2_Chlorophyll_A_001_phosphate_plate5.tif,1,896.000,896,896
3905,F8_01_1_2_Chlorophyll_A_001_phosphate_plate5.tif,1,832.000,832,832
3906,F8_01_1_2_Chlorophyll_A_001_phosphate_plate5.tif,1,880.000,880,880
3907,F8_01_1_2_Chlorophyll_A_001_phosphate_plate5.tif,2,824.000,816,832
3908,F8_01_1_2_Chlorophyll_A_001_phosphate_plate5.tif,1,816.000,816,816
3909,F8_01_1_2_Chlorophyll_A_001_phosphate_plate5.tif,20,842.400,768,960
3910,F8_01_1_2_Chlorophyll_A_001_phosphate_plate5.tif,9,835.556,768,880
3911,F8_01_1_2_Chlorophyll_A_001_phosphate_plate5.tif,1,832.000,832,832
3912,F8_01_1_2_Chlorophyll_A_001_phosphate_plate5.tif,30,889.600,768,1168
3913,F8_01_1_2_Chlorophyll_A_001_phosphate_plate5.tif,17,880.941,768,1008
3914,F8_01_1_2_Chlorophyll_A_001_phosphate_plate5.tif,47,887.149,768,1264
3915,F8_01_1_2_Chlorophyll_A_001_phosphate_plate5.tif,31,903.226,768,1136
3916,F8_01_1_2_Chlorophyll_A_001_phosphate_plate5.tif,23,857.739,768,1040
3917,F8_01_1_2_Chlorophyll_A_001_phosphate_plate5.tif,15,842.667,768,1040
3918,F8_01_1_2_Chlorophyll_A_001_phosphate_plate5.tif,21,845.714,768,1024
3919,F8_01_1_2_Chlorophyll_A_001_phosphate_plate5.tif,2,784.000,768,800
3920,F8_01_1_2_Chlorophyll_A_001_phosphate_plate5.tif,19,861.474,768,1024
3921,F8_01_1_2_Chlorophyll_A_001_phosphate_plate5.tif,1,880.000,880,880
3922,F8_01_1_2_Chlorophyll_A_001_phosphate_plate5.tif,1,784.000,784,784
3923,F8_01_1_2_Chlorophyll_A_001_phosphate_plate5.tif,17,842.353,768,1024
3924,F8_01_1_2_Chlorophyll_A_001_phosphate_plate5.tif,1,784.000,784,784
3925,F8_01_1_2_Chlorophyll_A_001_phosphate_plate5.tif,5,822.400,768,944
3926,F8_01_1_2_Chlorophyll_A_001_phosphate_plate5.tif,1,784.000,784,784
3927,F8_01_1_2_Chlorophyll_A_001_phosphate_plate5.tif,1,1008.000,1008,1008
3928,F8_01_1_2_Chlorophyll_A_001_phosphate_plate5.tif,5,832.000,768,960
3929,F8_01_1_2_Chlorophyll_A_001_phosphate_plate5.tif,1,768.000,768,768
3930,F8_01_1_2_Chlorophyll_A_001_phosphate_plate5.tif,2,832.000,784,880
3931,F8_01_1_2_Chlorophyll_A_001_phosphate_plate5.tif,1,816.000,816,816
3932,F8_01_1_2_Chlorophyll_A_001_phosphate_plate5.tif,3,810.667,768,848
3933,F8_01_1_2_Chlorophyll_A_001_phosphate_plate5.tif,1,800.000,800,800
3934,F8_01_1_2_Chlorophyll_A_001_phosphate_plate5.tif,1,784.000,784,784
3935,F8_01_1_2_Chlorophyll_A_001_phosphate_plate5.tif,3,837.333,784,912
3936,F8_01_1_2_Chlorophyll_A_001_phosphate_plate5.tif,2,800.000,784,816
3937,F8_01_1_2_Chlorophyll_A_001_phosphate_plate5.tif,2,896.000,848,944
3938,F8_01_1_2_Chlorophyll_A_001_phosphate_plate5.tif,2,808.000,800,816
3939,F8_01_1_2_Chlorophyll_A_001_phosphate_plate5.tif,1,768.000,768,768
3940,F8_01_1_2_Chlorophyll_A_001_phosphate_plate5.tif,2,816.000,768,864
3941,F8_01_1_2_Chlorophyll_A_001_phosphate_plate5.tif,1,816.000,816,816
3942,F8_01_1_2_Chlorophyll_A_001_phosphate_plate5.tif,2,896.000,880,912
3943,F8_01_1_2_Chlorophyll_A_001_phosphate_plate5.tif,1,800.000,800,800
3944,F8_01_1_2_Chlorophyll_A_001_phosphate_plate5.tif,1,832.000,832,832
3945,F8_01_1_2_Chlorophyll_A_001_phosphate_plate5.tif,1,784.000,784,784
3946,F8_01_1_2_Chlorophyll_A_001_phosphate_plate5.tif,1,800.000,800,800
3947,F8_01_1_2_Chlorophyll_A_001_phosphate_plate5.tif,1,800.000,800,800
3948,F8_01_1_2_Chlorophyll_A_001_phosphate_plate5.tif,251,4429.514,768,49104
3949,F8_01_1_2_Chlorophyll_A_001_phosphate_plate5.tif,2,888.000,880,896
3950,F8_01_1_2_Chlorophyll_A_001_phosphate_plate5.tif,1,784.000,784,784
3951,F8_01_1_2_Chlorophyll_A_001_phosphate_plate5.tif,2,776.000,768,784
3952,F8_01_1_2_Chlorophyll_A_001_phosphate_plate5.tif,1,880.000,880,880
3953,F8_01_1_2_Chlorophyll_A_001_phosphate_plate5.tif,3,789.333,768,816
3954,F8_01_1_2_Chlorophyll_A_001_phosphate_plate5.tif,1,784.000,784,784
3955,F8_01_1_2_Chlorophyll_A_001_phosphate_plate5.tif,1,768.000,768,768
3956,F8_01_1_2_Chlorophyll_A_001_phosphate_plate5.tif,2,824.000,768,880
3957,F8_01_1_2_Chlorophyll_A_001_phosphate_plate5.tif,2,800.000,800,800
3958,F8_01_1_2_Chlorophyll_A_001_phosphate_plate5.tif,1,1088.000,1088,1088
3959,F8_01_1_2_Chlorophyll_A_001_phosphate_plate5.tif,2,832.000,816,848
3960,F8_01_1_2_Chlorophyll_A_001_phosphate_plate5.tif,5,870.400,768,1008
3961,F8_01_1_2_Chlorophyll_A_001_phosphate_plate5.tif,1,800.000,800,800
3962,F8_01_1_2_Chlorophyll_A_001_phosphate_plate5.tif,29,872.828,768,1056
3963,F8_01_1_2_Chlorophyll_A_001_phosphate_plate5.tif,15,884.267,768,1024
3964,F8_01_1_2_Chlorophyll_A_001_phosphate_plate5.tif,26,926.769,784,1152
3965,F8_01_1_2_Chlorophyll_A_001_phosphate_plate5.tif,73,845.589,768,1184
3966,F8_01_1_2_Chlorophyll_A_001_phosphate_plate5.tif,1,960.000,960,960
3967,F8_01_1_2_Chlorophyll_A_001_phosphate_plate5.tif,1,1008.000,1008,1008
3968,F8_01_1_2_Chlorophyll_A_001_phosphate_plate5.tif,1,864.000,864,864
3969,F8_01_1_2_Chlorophyll_A_001_phosphate_plate5.tif,5,803.200,768,880
3970,F8_01_1_2_Chlorophyll_A_001_phosphate_plate5.tif,6,866.667,784,928
3971,F8_01_1_2_Chlorophyll_A_001_phosphate_plate5.tif,3,864.000,768,944
3972,F8_01_1_2_Chlorophyll_A_001_phosphate_plate5.tif,8,832.000,768,928
3973,F8_01_1_2_Chlorophyll_A_001_phosphate_plate5.tif,1,1040.000,1040,1040
3974,F8_01_1_2_Chlorophyll_A_001_phosphate_plate5.tif,5,835.200,768,896
3975,F8_01_1_2_Chlorophyll_A_001_phosphate_plate5.tif,5,819.200,784,864
3976,F8_01_1_2_Chlorophyll_A_001_phosphate_plate5.tif,3,789.333,784,800
3977,F8_01_1_2_Chlorophyll_A_001_phosphate_plate5.tif,1,864.000,864,864
3978,F8_01_1_2_Chlorophyll_A_001_phosphate_plate5.tif,1,816.000,816,816
3979,F8_01_1_2_Chlorophyll_A_001_phosphate_plate5.tif,1,768.000,768,768
3980,F8_01_1_2_Chlorophyll_A_001_phosphate_plate5.tif,1,800.000,800,800
3981,F8_01_1_2_Chlorophyll_A_001_phosphate_plate5.tif,1,800.000,800,800
3982,F8_01_1_2_Chlorophyll_A_001_phosphate_plate5.tif,2,784.000,784,784
3983,F8_01_1_2_Chlorophyll_A_001_phosphate_plate5.tif,2,832.000,800,864
3984,F8_01_1_2_Chlorophyll_A_001_phosphate_plate5.tif,1,928.000,928,928
3985,F8_01_1_2_Chlorophyll_A_001_phosphate_plate5.tif,4,788.000,768,816
3986,F8_01_1_2_Chlorophyll_A_001_phosphate_plate5.tif,1,848.000,848,848
3987,F8_01_1_2_Chlorophyll_A_001_phosphate_plate5.tif,3,821.333,784,864
3988,F8_01_1_2_Chlorophyll_A_001_phosphate_plate5.tif,2,888.000,816,960
3989,F8_01_1_2_Chlorophyll_A_001_phosphate_plate5.tif,1,848.000,848,848
3990,F8_01_1_2_Chlorophyll_A_001_phosphate_plate5.tif,4,836.000,784,912
3991,F8_01_1_2_Chlorophyll_A_001_phosphate_plate5.tif,1,816.000,816,816
3992,F8_01_1_2_Chlorophyll_A_001_phosphate_plate5.tif,1,784.000,784,784
3993,F8_01_1_2_Chlorophyll_A_001_phosphate_plate5.tif,1,784.000,784,784
3994,F8_01_1_2_Chlorophyll_A_001_phosphate_plate5.tif,2,920.000,800,1040
3995,F8_01_1_2_Chlorophyll_A_001_phosphate_plate5.tif,3,837.333,784,896
3996,F8_01_1_2_Chlorophyll_A_001_phosphate_plate5.tif,1,816.000,816,816
3997,F8_01_1_2_Chlorophyll_A_001_phosphate_plate5.tif,1,784.000,784,784
3998,F8_01_1_2_Chlorophyll_A_001_phosphate_plate5.tif,1,880.000,880,880
3999,F8_01_1_2_Chlorophyll_A_001_phosphate_plate5.tif,3,832.000,768,960
4000,F8_01_1_2_Chlorophyll_A_001_phosphate_plate5.tif,2,784.000,768,800
4001,F8_01_1_2_Chlorophyll_A_001_phosphate_plate5.tif,1,768.000,768,768
4002,F8_01_1_2_Chlorophyll_A_001_phosphate_plate5.tif,1,800.000,800,800
4003,F8_01_1_2_Chlorophyll_A_001_phosphate_plate5.tif,1,800.000,800,800
4004,F8_01_1_2_Chlorophyll_A_001_phosphate_plate5.tif,1,768.000,768,768
4005,F8_01_1_2_Chlorophyll_A_001_phosphate_plate5.tif,1,768.000,768,768
4006,F8_01_1_2_Chlorophyll_A_001_phosphate_plate5.tif,1,816.000,816,816
4007,F8_01_1_2_Chlorophyll_A_001_phosphate_plate5.tif,3,800.000,784,816
4008,F8_01_1_2_Chlorophyll_A_001_phosphate_plate5.tif,1,800.000,800,800
4009,F8_01_1_2_Chlorophyll_A_001_phosphate_plate5.tif,1,848.000,848,848
4010,F8_01_1_2_Chlorophyll_A_001_phosphate_plate5.tif,2,808.000,800,816
4011,F8_01_1_2_Chlorophyll_A_001_phosphate_plate5.tif,2,832.000,832,832
4012,F8_01_1_2_Chlorophyll_A_001_phosphate_plate5.tif,2,768.000,768,768
4013,F8_01_1_2_Chlorophyll_A_001_phosphate_plate5.tif,1,784.000,784,784
4014,F8_01_1_2_Chlorophyll_A_001_phosphate_plate5.tif,1,832.000,832,832
4015,F8_01_1_2_Chlorophyll_A_001_phosphate_plate5.tif,2,936.000,880,992
4016,F8_01_1_2_Chlorophyll_A_001_phosphate_plate5.tif,1,784.000,784,784
4017,F8_01_1_2_Chlorophyll_A_001_phosphate_plate5.tif,1,816.000,816,816
4018,F8_01_1_2_Chlorophyll_A_001_phosphate_plate5.tif,1,880.000,880,880
4019,F8_01_1_2_Chlorophyll_A_001_phosphate_plate5.tif,3,816.000,768,848
4020,F8_01_1_2_Chlorophyll_A_001_phosphate_plate5.tif,1,976.000,976,976
4021,F8_01_1_2_Chlorophyll_A_001_phosphate_plate5.tif,1,896.000,896,896
4022,F8_01_1_2_Chlorophyll_A_001_phosphate_plate5.tif,1,896.000,896,896
4023,F8_01_1_2_Chlorophyll_A_001_phosphate_plate5.tif,1,864.000,864,864
4024,F8_01_1_2_Chlorophyll_A_001_phosphate_plate5.tif,1,800.000,800,800
4025,F8_01_1_2_Chlorophyll_A_001_phosphate_plate5.tif,2,792.000,768,816
4026,F8_01_1_2_Chlorophyll_A_001_phosphate_plate5.tif,1,1024.000,1024,1024
4027,F8_01_1_2_Chlorophyll_A_001_phosphate_plate5.tif,1,816.000,816,816
4028,F8_01_1_2_Chlorophyll_A_001_phosphate_plate5.tif,28,874.286,768,1184
4029,F8_01_1_2_Chlorophyll_A_001_phosphate_plate5.tif,36,882.222,768,1088
4030,F8_01_1_2_Chlorophyll_A_001_phosphate_plate5.tif,30,822.933,768,944
4031,F8_01_1_2_Chlorophyll_A_001_phosphate_plate5.tif,2,776.000,768,784
4032,F8_01_1_2_Chlorophyll_A_001_phosphate_plate5.tif,11,794.182,768,880
4033,F8_01_1_2_Chlorophyll_A_001_phosphate_plate5.tif,2,848.000,800,896
4034,F8_01_1_2_Chlorophyll_A_001_phosphate_plate5.tif,3,837.333,768,944
4035,F8_01_1_2_Chlorophyll_A_001_phosphate_plate5.tif,2,832.000,816,848
4036,F8_01_1_2_Chlorophyll_A_001_phosphate_plate5.tif,1,816.000,816,816
4037,F8_01_1_2_Chlorophyll_A_001_phosphate_plate5.tif,1,816.000,816,816
4038,F8_01_1_2_Chlorophyll_A_001_phosphate_plate5.tif,3,800.000,784,816
4039,F8_01_1_2_Chlorophyll_A_001_phosphate_plate5.tif,3,826.667,784,864
4040,F8_01_1_2_Chlorophyll_A_001_phosphate_plate5.tif,1,800.000,800,800
4041,F8_01_1_2_Chlorophyll_A_001_phosphate_plate5.tif,6,880.000,784,976
4042,F8_01_1_2_Chlorophyll_A_001_phosphate_plate5.tif,1,880.000,880,880
4043,F8_01_1_2_Chlorophyll_A_001_phosphate_plate5.tif,1,768.000,768,768
4044,F8_01_1_2_Chlorophyll_A_001_phosphate_plate5.tif,4,800.000,768,880
4045,F8_01_1_2_Chlorophyll_A_001_phosphate_plate5.tif,1,832.000,832,832
4046,F8_01_1_2_Chlorophyll_A_001_phosphate_plate5.tif,1,768.000,768,768
4047,F8_01_1_2_Chlorophyll_A_001_phosphate_plate5.tif,1,768.000,768,768
4048,F8_01_1_2_Chlorophyll_A_001_phosphate_plate5.tif,1,800.000,800,800
4049,F8_01_1_2_Chlorophyll_A_001_phosphate_plate5.tif,1,880.000,880,880
4050,F8_01_1_2_Chlorophyll_A_001_phosphate_plate5.tif,1,928.000,928,928
4051,F8_01_1_2_Chlorophyll_A_001_phosphate_plate5.tif,3,800.000,800,800
4052,F8_01_1_2_Chlorophyll_A_001_phosphate_plate5.tif,1,768.000,768,768
4053,F8_01_1_2_Chlorophyll_A_001_phosphate_plate5.tif,2,784.000,768,800
4054,F8_01_1_2_Chlorophyll_A_001_phosphate_plate5.tif,1,832.000,832,832
4055,F8_01_1_2_Chlorophyll_A_001_phosphate_plate5.tif,1,800.000,800,800
4056,F8_01_1_2_Chlorophyll_A_001_phosphate_plate5.tif,1,784.000,784,784
4057,F8_01_1_2_Chlorophyll_A_001_phosphate_plate5.tif,1,768.000,768,768
4058,F8_01_1_2_Chlorophyll_A_001_phosphate_plate5.tif,1,928.000,928,928
4059,F8_01_1_2_Chlorophyll_A_001_phosphate_plate5.tif,1,832.000,832,832
4060,F8_01_1_2_Chlorophyll_A_001_phosphate_plate5.tif,6,856.000,768,960
4061,F8_01_1_2_Chlorophyll_A_001_phosphate_plate5.tif,29,884.414,768,1152
4062,F8_01_1_2_Chlorophyll_A_001_phosphate_plate5.tif,22,904.000,768,1136
4063,F8_01_1_2_Chlorophyll_A_001_phosphate_plate5.tif,20,868.800,768,1152
4064,F8_01_1_2_Chlorophyll_A_001_phosphate_plate5.tif,1,1008.000,1008,1008
4065,F8_01_1_2_Chlorophyll_A_001_phosphate_plate5.tif,2,832.000,784,880
4066,F8_01_1_2_Chlorophyll_A_001_phosphate_plate5.tif,3,885.333,800,992
4067,F8_01_1_2_Chlorophyll_A_001_phosphate_plate5.tif,3,837.333,784,912
4068,F8_01_1_2_Chlorophyll_A_001_phosphate_plate5.tif,6,848.000,768,944
4069,F8_01_1_2_Chlorophyll_A_001_phosphate_plate5.tif,2,848.000,832,864
4070,F8_01_1_2_Chlorophyll_A_001_phosphate_plate5.tif,2,816.000,800,832
4071,F8_01_1_2_Chlorophyll_A_001_phosphate_plate5.tif,4,912.000,768,1024
4072,F8_01_1_2_Chlorophyll_A_001_phosphate_plate5.tif,3,826.667,768,864
4073,F8_01_1_2_Chlorophyll_A_001_phosphate_plate5.tif,1,816.000,816,816
4074,F8_01_1_2_Chlorophyll_A_001_phosphate_plate5.tif,1,912.000,912,912
4075,F8_01_1_2_Chlorophyll_A_001_phosphate_plate5.tif,1,880.000,880,880
4076,F8_01_1_2_Chlorophyll_A_001_phosphate_plate5.tif,4,792.000,768,816
4077,F8_01_1_2_Chlorophyll_A_001_phosphate_plate5.tif,1,768.000,768,768
4078,F8_01_1_2_Chlorophyll_A_001_phosphate_plate5.tif,1,800.000,800,800
4079,F8_01_1_2_Chlorophyll_A_001_phosphate_plate5.tif,2,800.000,784,816
4080,F8_01_1_2_Chlorophyll_A_001_phosphate_plate5.tif,1,880.000,880,880
4081,F8_01_1_2_Chlorophyll_A_001_phosphate_plate5.tif,1,784.000,784,784
4082,F8_01_1_2_Chlorophyll_A_001_phosphate_plate5.tif,2,808.000,800,816
4083,F8_01_1_2_Chlorophyll_A_001_phosphate_plate5.tif,1,832.000,832,832
4084,F8_01_1_2_Chlorophyll_A_001_phosphate_plate5.tif,4,836.000,784,880
4085,F8_01_1_2_Chlorophyll_A_001_phosphate_plate5.tif,2,864.000,864,864
4086,F8_01_1_2_Chlorophyll_A_001_phosphate_plate5.tif,1,912.000,912,912
4087,F8_01_1_2_Chlorophyll_A_001_phosphate_plate5.tif,1,832.000,832,832
4088,F8_01_1_2_Chlorophyll_A_001_phosphate_plate5.tif,1,768.000,768,768
4089,F8_01_1_2_Chlorophyll_A_001_phosphate_plate5.tif,2,856.000,800,912
4090,F8_01_1_2_Chlorophyll_A_001_phosphate_plate5.tif,1,768.000,768,768
4091,F8_01_1_2_Chlorophyll_A_001_phosphate_plate5.tif,1,800.000,800,800
4092,F8_01_1_2_Chlorophyll_A_001_phosphate_plate5.tif,3,837.333,784,912
4093,F8_01_1_2_Chlorophyll_A_001_phosphate_plate5.tif,1,784.000,784,784
4094,F8_01_1_2_Chlorophyll_A_001_phosphate_plate5.tif,1,784.000,784,784
4095,F8_01_1_2_Chlorophyll_A_001_phosphate_plate5.tif,2,824.000,784,864
4096,F8_01_1_2_Chlorophyll_A_001_phosphate_plate5.tif,1,880.000,880,880
4097,F8_01_1_2_Chlorophyll_A_001_phosphate_plate5.tif,1,800.000,800,800
4098,F8_01_1_2_Chlorophyll_A_001_phosphate_plate5.tif,1,848.000,848,848
4099,F8_01_1_2_Chlorophyll_A_001_phosphate_plate5.tif,2,824.000,800,848
4100,F8_01_1_2_Chlorophyll_A_001_phosphate_plate5.tif,1,768.000,768,768
4101,F8_01_1_2_Chlorophyll_A_001_phosphate_plate5.tif,2,800.000,784,816
4102,F8_01_1_2_Chlorophyll_A_001_phosphate_plate5.tif,2,784.000,784,784
4103,F8_01_1_2_Chlorophyll_A_001_phosphate_plate5.tif,1,832.000,832,832
4104,F8_01_1_2_Chlorophyll_A_001_phosphate_plate5.tif,1,816.000,816,816
4105,F8_01_1_2_Chlorophyll_A_001_phosphate_plate5.tif,1,928.000,928,928
4106,F8_01_1_2_Chlorophyll_A_001_phosphate_plate5.tif,1,848.000,848,848
4107,F8_01_1_2_Chlorophyll_A_001_phosphate_plate5.tif,1,816.000,816,816
4108,F8_01_1_2_Chlorophyll_A_001_phosphate_plate5.tif,1,768.000,768,768
4109,F8_01_1_2_Chlorophyll_A_001_phosphate_plate5.tif,1,784.000,784,784
4110,F8_01_1_2_Chlorophyll_A_001_phosphate_plate5.tif,1,768.000,768,768
4111,F8_01_1_2_Chlorophyll_A_001_phosphate_plate5.tif,1,976.000,976,976
4112,F8_01_1_2_Chlorophyll_A_001_phosphate_plate5.tif,2,816.000,784,848
4113,F8_01_1_2_Chlorophyll_A_001_phosphate_plate5.tif,3,810.667,768,864
4114,F8_01_1_2_Chlorophyll_A_001_phosphate_plate5.tif,1,816.000,816,816
4115,F8_01_1_2_Chlorophyll_A_001_phosphate_plate5.tif,1,864.000,864,864
4116,F8_01_1_2_Chlorophyll_A_001_phosphate_plate5.tif,1,864.000,864,864
4117,F8_01_1_2_Chlorophyll_A_001_phosphate_plate5.tif,3,869.333,832,896
4118,F8_01_1_2_Chlorophyll_A_001_phosphate_plate5.tif,3,848.000,768,992
4119,F8_01_1_2_Chlorophyll_A_001_phosphate_plate5.tif,1,784.000,784,784
4120,F8_01_1_2_Chlorophyll_A_001_phosphate_plate5.tif,2,792.000,768,816
4121,F8_01_1_2_Chlorophyll_A_001_phosphate_plate5.tif,1,848.000,848,848
4122,F8_01_1_2_Chlorophyll_A_001_phosphate_plate5.tif,1,880.000,880,880
4123,F8_01_1_2_Chlorophyll_A_001_phosphate_plate5.tif,1,816.000,816,816
4124,F8_01_1_2_Chlorophyll_A_001_phosphate_plate5.tif,1,784.000,784,784
4125,F8_01_1_2_Chlorophyll_A_001_phosphate_plate5.tif,2,800.000,800,800
4126,F8_01_1_2_Chlorophyll_A_001_phosphate_plate5.tif,9,816.000,768,928
4127,F8_01_1_2_Chlorophyll_A_001_phosphate_plate5.tif,1,768.000,768,768
4128,F8_01_1_2_Chlorophyll_A_001_phosphate_plate5.tif,4,776.000,768,784
4129,F8_01_1_2_Chlorophyll_A_001_phosphate_plate5.tif,2,816.000,784,848
4130,F8_01_1_2_Chlorophyll_A_001_phosphate_plate5.tif,4,856.000,816,944
4131,F8_01_1_2_Chlorophyll_A_001_phosphate_plate5.tif,40,849.200,768,1040
4132,F8_01_1_2_Chlorophyll_A_001_phosphate_plate5.tif,3,800.000,784,816
4133,F8_01_1_2_Chlorophyll_A_001_phosphate_plate5.tif,1,816.000,816,816
4134,F8_01_1_2_Chlorophyll_A_001_phosphate_plate5.tif,35,863.086,768,1120
4135,F8_01_1_2_Chlorophyll_A_001_phosphate_plate5.tif,56,870.000,768,1072
4136,F8_01_1_2_Chlorophyll_A_001_phosphate_plate5.tif,54,893.037,768,1088
4137,F8_01_1_2_Chlorophyll_A_001_phosphate_plate5.tif,38,882.526,768,1040
4138,F8_01_1_2_Chlorophyll_A_001_phosphate_plate5.tif,105,1751.010,800,8064
4139,F8_01_1_2_Chlorophyll_A_001_phosphate_plate5.tif,1,896.000,896,896
4140,F8_01_1_2_Chlorophyll_A_001_phosphate_plate5.tif,6,882.667,816,960
4141,F8_01_1_2_Chlorophyll_A_001_phosphate_plate5.tif,3,874.667,800,960
4142,F8_01_1_2_Chlorophyll_A_001_phosphate_plate5.tif,1,960.000,960,960
4143,F8_01_1_2_Chlorophyll_A_001_phosphate_plate5.tif,3,869.333,848,896
4144,F8_01_1_2_Chlorophyll_A_001_phosphate_plate5.tif,14,868.571,768,1072
4145,F8_01_1_2_Chlorophyll_A_001_phosphate_plate5.tif,3,810.667,784,832
4146,F8_01_1_2_Chlorophyll_A_001_phosphate_plate5.tif,1,880.000,880,880
4147,F8_01_1_2_Chlorophyll_A_001_phosphate_plate5.tif,2,832.000,768,896
4148,F8_01_1_2_Chlorophyll_A_001_phosphate_plate5.tif,1,848.000,848,848
4149,F8_01_1_2_Chlorophyll_A_001_phosphate_plate5.tif,3,864.000,768,1024
4150,F8_01_1_2_Chlorophyll_A_001_phosphate_plate5.tif,2,816.000,800,832
4151,F8_01_1_2_Chlorophyll_A_001_phosphate_plate5.tif,1,960.000,960,960
4152,F8_01_1_2_Chlorophyll_A_001_phosphate_plate5.tif,1,896.000,896,896
4153,F8_01_1_2_Chlorophyll_A_001_phosphate_plate5.tif,1,864.000,864,864
4154,F8_01_1_2_Chlorophyll_A_001_phosphate_plate5.tif,2,792.000,784,800
4155,F8_01_1_2_Chlorophyll_A_001_phosphate_plate5.tif,2,888.000,832,944
4156,F8_01_1_2_Chlorophyll_A_001_phosphate_plate5.tif,3,784.000,768,816
4157,F8_01_1_2_Chlorophyll_A_001_phosphate_plate5.tif,1,800.000,800,800
4158,F8_01_1_2_Chlorophyll_A_001_phosphate_plate5.tif,1,768.000,768,768
4159,F8_01_1_2_Chlorophyll_A_001_phosphate_plate5.tif,3,938.667,896,1024
4160,F8_01_1_2_Chlorophyll_A_001_phosphate_plate5.tif,1,848.000,848,848
4161,F8_01_1_2_Chlorophyll_A_001_phosphate_plate5.tif,1,768.000,768,768
4162,F8_01_1_2_Chlorophyll_A_001_phosphate_plate5.tif,1,928.000,928,928
4163,F8_01_1_2_Chlorophyll_A_001_phosphate_plate5.tif,1,800.000,800,800
4164,F8_01_1_2_Chlorophyll_A_001_phosphate_plate5.tif,1,784.000,784,784
4165,F8_01_1_2_Chlorophyll_A_001_phosphate_plate5.tif,1,784.000,784,784
4166,F8_01_1_2_Chlorophyll_A_001_phosphate_plate5.tif,1,800.000,800,800
4167,F8_01_1_2_Chlorophyll_A_001_phosphate_plate5.tif,2,816.000,768,864
4168,F8_01_1_2_Chlorophyll_A_001_phosphate_plate5.tif,1,784.000,784,784
4169,F8_01_1_2_Chlorophyll_A_001_phosphate_plate5.tif,1,800.000,800,800
4170,F8_01_1_2_Chlorophyll_A_001_phosphate_plate5.tif,1,800.000,800,800
4171,F8_01_1_2_Chlorophyll_A_001_phosphate_plate5.tif,1,880.000,880,880
4172,F8_01_1_2_Chlorophyll_A_001_phosphate_plate5.tif,3,816.000,768,864
4173,F8_01_1_2_Chlorophyll_A_001_phosphate_plate5.tif,1,784.000,784,784
4174,F8_01_1_2_Chlorophyll_A_001_phosphate_plate5.tif,42,874.667,768,1088
4175,F8_01_1_2_Chlorophyll_A_001_phosphate_plate5.tif,12,936.000,784,1280
4176,F8_01_1_2_Chlorophyll_A_001_phosphate_plate5.tif,1,816.000,816,816
4177,F8_01_1_2_Chlorophyll_A_001_phosphate_plate5.tif,48,870.333,784,1120
4178,F8_01_1_2_Chlorophyll_A_001_phosphate_plate5.tif,1,928.000,928,928
4179,F8_01_1_2_Chlorophyll_A_001_phosphate_plate5.tif,1,784.000,784,784
4180,F8_01_1_2_Chlorophyll_A_001_phosphate_plate5.tif,1,880.000,880,880
4181,F8_01_1_2_Chlorophyll_A_001_phosphate_plate5.tif,4,824.000,784,880
4182,F8_01_1_2_Chlorophyll_A_001_phosphate_plate5.tif,1,880.000,880,880
4183,F8_01_1_2_Chlorophyll_A_001_phosphate_plate5.tif,2,944.000,928,960
4184,F8_01_1_2_Chlorophyll_A_001_phosphate_plate5.tif,1,816.000,816,816
4185,F8_01_1_2_Chlorophyll_A_001_phosphate_plate5.tif,2,856.000,784,928
4186,F8_01_1_2_Chlorophyll_A_001_phosphate_plate5.tif,3,874.667,784,976
4187,F8_01_1_2_Chlorophyll_A_001_phosphate_plate5.tif,2,840.000,784,896
4188,F8_01_1_2_Chlorophyll_A_001_phosphate_plate5.tif,1,768.000,768,768
4189,F8_01_1_2_Chlorophyll_A_001_phosphate_plate5.tif,1,784.000,784,784
4190,F8_01_1_2_Chlorophyll_A_001_phosphate_plate5.tif,2,776.000,768,784
4191,F8_01_1_2_Chlorophyll_A_001_phosphate_plate5.tif,1,928.000,928,928
4192,F8_01_1_2_Chlorophyll_A_001_phosphate_plate5.tif,1,768.000,768,768
4193,F8_01_1_2_Chlorophyll_A_001_phosphate_plate5.tif,6,800.000,768,864
4194,F8_01_1_2_Chlorophyll_A_001_phosphate_plate5.tif,2,848.000,800,896
4195,F8_01_1_2_Chlorophyll_A_001_phosphate_plate5.tif,1,864.000,864,864
4196,F8_01_1_2_Chlorophyll_A_001_phosphate_plate5.tif,2,776.000,768,784
4197,F8_01_1_2_Chlorophyll_A_001_phosphate_plate5.tif,1,960.000,960,960
4198,F8_01_1_2_Chlorophyll_A_001_phosphate_plate5.tif,4,876.000,816,960
4199,F8_01_1_2_Chlorophyll_A_001_phosphate_plate5.tif,2,824.000,768,880
4200,F8_01_1_2_Chlorophyll_A_001_phosphate_plate5.tif,1,944.000,944,944
4201,F8_01_1_2_Chlorophyll_A_001_phosphate_plate5.tif,1,784.000,784,784
4202,F8_01_1_2_Chlorophyll_A_001_phosphate_plate5.tif,1,848.000,848,848
4203,F8_01_1_2_Chlorophyll_A_001_phosphate_plate5.tif,1,768.000,768,768
4204,F8_01_1_2_Chlorophyll_A_001_phosphate_plate5.tif,1,928.000,928,928
4205,F8_01_1_2_Chlorophyll_A_001_phosphate_plate5.tif,1,800.000,800,800
4206,F8_01_1_2_Chlorophyll_A_001_phosphate_plate5.tif,1,800.000,800,800
4207,F8_01_1_2_Chlorophyll_A_001_phosphate_plate5.tif,1,784.000,784,784
4208,F8_01_1_2_Chlorophyll_A_001_phosphate_plate5.tif,1,848.000,848,848
4209,F8_01_1_2_Chlorophyll_A_001_phosphate_plate5.tif,1,784.000,784,784
4210,F8_01_1_2_Chlorophyll_A_001_phosphate_plate5.tif,2,832.000,816,848
4211,F8_01_1_2_Chlorophyll_A_001_phosphate_plate5.tif,1,816.000,816,816
4212,F8_01_1_2_Chlorophyll_A_001_phosphate_plate5.tif,1,784.000,784,784
4213,F8_01_1_2_Chlorophyll_A_001_phosphate_plate5.tif,2,888.000,880,896
4214,F8_01_1_2_Chlorophyll_A_001_phosphate_plate5.tif,4,796.000,768,848
4215,F8_01_1_2_Chlorophyll_A_001_phosphate_plate5.tif,1,896.000,896,896
4216,F8_01_1_2_Chlorophyll_A_001_phosphate_plate5.tif,4,812.000,768,864
4217,F8_01_1_2_Chlorophyll_A_001_phosphate_plate5.tif,1,848.000,848,848
4218,F8_01_1_2_Chlorophyll_A_001_phosphate_plate5.tif,1,832.000,832,832
4219,F8_01_1_2_Chlorophyll_A_001_phosphate_plate5.tif,1,832.000,832,832
4220,F8_01_1_2_Chlorophyll_A_001_phosphate_plate5.tif,1,896.000,896,896
4221,F8_01_1_2_Chlorophyll_A_001_phosphate_plate5.tif,2,912.000,864,960
4222,F8_01_1_2_Chlorophyll_A_001_phosphate_plate5.tif,2,832.000,816,848
4223,F8_01_1_2_Chlorophyll_A_001_phosphate_plate5.tif,3,800.000,768,816
4224,F8_01_1_2_Chlorophyll_A_001_phosphate_plate5.tif,1,848.000,848,848
4225,F8_01_1_2_Chlorophyll_A_001_phosphate_plate5.tif,1,960.000,960,960
4226,F8_01_1_2_Chlorophyll_A_001_phosphate_plate5.tif,13,838.154,768,928
4227,F8_01_1_2_Chlorophyll_A_001_phosphate_plate5.tif,8,824.000,768,912
4228,F8_01_1_2_Chlorophyll_A_001_phosphate_plate5.tif,1,880.000,880,880
4229,F8_01_1_2_Chlorophyll_A_001_phosphate_plate5.tif,27,904.296,768,1152
4230,F8_01_1_2_Chlorophyll_A_001_phosphate_plate5.tif,1,960.000,960,960
4231,F8_01_1_2_Chlorophyll_A_001_phosphate_plate5.tif,1,784.000,784,784
4232,F8_01_1_2_Chlorophyll_A_001_phosphate_plate5.tif,18,835.556,768,1008
4233,F8_01_1_2_Chlorophyll_A_001_phosphate_plate5.tif,6,845.333,768,976
4234,F8_01_1_2_Chlorophyll_A_001_phosphate_plate5.tif,1,800.000,800,800
4235,F8_01_1_2_Chlorophyll_A_001_phosphate_plate5.tif,9,864.000,816,944
4236,F8_01_1_2_Chlorophyll_A_001_phosphate_plate5.tif,1,848.000,848,848
4237,F8_01_1_2_Chlorophyll_A_001_phosphate_plate5.tif,3,810.667,768,848
4238,F8_01_1_2_Chlorophyll_A_001_phosphate_plate5.tif,28,856.000,768,992
4239,F8_01_1_2_Chlorophyll_A_001_phosphate_plate5.tif,1,912.000,912,912
4240,F8_01_1_2_Chlorophyll_A_001_phosphate_plate5.tif,1,1024.000,1024,1024
4241,F8_01_1_2_Chlorophyll_A_001_phosphate_plate5.tif,1,816.000,816,816
4242,F8_01_1_2_Chlorophyll_A_001_phosphate_plate5.tif,1,864.000,864,864
4243,F8_01_1_2_Chlorophyll_A_001_phosphate_plate5.tif,4,876.000,800,944
4244,F8_01_1_2_Chlorophyll_A_001_phosphate_plate5.tif,1,768.000,768,768
4245,F8_01_1_2_Chlorophyll_A_001_phosphate_plate5.tif,1,896.000,896,896
4246,F8_01_1_2_Chlorophyll_A_001_phosphate_plate5.tif,2,776.000,768,784
4247,F8_01_1_2_Chlorophyll_A_001_phosphate_plate5.tif,1,928.000,928,928
4248,F8_01_1_2_Chlorophyll_A_001_phosphate_plate5.tif,1,800.000,800,800
4249,F8_01_1_2_Chlorophyll_A_001_phosphate_plate5.tif,1,928.000,928,928
4250,F8_01_1_2_Chlorophyll_A_001_phosphate_plate5.tif,1,768.000,768,768
4251,F8_01_1_2_Chlorophyll_A_001_phosphate_plate5.tif,1,768.000,768,768
4252,F8_01_1_2_Chlorophyll_A_001_phosphate_plate5.tif,1,768.000,768,768
4253,F8_01_1_2_Chlorophyll_A_001_phosphate_plate5.tif,9,839.111,784,928
4254,F8_01_1_2_Chlorophyll_A_001_phosphate_plate5.tif,1,768.000,768,768
4255,F8_01_1_2_Chlorophyll_A_001_phosphate_plate5.tif,1,768.000,768,768
4256,F8_01_1_2_Chlorophyll_A_001_phosphate_plate5.tif,2,816.000,784,848
4257,F8_01_1_2_Chlorophyll_A_001_phosphate_plate5.tif,1,832.000,832,832
4258,F8_01_1_2_Chlorophyll_A_001_phosphate_plate5.tif,2,832.000,768,896
4259,F8_01_1_2_Chlorophyll_A_001_phosphate_plate5.tif,2,792.000,768,816
4260,F8_01_1_2_Chlorophyll_A_001_phosphate_plate5.tif,1,848.000,848,848
4261,F8_01_1_2_Chlorophyll_A_001_phosphate_plate5.tif,1,800.000,800,800
4262,F8_01_1_2_Chlorophyll_A_001_phosphate_plate5.tif,3,816.000,784,848
4263,F8_01_1_2_Chlorophyll_A_001_phosphate_plate5.tif,1,960.000,960,960
4264,F8_01_1_2_Chlorophyll_A_001_phosphate_plate5.tif,1,800.000,800,800
4265,F8_01_1_2_Chlorophyll_A_001_phosphate_plate5.tif,1,832.000,832,832
4266,F8_01_1_2_Chlorophyll_A_001_phosphate_plate5.tif,2,816.000,800,832
4267,F8_01_1_2_Chlorophyll_A_001_phosphate_plate5.tif,1,800.000,800,800
4268,F8_01_1_2_Chlorophyll_A_001_phosphate_plate5.tif,1,768.000,768,768
4269,F8_01_1_2_Chlorophyll_A_001_phosphate_plate5.tif,3,858.667,800,960
4270,F8_01_1_2_Chlorophyll_A_001_phosphate_plate5.tif,2,880.000,864,896
4271,F8_01_1_2_Chlorophyll_A_001_phosphate_plate5.tif,12,820.000,768,944
4272,F8_01_1_2_Chlorophyll_A_001_phosphate_plate5.tif,1,816.000,816,816
4273,F8_01_1_2_Chlorophyll_A_001_phosphate_plate5.tif,1,768.000,768,768
4274,F8_01_1_2_Chlorophyll_A_001_phosphate_plate5.tif,5,790.400,768,832
4275,F8_01_1_2_Chlorophyll_A_001_phosphate_plate5.tif,1,832.000,832,832
4276,F8_01_1_2_Chlorophyll_A_001_phosphate_plate5.tif,1,848.000,848,848
4277,F8_01_1_2_Chlorophyll_A_001_phosphate_plate5.tif,2,824.000,768,880
4278,F8_01_1_2_Chlorophyll_A_001_phosphate_plate5.tif,7,857.143,784,944
4279,F8_01_1_2_Chlorophyll_A_001_phosphate_plate5.tif,4,912.000,784,1088
4280,F8_01_1_2_Chlorophyll_A_001_phosphate_plate5.tif,2,872.000,848,896
4281,F8_01_1_2_Chlorophyll_A_001_phosphate_plate5.tif,1,768.000,768,768
4282,F8_01_1_2_Chlorophyll_A_001_phosphate_plate5.tif,1,880.000,880,880
4283,F8_01_1_2_Chlorophyll_A_001_phosphate_plate5.tif,29,897.103,768,1088
4284,F8_01_1_2_Chlorophyll_A_001_phosphate_plate5.tif,58,873.379,768,1088
4285,F8_01_1_2_Chlorophyll_A_001_phosphate_plate5.tif,63,900.825,768,1136
4286,F8_01_1_2_Chlorophyll_A_001_phosphate_plate5.tif,24,852.667,768,992
4287,F8_01_1_2_Chlorophyll_A_001_phosphate_plate5.tif,2,784.000,768,800
4288,F8_01_1_2_Chlorophyll_A_001_phosphate_plate5.tif,1,768.000,768,768
4289,F8_01_1_2_Chlorophyll_A_001_phosphate_plate5.tif,4,828.000,784,928
4290,F8_01_1_2_Chlorophyll_A_001_phosphate_plate5.tif,56,844.286,768,1184
4291,F8_01_1_2_Chlorophyll_A_001_phosphate_plate5.tif,1,864.000,864,864
4292,F8_01_1_2_Chlorophyll_A_001_phosphate_plate5.tif,3,837.333,816,880
4293,F8_01_1_2_Chlorophyll_A_001_phosphate_plate5.tif,2,784.000,784,784
4294,F8_01_1_2_Chlorophyll_A_001_phosphate_plate5.tif,1,784.000,784,784
4295,F8_01_1_2_Chlorophyll_A_001_phosphate_plate5.tif,1,912.000,912,912
4296,F8_01_1_2_Chlorophyll_A_001_phosphate_plate5.tif,1,848.000,848,848
4297,F8_01_1_2_Chlorophyll_A_001_phosphate_plate5.tif,1,848.000,848,848
4298,F8_01_1_2_Chlorophyll_A_001_phosphate_plate5.tif,4,824.000,784,864
4299,F8_01_1_2_Chlorophyll_A_001_phosphate_plate5.tif,1,784.000,784,784
4300,F8_01_1_2_Chlorophyll_A_001_phosphate_plate5.tif,1,768.000,768,768
4301,F8_01_1_2_Chlorophyll_A_001_phosphate_plate5.tif,1,832.000,832,832
4302,F8_01_1_2_Chlorophyll_A_001_phosphate_plate5.tif,3,789.333,768,816
4303,F8_01_1_2_Chlorophyll_A_001_phosphate_plate5.tif,1,848.000,848,848
4304,F8_01_1_2_Chlorophyll_A_001_phosphate_plate5.tif,2,784.000,784,784
4305,F8_01_1_2_Chlorophyll_A_001_phosphate_plate5.tif,2,776.000,768,784
4306,F8_01_1_2_Chlorophyll_A_001_phosphate_plate5.tif,1,896.000,896,896
4307,F8_01_1_2_Chlorophyll_A_001_phosphate_plate5.tif,1,800.000,800,800
4308,F8_01_1_2_Chlorophyll_A_001_phosphate_plate5.tif,2,800.000,784,816
4309,F8_01_1_2_Chlorophyll_A_001_phosphate_plate5.tif,4,840.000,784,928
4310,F8_01_1_2_Chlorophyll_A_001_phosphate_plate5.tif,1,816.000,816,816
4311,F8_01_1_2_Chlorophyll_A_001_phosphate_plate5.tif,1,864.000,864,864
4312,F8_01_1_2_Chlorophyll_A_001_phosphate_plate5.tif,1,816.000,816,816
4313,F8_01_1_2_Chlorophyll_A_001_phosphate_plate5.tif,5,854.400,800,944
4314,F8_01_1_2_Chlorophyll_A_001_phosphate_plate5.tif,1,800.000,800,800
4315,F8_01_1_2_Chlorophyll_A_001_phosphate_plate5.tif,1,816.000,816,816
4316,F8_01_1_2_Chlorophyll_A_001_phosphate_plate5.tif,3,800.000,768,816
4317,F8_01_1_2_Chlorophyll_A_001_phosphate_plate5.tif,1,816.000,816,816
4318,F8_01_1_2_Chlorophyll_A_001_phosphate_plate5.tif,1,816.000,816,816
4319,F8_01_1_2_Chlorophyll_A_001_phosphate_plate5.tif,1,816.000,816,816
4320,F8_01_1_2_Chlorophyll_A_001_phosphate_plate5.tif,1,816.000,816,816
4321,F8_01_1_2_Chlorophyll_A_001_phosphate_plate5.tif,1,816.000,816,816
4322,F8_01_1_2_Chlorophyll_A_001_phosphate_plate5.tif,1,800.000,800,800
4323,F8_01_1_2_Chlorophyll_A_001_phosphate_plate5.tif,4,812.000,784,848
4324,F8_01_1_2_Chlorophyll_A_001_phosphate_plate5.tif,1,848.000,848,848
4325,F8_01_1_2_Chlorophyll_A_001_phosphate_plate5.tif,5,835.200,800,912
4326,F8_01_1_2_Chlorophyll_A_001_phosphate_plate5.tif,2,936.000,800,1072
4327,F8_01_1_2_Chlorophyll_A_001_phosphate_plate5.tif,1,960.000,960,960
4328,F8_01_1_2_Chlorophyll_A_001_phosphate_plate5.tif,48,879.000,768,1120
4329,F8_01_1_2_Chlorophyll_A_001_phosphate_plate5.tif,15,885.333,784,1072
4330,F8_01_1_2_Chlorophyll_A_001_phosphate_plate5.tif,2,856.000,768,944
4331,F8_01_1_2_Chlorophyll_A_001_phosphate_plate5.tif,1,1120.000,1120,1120
4332,F8_01_1_2_Chlorophyll_A_001_phosphate_plate5.tif,4,824.000,768,896
4333,F8_01_1_2_Chlorophyll_A_001_phosphate_plate5.tif,1,864.000,864,864
4334,F8_01_1_2_Chlorophyll_A_001_phosphate_plate5.tif,5,934.400,768,1072
4335,F8_01_1_2_Chlorophyll_A_001_phosphate_plate5.tif,1,960.000,960,960
4336,F8_01_1_2_Chlorophyll_A_001_phosphate_plate5.tif,1,816.000,816,816
4337,F8_01_1_2_Chlorophyll_A_001_phosphate_plate5.tif,8,824.000,768,880
4338,F8_01_1_2_Chlorophyll_A_001_phosphate_plate5.tif,1,800.000,800,800
4339,F8_01_1_2_Chlorophyll_A_001_phosphate_plate5.tif,1,800.000,800,800
4340,F8_01_1_2_Chlorophyll_A_001_phosphate_plate5.tif,2,848.000,800,896
4341,F8_01_1_2_Chlorophyll_A_001_phosphate_plate5.tif,1,784.000,784,784
4342,F8_01_1_2_Chlorophyll_A_001_phosphate_plate5.tif,6,840.000,800,1024
4343,F8_01_1_2_Chlorophyll_A_001_phosphate_plate5.tif,4,788.000,768,816
4344,F8_01_1_2_Chlorophyll_A_001_phosphate_plate5.tif,9,871.111,768,992
4345,F8_01_1_2_Chlorophyll_A_001_phosphate_plate5.tif,4,816.000,768,880
4346,F8_01_1_2_Chlorophyll_A_001_phosphate_plate5.tif,1,816.000,816,816
4347,F8_01_1_2_Chlorophyll_A_001_phosphate_plate5.tif,2,848.000,848,848
4348,F8_01_1_2_Chlorophyll_A_001_phosphate_plate5.tif,1,800.000,800,800
4349,F8_01_1_2_Chlorophyll_A_001_phosphate_plate5.tif,1,912.000,912,912
4350,F8_01_1_2_Chlorophyll_A_001_phosphate_plate5.tif,2,856.000,816,896
4351,F8_01_1_2_Chlorophyll_A_001_phosphate_plate5.tif,1,880.000,880,880
4352,F8_01_1_2_Chlorophyll_A_001_phosphate_plate5.tif,4,812.000,768,864
4353,F8_01_1_2_Chlorophyll_A_001_phosphate_plate5.tif,1,880.000,880,880
4354,F8_01_1_2_Chlorophyll_A_001_phosphate_plate5.tif,3,810.667,800,816
4355,F8_01_1_2_Chlorophyll_A_001_phosphate_plate5.tif,1,880.000,880,880
4356,F8_01_1_2_Chlorophyll_A_001_phosphate_plate5.tif,1,864.000,864,864
4357,F8_01_1_2_Chlorophyll_A_001_phosphate_plate5.tif,3,805.333,768,864
4358,F8_01_1_2_Chlorophyll_A_001_phosphate_plate5.tif,2,824.000,784,864
4359,F8_01_1_2_Chlorophyll_A_001_phosphate_plate5.tif,1,1008.000,1008,1008
4360,F8_01_1_2_Chlorophyll_A_001_phosphate_plate5.tif,2,768.000,768,768
4361,F8_01_1_2_Chlorophyll_A_001_phosphate_plate5.tif,1,768.000,768,768
4362,F8_01_1_2_Chlorophyll_A_001_phosphate_plate5.tif,1,816.000,816,816
4363,F8_01_1_2_Chlorophyll_A_001_phosphate_plate5.tif,1,800.000,800,800
4364,F8_01_1_2_Chlorophyll_A_001_phosphate_plate5.tif,3,778.667,768,800
4365,F8_01_1_2_Chlorophyll_A_001_phosphate_plate5.tif,1,880.000,880,880
4366,F8_01_1_2_Chlorophyll_A_001_phosphate_plate5.tif,1,848.000,848,848
4367,F8_01_1_2_Chlorophyll_A_001_phosphate_plate5.tif,2,832.000,768,896
4368,F8_01_1_2_Chlorophyll_A_001_phosphate_plate5.tif,1,816.000,816,816
4369,F8_01_1_2_Chlorophyll_A_001_phosphate_plate5.tif,1,800.000,800,800
4370,F8_01_1_2_Chlorophyll_A_001_phosphate_plate5.tif,2,880.000,784,976
4371,F8_01_1_2_Chlorophyll_A_001_phosphate_plate5.tif,5,841.600,768,960
4372,F8_01_1_2_Chlorophyll_A_001_phosphate_plate5.tif,1,816.000,816,816
4373,F8_01_1_2_Chlorophyll_A_001_phosphate_plate5.tif,1,800.000,800,800
4374,F8_01_1_2_Chlorophyll_A_001_phosphate_plate5.tif,2,808.000,800,816
4375,F8_01_1_2_Chlorophyll_A_001_phosphate_plate5.tif,1,768.000,768,768
4376,F8_01_1_2_Chlorophyll_A_001_phosphate_plate5.tif,1,816.000,816,816
4377,F8_01_1_2_Chlorophyll_A_001_phosphate_plate5.tif,1,784.000,784,784
4378,F8_01_1_2_Chlorophyll_A_001_phosphate_plate5.tif,155,876.284,768,1136
4379,F8_01_1_2_Chlorophyll_A_001_phosphate_plate5.tif,14,896.000,784,1120
4380,F8_01_1_2_Chlorophyll_A_001_phosphate_plate5.tif,2,864.000,816,912
4381,F8_01_1_2_Chlorophyll_A_001_phosphate_plate5.tif,2,880.000,864,896
4382,F8_01_1_2_Chlorophyll_A_001_phosphate_plate5.tif,1,864.000,864,864
4383,F8_01_1_2_Chlorophyll_A_001_phosphate_plate5.tif,1,832.000,832,832
4384,F8_01_1_2_Chlorophyll_A_001_phosphate_plate5.tif,3,933.333,848,1040
4385,F8_01_1_2_Chlorophyll_A_001_phosphate_plate5.tif,2,808.000,800,816
4386,F8_01_1_2_Chlorophyll_A_001_phosphate_plate5.tif,3,837.333,832,848
4387,F8_01_1_2_Chlorophyll_A_001_phosphate_plate5.tif,1,864.000,864,864
4388,F8_01_1_2_Chlorophyll_A_001_phosphate_plate5.tif,1,784.000,784,784
4389,F8_01_1_2_Chlorophyll_A_001_phosphate_plate5.tif,1,912.000,912,912
4390,F8_01_1_2_Chlorophyll_A_001_phosphate_plate5.tif,1,912.000,912,912
4391,F8_01_1_2_Chlorophyll_A_001_phosphate_plate5.tif,2,832.000,800,864
4392,F8_01_1_2_Chlorophyll_A_001_phosphate_plate5.tif,2,840.000,800,880
4393,F8_01_1_2_Chlorophyll_A_001_phosphate_plate5.tif,5,832.000,768,992
4394,F8_01_1_2_Chlorophyll_A_001_phosphate_plate5.tif,1,784.000,784,784
4395,F8_01_1_2_Chlorophyll_A_001_phosphate_plate5.tif,1,848.000,848,848
4396,F8_01_1_2_Chlorophyll_A_001_phosphate_plate5.tif,5,857.600,768,1024
4397,F8_01_1_2_Chlorophyll_A_001_phosphate_plate5.tif,4,812.000,768,880
4398,F8_01_1_2_Chlorophyll_A_001_phosphate_plate5.tif,1,784.000,784,784
4399,F8_01_1_2_Chlorophyll_A_001_phosphate_plate5.tif,1,848.000,848,848
4400,F8_01_1_2_Chlorophyll_A_001_phosphate_plate5.tif,1,896.000,896,896
4401,F8_01_1_2_Chlorophyll_A_001_phosphate_plate5.tif,2,800.000,800,800
4402,F8_01_1_2_Chlorophyll_A_001_phosphate_plate5.tif,1,800.000,800,800
4403,F8_01_1_2_Chlorophyll_A_001_phosphate_plate5.tif,4,776.000,768,784
4404,F8_01_1_2_Chlorophyll_A_001_phosphate_plate5.tif,5,867.200,800,1104
4405,F8_01_1_2_Chlorophyll_A_001_phosphate_plate5.tif,1,816.000,816,816
4406,F8_01_1_2_Chlorophyll_A_001_phosphate_plate5.tif,1,896.000,896,896
4407,F8_01_1_2_Chlorophyll_A_001_phosphate_plate5.tif,1,768.000,768,768
4408,F8_01_1_2_Chlorophyll_A_001_phosphate_plate5.tif,1,784.000,784,784
4409,F8_01_1_2_Chlorophyll_A_001_phosphate_plate5.tif,1,800.000,800,800
4410,F8_01_1_2_Chlorophyll_A_001_phosphate_plate5.tif,1,832.000,832,832
4411,F8_01_1_2_Chlorophyll_A_001_phosphate_plate5.tif,1,848.000,848,848
4412,F8_01_1_2_Chlorophyll_A_001_phosphate_plate5.tif,1,784.000,784,784
4413,F8_01_1_2_Chlorophyll_A_001_phosphate_plate5.tif,4,816.000,768,864
4414,F8_01_1_2_Chlorophyll_A_001_phosphate_plate5.tif,1,880.000,880,880
4415,F8_01_1_2_Chlorophyll_A_001_phosphate_plate5.tif,1,864.000,864,864
4416,F8_01_1_2_Chlorophyll_A_001_phosphate_plate5.tif,1,768.000,768,768
4417,F8_01_1_2_Chlorophyll_A_001_phosphate_plate5.tif,2,784.000,784,784
4418,F8_01_1_2_Chlorophyll_A_001_phosphate_plate5.tif,3,784.000,768,816
4419,F8_01_1_2_Chlorophyll_A_001_phosphate_plate5.tif,1,816.000,816,816
4420,F8_01_1_2_Chlorophyll_A_001_phosphate_plate5.tif,3,837.333,768,880
4421,F8_01_1_2_Chlorophyll_A_001_phosphate_plate5.tif,3,837.333,784,880
4422,F8_01_1_2_Chlorophyll_A_001_phosphate_plate5.tif,1,1008.000,1008,1008
4423,F8_01_1_2_Chlorophyll_A_001_phosphate_plate5.tif,1,880.000,880,880
4424,F8_01_1_2_Chlorophyll_A_001_phosphate_plate5.tif,41,888.976,768,1136
4425,F8_01_1_2_Chlorophyll_A_001_phosphate_plate5.tif,70,877.257,768,1072
4426,F8_01_1_2_Chlorophyll_A_001_phosphate_plate5.tif,53,882.717,768,1184
4427,F8_01_1_2_Chlorophyll_A_001_phosphate_plate5.tif,366,2186.230,768,30304
4428,F8_01_1_2_Chlorophyll_A_001_phosphate_plate5.tif,4,836.000,800,864
4429,F8_01_1_2_Chlorophyll_A_001_phosphate_plate5.tif,1,768.000,768,768
4430,F8_01_1_2_Chlorophyll_A_001_phosphate_plate5.tif,3,800.000,784,832
4431,F8_01_1_2_Chlorophyll_A_001_phosphate_plate5.tif,8,836.000,768,960
4432,F8_01_1_2_Chlorophyll_A_001_phosphate_plate5.tif,25,846.080,768,976
4433,F8_01_1_2_Chlorophyll_A_001_phosphate_plate5.tif,4,900.000,800,1008
4434,F8_01_1_2_Chlorophyll_A_001_phosphate_plate5.tif,3,853.333,816,896
4435,F8_01_1_2_Chlorophyll_A_001_phosphate_plate5.tif,1,800.000,800,800
4436,F8_01_1_2_Chlorophyll_A_001_phosphate_plate5.tif,72,845.333,768,1056
4437,F8_01_1_2_Chlorophyll_A_001_phosphate_plate5.tif,1,848.000,848,848
4438,F8_01_1_2_Chlorophyll_A_001_phosphate_plate5.tif,1,768.000,768,768
4439,F8_01_1_2_Chlorophyll_A_001_phosphate_plate5.tif,1,768.000,768,768
4440,F8_01_1_2_Chlorophyll_A_001_phosphate_plate5.tif,2,856.000,784,928
4441,F8_01_1_2_Chlorophyll_A_001_phosphate_plate5.tif,1,768.000,768,768
4442,F8_01_1_2_Chlorophyll_A_001_phosphate_plate5.tif,1,784.000,784,784
4443,F8_01_1_2_Chlorophyll_A_001_phosphate_plate5.tif,1,800.000,800,800
4444,F8_01_1_2_Chlorophyll_A_001_phosphate_plate5.tif,2,888.000,832,944
4445,F8_01_1_2_Chlorophyll_A_001_phosphate_plate5.tif,6,818.667,768,944
4446,F8_01_1_2_Chlorophyll_A_001_phosphate_plate5.tif,4,784.000,768,800
4447,F8_01_1_2_Chlorophyll_A_001_phosphate_plate5.tif,2,768.000,768,768
4448,F8_01_1_2_Chlorophyll_A_001_phosphate_plate5.tif,1,768.000,768,768
4449,F8_01_1_2_Chlorophyll_A_001_phosphate_plate5.tif,1,768.000,768,768
4450,F8_01_1_2_Chlorophyll_A_001_phosphate_plate5.tif,1,864.000,864,864
4451,F8_01_1_2_Chlorophyll_A_001_phosphate_plate5.tif,1,912.000,912,912
4452,F8_01_1_2_Chlorophyll_A_001_phosphate_plate5.tif,3,837.333,768,944
4453,F8_01_1_2_Chlorophyll_A_001_phosphate_plate5.tif,1,784.000,784,784
4454,F8_01_1_2_Chlorophyll_A_001_phosphate_plate5.tif,2,824.000,800,848
4455,F8_01_1_2_Chlorophyll_A_001_phosphate_plate5.tif,1,832.000,832,832
4456,F8_01_1_2_Chlorophyll_A_001_phosphate_plate5.tif,1,1088.000,1088,1088
4457,F8_01_1_2_Chlorophyll_A_001_phosphate_plate5.tif,1,944.000,944,944
4458,F8_01_1_2_Chlorophyll_A_001_phosphate_plate5.tif,1,768.000,768,768
4459,F8_01_1_2_Chlorophyll_A_001_phosphate_plate5.tif,1,768.000,768,768
4460,F8_01_1_2_Chlorophyll_A_001_phosphate_plate5.tif,1,848.000,848,848
4461,F8_01_1_2_Chlorophyll_A_001_phosphate_plate5.tif,3,821.333,784,880
4462,F8_01_1_2_Chlorophyll_A_001_phosphate_plate5.tif,1,1024.000,1024,1024
4463,F8_01_1_2_Chlorophyll_A_001_phosphate_plate5.tif,1,832.000,832,832
4464,F8_01_1_2_Chlorophyll_A_001_phosphate_plate5.tif,1,800.000,800,800
4465,F8_01_1_2_Chlorophyll_A_001_phosphate_plate5.tif,1,864.000,864,864
4466,F8_01_1_2_Chlorophyll_A_001_phosphate_plate5.tif,1,864.000,864,864
4467,F8_01_1_2_Chlorophyll_A_001_phosphate_plate5.tif,1,768.000,768,768
4468,F8_01_1_2_Chlorophyll_A_001_phosphate_plate5.tif,8,834.000,784,880
4469,F8_01_1_2_Chlorophyll_A_001_phosphate_plate5.tif,2,832.000,784,880
4470,F8_01_1_2_Chlorophyll_A_001_phosphate_plate5.tif,1,784.000,784,784
4471,F8_01_1_2_Chlorophyll_A_001_phosphate_plate5.tif,2,848.000,784,912
4472,F8_01_1_2_Chlorophyll_A_001_phosphate_plate5.tif,3,832.000,768,928
4473,F8_01_1_2_Chlorophyll_A_001_phosphate_plate5.tif,1,928.000,928,928
4474,F8_01_1_2_Chlorophyll_A_001_phosphate_plate5.tif,2,784.000,784,784
4475,F8_01_1_2_Chlorophyll_A_001_phosphate_plate5.tif,1,848.000,848,848
4476,F8_01_1_2_Chlorophyll_A_001_phosphate_plate5.tif,1,848.000,848,848
4477,F8_01_1_2_Chlorophyll_A_001_phosphate_plate5.tif,1,768.000,768,768
4478,F8_01_1_2_Chlorophyll_A_001_phosphate_plate5.tif,1,784.000,784,784
4479,F8_01_1_2_Chlorophyll_A_001_phosphate_plate5.tif,1,784.000,784,784
4480,F8_01_1_2_Chlorophyll_A_001_phosphate_plate5.tif,1,864.000,864,864
4481,F8_01_1_2_Chlorophyll_A_001_phosphate_plate5.tif,3,800.000,768,816
4482,F8_01_1_2_Chlorophyll_A_001_phosphate_plate5.tif,1,768.000,768,768
4483,F8_01_1_2_Chlorophyll_A_001_phosphate_plate5.tif,12,824.000,768,944
4484,F8_01_1_2_Chlorophyll_A_001_phosphate_plate5.tif,1,848.000,848,848
4485,F8_01_1_2_Chlorophyll_A_001_phosphate_plate5.tif,1,928.000,928,928
4486,F8_01_1_2_Chlorophyll_A_001_phosphate_plate5.tif,100,867.200,768,1120
4487,F8_01_1_2_Chlorophyll_A_001_phosphate_plate5.tif,32,883.500,784,1136
4488,F8_01_1_2_Chlorophyll_A_001_phosphate_plate5.tif,53,895.698,768,1152
4489,F8_01_1_2_Chlorophyll_A_001_phosphate_plate5.tif,40,896.800,768,1168
4490,F8_01_1_2_Chlorophyll_A_001_phosphate_plate5.tif,36,889.778,768,1088
4491,F8_01_1_2_Chlorophyll_A_001_phosphate_plate5.tif,4,864.000,800,992
4492,F8_01_1_2_Chlorophyll_A_001_phosphate_plate5.tif,4,816.000,784,896
4493,F8_01_1_2_Chlorophyll_A_001_phosphate_plate5.tif,1,816.000,816,816
4494,F8_01_1_2_Chlorophyll_A_001_phosphate_plate5.tif,29,854.621,768,1040
4495,F8_01_1_2_Chlorophyll_A_001_phosphate_plate5.tif,1,800.000,800,800
4496,F8_01_1_2_Chlorophyll_A_001_phosphate_plate5.tif,1,800.000,800,800
4497,F8_01_1_2_Chlorophyll_A_001_phosphate_plate5.tif,1,912.000,912,912
4498,F8_01_1_2_Chlorophyll_A_001_phosphate_plate5.tif,1,992.000,992,992
4499,F8_01_1_2_Chlorophyll_A_001_phosphate_plate5.tif,1,880.000,880,880
4500,F8_01_1_2_Chlorophyll_A_001_phosphate_plate5.tif,2,808.000,768,848
4501,F8_01_1_2_Chlorophyll_A_001_phosphate_plate5.tif,4,824.000,768,928
4502,F8_01_1_2_Chlorophyll_A_001_phosphate_plate5.tif,1,800.000,800,800
4503,F8_01_1_2_Chlorophyll_A_001_phosphate_plate5.tif,1,992.000,992,992
4504,F8_01_1_2_Chlorophyll_A_001_phosphate_plate5.tif,1,768.000,768,768
4505,F8_01_1_2_Chlorophyll_A_001_phosphate_plate5.tif,2,784.000,784,784
4506,F8_01_1_2_Chlorophyll_A_001_phosphate_plate5.tif,1,832.000,832,832
4507,F8_01_1_2_Chlorophyll_A_001_phosphate_plate5.tif,5,851.200,800,912
4508,F8_01_1_2_Chlorophyll_A_001_phosphate_plate5.tif,2,944.000,816,1072
4509,F8_01_1_2_Chlorophyll_A_001_phosphate_plate5.tif,2,856.000,816,896
4510,F8_01_1_2_Chlorophyll_A_001_phosphate_plate5.tif,2,784.000,768,800
4511,F8_01_1_2_Chlorophyll_A_001_phosphate_plate5.tif,1,784.000,784,784
4512,F8_01_1_2_Chlorophyll_A_001_phosphate_plate5.tif,2,784.000,784,784
4513,F8_01_1_2_Chlorophyll_A_001_phosphate_plate5.tif,1,768.000,768,768
4514,F8_01_1_2_Chlorophyll_A_001_phosphate_plate5.tif,1,768.000,768,768
4515,F8_01_1_2_Chlorophyll_A_001_phosphate_plate5.tif,1,816.000,816,816
4516,F8_01_1_2_Chlorophyll_A_001_phosphate_plate5.tif,1,1088.000,1088,1088
4517,F8_01_1_2_Chlorophyll_A_001_phosphate_plate5.tif,3,810.667,784,864
4518,F8_01_1_2_Chlorophyll_A_001_phosphate_plate5.tif,1,784.000,784,784
4519,F8_01_1_2_Chlorophyll_A_001_phosphate_plate5.tif,1,816.000,816,816
4520,F8_01_1_2_Chlorophyll_A_001_phosphate_plate5.tif,1,816.000,816,816
4521,F8_01_1_2_Chlorophyll_A_001_phosphate_plate5.tif,2,856.000,816,896
4522,F8_01_1_2_Chlorophyll_A_001_phosphate_plate5.tif,1,768.000,768,768
4523,F8_01_1_2_Chlorophyll_A_001_phosphate_plate5.tif,1,864.000,864,864
4524,F8_01_1_2_Chlorophyll_A_001_phosphate_plate5.tif,1,784.000,784,784
4525,F8_01_1_2_Chlorophyll_A_001_phosphate_plate5.tif,1,880.000,880,880
4526,F8_01_1_2_Chlorophyll_A_001_phosphate_plate5.tif,1,928.000,928,928
4527,F8_01_1_2_Chlorophyll_A_001_phosphate_plate5.tif,2,848.000,768,928
4528,F8_01_1_2_Chlorophyll_A_001_phosphate_plate5.tif,1,928.000,928,928
4529,F8_01_1_2_Chlorophyll_A_001_phosphate_plate5.tif,1,784.000,784,784
4530,F8_01_1_2_Chlorophyll_A_001_phosphate_plate5.tif,1,944.000,944,944
4531,F8_01_1_2_Chlorophyll_A_001_phosphate_plate5.tif,1,928.000,928,928
4532,F8_01_1_2_Chlorophyll_A_001_phosphate_plate5.tif,2,808.000,768,848
4533,F8_01_1_2_Chlorophyll_A_001_phosphate_plate5.tif,2,808.000,768,848
4534,F8_01_1_2_Chlorophyll_A_001_phosphate_plate5.tif,1,944.000,944,944
4535,F8_01_1_2_Chlorophyll_A_001_phosphate_plate5.tif,1,816.000,816,816
4536,F8_01_1_2_Chlorophyll_A_001_phosphate_plate5.tif,1,784.000,784,784
4537,F8_01_1_2_Chlorophyll_A_001_phosphate_plate5.tif,2,816.000,768,864
4538,F8_01_1_2_Chlorophyll_A_001_phosphate_plate5.tif,1,768.000,768,768
4539,F8_01_1_2_Chlorophyll_A_001_phosphate_plate5.tif,1,912.000,912,912
4540,F8_01_1_2_Chlorophyll_A_001_phosphate_plate5.tif,1,816.000,816,816
4541,F8_01_1_2_Chlorophyll_A_001_phosphate_plate5.tif,1,848.000,848,848
4542,F8_01_1_2_Chlorophyll_A_001_phosphate_plate5.tif,5,848.000,800,896
4543,F8_01_1_2_Chlorophyll_A_001_phosphate_plate5.tif,1,992.000,992,992
4544,F8_01_1_2_Chlorophyll_A_001_phosphate_plate5.tif,1,864.000,864,864
4545,F8_01_1_2_Chlorophyll_A_001_phosphate_plate5.tif,7,852.571,768,960
4546,F8_01_1_2_Chlorophyll_A_001_phosphate_plate5.tif,10,872.000,768,1136
4547,F8_01_1_2_Chlorophyll_A_001_phosphate_plate5.tif,6,861.333,768,960
4548,F8_01_1_2_Chlorophyll_A_001_phosphate_plate5.tif,44,864.727,768,1168
4549,F8_01_1_2_Chlorophyll_A_001_phosphate_plate5.tif,22,866.182,768,1120
4550,F8_01_1_2_Chlorophyll_A_001_phosphate_plate5.tif,21,902.095,768,1168
4551,F8_01_1_2_Chlorophyll_A_001_phosphate_plate5.tif,38,888.842,768,1088
4552,F8_01_1_2_Chlorophyll_A_001_phosphate_plate5.tif,30,911.467,768,1232
4553,F8_01_1_2_Chlorophyll_A_001_phosphate_plate5.tif,41,844.098,768,1008
4554,F8_01_1_2_Chlorophyll_A_001_phosphate_plate5.tif,95,874.947,768,1312
4555,F8_01_1_2_Chlorophyll_A_001_phosphate_plate5.tif,19,861.474,768,1024
4556,F8_01_1_2_Chlorophyll_A_001_phosphate_plate5.tif,1,832.000,832,832
4557,F8_01_1_2_Chlorophyll_A_001_phosphate_plate5.tif,2,824.000,784,864
4558,F8_01_1_2_Chlorophyll_A_001_phosphate_plate5.tif,1,960.000,960,960
4559,F8_01_1_2_Chlorophyll_A_001_phosphate_plate5.tif,4,812.000,768,912
4560,F8_01_1_2_Chlorophyll_A_001_phosphate_plate5.tif,1,784.000,784,784
4561,F8_01_1_2_Chlorophyll_A_001_phosphate_plate5.tif,7,832.000,800,880
4562,F8_01_1_2_Chlorophyll_A_001_phosphate_plate5.tif,1,768.000,768,768
4563,F8_01_1_2_Chlorophyll_A_001_phosphate_plate5.tif,7,845.714,784,912
4564,F8_01_1_2_Chlorophyll_A_001_phosphate_plate5.tif,1,768.000,768,768
4565,F8_01_1_2_Chlorophyll_A_001_phosphate_plate5.tif,2,872.000,864,880
4566,F8_01_1_2_Chlorophyll_A_001_phosphate_plate5.tif,1,800.000,800,800
4567,F8_01_1_2_Chlorophyll_A_001_phosphate_plate5.tif,4,840.000,784,864
4568,F8_01_1_2_Chlorophyll_A_001_phosphate_plate5.tif,1,784.000,784,784
4569,F8_01_1_2_Chlorophyll_A_001_phosphate_plate5.tif,1,848.000,848,848
4570,F8_01_1_2_Chlorophyll_A_001_phosphate_plate5.tif,3,821.333,768,896
4571,F8_01_1_2_Chlorophyll_A_001_phosphate_plate5.tif,1,832.000,832,832
4572,F8_01_1_2_Chlorophyll_A_001_phosphate_plate5.tif,1,768.000,768,768
4573,F8_01_1_2_Chlorophyll_A_001_phosphate_plate5.tif,1,816.000,816,816
4574,F8_01_1_2_Chlorophyll_A_001_phosphate_plate5.tif,1,848.000,848,848
4575,F8_01_1_2_Chlorophyll_A_001_phosphate_plate5.tif,1,768.000,768,768
4576,F8_01_1_2_Chlorophyll_A_001_phosphate_plate5.tif,1,800.000,800,800
4577,F8_01_1_2_Chlorophyll_A_001_phosphate_plate5.tif,1,816.000,816,816
4578,F8_01_1_2_Chlorophyll_A_001_phosphate_plate5.tif,1,944.000,944,944
4579,F8_01_1_2_Chlorophyll_A_001_phosphate_plate5.tif,1,816.000,816,816
4580,F8_01_1_2_Chlorophyll_A_001_phosphate_plate5.tif,1,848.000,848,848
4581,F8_01_1_2_Chlorophyll_A_001_phosphate_plate5.tif,1,864.000,864,864
4582,F8_01_1_2_Chlorophyll_A_001_phosphate_plate5.tif,1,784.000,784,784
4583,F8_01_1_2_Chlorophyll_A_001_phosphate_plate5.tif,8,786.000,768,800
4584,F8_01_1_2_Chlorophyll_A_001_phosphate_plate5.tif,1,848.000,848,848
4585,F8_01_1_2_Chlorophyll_A_001_phosphate_plate5.tif,1,816.000,816,816
4586,F8_01_1_2_Chlorophyll_A_001_phosphate_plate5.tif,1,1008.000,1008,1008
4587,F8_01_1_2_Chlorophyll_A_001_phosphate_plate5.tif,1,784.000,784,784
4588,F8_01_1_2_Chlorophyll_A_001_phosphate_plate5.tif,1,768.000,768,768
4589,F8_01_1_2_Chlorophyll_A_001_phosphate_plate5.tif,1,784.000,784,784
4590,F8_01_1_2_Chlorophyll_A_001_phosphate_plate5.tif,1,880.000,880,880
4591,F8_01_1_2_Chlorophyll_A_001_phosphate_plate5.tif,27,864.000,768,1040
4592,F8_01_1_2_Chlorophyll_A_001_phosphate_plate5.tif,61,861.377,768,1008
4593,F8_01_1_2_Chlorophyll_A_001_phosphate_plate5.tif,78,889.436,768,1104
4594,F8_01_1_2_Chlorophyll_A_001_phosphate_plate5.tif,38,888.000,768,1072
4595,F8_01_1_2_Chlorophyll_A_001_phosphate_plate5.tif,24,882.000,768,1088
4596,F8_01_1_2_Chlorophyll_A_001_phosphate_plate5.tif,97,872.247,768,1168
4597,F8_01_1_2_Chlorophyll_A_001_phosphate_plate5.tif,12,893.333,768,1056
4598,F8_01_1_2_Chlorophyll_A_001_phosphate_plate5.tif,3,832.000,768,944
4599,F8_01_1_2_Chlorophyll_A_001_phosphate_plate5.tif,6,848.000,800,944
4600,F8_01_1_2_Chlorophyll_A_001_phosphate_plate5.tif,1,864.000,864,864
4601,F8_01_1_2_Chlorophyll_A_001_phosphate_plate5.tif,3,906.667,800,976
4602,F8_01_1_2_Chlorophyll_A_001_phosphate_plate5.tif,2,808.000,800,816
4603,F8_01_1_2_Chlorophyll_A_001_phosphate_plate5.tif,1,944.000,944,944
4604,F8_01_1_2_Chlorophyll_A_001_phosphate_plate5.tif,1,768.000,768,768
4605,F8_01_1_2_Chlorophyll_A_001_phosphate_plate5.tif,6,877.333,800,976
4606,F8_01_1_2_Chlorophyll_A_001_phosphate_plate5.tif,13,861.538,768,1008
4607,F8_01_1_2_Chlorophyll_A_001_phosphate_plate5.tif,2,808.000,768,848
4608,F8_01_1_2_Chlorophyll_A_001_phosphate_plate5.tif,1,848.000,848,848
4609,F8_01_1_2_Chlorophyll_A_001_phosphate_plate5.tif,5,841.600,768,896
4610,F8_01_1_2_Chlorophyll_A_001_phosphate_plate5.tif,2,824.000,816,832
4611,F8_01_1_2_Chlorophyll_A_001_phosphate_plate5.tif,1,768.000,768,768
4612,F8_01_1_2_Chlorophyll_A_001_phosphate_plate5.tif,2,888.000,800,976
4613,F8_01_1_2_Chlorophyll_A_001_phosphate_plate5.tif,2,824.000,784,864
4614,F8_01_1_2_Chlorophyll_A_001_phosphate_plate5.tif,7,813.714,768,928
4615,F8_01_1_2_Chlorophyll_A_001_phosphate_plate5.tif,4,892.000,768,1008
4616,F8_01_1_2_Chlorophyll_A_001_phosphate_plate5.tif,2,816.000,784,848
4617,F8_01_1_2_Chlorophyll_A_001_phosphate_plate5.tif,1,800.000,800,800
4618,F8_01_1_2_Chlorophyll_A_001_phosphate_plate5.tif,1,816.000,816,816
4619,F8_01_1_2_Chlorophyll_A_001_phosphate_plate5.tif,2,824.000,816,832
4620,F8_01_1_2_Chlorophyll_A_001_phosphate_plate5.tif,2,824.000,768,880
4621,F8_01_1_2_Chlorophyll_A_001_phosphate_plate5.tif,2,928.000,816,1040
4622,F8_01_1_2_Chlorophyll_A_001_phosphate_plate5.tif,1,768.000,768,768
4623,F8_01_1_2_Chlorophyll_A_001_phosphate_plate5.tif,1,800.000,800,800
4624,F8_01_1_2_Chlorophyll_A_001_phosphate_plate5.tif,2,784.000,784,784
4625,F8_01_1_2_Chlorophyll_A_001_phosphate_plate5.tif,2,840.000,816,864
4626,F8_01_1_2_Chlorophyll_A_001_phosphate_plate5.tif,2,832.000,800,864
4627,F8_01_1_2_Chlorophyll_A_001_phosphate_plate5.tif,1,832.000,832,832
4628,F8_01_1_2_Chlorophyll_A_001_phosphate_plate5.tif,2,784.000,768,800
4629,F8_01_1_2_Chlorophyll_A_001_phosphate_plate5.tif,1,768.000,768,768
4630,F8_01_1_2_Chlorophyll_A_001_phosphate_plate5.tif,2,880.000,848,912
4631,F8_01_1_2_Chlorophyll_A_001_phosphate_plate5.tif,1,864.000,864,864
4632,F8_01_1_2_Chlorophyll_A_001_phosphate_plate5.tif,2,792.000,784,800
4633,F8_01_1_2_Chlorophyll_A_001_phosphate_plate5.tif,2,816.000,816,816
4634,F8_01_1_2_Chlorophyll_A_001_phosphate_plate5.tif,3,842.667,800,912
4635,F8_01_1_2_Chlorophyll_A_001_phosphate_plate5.tif,2,832.000,784,880
4636,F8_01_1_2_Chlorophyll_A_001_phosphate_plate5.tif,3,864.000,800,912
4637,F8_01_1_2_Chlorophyll_A_001_phosphate_plate5.tif,1,848.000,848,848
4638,F8_01_1_2_Chlorophyll_A_001_phosphate_plate5.tif,1,768.000,768,768
4639,F8_01_1_2_Chlorophyll_A_001_phosphate_plate5.tif,2,776.000,768,784
4640,F8_01_1_2_Chlorophyll_A_001_phosphate_plate5.tif,2,832.000,800,864
4641,F8_01_1_2_Chlorophyll_A_001_phosphate_plate5.tif,2,824.000,768,880
4642,F8_01_1_2_Chlorophyll_A_001_phosphate_plate5.tif,2,888.000,784,992
4643,F8_01_1_2_Chlorophyll_A_001_phosphate_plate5.tif,1,800.000,800,800
4644,F8_01_1_2_Chlorophyll_A_001_phosphate_plate5.tif,5,880.000,784,960
4645,F8_01_1_2_Chlorophyll_A_001_phosphate_plate5.tif,1,800.000,800,800
4646,F8_01_1_2_Chlorophyll_A_001_phosphate_plate5.tif,65,864.246,768,1120
4647,F8_01_1_2_Chlorophyll_A_001_phosphate_plate5.tif,36,892.444,768,1184
4648,F8_01_1_2_Chlorophyll_A_001_phosphate_plate5.tif,40,888.800,768,1040
4649,F8_01_1_2_Chlorophyll_A_001_phosphate_plate5.tif,23,856.348,768,1008
4650,F8_01_1_2_Chlorophyll_A_001_phosphate_plate5.tif,27,904.296,784,1104
4651,F8_01_1_2_Chlorophyll_A_001_phosphate_plate5.tif,104,872.923,768,1152
4652,F8_01_1_2_Chlorophyll_A_001_phosphate_plate5.tif,1,816.000,816,816
4653,F8_01_1_2_Chlorophyll_A_001_phosphate_plate5.tif,2,864.000,784,944
4654,F8_01_1_2_Chlorophyll_A_001_phosphate_plate5.tif,3,837.333,784,864
4655,F8_01_1_2_Chlorophyll_A_001_phosphate_plate5.tif,1,848.000,848,848
4656,F8_01_1_2_Chlorophyll_A_001_phosphate_plate5.tif,2,832.000,784,880
4657,F8_01_1_2_Chlorophyll_A_001_phosphate_plate5.tif,1,800.000,800,800
4658,F8_01_1_2_Chlorophyll_A_001_phosphate_plate5.tif,24,832.000,768,944
4659,F8_01_1_2_Chlorophyll_A_001_phosphate_plate5.tif,2,896.000,784,1008
4660,F8_01_1_2_Chlorophyll_A_001_phosphate_plate5.tif,3,853.333,784,944
4661,F8_01_1_2_Chlorophyll_A_001_phosphate_plate5.tif,1,784.000,784,784
4662,F8_01_1_2_Chlorophyll_A_001_phosphate_plate5.tif,1,896.000,896,896
4663,F8_01_1_2_Chlorophyll_A_001_phosphate_plate5.tif,1,864.000,864,864
4664,F8_01_1_2_Chlorophyll_A_001_phosphate_plate5.tif,1,784.000,784,784
4665,F8_01_1_2_Chlorophyll_A_001_phosphate_plate5.tif,9,792.889,768,880
4666,F8_01_1_2_Chlorophyll_A_001_phosphate_plate5.tif,6,874.667,768,1008
4667,F8_01_1_2_Chlorophyll_A_001_phosphate_plate5.tif,5,854.400,784,1024
4668,F8_01_1_2_Chlorophyll_A_001_phosphate_plate5.tif,2,816.000,800,832
4669,F8_01_1_2_Chlorophyll_A_001_phosphate_plate5.tif,2,808.000,768,848
4670,F8_01_1_2_Chlorophyll_A_001_phosphate_plate5.tif,1,832.000,832,832
4671,F8_01_1_2_Chlorophyll_A_001_phosphate_plate5.tif,1,816.000,816,816
4672,F8_01_1_2_Chlorophyll_A_001_phosphate_plate5.tif,1,960.000,960,960
4673,F8_01_1_2_Chlorophyll_A_001_phosphate_plate5.tif,1,816.000,816,816
4674,F8_01_1_2_Chlorophyll_A_001_phosphate_plate5.tif,1,784.000,784,784
4675,F8_01_1_2_Chlorophyll_A_001_phosphate_plate5.tif,1,784.000,784,784
4676,F8_01_1_2_Chlorophyll_A_001_phosphate_plate5.tif,3,826.667,800,864
4677,F8_01_1_2_Chlorophyll_A_001_phosphate_plate5.tif,2,816.000,784,848
4678,F8_01_1_2_Chlorophyll_A_001_phosphate_plate5.tif,1,768.000,768,768
4679,F8_01_1_2_Chlorophyll_A_001_phosphate_plate5.tif,2,824.000,816,832
4680,F8_01_1_2_Chlorophyll_A_001_phosphate_plate5.tif,1,800.000,800,800
4681,F8_01_1_2_Chlorophyll_A_001_phosphate_plate5.tif,1,768.000,768,768
4682,F8_01_1_2_Chlorophyll_A_001_phosphate_plate5.tif,1,800.000,800,800
4683,F8_01_1_2_Chlorophyll_A_001_phosphate_plate5.tif,2,840.000,768,912
4684,F8_01_1_2_Chlorophyll_A_001_phosphate_plate5.tif,1,800.000,800,800
4685,F8_01_1_2_Chlorophyll_A_001_phosphate_plate5.tif,1,848.000,848,848
4686,F8_01_1_2_Chlorophyll_A_001_phosphate_plate5.tif,3,832.000,768,928
4687,F8_01_1_2_Chlorophyll_A_001_phosphate_plate5.tif,1,784.000,784,784
4688,F8_01_1_2_Chlorophyll_A_001_phosphate_plate5.tif,1,944.000,944,944
4689,F8_01_1_2_Chlorophyll_A_001_phosphate_plate5.tif,3,826.667,784,880
4690,F8_01_1_2_Chlorophyll_A_001_phosphate_plate5.tif,1,784.000,784,784
4691,F8_01_1_2_Chlorophyll_A_001_phosphate_plate5.tif,2,792.000,784,800
4692,F8_01_1_2_Chlorophyll_A_001_phosphate_plate5.tif,1,816.000,816,816
4693,F8_01_1_2_Chlorophyll_A_001_phosphate_plate5.tif,1,944.000,944,944
4694,F8_01_1_2_Chlorophyll_A_001_phosphate_plate5.tif,1,768.000,768,768
4695,F8_01_1_2_Chlorophyll_A_001_phosphate_plate5.tif,1,784.000,784,784
4696,F8_01_1_2_Chlorophyll_A_001_phosphate_plate5.tif,1,896.000,896,896
4697,F8_01_1_2_Chlorophyll_A_001_phosphate_plate5.tif,2,864.000,816,912
4698,F8_01_1_2_Chlorophyll_A_001_phosphate_plate5.tif,3,848.000,784,896
4699,F8_01_1_2_Chlorophyll_A_001_phosphate_plate5.tif,1,896.000,896,896
4700,F8_01_1_2_Chlorophyll_A_001_phosphate_plate5.tif,1,800.000,800,800
4701,F8_01_1_2_Chlorophyll_A_001_phosphate_plate5.tif,2,848.000,784,912
4702,F8_01_1_2_Chlorophyll_A_001_phosphate_plate5.tif,1,928.000,928,928
4703,F8_01_1_2_Chlorophyll_A_001_phosphate_plate5.tif,5,825.600,768,928
4704,F8_01_1_2_Chlorophyll_A_001_phosphate_plate5.tif,186,3133.505,768,30576
4705,F8_01_1_2_Chlorophyll_A_001_phosphate_plate5.tif,2,848.000,768,928
4706,F8_01_1_2_Chlorophyll_A_001_phosphate_plate5.tif,1,832.000,832,832
4707,F8_01_1_2_Chlorophyll_A_001_phosphate_plate5.tif,8,824.000,768,928
4708,F8_01_1_2_Chlorophyll_A_001_phosphate_plate5.tif,1,784.000,784,784
4709,F8_01_1_2_Chlorophyll_A_001_phosphate_plate5.tif,68,882.824,768,1152
4710,F8_01_1_2_Chlorophyll_A_001_phosphate_plate5.tif,15,906.667,768,1040
4711,F8_01_1_2_Chlorophyll_A_001_phosphate_plate5.tif,33,900.364,768,1088
4712,F8_01_1_2_Chlorophyll_A_001_phosphate_plate5.tif,126,863.492,768,1104
4713,F8_01_1_2_Chlorophyll_A_001_phosphate_plate5.tif,2,800.000,768,832
4714,F8_01_1_2_Chlorophyll_A_001_phosphate_plate5.tif,1,928.000,928,928
4715,F8_01_1_2_Chlorophyll_A_001_phosphate_plate5.tif,1,816.000,816,816
4716,F8_01_1_2_Chlorophyll_A_001_phosphate_plate5.tif,14,849.143,784,1024
4717,F8_01_1_2_Chlorophyll_A_001_phosphate_plate5.tif,7,838.857,768,976
4718,F8_01_1_2_Chlorophyll_A_001_phosphate_plate5.tif,8,836.000,768,960
4719,F8_01_1_2_Chlorophyll_A_001_phosphate_plate5.tif,4,808.000,784,848
4720,F8_01_1_2_Chlorophyll_A_001_phosphate_plate5.tif,2,856.000,768,944
4721,F8_01_1_2_Chlorophyll_A_001_phosphate_plate5.tif,3,848.000,784,896
4722,F8_01_1_2_Chlorophyll_A_001_phosphate_plate5.tif,1,816.000,816,816
4723,F8_01_1_2_Chlorophyll_A_001_phosphate_plate5.tif,2,800.000,784,816
4724,F8_01_1_2_Chlorophyll_A_001_phosphate_plate5.tif,1,880.000,880,880
4725,F8_01_1_2_Chlorophyll_A_001_phosphate_plate5.tif,2,784.000,768,800
4726,F8_01_1_2_Chlorophyll_A_001_phosphate_plate5.tif,1,880.000,880,880
4727,F8_01_1_2_Chlorophyll_A_001_phosphate_plate5.tif,1,800.000,800,800
4728,F8_01_1_2_Chlorophyll_A_001_phosphate_plate5.tif,3,800.000,768,816
4729,F8_01_1_2_Chlorophyll_A_001_phosphate_plate5.tif,2,920.000,832,1008
4730,F8_01_1_2_Chlorophyll_A_001_phosphate_plate5.tif,1,912.000,912,912
4731,F8_01_1_2_Chlorophyll_A_001_phosphate_plate5.tif,1,784.000,784,784
4732,F8_01_1_2_Chlorophyll_A_001_phosphate_plate5.tif,2,792.000,784,800
4733,F8_01_1_2_Chlorophyll_A_001_phosphate_plate5.tif,2,792.000,784,800
4734,F8_01_1_2_Chlorophyll_A_001_phosphate_plate5.tif,2,784.000,768,800
4735,F8_01_1_2_Chlorophyll_A_001_phosphate_plate5.tif,1,768.000,768,768
4736,F8_01_1_2_Chlorophyll_A_001_phosphate_plate5.tif,1,912.000,912,912
4737,F8_01_1_2_Chlorophyll_A_001_phosphate_plate5.tif,1,816.000,816,816
4738,F8_01_1_2_Chlorophyll_A_001_phosphate_plate5.tif,3,826.667,800,880
4739,F8_01_1_2_Chlorophyll_A_001_phosphate_plate5.tif,2,864.000,800,928
4740,F8_01_1_2_Chlorophyll_A_001_phosphate_plate5.tif,9,832.000,784,912
4741,F8_01_1_2_Chlorophyll_A_001_phosphate_plate5.tif,9,865.778,768,992
4742,F8_01_1_2_Chlorophyll_A_001_phosphate_plate5.tif,1,848.000,848,848
4743,F8_01_1_2_Chlorophyll_A_001_phosphate_plate5.tif,10,856.000,768,1104
4744,F8_01_1_2_Chlorophyll_A_001_phosphate_plate5.tif,7,850.286,768,1024
4745,F8_01_1_2_Chlorophyll_A_001_phosphate_plate5.tif,5,819.200,768,992
4746,F8_01_1_2_Chlorophyll_A_001_phosphate_plate5.tif,1,880.000,880,880
4747,F8_01_1_2_Chlorophyll_A_001_phosphate_plate5.tif,1,928.000,928,928
4748,F8_01_1_2_Chlorophyll_A_001_phosphate_plate5.tif,3,837.333,768,944
4749,F8_01_1_2_Chlorophyll_A_001_phosphate_plate5.tif,1,784.000,784,784
4750,F8_01_1_2_Chlorophyll_A_001_phosphate_plate5.tif,3,832.000,784,896
4751,F8_01_1_2_Chlorophyll_A_001_phosphate_plate5.tif,1,784.000,784,784
4752,F8_01_1_2_Chlorophyll_A_001_phosphate_plate5.tif,1,768.000,768,768
4753,F8_01_1_2_Chlorophyll_A_001_phosphate_plate5.tif,2,840.000,800,880
4754,F8_01_1_2_Chlorophyll_A_001_phosphate_plate5.tif,1,784.000,784,784
4755,F8_01_1_2_Chlorophyll_A_001_phosphate_plate5.tif,1,768.000,768,768
4756,F8_01_1_2_Chlorophyll_A_001_phosphate_plate5.tif,2,824.000,816,832
4757,F8_01_1_2_Chlorophyll_A_001_phosphate_plate5.tif,7,829.714,768,992
4758,F8_01_1_2_Chlorophyll_A_001_phosphate_plate5.tif,1,800.000,800,800
4759,F8_01_1_2_Chlorophyll_A_001_phosphate_plate5.tif,1,976.000,976,976
4760,F8_01_1_2_Chlorophyll_A_001_phosphate_plate5.tif,1,944.000,944,944
4761,F8_01_1_2_Chlorophyll_A_001_phosphate_plate5.tif,1,976.000,976,976
4762,F8_01_1_2_Chlorophyll_A_001_phosphate_plate5.tif,1,816.000,816,816
4763,F8_01_1_2_Chlorophyll_A_001_phosphate_plate5.tif,1,800.000,800,800
4764,F8_01_1_2_Chlorophyll_A_001_phosphate_plate5.tif,93,2452.129,768,14400
4765,F8_01_1_2_Chlorophyll_A_001_phosphate_plate5.tif,2,832.000,816,848
4766,F8_01_1_2_Chlorophyll_A_001_phosphate_plate5.tif,1,784.000,784,784
4767,F8_01_1_2_Chlorophyll_A_001_phosphate_plate5.tif,1,800.000,800,800
4768,F8_01_1_2_Chlorophyll_A_001_phosphate_plate5.tif,2,872.000,800,944
4769,F8_01_1_2_Chlorophyll_A_001_phosphate_plate5.tif,1,768.000,768,768
4770,F8_01_1_2_Chlorophyll_A_001_phosphate_plate5.tif,2,808.000,784,832
4771,F8_01_1_2_Chlorophyll_A_001_phosphate_plate5.tif,1,928.000,928,928
4772,F8_01_1_2_Chlorophyll_A_001_phosphate_plate5.tif,1,816.000,816,816
4773,F8_01_1_2_Chlorophyll_A_001_phosphate_plate5.tif,1,768.000,768,768
4774,F8_01_1_2_Chlorophyll_A_001_phosphate_plate5.tif,1,768.000,768,768
4775,F8_01_1_2_Chlorophyll_A_001_phosphate_plate5.tif,1,784.000,784,784
4776,F8_01_1_2_Chlorophyll_A_001_phosphate_plate5.tif,1,848.000,848,848
4777,F8_01_1_2_Chlorophyll_A_001_phosphate_plate5.tif,1,816.000,816,816
4778,F8_01_1_2_Chlorophyll_A_001_phosphate_plate5.tif,1,880.000,880,880
4779,F8_01_1_2_Chlorophyll_A_001_phosphate_plate5.tif,1,832.000,832,832
4780,F8_01_1_2_Chlorophyll_A_001_phosphate_plate5.tif,1,768.000,768,768
4781,F8_01_1_2_Chlorophyll_A_001_phosphate_plate5.tif,1,784.000,784,784
4782,F8_01_1_2_Chlorophyll_A_001_phosphate_plate5.tif,2,888.000,864,912
4783,F8_01_1_2_Chlorophyll_A_001_phosphate_plate5.tif,2,776.000,768,784
4784,F8_01_1_2_Chlorophyll_A_001_phosphate_plate5.tif,3,864.000,768,960
4785,F8_01_1_2_Chlorophyll_A_001_phosphate_plate5.tif,2,840.000,768,912
4786,F8_01_1_2_Chlorophyll_A_001_phosphate_plate5.tif,4,876.000,800,960
4787,F8_01_1_2_Chlorophyll_A_001_phosphate_plate5.tif,1,784.000,784,784
4788,F8_01_1_2_Chlorophyll_A_001_phosphate_plate5.tif,1,784.000,784,784
4789,F8_01_1_2_Chlorophyll_A_001_phosphate_plate5.tif,2,824.000,816,832
4790,F8_01_1_2_Chlorophyll_A_001_phosphate_plate5.tif,1,784.000,784,784
4791,F8_01_1_2_Chlorophyll_A_001_phosphate_plate5.tif,7,809.143,768,896
4792,F8_01_1_2_Chlorophyll_A_001_phosphate_plate5.tif,6,794.667,768,816
4793,F8_01_1_2_Chlorophyll_A_001_phosphate_plate5.tif,1,928.000,928,928
4794,F8_01_1_2_Chlorophyll_A_001_phosphate_plate5.tif,1,848.000,848,848
4795,F8_01_1_2_Chlorophyll_A_001_phosphate_plate5.tif,4,844.000,784,976
4796,F8_01_1_2_Chlorophyll_A_001_phosphate_plate5.tif,52,884.615,768,1104
4797,F8_01_1_2_Chlorophyll_A_001_phosphate_plate5.tif,36,877.778,784,1216
4798,F8_01_1_2_Chlorophyll_A_001_phosphate_plate5.tif,1,816.000,816,816
4799,F8_01_1_2_Chlorophyll_A_001_phosphate_plate5.tif,4,880.000,784,960
4800,F8_01_1_2_Chlorophyll_A_001_phosphate_plate5.tif,12,838.667,768,1040
4801,F8_01_1_2_Chlorophyll_A_001_phosphate_plate5.tif,1,896.000,896,896
4802,F8_01_1_2_Chlorophyll_A_001_phosphate_plate5.tif,1,960.000,960,960
4803,F8_01_1_2_Chlorophyll_A_001_phosphate_plate5.tif,1,848.000,848,848
4804,F8_01_1_2_Chlorophyll_A_001_phosphate_plate5.tif,2,824.000,800,848
4805,F8_01_1_2_Chlorophyll_A_001_phosphate_plate5.tif,1,864.000,864,864
4806,F8_01_1_2_Chlorophyll_A_001_phosphate_plate5.tif,1,768.000,768,768
4807,F8_01_1_2_Chlorophyll_A_001_phosphate_plate5.tif,1,784.000,784,784
4808,F8_01_1_2_Chlorophyll_A_001_phosphate_plate5.tif,2,848.000,832,864
4809,F8_01_1_2_Chlorophyll_A_001_phosphate_plate5.tif,1,864.000,864,864
4810,F8_01_1_2_Chlorophyll_A_001_phosphate_plate5.tif,1,848.000,848,848
4811,F8_01_1_2_Chlorophyll_A_001_phosphate_plate5.tif,2,960.000,816,1104
4812,F8_01_1_2_Chlorophyll_A_001_phosphate_plate5.tif,1,832.000,832,832
4813,F8_01_1_2_Chlorophyll_A_001_phosphate_plate5.tif,1,896.000,896,896
4814,F8_01_1_2_Chlorophyll_A_001_phosphate_plate5.tif,1,864.000,864,864
4815,F8_01_1_2_Chlorophyll_A_001_phosphate_plate5.tif,1,800.000,800,800
4816,F8_01_1_2_Chlorophyll_A_001_phosphate_plate5.tif,1,784.000,784,784
4817,F8_01_1_2_Chlorophyll_A_001_phosphate_plate5.tif,2,816.000,816,816
4818,F8_01_1_2_Chlorophyll_A_001_phosphate_plate5.tif,1,768.000,768,768
4819,F8_01_1_2_Chlorophyll_A_001_phosphate_plate5.tif,2,928.000,928,928
4820,F8_01_1_2_Chlorophyll_A_001_phosphate_plate5.tif,1,768.000,768,768
4821,F8_01_1_2_Chlorophyll_A_001_phosphate_plate5.tif,1,768.000,768,768
4822,F8_01_1_2_Chlorophyll_A_001_phosphate_plate5.tif,2,792.000,768,816
4823,F8_01_1_2_Chlorophyll_A_001_phosphate_plate5.tif,1,1008.000,1008,1008
4824,F8_01_1_2_Chlorophyll_A_001_phosphate_plate5.tif,1,864.000,864,864
4825,F8_01_1_2_Chlorophyll_A_001_phosphate_plate5.tif,2,784.000,768,800
4826,F8_01_1_2_Chlorophyll_A_001_phosphate_plate5.tif,1,784.000,784,784
4827,F8_01_1_2_Chlorophyll_A_001_phosphate_plate5.tif,1,768.000,768,768
4828,F8_01_1_2_Chlorophyll_A_001_phosphate_plate5.tif,2,800.000,784,816
4829,F8_01_1_2_Chlorophyll_A_001_phosphate_plate5.tif,1,784.000,784,784
4830,F8_01_1_2_Chlorophyll_A_001_phosphate_plate5.tif,1,768.000,768,768
4831,F8_01_1_2_Chlorophyll_A_001_phosphate_plate5.tif,2,888.000,880,896
4832,F8_01_1_2_Chlorophyll_A_001_phosphate_plate5.tif,1,832.000,832,832
4833,F8_01_1_2_Chlorophyll_A_001_phosphate_plate5.tif,2,832.000,784,880
4834,F8_01_1_2_Chlorophyll_A_001_phosphate_plate5.tif,1,864.000,864,864
4835,F8_01_1_2_Chlorophyll_A_001_phosphate_plate5.tif,3,848.000,768,1008
4836,F8_01_1_2_Chlorophyll_A_001_phosphate_plate5.tif,1,880.000,880,880
4837,F8_01_1_2_Chlorophyll_A_001_phosphate_plate5.tif,7,882.286,768,1088
4838,F8_01_1_2_Chlorophyll_A_001_phosphate_plate5.tif,2,808.000,800,816
4839,F8_01_1_2_Chlorophyll_A_001_phosphate_plate5.tif,1,768.000,768,768
4840,F8_01_1_2_Chlorophyll_A_001_phosphate_plate5.tif,2,864.000,784,944
4841,F8_01_1_2_Chlorophyll_A_001_phosphate_plate5.tif,5,848.000,784,992
4842,F8_01_1_2_Chlorophyll_A_001_phosphate_plate5.tif,1,832.000,832,832
4843,F8_01_1_2_Chlorophyll_A_001_phosphate_plate5.tif,1,880.000,880,880
4844,F8_01_1_2_Chlorophyll_A_001_phosphate_plate5.tif,34,865.882,784,1040
4845,F8_01_1_2_Chlorophyll_A_001_phosphate_plate5.tif,30,865.600,768,1056
4846,F8_01_1_2_Chlorophyll_A_001_phosphate_plate5.tif,59,889.763,768,1152
4847,F8_01_1_2_Chlorophyll_A_001_phosphate_plate5.tif,119,855.126,768,1168
4848,F8_01_1_2_Chlorophyll_A_001_phosphate_plate5.tif,1,784.000,784,784
4849,F8_01_1_2_Chlorophyll_A_001_phosphate_plate5.tif,23,847.304,768,1040
4850,F8_01_1_2_Chlorophyll_A_001_phosphate_plate5.tif,1,784.000,784,784
4851,F8_01_1_2_Chlorophyll_A_001_phosphate_plate5.tif,3,869.333,784,928
4852,F8_01_1_2_Chlorophyll_A_001_phosphate_plate5.tif,2,864.000,768,960
4853,F8_01_1_2_Chlorophyll_A_001_phosphate_plate5.tif,3,794.667,768,816
4854,F8_01_1_2_Chlorophyll_A_001_phosphate_plate5.tif,2,792.000,784,800
4855,F8_01_1_2_Chlorophyll_A_001_phosphate_plate5.tif,4,872.000,768,1056
4856,F8_01_1_2_Chlorophyll_A_001_phosphate_plate5.tif,2,776.000,768,784
4857,F8_01_1_2_Chlorophyll_A_001_phosphate_plate5.tif,4,852.000,784,1008
4858,F8_01_1_2_Chlorophyll_A_001_phosphate_plate5.tif,6,869.333,784,1056
4859,F8_01_1_2_Chlorophyll_A_001_phosphate_plate5.tif,1,1024.000,1024,1024
4860,F8_01_1_2_Chlorophyll_A_001_phosphate_plate5.tif,1,784.000,784,784
4861,F8_01_1_2_Chlorophyll_A_001_phosphate_plate5.tif,3,810.667,768,848
4862,F8_01_1_2_Chlorophyll_A_001_phosphate_plate5.tif,1,800.000,800,800
4863,F8_01_1_2_Chlorophyll_A_001_phosphate_plate5.tif,1,928.000,928,928
4864,F8_01_1_2_Chlorophyll_A_001_phosphate_plate5.tif,1,768.000,768,768
4865,F8_01_1_2_Chlorophyll_A_001_phosphate_plate5.tif,1,800.000,800,800
4866,F8_01_1_2_Chlorophyll_A_001_phosphate_plate5.tif,1,784.000,784,784
4867,F8_01_1_2_Chlorophyll_A_001_phosphate_plate5.tif,1,816.000,816,816
4868,F8_01_1_2_Chlorophyll_A_001_phosphate_plate5.tif,1,784.000,784,784
4869,F8_01_1_2_Chlorophyll_A_001_phosphate_plate5.tif,1,896.000,896,896
4870,F8_01_1_2_Chlorophyll_A_001_phosphate_plate5.tif,3,805.333,784,832
4871,F8_01_1_2_Chlorophyll_A_001_phosphate_plate5.tif,1,800.000,800,800
4872,F8_01_1_2_Chlorophyll_A_001_phosphate_plate5.tif,5,800.000,784,816
4873,F8_01_1_2_Chlorophyll_A_001_phosphate_plate5.tif,2,808.000,784,832
4874,F8_01_1_2_Chlorophyll_A_001_phosphate_plate5.tif,1,944.000,944,944
4875,F8_01_1_2_Chlorophyll_A_001_phosphate_plate5.tif,1,768.000,768,768
4876,F8_01_1_2_Chlorophyll_A_001_phosphate_plate5.tif,1,880.000,880,880
4877,F8_01_1_2_Chlorophyll_A_001_phosphate_plate5.tif,1,832.000,832,832
4878,F8_01_1_2_Chlorophyll_A_001_phosphate_plate5.tif,1,784.000,784,784
4879,F8_01_1_2_Chlorophyll_A_001_phosphate_plate5.tif,1,816.000,816,816
4880,F8_01_1_2_Chlorophyll_A_001_phosphate_plate5.tif,1,864.000,864,864
4881,F8_01_1_2_Chlorophyll_A_001_phosphate_plate5.tif,1,864.000,864,864
4882,F8_01_1_2_Chlorophyll_A_001_phosphate_plate5.tif,2,880.000,848,912
4883,F8_01_1_2_Chlorophyll_A_001_phosphate_plate5.tif,1,768.000,768,768
4884,F8_01_1_2_Chlorophyll_A_001_phosphate_plate5.tif,7,877.714,768,1088
4885,F8_01_1_2_Chlorophyll_A_001_phosphate_plate5.tif,1,816.000,816,816
4886,F8_01_1_2_Chlorophyll_A_001_phosphate_plate5.tif,1,816.000,816,816
4887,F8_01_1_2_Chlorophyll_A_001_phosphate_plate5.tif,2,832.000,816,848
4888,F8_01_1_2_Chlorophyll_A_001_phosphate_plate5.tif,1,816.000,816,816
4889,F8_01_1_2_Chlorophyll_A_001_phosphate_plate5.tif,41,877.268,768,1152
4890,F8_01_1_2_Chlorophyll_A_001_phosphate_plate5.tif,64,872.250,768,1088
4891,F8_01_1_2_Chlorophyll_A_001_phosphate_plate5.tif,11,865.455,784,944
4892,F8_01_1_2_Chlorophyll_A_001_phosphate_plate5.tif,1,880.000,880,880
4893,F8_01_1_2_Chlorophyll_A_001_phosphate_plate5.tif,226,861.451,768,1168
4894,F8_01_1_2_Chlorophyll_A_001_phosphate_plate5.tif,11,872.727,768,1040
4895,F8_01_1_2_Chlorophyll_A_001_phosphate_plate5.tif,4,804.000,768,848
4896,F8_01_1_2_Chlorophyll_A_001_phosphate_plate5.tif,2,856.000,848,864
4897,F8_01_1_2_Chlorophyll_A_001_phosphate_plate5.tif,11,826.182,768,896
4898,F8_01_1_2_Chlorophyll_A_001_phosphate_plate5.tif,1,848.000,848,848
4899,F8_01_1_2_Chlorophyll_A_001_phosphate_plate5.tif,2,864.000,832,896
4900,F8_01_1_2_Chlorophyll_A_001_phosphate_plate5.tif,3,821.333,768,848
4901,F8_01_1_2_Chlorophyll_A_001_phosphate_plate5.tif,1,768.000,768,768
4902,F8_01_1_2_Chlorophyll_A_001_phosphate_plate5.tif,3,773.333,768,784
4903,F8_01_1_2_Chlorophyll_A_001_phosphate_plate5.tif,1,832.000,832,832
4904,F8_01_1_2_Chlorophyll_A_001_phosphate_plate5.tif,1,768.000,768,768
4905,F8_01_1_2_Chlorophyll_A_001_phosphate_plate5.tif,2,848.000,800,896
4906,F8_01_1_2_Chlorophyll_A_001_phosphate_plate5.tif,1,848.000,848,848
4907,F8_01_1_2_Chlorophyll_A_001_phosphate_plate5.tif,1,816.000,816,816
4908,F8_01_1_2_Chlorophyll_A_001_phosphate_plate5.tif,6,848.000,768,1120
4909,F8_01_1_2_Chlorophyll_A_001_phosphate_plate5.tif,1,784.000,784,784
4910,F8_01_1_2_Chlorophyll_A_001_phosphate_plate5.tif,1,960.000,960,960
4911,F8_01_1_2_Chlorophyll_A_001_phosphate_plate5.tif,4,872.000,800,976
4912,F8_01_1_2_Chlorophyll_A_001_phosphate_plate5.tif,2,792.000,784,800
4913,F8_01_1_2_Chlorophyll_A_001_phosphate_plate5.tif,1,800.000,800,800
4914,F8_01_1_2_Chlorophyll_A_001_phosphate_plate5.tif,2,792.000,784,800
4915,F8_01_1_2_Chlorophyll_A_001_phosphate_plate5.tif,2,896.000,864,928
4916,F8_01_1_2_Chlorophyll_A_001_phosphate_plate5.tif,1,960.000,960,960
4917,F8_01_1_2_Chlorophyll_A_001_phosphate_plate5.tif,2,784.000,768,800
4918,F8_01_1_2_Chlorophyll_A_001_phosphate_plate5.tif,1,928.000,928,928
4919,F8_01_1_2_Chlorophyll_A_001_phosphate_plate5.tif,1,896.000,896,896
4920,F8_01_1_2_Chlorophyll_A_001_phosphate_plate5.tif,1,784.000,784,784
4921,F8_01_1_2_Chlorophyll_A_001_phosphate_plate5.tif,1,816.000,816,816
4922,F8_01_1_2_Chlorophyll_A_001_phosphate_plate5.tif,2,880.000,784,976
4923,F8_01_1_2_Chlorophyll_A_001_phosphate_plate5.tif,3,842.667,768,928
4924,F8_01_1_2_Chlorophyll_A_001_phosphate_plate5.tif,1,768.000,768,768
4925,F8_01_1_2_Chlorophyll_A_001_phosphate_plate5.tif,1,784.000,784,784
4926,F8_01_1_2_Chlorophyll_A_001_phosphate_plate5.tif,2,800.000,784,816
4927,F8_01_1_2_Chlorophyll_A_001_phosphate_plate5.tif,2,784.000,784,784
4928,F8_01_1_2_Chlorophyll_A_001_phosphate_plate5.tif,1,768.000,768,768
4929,F8_01_1_2_Chlorophyll_A_001_phosphate_plate5.tif,1,896.000,896,896
4930,F8_01_1_2_Chlorophyll_A_001_phosphate_plate5.tif,1,880.000,880,880
4931,F8_01_1_2_Chlorophyll_A_001_phosphate_plate5.tif,1,1072.000,1072,1072
4932,F8_01_1_2_Chlorophyll_A_001_phosphate_plate5.tif,1,768.000,768,768
4933,F8_01_1_2_Chlorophyll_A_001_phosphate_plate5.tif,1,816.000,816,816
4934,F8_01_1_2_Chlorophyll_A_001_phosphate_plate5.tif,1,816.000,816,816
4935,F8_01_1_2_Chlorophyll_A_001_phosphate_plate5.tif,1,880.000,880,880
4936,F8_01_1_2_Chlorophyll_A_001_phosphate_plate5.tif,2,856.000,816,896
4937,F8_01_1_2_Chlorophyll_A_001_phosphate_plate5.tif,1,768.000,768,768
4938,F8_01_1_2_Chlorophyll_A_001_phosphate_plate5.tif,1,768.000,768,768
4939,F8_01_1_2_Chlorophyll_A_001_phosphate_plate5.tif,4,868.000,800,960
4940,F8_01_1_2_Chlorophyll_A_001_phosphate_plate5.tif,1,944.000,944,944
4941,F8_01_1_2_Chlorophyll_A_001_phosphate_plate5.tif,1,768.000,768,768
4942,F8_01_1_2_Chlorophyll_A_001_phosphate_plate5.tif,2,888.000,816,960
4943,F8_01_1_2_Chlorophyll_A_001_phosphate_plate5.tif,1,816.000,816,816
4944,F8_01_1_2_Chlorophyll_A_001_phosphate_plate5.tif,2,808.000,800,816
4945,F8_01_1_2_Chlorophyll_A_001_phosphate_plate5.tif,2,808.000,768,848
4946,F8_01_1_2_Chlorophyll_A_001_phosphate_plate5.tif,3,784.000,768,816
4947,F8_01_1_2_Chlorophyll_A_001_phosphate_plate5.tif,1,864.000,864,864
4948,F8_01_1_2_Chlorophyll_A_001_phosphate_plate5.tif,23,867.478,768,976
4949,F8_01_1_2_Chlorophyll_A_001_phosphate_plate5.tif,24,889.333,768,1152
4950,F8_01_1_2_Chlorophyll_A_001_phosphate_plate5.tif,39,877.538,768,1168
4951,F8_01_1_2_Chlorophyll_A_001_phosphate_plate5.tif,1,880.000,880,880
4952,F8_01_1_2_Chlorophyll_A_001_phosphate_plate5.tif,2,904.000,784,1024
4953,F8_01_1_2_Chlorophyll_A_001_phosphate_plate5.tif,2,904.000,800,1008
4954,F8_01_1_2_Chlorophyll_A_001_phosphate_plate5.tif,11,833.455,768,1008
4955,F8_01_1_2_Chlorophyll_A_001_phosphate_plate5.tif,1,800.000,800,800
4956,F8_01_1_2_Chlorophyll_A_001_phosphate_plate5.tif,7,850.286,784,912
4957,F8_01_1_2_Chlorophyll_A_001_phosphate_plate5.tif,2,776.000,768,784
4958,F8_01_1_2_Chlorophyll_A_001_phosphate_plate5.tif,4,792.000,768,816
4959,F8_01_1_2_Chlorophyll_A_001_phosphate_plate5.tif,1,800.000,800,800
4960,F8_01_1_2_Chlorophyll_A_001_phosphate_plate5.tif,2,840.000,768,912
4961,F8_01_1_2_Chlorophyll_A_001_phosphate_plate5.tif,1,768.000,768,768
4962,F8_01_1_2_Chlorophyll_A_001_phosphate_plate5.tif,1,864.000,864,864
4963,F8_01_1_2_Chlorophyll_A_001_phosphate_plate5.tif,4,784.000,768,832
4964,F8_01_1_2_Chlorophyll_A_001_phosphate_plate5.tif,1,784.000,784,784
4965,F8_01_1_2_Chlorophyll_A_001_phosphate_plate5.tif,1,800.000,800,800
4966,F8_01_1_2_Chlorophyll_A_001_phosphate_plate5.tif,3,965.333,864,1024
4967,F8_01_1_2_Chlorophyll_A_001_phosphate_plate5.tif,1,832.000,832,832
4968,F8_01_1_2_Chlorophyll_A_001_phosphate_plate5.tif,1,944.000,944,944
4969,F8_01_1_2_Chlorophyll_A_001_phosphate_plate5.tif,1,800.000,800,800
4970,F8_01_1_2_Chlorophyll_A_001_phosphate_plate5.tif,1,784.000,784,784
4971,F8_01_1_2_Chlorophyll_A_001_phosphate_plate5.tif,1,832.000,832,832
4972,F8_01_1_2_Chlorophyll_A_001_phosphate_plate5.tif,1,816.000,816,816
4973,F8_01_1_2_Chlorophyll_A_001_phosphate_plate5.tif,1,784.000,784,784
4974,F8_01_1_2_Chlorophyll_A_001_phosphate_plate5.tif,1,768.000,768,768
4975,F8_01_1_2_Chlorophyll_A_001_phosphate_plate5.tif,1,800.000,800,800
4976,F8_01_1_2_Chlorophyll_A_001_phosphate_plate5.tif,3,800.000,768,848
4977,F8_01_1_2_Chlorophyll_A_001_phosphate_plate5.tif,1,816.000,816,816
4978,F8_01_1_2_Chlorophyll_A_001_phosphate_plate5.tif,2,832.000,784,880
4979,F8_01_1_2_Chlorophyll_A_001_phosphate_plate5.tif,1,784.000,784,784
4980,F8_01_1_2_Chlorophyll_A_001_phosphate_plate5.tif,1,928.000,928,928
4981,F8_01_1_2_Chlorophyll_A_001_phosphate_plate5.tif,3,794.667,768,848
4982,F8_01_1_2_Chlorophyll_A_001_phosphate_plate5.tif,1,864.000,864,864
4983,F8_01_1_2_Chlorophyll_A_001_phosphate_plate5.tif,1,800.000,800,800
4984,F8_01_1_2_Chlorophyll_A_001_phosphate_plate5.tif,1,848.000,848,848
4985,F8_01_1_2_Chlorophyll_A_001_phosphate_plate5.tif,1,800.000,800,800
4986,F8_01_1_2_Chlorophyll_A_001_phosphate_plate5.tif,1,864.000,864,864
4987,F8_01_1_2_Chlorophyll_A_001_phosphate_plate5.tif,1,784.000,784,784
4988,F8_01_1_2_Chlorophyll_A_001_phosphate_plate5.tif,1,816.000,816,816
4989,F8_01_1_2_Chlorophyll_A_001_phosphate_plate5.tif,2,824.000,800,848
4990,F8_01_1_2_Chlorophyll_A_001_phosphate_plate5.tif,3,874.667,848,896
4991,F8_01_1_2_Chlorophyll_A_001_phosphate_plate5.tif,1,816.000,816,816
4992,F8_01_1_2_Chlorophyll_A_001_phosphate_plate5.tif,1,800.000,800,800
4993,F8_01_1_2_Chlorophyll_A_001_phosphate_plate5.tif,1,768.000,768,768
4994,F8_01_1_2_Chlorophyll_A_001_phosphate_plate5.tif,1,784.000,784,784
4995,F8_01_1_2_Chlorophyll_A_001_phosphate_plate5.tif,5,873.600,800,928
4996,F8_01_1_2_Chlorophyll_A_001_phosphate_plate5.tif,3,805.333,768,832
4997,F8_01_1_2_Chlorophyll_A_001_phosphate_plate5.tif,17,842.353,768,1040
4998,F8_01_1_2_Chlorophyll_A_001_phosphate_plate5.tif,1,864.000,864,864
4999,F8_01_1_2_Chlorophyll_A_001_phosphate_plate5.tif,1,768.000,768,768
5000,F8_01_1_2_Chlorophyll_A_001_phosphate_plate5.tif,2,864.000,800,928
5001,F8_01_1_2_Chlorophyll_A_001_phosphate_plate5.tif,1,768.000,768,768
5002,F8_01_1_2_Chlorophyll_A_001_phosphate_plate5.tif,77,884.571,768,1104
5003,F8_01_1_2_Chlorophyll_A_001_phosphate_plate5.tif,50,880.960,768,1152
5004,F8_01_1_2_Chlorophyll_A_001_phosphate_plate5.tif,58,887.448,768,1104
5005,F8_01_1_2_Chlorophyll_A_001_phosphate_plate5.tif,25,897.280,784,1280
5006,F8_01_1_2_Chlorophyll_A_001_phosphate_plate5.tif,19,836.211,768,944
5007,F8_01_1_2_Chlorophyll_A_001_phosphate_plate5.tif,1,848.000,848,848
5008,F8_01_1_2_Chlorophyll_A_001_phosphate_plate5.tif,4,832.000,800,864
5009,F8_01_1_2_Chlorophyll_A_001_phosphate_plate5.tif,7,843.429,768,944
5010,F8_01_1_2_Chlorophyll_A_001_phosphate_plate5.tif,3,864.000,816,944
5011,F8_01_1_2_Chlorophyll_A_001_phosphate_plate5.tif,1,784.000,784,784
5012,F8_01_1_2_Chlorophyll_A_001_phosphate_plate5.tif,1,816.000,816,816
5013,F8_01_1_2_Chlorophyll_A_001_phosphate_plate5.tif,1,848.000,848,848
5014,F8_01_1_2_Chlorophyll_A_001_phosphate_plate5.tif,1,864.000,864,864
5015,F8_01_1_2_Chlorophyll_A_001_phosphate_plate5.tif,1,816.000,816,816
5016,F8_01_1_2_Chlorophyll_A_001_phosphate_plate5.tif,177,2213.153,768,16928
5017,F8_01_1_2_Chlorophyll_A_001_phosphate_plate5.tif,1,1024.000,1024,1024
5018,F8_01_1_2_Chlorophyll_A_001_phosphate_plate5.tif,2,840.000,816,864
5019,F8_01_1_2_Chlorophyll_A_001_phosphate_plate5.tif,2,832.000,768,896
5020,F8_01_1_2_Chlorophyll_A_001_phosphate_plate5.tif,1,768.000,768,768
5021,F8_01_1_2_Chlorophyll_A_001_phosphate_plate5.tif,1,784.000,784,784
5022,F8_01_1_2_Chlorophyll_A_001_phosphate_plate5.tif,1,864.000,864,864
5023,F8_01_1_2_Chlorophyll_A_001_phosphate_plate5.tif,1,800.000,800,800
5024,F8_01_1_2_Chlorophyll_A_001_phosphate_plate5.tif,1,784.000,784,784
5025,F8_01_1_2_Chlorophyll_A_001_phosphate_plate5.tif,4,808.000,768,864
5026,F8_01_1_2_Chlorophyll_A_001_phosphate_plate5.tif,2,816.000,768,864
5027,F8_01_1_2_Chlorophyll_A_001_phosphate_plate5.tif,1,896.000,896,896
5028,F8_01_1_2_Chlorophyll_A_001_phosphate_plate5.tif,1,848.000,848,848
5029,F8_01_1_2_Chlorophyll_A_001_phosphate_plate5.tif,1,784.000,784,784
5030,F8_01_1_2_Chlorophyll_A_001_phosphate_plate5.tif,1,768.000,768,768
5031,F8_01_1_2_Chlorophyll_A_001_phosphate_plate5.tif,1,816.000,816,816
5032,F8_01_1_2_Chlorophyll_A_001_phosphate_plate5.tif,5,844.800,784,896
5033,F8_01_1_2_Chlorophyll_A_001_phosphate_plate5.tif,1,864.000,864,864
5034,F8_01_1_2_Chlorophyll_A_001_phosphate_plate5.tif,2,792.000,784,800
5035,F8_01_1_2_Chlorophyll_A_001_phosphate_plate5.tif,4,848.000,768,1040
5036,F8_01_1_2_Chlorophyll_A_001_phosphate_plate5.tif,3,832.000,768,928
5037,F8_01_1_2_Chlorophyll_A_001_phosphate_plate5.tif,1,848.000,848,848
5038,F8_01_1_2_Chlorophyll_A_001_phosphate_plate5.tif,2,824.000,784,864
5039,F8_01_1_2_Chlorophyll_A_001_phosphate_plate5.tif,1,784.000,784,784
5040,F8_01_1_2_Chlorophyll_A_001_phosphate_plate5.tif,1,784.000,784,784
5041,F8_01_1_2_Chlorophyll_A_001_phosphate_plate5.tif,1,784.000,784,784
5042,F8_01_1_2_Chlorophyll_A_001_phosphate_plate5.tif,1,864.000,864,864
5043,F8_01_1_2_Chlorophyll_A_001_phosphate_plate5.tif,3,842.667,800,880
5044,F8_01_1_2_Chlorophyll_A_001_phosphate_plate5.tif,1,928.000,928,928
5045,F8_01_1_2_Chlorophyll_A_001_phosphate_plate5.tif,1,896.000,896,896
5046,F8_01_1_2_Chlorophyll_A_001_phosphate_plate5.tif,1,848.000,848,848
5047,F8_01_1_2_Chlorophyll_A_001_phosphate_plate5.tif,1,768.000,768,768
5048,F8_01_1_2_Chlorophyll_A_001_phosphate_plate5.tif,2,1016.000,944,1088
5049,F8_01_1_2_Chlorophyll_A_001_phosphate_plate5.tif,1,912.000,912,912
5050,F8_01_1_2_Chlorophyll_A_001_phosphate_plate5.tif,1,784.000,784,784
5051,F8_01_1_2_Chlorophyll_A_001_phosphate_plate5.tif,30,828.800,768,976
5052,F8_01_1_2_Chlorophyll_A_001_phosphate_plate5.tif,35,884.571,768,1104
5053,F8_01_1_2_Chlorophyll_A_001_phosphate_plate5.tif,57,900.772,768,1152
5054,F8_01_1_2_Chlorophyll_A_001_phosphate_plate5.tif,29,869.517,768,1072
5055,F8_01_1_2_Chlorophyll_A_001_phosphate_plate5.tif,43,894.512,784,1136
5056,F8_01_1_2_Chlorophyll_A_001_phosphate_plate5.tif,18,896.889,768,1104
5057,F8_01_1_2_Chlorophyll_A_001_phosphate_plate5.tif,16,868.000,768,960
5058,F8_01_1_2_Chlorophyll_A_001_phosphate_plate5.tif,8,844.000,768,944
5059,F8_01_1_2_Chlorophyll_A_001_phosphate_plate5.tif,15,850.133,768,992
5060,F8_01_1_2_Chlorophyll_A_001_phosphate_plate5.tif,4,836.000,784,944
5061,F8_01_1_2_Chlorophyll_A_001_phosphate_plate5.tif,1,832.000,832,832
5062,F8_01_1_2_Chlorophyll_A_001_phosphate_plate5.tif,2,816.000,816,816
5063,F8_01_1_2_Chlorophyll_A_001_phosphate_plate5.tif,1,864.000,864,864
5064,F8_01_1_2_Chlorophyll_A_001_phosphate_plate5.tif,1,848.000,848,848
5065,F8_01_1_2_Chlorophyll_A_001_phosphate_plate5.tif,1,784.000,784,784
5066,F8_01_1_2_Chlorophyll_A_001_phosphate_plate5.tif,7,843.429,768,928
5067,F8_01_1_2_Chlorophyll_A_001_phosphate_plate5.tif,5,806.400,768,832
5068,F8_01_1_2_Chlorophyll_A_001_phosphate_plate5.tif,11,856.727,768,992
5069,F8_01_1_2_Chlorophyll_A_001_phosphate_plate5.tif,1,816.000,816,816
5070,F8_01_1_2_Chlorophyll_A_001_phosphate_plate5.tif,1,944.000,944,944
5071,F8_01_1_2_Chlorophyll_A_001_phosphate_plate5.tif,1,816.000,816,816
5072,F8_01_1_2_Chlorophyll_A_001_phosphate_plate5.tif,1,864.000,864,864
5073,F8_01_1_2_Chlorophyll_A_001_phosphate_plate5.tif,3,858.667,784,896
5074,F8_01_1_2_Chlorophyll_A_001_phosphate_plate5.tif,3,837.333,800,912
5075,F8_01_1_2_Chlorophyll_A_001_phosphate_plate5.tif,2,808.000,784,832
5076,F8_01_1_2_Chlorophyll_A_001_phosphate_plate5.tif,3,890.667,864,944
5077,F8_01_1_2_Chlorophyll_A_001_phosphate_plate5.tif,8,848.000,784,960
5078,F8_01_1_2_Chlorophyll_A_001_phosphate_plate5.tif,1,816.000,816,816
5079,F8_01_1_2_Chlorophyll_A_001_phosphate_plate5.tif,2,928.000,832,1024
5080,F8_01_1_2_Chlorophyll_A_001_phosphate_plate5.tif,1,928.000,928,928
5081,F8_01_1_2_Chlorophyll_A_001_phosphate_plate5.tif,1,784.000,784,784
5082,F8_01_1_2_Chlorophyll_A_001_phosphate_plate5.tif,1,848.000,848,848
5083,F8_01_1_2_Chlorophyll_A_001_phosphate_plate5.tif,1,832.000,832,832
5084,F8_01_1_2_Chlorophyll_A_001_phosphate_plate5.tif,1,784.000,784,784
5085,F8_01_1_2_Chlorophyll_A_001_phosphate_plate5.tif,1,784.000,784,784
5086,F8_01_1_2_Chlorophyll_A_001_phosphate_plate5.tif,2,864.000,864,864
5087,F8_01_1_2_Chlorophyll_A_001_phosphate_plate5.tif,1,816.000,816,816
5088,F8_01_1_2_Chlorophyll_A_001_phosphate_plate5.tif,1,816.000,816,816
5089,F8_01_1_2_Chlorophyll_A_001_phosphate_plate5.tif,1,896.000,896,896
5090,F8_01_1_2_Chlorophyll_A_001_phosphate_plate5.tif,1,768.000,768,768
5091,F8_01_1_2_Chlorophyll_A_001_phosphate_plate5.tif,1,768.000,768,768
5092,F8_01_1_2_Chlorophyll_A_001_phosphate_plate5.tif,2,824.000,784,864
5093,F8_01_1_2_Chlorophyll_A_001_phosphate_plate5.tif,1,800.000,800,800
5094,F8_01_1_2_Chlorophyll_A_001_phosphate_plate5.tif,1,784.000,784,784
5095,F8_01_1_2_Chlorophyll_A_001_phosphate_plate5.tif,1,848.000,848,848
5096,F8_01_1_2_Chlorophyll_A_001_phosphate_plate5.tif,1,944.000,944,944
5097,F8_01_1_2_Chlorophyll_A_001_phosphate_plate5.tif,1,800.000,800,800
5098,F8_01_1_2_Chlorophyll_A_001_phosphate_plate5.tif,1,768.000,768,768
5099,F8_01_1_2_Chlorophyll_A_001_phosphate_plate5.tif,1,880.000,880,880
5100,F8_01_1_2_Chlorophyll_A_001_phosphate_plate5.tif,2,856.000,800,912
5101,F8_01_1_2_Chlorophyll_A_001_phosphate_plate5.tif,2,832.000,784,880
5102,F8_01_1_2_Chlorophyll_A_001_phosphate_plate5.tif,1,800.000,800,800
5103,F8_01_1_2_Chlorophyll_A_001_phosphate_plate5.tif,137,3241.460,768,16064
5104,F8_01_1_2_Chlorophyll_A_001_phosphate_plate5.tif,1,864.000,864,864
5105,F8_01_1_2_Chlorophyll_A_001_phosphate_plate5.tif,1,864.000,864,864
5106,F8_01_1_2_Chlorophyll_A_001_phosphate_plate5.tif,1,816.000,816,816
5107,F8_01_1_2_Chlorophyll_A_001_phosphate_plate5.tif,1,848.000,848,848
5108,F8_01_1_2_Chlorophyll_A_001_phosphate_plate5.tif,1,944.000,944,944
5109,F8_01_1_2_Chlorophyll_A_001_phosphate_plate5.tif,1,848.000,848,848
5110,F8_01_1_2_Chlorophyll_A_001_phosphate_plate5.tif,20,900.800,768,1184
5111,F8_01_1_2_Chlorophyll_A_001_phosphate_plate5.tif,4,852.000,768,912
5112,F8_01_1_2_Chlorophyll_A_001_phosphate_plate5.tif,1,992.000,992,992
5113,F8_01_1_2_Chlorophyll_A_001_phosphate_plate5.tif,2,816.000,768,864
5114,F8_01_1_2_Chlorophyll_A_001_phosphate_plate5.tif,1,848.000,848,848
5115,F8_01_1_2_Chlorophyll_A_001_phosphate_plate5.tif,1,848.000,848,848
5116,F8_01_1_2_Chlorophyll_A_001_phosphate_plate5.tif,2,832.000,832,832
5117,F8_01_1_2_Chlorophyll_A_001_phosphate_plate5.tif,1,848.000,848,848
5118,F8_01_1_2_Chlorophyll_A_001_phosphate_plate5.tif,2,816.000,816,816
5119,F8_01_1_2_Chlorophyll_A_001_phosphate_plate5.tif,2,920.000,800,1040
5120,F8_01_1_2_Chlorophyll_A_001_phosphate_plate5.tif,13,855.385,768,1040
5121,F8_01_1_2_Chlorophyll_A_001_phosphate_plate5.tif,3,842.667,800,896
5122,F8_01_1_2_Chlorophyll_A_001_phosphate_plate5.tif,1,800.000,800,800
5123,F8_01_1_2_Chlorophyll_A_001_phosphate_plate5.tif,1,832.000,832,832
5124,F8_01_1_2_Chlorophyll_A_001_phosphate_plate5.tif,2,816.000,800,832
5125,F8_01_1_2_Chlorophyll_A_001_phosphate_plate5.tif,3,816.000,784,864
5126,F8_01_1_2_Chlorophyll_A_001_phosphate_plate5.tif,4,812.000,784,848
5127,F8_01_1_2_Chlorophyll_A_001_phosphate_plate5.tif,1,800.000,800,800
5128,F8_01_1_2_Chlorophyll_A_001_phosphate_plate5.tif,1,768.000,768,768
5129,F8_01_1_2_Chlorophyll_A_001_phosphate_plate5.tif,3,869.333,768,1024
5130,F8_01_1_2_Chlorophyll_A_001_phosphate_plate5.tif,1,848.000,848,848
5131,F8_01_1_2_Chlorophyll_A_001_phosphate_plate5.tif,1,768.000,768,768
5132,F8_01_1_2_Chlorophyll_A_001_phosphate_plate5.tif,1,912.000,912,912
5133,F8_01_1_2_Chlorophyll_A_001_phosphate_plate5.tif,1,800.000,800,800
5134,F8_01_1_2_Chlorophyll_A_001_phosphate_plate5.tif,1,944.000,944,944
5135,F8_01_1_2_Chlorophyll_A_001_phosphate_plate5.tif,1,784.000,784,784
5136,F8_01_1_2_Chlorophyll_A_001_phosphate_plate5.tif,3,810.667,768,848
5137,F8_01_1_2_Chlorophyll_A_001_phosphate_plate5.tif,1,848.000,848,848
5138,F8_01_1_2_Chlorophyll_A_001_phosphate_plate5.tif,2,808.000,800,816
5139,F8_01_1_2_Chlorophyll_A_001_phosphate_plate5.tif,1,784.000,784,784
5140,F8_01_1_2_Chlorophyll_A_001_phosphate_plate5.tif,1,800.000,800,800
5141,F8_01_1_2_Chlorophyll_A_001_phosphate_plate5.tif,2,776.000,768,784
5142,F8_01_1_2_Chlorophyll_A_001_phosphate_plate5.tif,1,768.000,768,768
5143,F8_01_1_2_Chlorophyll_A_001_phosphate_plate5.tif,2,1056.000,1024,1088
5144,F8_01_1_2_Chlorophyll_A_001_phosphate_plate5.tif,2,800.000,784,816
5145,F8_01_1_2_Chlorophyll_A_001_phosphate_plate5.tif,1,800.000,800,800
5146,F8_01_1_2_Chlorophyll_A_001_phosphate_plate5.tif,1,784.000,784,784
5147,F8_01_1_2_Chlorophyll_A_001_phosphate_plate5.tif,4,888.000,816,992
5148,F8_01_1_2_Chlorophyll_A_001_phosphate_plate5.tif,2,880.000,848,912
5149,F8_01_1_2_Chlorophyll_A_001_phosphate_plate5.tif,1,784.000,784,784
5150,F8_01_1_2_Chlorophyll_A_001_phosphate_plate5.tif,1,864.000,864,864
5151,F8_01_1_2_Chlorophyll_A_001_phosphate_plate5.tif,2,912.000,864,960
5152,F8_01_1_2_Chlorophyll_A_001_phosphate_plate5.tif,1,864.000,864,864
5153,F8_01_1_2_Chlorophyll_A_001_phosphate_plate5.tif,3,912.000,848,944
5154,F8_01_1_2_Chlorophyll_A_001_phosphate_plate5.tif,44,843.636,768,1104
5155,F8_01_1_2_Chlorophyll_A_001_phosphate_plate5.tif,65,869.662,768,1104
5156,F8_01_1_2_Chlorophyll_A_001_phosphate_plate5.tif,29,912.552,768,1168
5157,F8_01_1_2_Chlorophyll_A_001_phosphate_plate5.tif,188,878.128,768,1232
5158,F8_01_1_2_Chlorophyll_A_001_phosphate_plate5.tif,15,902.400,768,1024
5159,F8_01_1_2_Chlorophyll_A_001_phosphate_plate5.tif,67,883.821,768,1104
5160,F8_01_1_2_Chlorophyll_A_001_phosphate_plate5.tif,1,768.000,768,768
5161,F8_01_1_2_Chlorophyll_A_001_phosphate_plate5.tif,5,851.200,768,944
5162,F8_01_1_2_Chlorophyll_A_001_phosphate_plate5.tif,1,1024.000,1024,1024
5163,F8_01_1_2_Chlorophyll_A_001_phosphate_plate5.tif,1,1008.000,1008,1008
5164,F8_01_1_2_Chlorophyll_A_001_phosphate_plate5.tif,1,768.000,768,768
5165,F8_01_1_2_Chlorophyll_A_001_phosphate_plate5.tif,3,800.000,768,864
5166,F8_01_1_2_Chlorophyll_A_001_phosphate_plate5.tif,3,869.333,768,976
5167,F8_01_1_2_Chlorophyll_A_001_phosphate_plate5.tif,10,876.800,768,1024
5168,F8_01_1_2_Chlorophyll_A_001_phosphate_plate5.tif,27,850.963,768,1024
5169,F8_01_1_2_Chlorophyll_A_001_phosphate_plate5.tif,2,864.000,848,880
5170,F8_01_1_2_Chlorophyll_A_001_phosphate_plate5.tif,1,768.000,768,768
5171,F8_01_1_2_Chlorophyll_A_001_phosphate_plate5.tif,1,864.000,864,864
5172,F8_01_1_2_Chlorophyll_A_001_phosphate_plate5.tif,1,864.000,864,864
5173,F8_01_1_2_Chlorophyll_A_001_phosphate_plate5.tif,2,800.000,800,800
5174,F8_01_1_2_Chlorophyll_A_001_phosphate_plate5.tif,1,784.000,784,784
5175,F8_01_1_2_Chlorophyll_A_001_phosphate_plate5.tif,11,833.455,768,944
5176,F8_01_1_2_Chlorophyll_A_001_phosphate_plate5.tif,7,864.000,768,944
5177,F8_01_1_2_Chlorophyll_A_001_phosphate_plate5.tif,164,2847.024,768,16240
5178,F8_01_1_2_Chlorophyll_A_001_phosphate_plate5.tif,1,800.000,800,800
5179,F8_01_1_2_Chlorophyll_A_001_phosphate_plate5.tif,1,768.000,768,768
5180,F8_01_1_2_Chlorophyll_A_001_phosphate_plate5.tif,3,821.333,800,848
5181,F8_01_1_2_Chlorophyll_A_001_phosphate_plate5.tif,1,800.000,800,800
5182,F8_01_1_2_Chlorophyll_A_001_phosphate_plate5.tif,1,816.000,816,816
5183,F8_01_1_2_Chlorophyll_A_001_phosphate_plate5.tif,1,864.000,864,864
5184,F8_01_1_2_Chlorophyll_A_001_phosphate_plate5.tif,1,800.000,800,800
5185,F8_01_1_2_Chlorophyll_A_001_phosphate_plate5.tif,1,768.000,768,768
5186,F8_01_1_2_Chlorophyll_A_001_phosphate_plate5.tif,1,912.000,912,912
5187,F8_01_1_2_Chlorophyll_A_001_phosphate_plate5.tif,2,784.000,768,800
5188,F8_01_1_2_Chlorophyll_A_001_phosphate_plate5.tif,1,800.000,800,800
5189,F8_01_1_2_Chlorophyll_A_001_phosphate_plate5.tif,1,1040.000,1040,1040
5190,F8_01_1_2_Chlorophyll_A_001_phosphate_plate5.tif,1,784.000,784,784
5191,F8_01_1_2_Chlorophyll_A_001_phosphate_plate5.tif,3,826.667,784,880
5192,F8_01_1_2_Chlorophyll_A_001_phosphate_plate5.tif,2,856.000,848,864
5193,F8_01_1_2_Chlorophyll_A_001_phosphate_plate5.tif,5,832.000,800,880
5194,F8_01_1_2_Chlorophyll_A_001_phosphate_plate5.tif,1,768.000,768,768
5195,F8_01_1_2_Chlorophyll_A_001_phosphate_plate5.tif,1,768.000,768,768
5196,F8_01_1_2_Chlorophyll_A_001_phosphate_plate5.tif,1,784.000,784,784
5197,F8_01_1_2_Chlorophyll_A_001_phosphate_plate5.tif,3,842.667,800,880
5198,F8_01_1_2_Chlorophyll_A_001_phosphate_plate5.tif,1,864.000,864,864
5199,F8_01_1_2_Chlorophyll_A_001_phosphate_plate5.tif,1,928.000,928,928
5200,F8_01_1_2_Chlorophyll_A_001_phosphate_plate5.tif,1,768.000,768,768
5201,F8_01_1_2_Chlorophyll_A_001_phosphate_plate5.tif,2,792.000,784,800
5202,F8_01_1_2_Chlorophyll_A_001_phosphate_plate5.tif,2,912.000,816,1008
5203,F8_01_1_2_Chlorophyll_A_001_phosphate_plate5.tif,1,784.000,784,784
5204,F8_01_1_2_Chlorophyll_A_001_phosphate_plate5.tif,5,812.800,768,864
5205,F8_01_1_2_Chlorophyll_A_001_phosphate_plate5.tif,1,832.000,832,832
5206,F8_01_1_2_Chlorophyll_A_001_phosphate_plate5.tif,2,824.000,784,864
5207,F8_01_1_2_Chlorophyll_A_001_phosphate_plate5.tif,1,864.000,864,864
5208,F8_01_1_2_Chlorophyll_A_001_phosphate_plate5.tif,1,864.000,864,864
5209,F8_01_1_2_Chlorophyll_A_001_phosphate_plate5.tif,6,938.667,768,1296
5210,F8_01_1_2_Chlorophyll_A_001_phosphate_plate5.tif,62,873.032,768,1184
5211,F8_01_1_2_Chlorophyll_A_001_phosphate_plate5.tif,21,914.286,768,1088
5212,F8_01_1_2_Chlorophyll_A_001_phosphate_plate5.tif,28,899.429,768,1136
5213,F8_01_1_2_Chlorophyll_A_001_phosphate_plate5.tif,4,848.000,784,944
5214,F8_01_1_2_Chlorophyll_A_001_phosphate_plate5.tif,16,861.000,768,1072
5215,F8_01_1_2_Chlorophyll_A_001_phosphate_plate5.tif,1,944.000,944,944
5216,F8_01_1_2_Chlorophyll_A_001_phosphate_plate5.tif,2,840.000,816,864
5217,F8_01_1_2_Chlorophyll_A_001_phosphate_plate5.tif,14,841.143,768,976
5218,F8_01_1_2_Chlorophyll_A_001_phosphate_plate5.tif,3,837.333,800,896
5219,F8_01_1_2_Chlorophyll_A_001_phosphate_plate5.tif,1,784.000,784,784
5220,F8_01_1_2_Chlorophyll_A_001_phosphate_plate5.tif,1,832.000,832,832
5221,F8_01_1_2_Chlorophyll_A_001_phosphate_plate5.tif,1,768.000,768,768
5222,F8_01_1_2_Chlorophyll_A_001_phosphate_plate5.tif,1,864.000,864,864
5223,F8_01_1_2_Chlorophyll_A_001_phosphate_plate5.tif,2,776.000,768,784
5224,F8_01_1_2_Chlorophyll_A_001_phosphate_plate5.tif,1,864.000,864,864
5225,F8_01_1_2_Chlorophyll_A_001_phosphate_plate5.tif,1,832.000,832,832
5226,F8_01_1_2_Chlorophyll_A_001_phosphate_plate5.tif,1,768.000,768,768
5227,F8_01_1_2_Chlorophyll_A_001_phosphate_plate5.tif,1,816.000,816,816
5228,F8_01_1_2_Chlorophyll_A_001_phosphate_plate5.tif,3,826.667,768,912
5229,F8_01_1_2_Chlorophyll_A_001_phosphate_plate5.tif,1,848.000,848,848
5230,F8_01_1_2_Chlorophyll_A_001_phosphate_plate5.tif,4,844.000,784,880
5231,F8_01_1_2_Chlorophyll_A_001_phosphate_plate5.tif,1,784.000,784,784
5232,F8_01_1_2_Chlorophyll_A_001_phosphate_plate5.tif,1,992.000,992,992
5233,F8_01_1_2_Chlorophyll_A_001_phosphate_plate5.tif,2,808.000,768,848
5234,F8_01_1_2_Chlorophyll_A_001_phosphate_plate5.tif,1,832.000,832,832
5235,F8_01_1_2_Chlorophyll_A_001_phosphate_plate5.tif,1,768.000,768,768
5236,F8_01_1_2_Chlorophyll_A_001_phosphate_plate5.tif,1,800.000,800,800
5237,F8_01_1_2_Chlorophyll_A_001_phosphate_plate5.tif,1,848.000,848,848
5238,F8_01_1_2_Chlorophyll_A_001_phosphate_plate5.tif,1,832.000,832,832
5239,F8_01_1_2_Chlorophyll_A_001_phosphate_plate5.tif,1,816.000,816,816
5240,F8_01_1_2_Chlorophyll_A_001_phosphate_plate5.tif,1,784.000,784,784
5241,F8_01_1_2_Chlorophyll_A_001_phosphate_plate5.tif,1,800.000,800,800
5242,F8_01_1_2_Chlorophyll_A_001_phosphate_plate5.tif,1,800.000,800,800
5243,F8_01_1_2_Chlorophyll_A_001_phosphate_plate5.tif,1,768.000,768,768
5244,F8_01_1_2_Chlorophyll_A_001_phosphate_plate5.tif,1,816.000,816,816
5245,F8_01_1_2_Chlorophyll_A_001_phosphate_plate5.tif,1,784.000,784,784
5246,F8_01_1_2_Chlorophyll_A_001_phosphate_plate5.tif,4,812.000,784,864
5247,F8_01_1_2_Chlorophyll_A_001_phosphate_plate5.tif,1,912.000,912,912
5248,F8_01_1_2_Chlorophyll_A_001_phosphate_plate5.tif,1,864.000,864,864
5249,F8_01_1_2_Chlorophyll_A_001_phosphate_plate5.tif,1,768.000,768,768
5250,F8_01_1_2_Chlorophyll_A_001_phosphate_plate5.tif,1,800.000,800,800
5251,F8_01_1_2_Chlorophyll_A_001_phosphate_plate5.tif,1,800.000,800,800
5252,F8_01_1_2_Chlorophyll_A_001_phosphate_plate5.tif,4,856.000,784,976
5253,F8_01_1_2_Chlorophyll_A_001_phosphate_plate5.tif,2,816.000,800,832
5254,F8_01_1_2_Chlorophyll_A_001_phosphate_plate5.tif,2,840.000,784,896
5255,F8_01_1_2_Chlorophyll_A_001_phosphate_plate5.tif,6,850.667,768,896
5256,F8_01_1_2_Chlorophyll_A_001_phosphate_plate5.tif,2,808.000,768,848
5257,F8_01_1_2_Chlorophyll_A_001_phosphate_plate5.tif,16,907.000,768,1120
5258,F8_01_1_2_Chlorophyll_A_001_phosphate_plate5.tif,68,872.000,768,1088
5259,F8_01_1_2_Chlorophyll_A_001_phosphate_plate5.tif,1,768.000,768,768
5260,F8_01_1_2_Chlorophyll_A_001_phosphate_plate5.tif,1,784.000,784,784
5261,F8_01_1_2_Chlorophyll_A_001_phosphate_plate5.tif,4,856.000,784,944
5262,F8_01_1_2_Chlorophyll_A_001_phosphate_plate5.tif,1,784.000,784,784
5263,F8_01_1_2_Chlorophyll_A_001_phosphate_plate5.tif,5,828.800,768,880
5264,F8_01_1_2_Chlorophyll_A_001_phosphate_plate5.tif,2,792.000,784,800
5265,F8_01_1_2_Chlorophyll_A_001_phosphate_plate5.tif,4,832.000,800,848
5266,F8_01_1_2_Chlorophyll_A_001_phosphate_plate5.tif,2,912.000,800,1024
5267,F8_01_1_2_Chlorophyll_A_001_phosphate_plate5.tif,1,800.000,800,800
5268,F8_01_1_2_Chlorophyll_A_001_phosphate_plate5.tif,1,880.000,880,880
5269,F8_01_1_2_Chlorophyll_A_001_phosphate_plate5.tif,1,928.000,928,928
5270,F8_01_1_2_Chlorophyll_A_001_phosphate_plate5.tif,1,800.000,800,800
5271,F8_01_1_2_Chlorophyll_A_001_phosphate_plate5.tif,2,896.000,816,976
5272,F8_01_1_2_Chlorophyll_A_001_phosphate_plate5.tif,7,836.571,784,896
5273,F8_01_1_2_Chlorophyll_A_001_phosphate_plate5.tif,1,768.000,768,768
5274,F8_01_1_2_Chlorophyll_A_001_phosphate_plate5.tif,1,864.000,864,864
5275,F8_01_1_2_Chlorophyll_A_001_phosphate_plate5.tif,1,912.000,912,912
5276,F8_01_1_2_Chlorophyll_A_001_phosphate_plate5.tif,1,880.000,880,880
5277,F8_01_1_2_Chlorophyll_A_001_phosphate_plate5.tif,1,784.000,784,784
5278,F8_01_1_2_Chlorophyll_A_001_phosphate_plate5.tif,14,857.143,768,1136
5279,F8_01_1_2_Chlorophyll_A_001_phosphate_plate5.tif,3,896.000,768,960
5280,F8_01_1_2_Chlorophyll_A_001_phosphate_plate5.tif,2,800.000,784,816
5281,F8_01_1_2_Chlorophyll_A_001_phosphate_plate5.tif,1,784.000,784,784
5282,F8_01_1_2_Chlorophyll_A_001_phosphate_plate5.tif,1,880.000,880,880
5283,F8_01_1_2_Chlorophyll_A_001_phosphate_plate5.tif,4,784.000,768,816
5284,F8_01_1_2_Chlorophyll_A_001_phosphate_plate5.tif,1,832.000,832,832
5285,F8_01_1_2_Chlorophyll_A_001_phosphate_plate5.tif,2,880.000,768,992
5286,F8_01_1_2_Chlorophyll_A_001_phosphate_plate5.tif,1,912.000,912,912
5287,F8_01_1_2_Chlorophyll_A_001_phosphate_plate5.tif,1,816.000,816,816
5288,F8_01_1_2_Chlorophyll_A_001_phosphate_plate5.tif,1,944.000,944,944
5289,F8_01_1_2_Chlorophyll_A_001_phosphate_plate5.tif,1,800.000,800,800
5290,F8_01_1_2_Chlorophyll_A_001_phosphate_plate5.tif,1,800.000,800,800
5291,F8_01_1_2_Chlorophyll_A_001_phosphate_plate5.tif,1,864.000,864,864
5292,F8_01_1_2_Chlorophyll_A_001_phosphate_plate5.tif,1,800.000,800,800
5293,F8_01_1_2_Chlorophyll_A_001_phosphate_plate5.tif,2,808.000,800,816
5294,F8_01_1_2_Chlorophyll_A_001_phosphate_plate5.tif,1,1040.000,1040,1040
5295,F8_01_1_2_Chlorophyll_A_001_phosphate_plate5.tif,3,826.667,784,880
5296,F8_01_1_2_Chlorophyll_A_001_phosphate_plate5.tif,1,784.000,784,784
5297,F8_01_1_2_Chlorophyll_A_001_phosphate_plate5.tif,1,768.000,768,768
5298,F8_01_1_2_Chlorophyll_A_001_phosphate_plate5.tif,1,800.000,800,800
5299,F8_01_1_2_Chlorophyll_A_001_phosphate_plate5.tif,2,864.000,768,960
5300,F8_01_1_2_Chlorophyll_A_001_phosphate_plate5.tif,1,816.000,816,816
5301,F8_01_1_2_Chlorophyll_A_001_phosphate_plate5.tif,1,864.000,864,864
5302,F8_01_1_2_Chlorophyll_A_001_phosphate_plate5.tif,2,840.000,784,896
5303,F8_01_1_2_Chlorophyll_A_001_phosphate_plate5.tif,1,768.000,768,768
5304,F8_01_1_2_Chlorophyll_A_001_phosphate_plate5.tif,8,806.000,768,880
5305,F8_01_1_2_Chlorophyll_A_001_phosphate_plate5.tif,3,832.000,800,880
5306,F8_01_1_2_Chlorophyll_A_001_phosphate_plate5.tif,1,816.000,816,816
5307,F8_01_1_2_Chlorophyll_A_001_phosphate_plate5.tif,3,864.000,816,896
5308,F8_01_1_2_Chlorophyll_A_001_phosphate_plate5.tif,100,862.240,768,1120
5309,F8_01_1_2_Chlorophyll_A_001_phosphate_plate5.tif,45,884.267,768,1088
5310,F8_01_1_2_Chlorophyll_A_001_phosphate_plate5.tif,2,872.000,848,896
5311,F8_01_1_2_Chlorophyll_A_001_phosphate_plate5.tif,1,864.000,864,864
5312,F8_01_1_2_Chlorophyll_A_001_phosphate_plate5.tif,1,880.000,880,880
5313,F8_01_1_2_Chlorophyll_A_001_phosphate_plate5.tif,1,816.000,816,816
5314,F8_01_1_2_Chlorophyll_A_001_phosphate_plate5.tif,11,839.273,768,912
5315,F8_01_1_2_Chlorophyll_A_001_phosphate_plate5.tif,1,896.000,896,896
5316,F8_01_1_2_Chlorophyll_A_001_phosphate_plate5.tif,1,784.000,784,784
5317,F8_01_1_2_Chlorophyll_A_001_phosphate_plate5.tif,1,800.000,800,800
5318,F8_01_1_2_Chlorophyll_A_001_phosphate_plate5.tif,1,768.000,768,768
5319,F8_01_1_2_Chlorophyll_A_001_phosphate_plate5.tif,4,840.000,784,912
5320,F8_01_1_2_Chlorophyll_A_001_phosphate_plate5.tif,1,864.000,864,864
5321,F8_01_1_2_Chlorophyll_A_001_phosphate_plate5.tif,2,808.000,800,816
5322,F8_01_1_2_Chlorophyll_A_001_phosphate_plate5.tif,2,824.000,784,864
5323,F8_01_1_2_Chlorophyll_A_001_phosphate_plate5.tif,128,2227.875,768,12016
5324,F8_01_1_2_Chlorophyll_A_001_phosphate_plate5.tif,1,864.000,864,864
5325,F8_01_1_2_Chlorophyll_A_001_phosphate_plate5.tif,2,848.000,816,880
5326,F8_01_1_2_Chlorophyll_A_001_phosphate_plate5.tif,2,840.000,800,880
5327,F8_01_1_2_Chlorophyll_A_001_phosphate_plate5.tif,3,864.000,768,928
5328,F8_01_1_2_Chlorophyll_A_001_phosphate_plate5.tif,2,832.000,800,864
5329,F8_01_1_2_Chlorophyll_A_001_phosphate_plate5.tif,1,800.000,800,800
5330,F8_01_1_2_Chlorophyll_A_001_phosphate_plate5.tif,3,789.333,784,800
5331,F8_01_1_2_Chlorophyll_A_001_phosphate_plate5.tif,1,768.000,768,768
5332,F8_01_1_2_Chlorophyll_A_001_phosphate_plate5.tif,1,816.000,816,816
5333,F8_01_1_2_Chlorophyll_A_001_phosphate_plate5.tif,1,800.000,800,800
5334,F8_01_1_2_Chlorophyll_A_001_phosphate_plate5.tif,1,784.000,784,784
5335,F8_01_1_2_Chlorophyll_A_001_phosphate_plate5.tif,1,864.000,864,864
5336,F8_01_1_2_Chlorophyll_A_001_phosphate_plate5.tif,1,800.000,800,800
5337,F8_01_1_2_Chlorophyll_A_001_phosphate_plate5.tif,2,808.000,784,832
5338,F8_01_1_2_Chlorophyll_A_001_phosphate_plate5.tif,1,768.000,768,768
5339,F8_01_1_2_Chlorophyll_A_001_phosphate_plate5.tif,1,800.000,800,800
5340,F8_01_1_2_Chlorophyll_A_001_phosphate_plate5.tif,1,864.000,864,864
5341,F8_01_1_2_Chlorophyll_A_001_phosphate_plate5.tif,1,768.000,768,768
5342,F8_01_1_2_Chlorophyll_A_001_phosphate_plate5.tif,1,768.000,768,768
5343,F8_01_1_2_Chlorophyll_A_001_phosphate_plate5.tif,1,768.000,768,768
5344,F8_01_1_2_Chlorophyll_A_001_phosphate_plate5.tif,1,1008.000,1008,1008
5345,F8_01_1_2_Chlorophyll_A_001_phosphate_plate5.tif,3,837.333,784,928
5346,F8_01_1_2_Chlorophyll_A_001_phosphate_plate5.tif,7,816.000,800,864
5347,F8_01_1_2_Chlorophyll_A_001_phosphate_plate5.tif,5,812.800,768,864
5348,F8_01_1_2_Chlorophyll_A_001_phosphate_plate5.tif,38,891.789,768,1088
5349,F8_01_1_2_Chlorophyll_A_001_phosphate_plate5.tif,1,800.000,800,800
5350,F8_01_1_2_Chlorophyll_A_001_phosphate_plate5.tif,30,876.267,768,1216
5351,F8_01_1_2_Chlorophyll_A_001_phosphate_plate5.tif,48,866.667,768,1296
5352,F8_01_1_2_Chlorophyll_A_001_phosphate_plate5.tif,43,893.767,768,1312
5353,F8_01_1_2_Chlorophyll_A_001_phosphate_plate5.tif,10,851.200,784,944
5354,F8_01_1_2_Chlorophyll_A_001_phosphate_plate5.tif,33,893.091,768,1200
5355,F8_01_1_2_Chlorophyll_A_001_phosphate_plate5.tif,48,878.667,768,1088
5356,F8_01_1_2_Chlorophyll_A_001_phosphate_plate5.tif,7,868.571,768,944
5357,F8_01_1_2_Chlorophyll_A_001_phosphate_plate5.tif,4,780.000,768,800
5358,F8_01_1_2_Chlorophyll_A_001_phosphate_plate5.tif,1,816.000,816,816
5359,F8_01_1_2_Chlorophyll_A_001_phosphate_plate5.tif,4,876.000,784,992
5360,F8_01_1_2_Chlorophyll_A_001_phosphate_plate5.tif,6,818.667,768,880
5361,F8_01_1_2_Chlorophyll_A_001_phosphate_plate5.tif,1,800.000,800,800
5362,F8_01_1_2_Chlorophyll_A_001_phosphate_plate5.tif,4,836.000,768,928
5363,F8_01_1_2_Chlorophyll_A_001_phosphate_plate5.tif,1,784.000,784,784
5364,F8_01_1_2_Chlorophyll_A_001_phosphate_plate5.tif,1,768.000,768,768
5365,F8_01_1_2_Chlorophyll_A_001_phosphate_plate5.tif,1,960.000,960,960
5366,F8_01_1_2_Chlorophyll_A_001_phosphate_plate5.tif,1,880.000,880,880
5367,F8_01_1_2_Chlorophyll_A_001_phosphate_plate5.tif,1,816.000,816,816
5368,F8_01_1_2_Chlorophyll_A_001_phosphate_plate5.tif,1,912.000,912,912
5369,F8_01_1_2_Chlorophyll_A_001_phosphate_plate5.tif,1,944.000,944,944
5370,F8_01_1_2_Chlorophyll_A_001_phosphate_plate5.tif,1,768.000,768,768
5371,F8_01_1_2_Chlorophyll_A_001_phosphate_plate5.tif,2,848.000,832,864
5372,F8_01_1_2_Chlorophyll_A_001_phosphate_plate5.tif,1,768.000,768,768
5373,F8_01_1_2_Chlorophyll_A_001_phosphate_plate5.tif,2,784.000,768,800
5374,F8_01_1_2_Chlorophyll_A_001_phosphate_plate5.tif,3,810.667,784,864
5375,F8_01_1_2_Chlorophyll_A_001_phosphate_plate5.tif,2,776.000,768,784
5376,F8_01_1_2_Chlorophyll_A_001_phosphate_plate5.tif,1,976.000,976,976
5377,F8_01_1_2_Chlorophyll_A_001_phosphate_plate5.tif,2,784.000,784,784
5378,F8_01_1_2_Chlorophyll_A_001_phosphate_plate5.tif,1,800.000,800,800
5379,F8_01_1_2_Chlorophyll_A_001_phosphate_plate5.tif,1,848.000,848,848
5380,F8_01_1_2_Chlorophyll_A_001_phosphate_plate5.tif,1,784.000,784,784
5381,F8_01_1_2_Chlorophyll_A_001_phosphate_plate5.tif,1,848.000,848,848
5382,F8_01_1_2_Chlorophyll_A_001_phosphate_plate5.tif,1,800.000,800,800
5383,F8_01_1_2_Chlorophyll_A_001_phosphate_plate5.tif,1,800.000,800,800
5384,F8_01_1_2_Chlorophyll_A_001_phosphate_plate5.tif,4,892.000,848,928
5385,F8_01_1_2_Chlorophyll_A_001_phosphate_plate5.tif,2,832.000,784,880
5386,F8_01_1_2_Chlorophyll_A_001_phosphate_plate5.tif,1,864.000,864,864
5387,F8_01_1_2_Chlorophyll_A_001_phosphate_plate5.tif,2,816.000,784,848
5388,F8_01_1_2_Chlorophyll_A_001_phosphate_plate5.tif,12,878.667,768,1088
5389,F8_01_1_2_Chlorophyll_A_001_phosphate_plate5.tif,21,897.524,768,1072
5390,F8_01_1_2_Chlorophyll_A_001_phosphate_plate5.tif,32,892.000,768,1136
5391,F8_01_1_2_Chlorophyll_A_001_phosphate_plate5.tif,14,883.429,768,1040
5392,F8_01_1_2_Chlorophyll_A_001_phosphate_plate5.tif,47,870.809,768,1120
5393,F8_01_1_2_Chlorophyll_A_001_phosphate_plate5.tif,1,864.000,864,864
5394,F8_01_1_2_Chlorophyll_A_001_phosphate_plate5.tif,15,834.133,768,1056
5395,F8_01_1_2_Chlorophyll_A_001_phosphate_plate5.tif,2,864.000,864,864
5396,F8_01_1_2_Chlorophyll_A_001_phosphate_plate5.tif,1,816.000,816,816
5397,F8_01_1_2_Chlorophyll_A_001_phosphate_plate5.tif,15,830.933,768,976
5398,F8_01_1_2_Chlorophyll_A_001_phosphate_plate5.tif,1,800.000,800,800
5399,F8_01_1_2_Chlorophyll_A_001_phosphate_plate5.tif,3,842.667,800,896
5400,F8_01_1_2_Chlorophyll_A_001_phosphate_plate5.tif,1,896.000,896,896
5401,F8_01_1_2_Chlorophyll_A_001_phosphate_plate5.tif,5,793.600,768,848
5402,F8_01_1_2_Chlorophyll_A_001_phosphate_plate5.tif,3,816.000,784,880
5403,F8_01_1_2_Chlorophyll_A_001_phosphate_plate5.tif,2,792.000,768,816
5404,F8_01_1_2_Chlorophyll_A_001_phosphate_plate5.tif,1,800.000,800,800
5405,F8_01_1_2_Chlorophyll_A_001_phosphate_plate5.tif,6,800.000,768,832
5406,F8_01_1_2_Chlorophyll_A_001_phosphate_plate5.tif,2,832.000,784,880
5407,F8_01_1_2_Chlorophyll_A_001_phosphate_plate5.tif,5,822.400,768,848
5408,F8_01_1_2_Chlorophyll_A_001_phosphate_plate5.tif,1,800.000,800,800
5409,F8_01_1_2_Chlorophyll_A_001_phosphate_plate5.tif,1,768.000,768,768
5410,F8_01_1_2_Chlorophyll_A_001_phosphate_plate5.tif,1,768.000,768,768
5411,F8_01_1_2_Chlorophyll_A_001_phosphate_plate5.tif,3,805.333,768,864
5412,F8_01_1_2_Chlorophyll_A_001_phosphate_plate5.tif,4,832.000,768,912
5413,F8_01_1_2_Chlorophyll_A_001_phosphate_plate5.tif,3,826.667,784,864
5414,F8_01_1_2_Chlorophyll_A_001_phosphate_plate5.tif,6,797.333,768,832
5415,F8_01_1_2_Chlorophyll_A_001_phosphate_plate5.tif,2,792.000,784,800
5416,F8_01_1_2_Chlorophyll_A_001_phosphate_plate5.tif,2,776.000,768,784
5417,F8_01_1_2_Chlorophyll_A_001_phosphate_plate5.tif,1,784.000,784,784
5418,F8_01_1_2_Chlorophyll_A_001_phosphate_plate5.tif,3,853.333,816,896
5419,F8_01_1_2_Chlorophyll_A_001_phosphate_plate5.tif,1,768.000,768,768
5420,F8_01_1_2_Chlorophyll_A_001_phosphate_plate5.tif,2,792.000,784,800
5421,F8_01_1_2_Chlorophyll_A_001_phosphate_plate5.tif,1,784.000,784,784
5422,F8_01_1_2_Chlorophyll_A_001_phosphate_plate5.tif,3,816.000,768,848
5423,F8_01_1_2_Chlorophyll_A_001_phosphate_plate5.tif,1,768.000,768,768
5424,F8_01_1_2_Chlorophyll_A_001_phosphate_plate5.tif,3,800.000,768,864
5425,F8_01_1_2_Chlorophyll_A_001_phosphate_plate5.tif,1,768.000,768,768
5426,F8_01_1_2_Chlorophyll_A_001_phosphate_plate5.tif,1,800.000,800,800
5427,F8_01_1_2_Chlorophyll_A_001_phosphate_plate5.tif,1,800.000,800,800
5428,F8_01_1_2_Chlorophyll_A_001_phosphate_plate5.tif,2,784.000,784,784
5429,F8_01_1_2_Chlorophyll_A_001_phosphate_plate5.tif,1,816.000,816,816
5430,F8_01_1_2_Chlorophyll_A_001_phosphate_plate5.tif,3,832.000,800,880
5431,F8_01_1_2_Chlorophyll_A_001_phosphate_plate5.tif,2,832.000,784,880
5432,F8_01_1_2_Chlorophyll_A_001_phosphate_plate5.tif,1,1088.000,1088,1088
5433,F8_01_1_2_Chlorophyll_A_001_phosphate_plate5.tif,122,2003.541,768,8416
5434,F8_01_1_2_Chlorophyll_A_001_phosphate_plate5.tif,1,768.000,768,768
5435,F8_01_1_2_Chlorophyll_A_001_phosphate_plate5.tif,3,816.000,768,864
5436,F8_01_1_2_Chlorophyll_A_001_phosphate_plate5.tif,25,855.680,768,1104
5437,F8_01_1_2_Chlorophyll_A_001_phosphate_plate5.tif,2,832.000,816,848
5438,F8_01_1_2_Chlorophyll_A_001_phosphate_plate5.tif,1,784.000,784,784
5439,F8_01_1_2_Chlorophyll_A_001_phosphate_plate5.tif,3,880.000,816,976
5440,F8_01_1_2_Chlorophyll_A_001_phosphate_plate5.tif,79,850.228,768,1072
5441,F8_01_1_2_Chlorophyll_A_001_phosphate_plate5.tif,23,911.304,768,1072
5442,F8_01_1_2_Chlorophyll_A_001_phosphate_plate5.tif,79,900.456,768,1184
5443,F8_01_1_2_Chlorophyll_A_001_phosphate_plate5.tif,46,918.609,768,1232
5444,F8_01_1_2_Chlorophyll_A_001_phosphate_plate5.tif,53,881.811,768,1136
5445,F8_01_1_2_Chlorophyll_A_001_phosphate_plate5.tif,1,784.000,784,784
5446,F8_01_1_2_Chlorophyll_A_001_phosphate_plate5.tif,1,928.000,928,928
5447,F8_01_1_2_Chlorophyll_A_001_phosphate_plate5.tif,8,858.000,768,992
5448,F8_01_1_2_Chlorophyll_A_001_phosphate_plate5.tif,2,808.000,800,816
5449,F8_01_1_2_Chlorophyll_A_001_phosphate_plate5.tif,9,864.000,784,1024
5450,F8_01_1_2_Chlorophyll_A_001_phosphate_plate5.tif,1,800.000,800,800
5451,F8_01_1_2_Chlorophyll_A_001_phosphate_plate5.tif,1,800.000,800,800
5452,F8_01_1_2_Chlorophyll_A_001_phosphate_plate5.tif,1,784.000,784,784
5453,F8_01_1_2_Chlorophyll_A_001_phosphate_plate5.tif,2,864.000,864,864
5454,F8_01_1_2_Chlorophyll_A_001_phosphate_plate5.tif,1,800.000,800,800
5455,F8_01_1_2_Chlorophyll_A_001_phosphate_plate5.tif,1,864.000,864,864
5456,F8_01_1_2_Chlorophyll_A_001_phosphate_plate5.tif,1,784.000,784,784
5457,F8_01_1_2_Chlorophyll_A_001_phosphate_plate5.tif,1,768.000,768,768
5458,F8_01_1_2_Chlorophyll_A_001_phosphate_plate5.tif,2,912.000,800,1024
5459,F8_01_1_2_Chlorophyll_A_001_phosphate_plate5.tif,1,832.000,832,832
5460,F8_01_1_2_Chlorophyll_A_001_phosphate_plate5.tif,1,960.000,960,960
5461,F8_01_1_2_Chlorophyll_A_001_phosphate_plate5.tif,6,858.667,784,1040
5462,F8_01_1_2_Chlorophyll_A_001_phosphate_plate5.tif,3,778.667,768,800
5463,F8_01_1_2_Chlorophyll_A_001_phosphate_plate5.tif,1,800.000,800,800
5464,F8_01_1_2_Chlorophyll_A_001_phosphate_plate5.tif,1,768.000,768,768
5465,F8_01_1_2_Chlorophyll_A_001_phosphate_plate5.tif,1,800.000,800,800
5466,F8_01_1_2_Chlorophyll_A_001_phosphate_plate5.tif,1,848.000,848,848
5467,F8_01_1_2_Chlorophyll_A_001_phosphate_plate5.tif,1,768.000,768,768
5468,F8_01_1_2_Chlorophyll_A_001_phosphate_plate5.tif,1,864.000,864,864
5469,F8_01_1_2_Chlorophyll_A_001_phosphate_plate5.tif,1,896.000,896,896
5470,F8_01_1_2_Chlorophyll_A_001_phosphate_plate5.tif,1,800.000,800,800
5471,F8_01_1_2_Chlorophyll_A_001_phosphate_plate5.tif,1,768.000,768,768
5472,F8_01_1_2_Chlorophyll_A_001_phosphate_plate5.tif,1,784.000,784,784
5473,F8_01_1_2_Chlorophyll_A_001_phosphate_plate5.tif,1,800.000,800,800
5474,F8_01_1_2_Chlorophyll_A_001_phosphate_plate5.tif,1,928.000,928,928
5475,F8_01_1_2_Chlorophyll_A_001_phosphate_plate5.tif,1,768.000,768,768
5476,F8_01_1_2_Chlorophyll_A_001_phosphate_plate5.tif,1,784.000,784,784
5477,F8_01_1_2_Chlorophyll_A_001_phosphate_plate5.tif,1,864.000,864,864
5478,F8_01_1_2_Chlorophyll_A_001_phosphate_plate5.tif,1,784.000,784,784
5479,F8_01_1_2_Chlorophyll_A_001_phosphate_plate5.tif,1,848.000,848,848
5480,F8_01_1_2_Chlorophyll_A_001_phosphate_plate5.tif,1,864.000,864,864
5481,F8_01_1_2_Chlorophyll_A_001_phosphate_plate5.tif,1,784.000,784,784
5482,F8_01_1_2_Chlorophyll_A_001_phosphate_plate5.tif,2,848.000,784,912
5483,F8_01_1_2_Chlorophyll_A_001_phosphate_plate5.tif,2,848.000,800,896
5484,F8_01_1_2_Chlorophyll_A_001_phosphate_plate5.tif,2,880.000,816,944
5485,F8_01_1_2_Chlorophyll_A_001_phosphate_plate5.tif,8,840.000,768,912
5486,F8_01_1_2_Chlorophyll_A_001_phosphate_plate5.tif,1,784.000,784,784
5487,F8_01_1_2_Chlorophyll_A_001_phosphate_plate5.tif,2,888.000,832,944
5488,F8_01_1_2_Chlorophyll_A_001_phosphate_plate5.tif,1,784.000,784,784
5489,F8_01_1_2_Chlorophyll_A_001_phosphate_plate5.tif,5,841.600,768,1008
5490,F8_01_1_2_Chlorophyll_A_001_phosphate_plate5.tif,2,1048.000,848,1248
5491,F8_01_1_2_Chlorophyll_A_001_phosphate_plate5.tif,73,868.164,768,1072
5492,F8_01_1_2_Chlorophyll_A_001_phosphate_plate5.tif,23,857.043,784,1008
5493,F8_01_1_2_Chlorophyll_A_001_phosphate_plate5.tif,6,888.000,784,960
5494,F8_01_1_2_Chlorophyll_A_001_phosphate_plate5.tif,15,834.133,768,960
5495,F8_01_1_2_Chlorophyll_A_001_phosphate_plate5.tif,14,840.000,768,912
5496,F8_01_1_2_Chlorophyll_A_001_phosphate_plate5.tif,1,848.000,848,848
5497,F8_01_1_2_Chlorophyll_A_001_phosphate_plate5.tif,1,1088.000,1088,1088
5498,F8_01_1_2_Chlorophyll_A_001_phosphate_plate5.tif,1,784.000,784,784
5499,F8_01_1_2_Chlorophyll_A_001_phosphate_plate5.tif,4,788.000,768,816
5500,F8_01_1_2_Chlorophyll_A_001_phosphate_plate5.tif,1,816.000,816,816
5501,F8_01_1_2_Chlorophyll_A_001_phosphate_plate5.tif,1,848.000,848,848
5502,F8_01_1_2_Chlorophyll_A_001_phosphate_plate5.tif,2,784.000,784,784
5503,F8_01_1_2_Chlorophyll_A_001_phosphate_plate5.tif,4,824.000,784,896
5504,F8_01_1_2_Chlorophyll_A_001_phosphate_plate5.tif,1,992.000,992,992
5505,F8_01_1_2_Chlorophyll_A_001_phosphate_plate5.tif,2,824.000,768,880
5506,F8_01_1_2_Chlorophyll_A_001_phosphate_plate5.tif,1,784.000,784,784
5507,F8_01_1_2_Chlorophyll_A_001_phosphate_plate5.tif,1,784.000,784,784
5508,F8_01_1_2_Chlorophyll_A_001_phosphate_plate5.tif,1,928.000,928,928
5509,F8_01_1_2_Chlorophyll_A_001_phosphate_plate5.tif,1,800.000,800,800
5510,F8_01_1_2_Chlorophyll_A_001_phosphate_plate5.tif,1,848.000,848,848
5511,F8_01_1_2_Chlorophyll_A_001_phosphate_plate5.tif,2,840.000,800,880
5512,F8_01_1_2_Chlorophyll_A_001_phosphate_plate5.tif,1,832.000,832,832
5513,F8_01_1_2_Chlorophyll_A_001_phosphate_plate5.tif,1,816.000,816,816
5514,F8_01_1_2_Chlorophyll_A_001_phosphate_plate5.tif,3,821.333,768,912
5515,F8_01_1_2_Chlorophyll_A_001_phosphate_plate5.tif,1,800.000,800,800
5516,F8_01_1_2_Chlorophyll_A_001_phosphate_plate5.tif,2,808.000,800,816
5517,F8_01_1_2_Chlorophyll_A_001_phosphate_plate5.tif,1,768.000,768,768
5518,F8_01_1_2_Chlorophyll_A_001_phosphate_plate5.tif,1,896.000,896,896
5519,F8_01_1_2_Chlorophyll_A_001_phosphate_plate5.tif,3,885.333,768,976
5520,F8_01_1_2_Chlorophyll_A_001_phosphate_plate5.tif,1,912.000,912,912
5521,F8_01_1_2_Chlorophyll_A_001_phosphate_plate5.tif,1,848.000,848,848
5522,F8_01_1_2_Chlorophyll_A_001_phosphate_plate5.tif,1,800.000,800,800
5523,F8_01_1_2_Chlorophyll_A_001_phosphate_plate5.tif,5,854.400,784,912
5524,F8_01_1_2_Chlorophyll_A_001_phosphate_plate5.tif,4,924.000,800,1232
5525,F8_01_1_2_Chlorophyll_A_001_phosphate_plate5.tif,1,768.000,768,768
5526,F8_01_1_2_Chlorophyll_A_001_phosphate_plate5.tif,1,816.000,816,816
5527,F8_01_1_2_Chlorophyll_A_001_phosphate_plate5.tif,17,887.529,768,1040
5528,F8_01_1_2_Chlorophyll_A_001_phosphate_plate5.tif,1,800.000,800,800
5529,F8_01_1_2_Chlorophyll_A_001_phosphate_plate5.tif,9,849.778,784,1104
5530,F8_01_1_2_Chlorophyll_A_001_phosphate_plate5.tif,1,880.000,880,880
5531,F8_01_1_2_Chlorophyll_A_001_phosphate_plate5.tif,4,880.000,768,1008
5532,F8_01_1_2_Chlorophyll_A_001_phosphate_plate5.tif,1,928.000,928,928
5533,F8_01_1_2_Chlorophyll_A_001_phosphate_plate5.tif,6,842.667,784,896
5534,F8_01_1_2_Chlorophyll_A_001_phosphate_plate5.tif,2,896.000,816,976
5535,F8_01_1_2_Chlorophyll_A_001_phosphate_plate5.tif,2,944.000,848,1040
5536,F8_01_1_2_Chlorophyll_A_001_phosphate_plate5.tif,1,832.000,832,832
5537,F8_01_1_2_Chlorophyll_A_001_phosphate_plate5.tif,13,839.385,768,1072
5538,F8_01_1_2_Chlorophyll_A_001_phosphate_plate5.tif,1,816.000,816,816
5539,F8_01_1_2_Chlorophyll_A_001_phosphate_plate5.tif,3,826.667,784,880
5540,F8_01_1_2_Chlorophyll_A_001_phosphate_plate5.tif,1,768.000,768,768
5541,F8_01_1_2_Chlorophyll_A_001_phosphate_plate5.tif,3,800.000,784,832
5542,F8_01_1_2_Chlorophyll_A_001_phosphate_plate5.tif,1,896.000,896,896
5543,F8_01_1_2_Chlorophyll_A_001_phosphate_plate5.tif,1,880.000,880,880
5544,F8_01_1_2_Chlorophyll_A_001_phosphate_plate5.tif,1,848.000,848,848
5545,F8_01_1_2_Chlorophyll_A_001_phosphate_plate5.tif,2,832.000,768,896
5546,F8_01_1_2_Chlorophyll_A_001_phosphate_plate5.tif,1,816.000,816,816
5547,F8_01_1_2_Chlorophyll_A_001_phosphate_plate5.tif,1,784.000,784,784
5548,F8_01_1_2_Chlorophyll_A_001_phosphate_plate5.tif,2,792.000,768,816
5549,F8_01_1_2_Chlorophyll_A_001_phosphate_plate5.tif,1,848.000,848,848
5550,F8_01_1_2_Chlorophyll_A_001_phosphate_plate5.tif,1,960.000,960,960
5551,F8_01_1_2_Chlorophyll_A_001_phosphate_plate5.tif,1,816.000,816,816
5552,F8_01_1_2_Chlorophyll_A_001_phosphate_plate5.tif,1,784.000,784,784
5553,F8_01_1_2_Chlorophyll_A_001_phosphate_plate5.tif,1,816.000,816,816
5554,F8_01_1_2_Chlorophyll_A_001_phosphate_plate5.tif,2,808.000,768,848
5555,F8_01_1_2_Chlorophyll_A_001_phosphate_plate5.tif,1,800.000,800,800
5556,F8_01_1_2_Chlorophyll_A_001_phosphate_plate5.tif,1,768.000,768,768
5557,F8_01_1_2_Chlorophyll_A_001_phosphate_plate5.tif,1,784.000,784,784
5558,F8_01_1_2_Chlorophyll_A_001_phosphate_plate5.tif,1,960.000,960,960
5559,F8_01_1_2_Chlorophyll_A_001_phosphate_plate5.tif,1,784.000,784,784
5560,F8_01_1_2_Chlorophyll_A_001_phosphate_plate5.tif,1,848.000,848,848
5561,F8_01_1_2_Chlorophyll_A_001_phosphate_plate5.tif,1,800.000,800,800
5562,F8_01_1_2_Chlorophyll_A_001_phosphate_plate5.tif,3,810.667,768,848
5563,F8_01_1_2_Chlorophyll_A_001_phosphate_plate5.tif,1,800.000,800,800
5564,F8_01_1_2_Chlorophyll_A_001_phosphate_plate5.tif,2,792.000,768,816
5565,F8_01_1_2_Chlorophyll_A_001_phosphate_plate5.tif,1,896.000,896,896
5566,F8_01_1_2_Chlorophyll_A_001_phosphate_plate5.tif,2,792.000,768,816
5567,F8_01_1_2_Chlorophyll_A_001_phosphate_plate5.tif,1,960.000,960,960
5568,F8_01_1_2_Chlorophyll_A_001_phosphate_plate5.tif,2,864.000,800,928
5569,F8_01_1_2_Chlorophyll_A_001_phosphate_plate5.tif,3,800.000,768,816
5570,F8_01_1_2_Chlorophyll_A_001_phosphate_plate5.tif,1,816.000,816,816
5571,F8_01_1_2_Chlorophyll_A_001_phosphate_plate5.tif,15,827.733,768,1024
5572,F8_01_1_2_Chlorophyll_A_001_phosphate_plate5.tif,1,800.000,800,800
5573,F8_01_1_2_Chlorophyll_A_001_phosphate_plate5.tif,1,944.000,944,944
5574,F8_01_1_2_Chlorophyll_A_001_phosphate_plate5.tif,35,881.371,768,1088
5575,F8_01_1_2_Chlorophyll_A_001_phosphate_plate5.tif,32,861.500,768,1056
5576,F8_01_1_2_Chlorophyll_A_001_phosphate_plate5.tif,2,856.000,768,944
5577,F8_01_1_2_Chlorophyll_A_001_phosphate_plate5.tif,6,882.667,768,992
5578,F8_01_1_2_Chlorophyll_A_001_phosphate_plate5.tif,1,880.000,880,880
5579,F8_01_1_2_Chlorophyll_A_001_phosphate_plate5.tif,7,827.429,768,896
5580,F8_01_1_2_Chlorophyll_A_001_phosphate_plate5.tif,1,928.000,928,928
5581,F8_01_1_2_Chlorophyll_A_001_phosphate_plate5.tif,1,880.000,880,880
5582,F8_01_1_2_Chlorophyll_A_001_phosphate_plate5.tif,3,912.000,832,976
5583,F8_01_1_2_Chlorophyll_A_001_phosphate_plate5.tif,2,848.000,816,880
5584,F8_01_1_2_Chlorophyll_A_001_phosphate_plate5.tif,2,800.000,800,800
5585,F8_01_1_2_Chlorophyll_A_001_phosphate_plate5.tif,1,768.000,768,768
5586,F8_01_1_2_Chlorophyll_A_001_phosphate_plate5.tif,3,821.333,800,864
5587,F8_01_1_2_Chlorophyll_A_001_phosphate_plate5.tif,2,904.000,816,992
5588,F8_01_1_2_Chlorophyll_A_001_phosphate_plate5.tif,1,896.000,896,896
5589,F8_01_1_2_Chlorophyll_A_001_phosphate_plate5.tif,1,912.000,912,912
5590,F8_01_1_2_Chlorophyll_A_001_phosphate_plate5.tif,1,944.000,944,944
5591,F8_01_1_2_Chlorophyll_A_001_phosphate_plate5.tif,1,992.000,992,992
5592,F8_01_1_2_Chlorophyll_A_001_phosphate_plate5.tif,2,864.000,816,912
5593,F8_01_1_2_Chlorophyll_A_001_phosphate_plate5.tif,1,768.000,768,768
5594,F8_01_1_2_Chlorophyll_A_001_phosphate_plate5.tif,3,869.333,784,944
5595,F8_01_1_2_Chlorophyll_A_001_phosphate_plate5.tif,5,902.400,784,976
5596,F8_01_1_2_Chlorophyll_A_001_phosphate_plate5.tif,1,832.000,832,832
5597,F8_01_1_2_Chlorophyll_A_001_phosphate_plate5.tif,1,816.000,816,816
5598,F8_01_1_2_Chlorophyll_A_001_phosphate_plate5.tif,1,800.000,800,800
5599,F8_01_1_2_Chlorophyll_A_001_phosphate_plate5.tif,1,816.000,816,816
5600,F8_01_1_2_Chlorophyll_A_001_phosphate_plate5.tif,1,784.000,784,784
5601,F8_01_1_2_Chlorophyll_A_001_phosphate_plate5.tif,1,768.000,768,768
5602,F8_01_1_2_Chlorophyll_A_001_phosphate_plate5.tif,1,848.000,848,848
5603,F8_01_1_2_Chlorophyll_A_001_phosphate_plate5.tif,1,912.000,912,912
5604,F8_01_1_2_Chlorophyll_A_001_phosphate_plate5.tif,1,784.000,784,784
5605,F8_01_1_2_Chlorophyll_A_001_phosphate_plate5.tif,1,768.000,768,768
5606,F8_01_1_2_Chlorophyll_A_001_phosphate_plate5.tif,1,784.000,784,784
5607,F8_01_1_2_Chlorophyll_A_001_phosphate_plate5.tif,1,784.000,784,784
5608,F8_01_1_2_Chlorophyll_A_001_phosphate_plate5.tif,1,800.000,800,800
5609,F8_01_1_2_Chlorophyll_A_001_phosphate_plate5.tif,1,816.000,816,816
5610,F8_01_1_2_Chlorophyll_A_001_phosphate_plate5.tif,2,776.000,768,784
5611,F8_01_1_2_Chlorophyll_A_001_phosphate_plate5.tif,1,768.000,768,768
5612,F8_01_1_2_Chlorophyll_A_001_phosphate_plate5.tif,3,826.667,784,880
5613,F8_01_1_2_Chlorophyll_A_001_phosphate_plate5.tif,1,800.000,800,800
5614,F8_01_1_2_Chlorophyll_A_001_phosphate_plate5.tif,1,880.000,880,880
5615,F8_01_1_2_Chlorophyll_A_001_phosphate_plate5.tif,1,896.000,896,896
5616,F8_01_1_2_Chlorophyll_A_001_phosphate_plate5.tif,2,808.000,800,816
5617,F8_01_1_2_Chlorophyll_A_001_phosphate_plate5.tif,1,896.000,896,896
5618,F8_01_1_2_Chlorophyll_A_001_phosphate_plate5.tif,1,944.000,944,944
5619,F8_01_1_2_Chlorophyll_A_001_phosphate_plate5.tif,2,816.000,784,848
5620,F8_01_1_2_Chlorophyll_A_001_phosphate_plate5.tif,1,912.000,912,912
5621,F8_01_1_2_Chlorophyll_A_001_phosphate_plate5.tif,2,808.000,768,848
5622,F8_01_1_2_Chlorophyll_A_001_phosphate_plate5.tif,1,784.000,784,784
5623,F8_01_1_2_Chlorophyll_A_001_phosphate_plate5.tif,1,816.000,816,816
5624,F8_01_1_2_Chlorophyll_A_001_phosphate_plate5.tif,1,832.000,832,832
5625,F8_01_1_2_Chlorophyll_A_001_phosphate_plate5.tif,3,773.333,768,784
5626,F8_01_1_2_Chlorophyll_A_001_phosphate_plate5.tif,1,896.000,896,896
5627,F8_01_1_2_Chlorophyll_A_001_phosphate_plate5.tif,3,944.000,864,1072
5628,F8_01_1_2_Chlorophyll_A_001_phosphate_plate5.tif,4,836.000,784,944
5629,F8_01_1_2_Chlorophyll_A_001_phosphate_plate5.tif,15,878.933,768,1120
5630,F8_01_1_2_Chlorophyll_A_001_phosphate_plate5.tif,226,853.168,768,1152
5631,F8_01_1_2_Chlorophyll_A_001_phosphate_plate5.tif,36,886.667,768,1152
5632,F8_01_1_2_Chlorophyll_A_001_phosphate_plate5.tif,5,809.600,768,848
5633,F8_01_1_2_Chlorophyll_A_001_phosphate_plate5.tif,5,835.200,784,976
5634,F8_01_1_2_Chlorophyll_A_001_phosphate_plate5.tif,1,800.000,800,800
5635,F8_01_1_2_Chlorophyll_A_001_phosphate_plate5.tif,3,853.333,800,928
5636,F8_01_1_2_Chlorophyll_A_001_phosphate_plate5.tif,1,928.000,928,928
5637,F8_01_1_2_Chlorophyll_A_001_phosphate_plate5.tif,1,944.000,944,944
5638,F8_01_1_2_Chlorophyll_A_001_phosphate_plate5.tif,1,816.000,816,816
5639,F8_01_1_2_Chlorophyll_A_001_phosphate_plate5.tif,3,869.333,768,992
5640,F8_01_1_2_Chlorophyll_A_001_phosphate_plate5.tif,3,885.333,816,976
5641,F8_01_1_2_Chlorophyll_A_001_phosphate_plate5.tif,3,773.333,768,784
5642,F8_01_1_2_Chlorophyll_A_001_phosphate_plate5.tif,2,872.000,800,944
5643,F8_01_1_2_Chlorophyll_A_001_phosphate_plate5.tif,2,824.000,784,864
5644,F8_01_1_2_Chlorophyll_A_001_phosphate_plate5.tif,1,896.000,896,896
5645,F8_01_1_2_Chlorophyll_A_001_phosphate_plate5.tif,1,768.000,768,768
5646,F8_01_1_2_Chlorophyll_A_001_phosphate_plate5.tif,1,768.000,768,768
5647,F8_01_1_2_Chlorophyll_A_001_phosphate_plate5.tif,1,800.000,800,800
5648,F8_01_1_2_Chlorophyll_A_001_phosphate_plate5.tif,3,890.667,848,912
5649,F8_01_1_2_Chlorophyll_A_001_phosphate_plate5.tif,2,888.000,816,960
5650,F8_01_1_2_Chlorophyll_A_001_phosphate_plate5.tif,3,805.333,784,832
5651,F8_01_1_2_Chlorophyll_A_001_phosphate_plate5.tif,1,816.000,816,816
5652,F8_01_1_2_Chlorophyll_A_001_phosphate_plate5.tif,3,848.000,784,912
5653,F8_01_1_2_Chlorophyll_A_001_phosphate_plate5.tif,1,896.000,896,896
5654,F8_01_1_2_Chlorophyll_A_001_phosphate_plate5.tif,3,864.000,816,928
5655,F8_01_1_2_Chlorophyll_A_001_phosphate_plate5.tif,2,800.000,800,800
5656,F8_01_1_2_Chlorophyll_A_001_phosphate_plate5.tif,1,784.000,784,784
5657,F8_01_1_2_Chlorophyll_A_001_phosphate_plate5.tif,1,832.000,832,832
5658,F8_01_1_2_Chlorophyll_A_001_phosphate_plate5.tif,1,784.000,784,784
5659,F8_01_1_2_Chlorophyll_A_001_phosphate_plate5.tif,1,768.000,768,768
5660,F8_01_1_2_Chlorophyll_A_001_phosphate_plate5.tif,1,784.000,784,784
5661,F8_01_1_2_Chlorophyll_A_001_phosphate_plate5.tif,1,816.000,816,816
5662,F8_01_1_2_Chlorophyll_A_001_phosphate_plate5.tif,2,832.000,784,880
5663,F8_01_1_2_Chlorophyll_A_001_phosphate_plate5.tif,1,848.000,848,848
5664,F8_01_1_2_Chlorophyll_A_001_phosphate_plate5.tif,1,960.000,960,960
5665,F8_01_1_2_Chlorophyll_A_001_phosphate_plate5.tif,1,832.000,832,832
5666,F8_01_1_2_Chlorophyll_A_001_phosphate_plate5.tif,1,784.000,784,784
5667,F8_01_1_2_Chlorophyll_A_001_phosphate_plate5.tif,1,832.000,832,832
5668,F8_01_1_2_Chlorophyll_A_001_phosphate_plate5.tif,1,800.000,800,800
5669,F8_01_1_2_Chlorophyll_A_001_phosphate_plate5.tif,1,768.000,768,768
5670,F8_01_1_2_Chlorophyll_A_001_phosphate_plate5.tif,1,784.000,784,784
5671,F8_01_1_2_Chlorophyll_A_001_phosphate_plate5.tif,1,976.000,976,976
5672,F8_01_1_2_Chlorophyll_A_001_phosphate_plate5.tif,2,808.000,784,832
5673,F8_01_1_2_Chlorophyll_A_001_phosphate_plate5.tif,1,864.000,864,864
5674,F8_01_1_2_Chlorophyll_A_001_phosphate_plate5.tif,4,924.000,880,1024
5675,F8_01_1_2_Chlorophyll_A_001_phosphate_plate5.tif,5,870.400,800,944
5676,F8_01_1_2_Chlorophyll_A_001_phosphate_plate5.tif,2,912.000,816,1008
5677,F8_01_1_2_Chlorophyll_A_001_phosphate_plate5.tif,82,890.341,768,1152
5678,F8_01_1_2_Chlorophyll_A_001_phosphate_plate5.tif,2,832.000,816,848
5679,F8_01_1_2_Chlorophyll_A_001_phosphate_plate5.tif,96,873.333,768,1088
5680,F8_01_1_2_Chlorophyll_A_001_phosphate_plate5.tif,3,949.333,848,1152
5681,F8_01_1_2_Chlorophyll_A_001_phosphate_plate5.tif,19,848.842,768,1024
5682,F8_01_1_2_Chlorophyll_A_001_phosphate_plate5.tif,1,848.000,848,848
5683,F8_01_1_2_Chlorophyll_A_001_phosphate_plate5.tif,2,832.000,784,880
5684,F8_01_1_2_Chlorophyll_A_001_phosphate_plate5.tif,5,883.200,784,1008
5685,F8_01_1_2_Chlorophyll_A_001_phosphate_plate5.tif,5,790.400,768,816
5686,F8_01_1_2_Chlorophyll_A_001_phosphate_plate5.tif,3,826.667,768,896
5687,F8_01_1_2_Chlorophyll_A_001_phosphate_plate5.tif,1,848.000,848,848
5688,F8_01_1_2_Chlorophyll_A_001_phosphate_plate5.tif,9,860.444,800,928
5689,F8_01_1_2_Chlorophyll_A_001_phosphate_plate5.tif,9,853.333,768,928
5690,F8_01_1_2_Chlorophyll_A_001_phosphate_plate5.tif,2,824.000,784,864
5691,F8_01_1_2_Chlorophyll_A_001_phosphate_plate5.tif,1,896.000,896,896
5692,F8_01_1_2_Chlorophyll_A_001_phosphate_plate5.tif,1,896.000,896,896
5693,F8_01_1_2_Chlorophyll_A_001_phosphate_plate5.tif,2,832.000,800,864
5694,F8_01_1_2_Chlorophyll_A_001_phosphate_plate5.tif,1,800.000,800,800
5695,F8_01_1_2_Chlorophyll_A_001_phosphate_plate5.tif,1,832.000,832,832
5696,F8_01_1_2_Chlorophyll_A_001_phosphate_plate5.tif,4,924.000,832,1056
5697,F8_01_1_2_Chlorophyll_A_001_phosphate_plate5.tif,2,792.000,768,816
5698,F8_01_1_2_Chlorophyll_A_001_phosphate_plate5.tif,1,784.000,784,784
5699,F8_01_1_2_Chlorophyll_A_001_phosphate_plate5.tif,2,824.000,800,848
5700,F8_01_1_2_Chlorophyll_A_001_phosphate_plate5.tif,1,800.000,800,800
5701,F8_01_1_2_Chlorophyll_A_001_phosphate_plate5.tif,1,816.000,816,816
5702,F8_01_1_2_Chlorophyll_A_001_phosphate_plate5.tif,4,792.000,768,848
5703,F8_01_1_2_Chlorophyll_A_001_phosphate_plate5.tif,1,896.000,896,896
5704,F8_01_1_2_Chlorophyll_A_001_phosphate_plate5.tif,1,784.000,784,784
5705,F8_01_1_2_Chlorophyll_A_001_phosphate_plate5.tif,2,800.000,784,816
5706,F8_01_1_2_Chlorophyll_A_001_phosphate_plate5.tif,1,832.000,832,832
5707,F8_01_1_2_Chlorophyll_A_001_phosphate_plate5.tif,3,858.667,800,960
5708,F8_01_1_2_Chlorophyll_A_001_phosphate_plate5.tif,1,768.000,768,768
5709,F8_01_1_2_Chlorophyll_A_001_phosphate_plate5.tif,3,784.000,768,800
5710,F8_01_1_2_Chlorophyll_A_001_phosphate_plate5.tif,1,784.000,784,784
5711,F8_01_1_2_Chlorophyll_A_001_phosphate_plate5.tif,1,768.000,768,768
5712,F8_01_1_2_Chlorophyll_A_001_phosphate_plate5.tif,1,800.000,800,800
5713,F8_01_1_2_Chlorophyll_A_001_phosphate_plate5.tif,1,768.000,768,768
5714,F8_01_1_2_Chlorophyll_A_001_phosphate_plate5.tif,3,858.667,800,976
5715,F8_01_1_2_Chlorophyll_A_001_phosphate_plate5.tif,1,784.000,784,784
5716,F8_01_1_2_Chlorophyll_A_001_phosphate_plate5.tif,1,800.000,800,800
5717,F8_01_1_2_Chlorophyll_A_001_phosphate_plate5.tif,2,824.000,816,832
5718,F8_01_1_2_Chlorophyll_A_001_phosphate_plate5.tif,1,832.000,832,832
5719,F8_01_1_2_Chlorophyll_A_001_phosphate_plate5.tif,1,944.000,944,944
5720,F8_01_1_2_Chlorophyll_A_001_phosphate_plate5.tif,1,800.000,800,800
5721,F8_01_1_2_Chlorophyll_A_001_phosphate_plate5.tif,2,920.000,800,1040
5722,F8_01_1_2_Chlorophyll_A_001_phosphate_plate5.tif,2,912.000,880,944
5723,F8_01_1_2_Chlorophyll_A_001_phosphate_plate5.tif,5,947.200,864,1024
5724,F8_01_1_2_Chlorophyll_A_001_phosphate_plate5.tif,8,902.000,768,1088
5725,F8_01_1_2_Chlorophyll_A_001_phosphate_plate5.tif,84,872.381,768,1088
5726,F8_01_1_2_Chlorophyll_A_001_phosphate_plate5.tif,22,882.909,768,1056
5727,F8_01_1_2_Chlorophyll_A_001_phosphate_plate5.tif,65,914.215,768,1200
5728,F8_01_1_2_Chlorophyll_A_001_phosphate_plate5.tif,72,871.333,768,1136
5729,F8_01_1_2_Chlorophyll_A_001_phosphate_plate5.tif,30,847.467,768,1040
5730,F8_01_1_2_Chlorophyll_A_001_phosphate_plate5.tif,65,879.015,768,1104
5731,F8_01_1_2_Chlorophyll_A_001_phosphate_plate5.tif,42,852.571,768,1120
5732,F8_01_1_2_Chlorophyll_A_001_phosphate_plate5.tif,87,878.345,768,1104
5733,F8_01_1_2_Chlorophyll_A_001_phosphate_plate5.tif,6,842.667,768,1008
5734,F8_01_1_2_Chlorophyll_A_001_phosphate_plate5.tif,1,768.000,768,768
5735,F8_01_1_2_Chlorophyll_A_001_phosphate_plate5.tif,1,880.000,880,880
5736,F8_01_1_2_Chlorophyll_A_001_phosphate_plate5.tif,3,848.000,784,896
5737,F8_01_1_2_Chlorophyll_A_001_phosphate_plate5.tif,2,856.000,816,896
5738,F8_01_1_2_Chlorophyll_A_001_phosphate_plate5.tif,1,960.000,960,960
5739,F8_01_1_2_Chlorophyll_A_001_phosphate_plate5.tif,1,816.000,816,816
5740,F8_01_1_2_Chlorophyll_A_001_phosphate_plate5.tif,3,917.333,784,1120
5741,F8_01_1_2_Chlorophyll_A_001_phosphate_plate5.tif,2,768.000,768,768
5742,F8_01_1_2_Chlorophyll_A_001_phosphate_plate5.tif,3,842.667,800,880
5743,F8_01_1_2_Chlorophyll_A_001_phosphate_plate5.tif,1,848.000,848,848
5744,F8_01_1_2_Chlorophyll_A_001_phosphate_plate5.tif,3,858.667,784,928
5745,F8_01_1_2_Chlorophyll_A_001_phosphate_plate5.tif,1,784.000,784,784
5746,F8_01_1_2_Chlorophyll_A_001_phosphate_plate5.tif,6,834.667,768,896
5747,F8_01_1_2_Chlorophyll_A_001_phosphate_plate5.tif,2,864.000,816,912
5748,F8_01_1_2_Chlorophyll_A_001_phosphate_plate5.tif,1,832.000,832,832
5749,F8_01_1_2_Chlorophyll_A_001_phosphate_plate5.tif,1,832.000,832,832
5750,F8_01_1_2_Chlorophyll_A_001_phosphate_plate5.tif,2,768.000,768,768
5751,F8_01_1_2_Chlorophyll_A_001_phosphate_plate5.tif,7,852.571,784,928
5752,F8_01_1_2_Chlorophyll_A_001_phosphate_plate5.tif,2,792.000,768,816
5753,F8_01_1_2_Chlorophyll_A_001_phosphate_plate5.tif,1,816.000,816,816
5754,F8_01_1_2_Chlorophyll_A_001_phosphate_plate5.tif,1,800.000,800,800
5755,F8_01_1_2_Chlorophyll_A_001_phosphate_plate5.tif,1,896.000,896,896
5756,F8_01_1_2_Chlorophyll_A_001_phosphate_plate5.tif,1,864.000,864,864
5757,F8_01_1_2_Chlorophyll_A_001_phosphate_plate5.tif,1,800.000,800,800
5758,F8_01_1_2_Chlorophyll_A_001_phosphate_plate5.tif,1,992.000,992,992
5759,F8_01_1_2_Chlorophyll_A_001_phosphate_plate5.tif,1,768.000,768,768
5760,F8_01_1_2_Chlorophyll_A_001_phosphate_plate5.tif,1,864.000,864,864
5761,F8_01_1_2_Chlorophyll_A_001_phosphate_plate5.tif,1,864.000,864,864
5762,F8_01_1_2_Chlorophyll_A_001_phosphate_plate5.tif,1,848.000,848,848
5763,F8_01_1_2_Chlorophyll_A_001_phosphate_plate5.tif,2,840.000,800,880
5764,F8_01_1_2_Chlorophyll_A_001_phosphate_plate5.tif,1,768.000,768,768
5765,F8_01_1_2_Chlorophyll_A_001_phosphate_plate5.tif,2,776.000,768,784
5766,F8_01_1_2_Chlorophyll_A_001_phosphate_plate5.tif,1,848.000,848,848
5767,F8_01_1_2_Chlorophyll_A_001_phosphate_plate5.tif,1,832.000,832,832
5768,F8_01_1_2_Chlorophyll_A_001_phosphate_plate5.tif,1,880.000,880,880
5769,F8_01_1_2_Chlorophyll_A_001_phosphate_plate5.tif,1,800.000,800,800
5770,F8_01_1_2_Chlorophyll_A_001_phosphate_plate5.tif,3,880.000,816,944
5771,F8_01_1_2_Chlorophyll_A_001_phosphate_plate5.tif,1,880.000,880,880
5772,F8_01_1_2_Chlorophyll_A_001_phosphate_plate5.tif,1,960.000,960,960
5773,F8_01_1_2_Chlorophyll_A_001_phosphate_plate5.tif,1,880.000,880,880
5774,F8_01_1_2_Chlorophyll_A_001_phosphate_plate5.tif,1,768.000,768,768
5775,F8_01_1_2_Chlorophyll_A_001_phosphate_plate5.tif,1,800.000,800,800
5776,F8_01_1_2_Chlorophyll_A_001_phosphate_plate5.tif,4,800.000,784,816
5777,F8_01_1_2_Chlorophyll_A_001_phosphate_plate5.tif,3,805.333,768,832
5778,F8_01_1_2_Chlorophyll_A_001_phosphate_plate5.tif,73,860.493,768,1120
5779,F8_01_1_2_Chlorophyll_A_001_phosphate_plate5.tif,3,821.333,784,880
5780,F8_01_1_2_Chlorophyll_A_001_phosphate_plate5.tif,2,976.000,976,976
5781,F8_01_1_2_Chlorophyll_A_001_phosphate_plate5.tif,3,853.333,784,976
5782,F8_01_1_2_Chlorophyll_A_001_phosphate_plate5.tif,4,836.000,784,976
5783,F8_01_1_2_Chlorophyll_A_001_phosphate_plate5.tif,1,800.000,800,800
5784,F8_01_1_2_Chlorophyll_A_001_phosphate_plate5.tif,2,776.000,768,784
5785,F8_01_1_2_Chlorophyll_A_001_phosphate_plate5.tif,24,844.000,768,960
5786,F8_01_1_2_Chlorophyll_A_001_phosphate_plate5.tif,2,808.000,784,832
5787,F8_01_1_2_Chlorophyll_A_001_phosphate_plate5.tif,4,860.000,768,960
5788,F8_01_1_2_Chlorophyll_A_001_phosphate_plate5.tif,1,832.000,832,832
5789,F8_01_1_2_Chlorophyll_A_001_phosphate_plate5.tif,5,848.000,768,928
5790,F8_01_1_2_Chlorophyll_A_001_phosphate_plate5.tif,1,864.000,864,864
5791,F8_01_1_2_Chlorophyll_A_001_phosphate_plate5.tif,1,864.000,864,864
5792,F8_01_1_2_Chlorophyll_A_001_phosphate_plate5.tif,9,851.556,768,976
5793,F8_01_1_2_Chlorophyll_A_001_phosphate_plate5.tif,1,768.000,768,768
5794,F8_01_1_2_Chlorophyll_A_001_phosphate_plate5.tif,4,864.000,800,992
5795,F8_01_1_2_Chlorophyll_A_001_phosphate_plate5.tif,2,792.000,784,800
5796,F8_01_1_2_Chlorophyll_A_001_phosphate_plate5.tif,1,768.000,768,768
5797,F8_01_1_2_Chlorophyll_A_001_phosphate_plate5.tif,2,1024.000,1024,1024
5798,F8_01_1_2_Chlorophyll_A_001_phosphate_plate5.tif,1,800.000,800,800
5799,F8_01_1_2_Chlorophyll_A_001_phosphate_plate5.tif,1,880.000,880,880
5800,F8_01_1_2_Chlorophyll_A_001_phosphate_plate5.tif,1,864.000,864,864
5801,F8_01_1_2_Chlorophyll_A_001_phosphate_plate5.tif,1,832.000,832,832
5802,F8_01_1_2_Chlorophyll_A_001_phosphate_plate5.tif,1,768.000,768,768
5803,F8_01_1_2_Chlorophyll_A_001_phosphate_plate5.tif,2,840.000,800,880
5804,F8_01_1_2_Chlorophyll_A_001_phosphate_plate5.tif,1,784.000,784,784
5805,F8_01_1_2_Chlorophyll_A_001_phosphate_plate5.tif,1,816.000,816,816
5806,F8_01_1_2_Chlorophyll_A_001_phosphate_plate5.tif,1,848.000,848,848
5807,F8_01_1_2_Chlorophyll_A_001_phosphate_plate5.tif,1,768.000,768,768
5808,F8_01_1_2_Chlorophyll_A_001_phosphate_plate5.tif,1,768.000,768,768
5809,F8_01_1_2_Chlorophyll_A_001_phosphate_plate5.tif,1,768.000,768,768
5810,F8_01_1_2_Chlorophyll_A_001_phosphate_plate5.tif,1,800.000,800,800
5811,F8_01_1_2_Chlorophyll_A_001_phosphate_plate5.tif,1,816.000,816,816
5812,F8_01_1_2_Chlorophyll_A_001_phosphate_plate5.tif,2,776.000,768,784
5813,F8_01_1_2_Chlorophyll_A_001_phosphate_plate5.tif,1,800.000,800,800
5814,F8_01_1_2_Chlorophyll_A_001_phosphate_plate5.tif,2,808.000,800,816
5815,F8_01_1_2_Chlorophyll_A_001_phosphate_plate5.tif,2,824.000,768,880
5816,F8_01_1_2_Chlorophyll_A_001_phosphate_plate5.tif,1,848.000,848,848
5817,F8_01_1_2_Chlorophyll_A_001_phosphate_plate5.tif,1,944.000,944,944
5818,F8_01_1_2_Chlorophyll_A_001_phosphate_plate5.tif,4,800.000,784,832
5819,F8_01_1_2_Chlorophyll_A_001_phosphate_plate5.tif,2,832.000,832,832
5820,F8_01_1_2_Chlorophyll_A_001_phosphate_plate5.tif,1,896.000,896,896
5821,F8_01_1_2_Chlorophyll_A_001_phosphate_plate5.tif,1,800.000,800,800
5822,F8_01_1_2_Chlorophyll_A_001_phosphate_plate5.tif,3,848.000,800,896
5823,F8_01_1_2_Chlorophyll_A_001_phosphate_plate5.tif,1,768.000,768,768
5824,F8_01_1_2_Chlorophyll_A_001_phosphate_plate5.tif,4,788.000,768,832
5825,F8_01_1_2_Chlorophyll_A_001_phosphate_plate5.tif,1,784.000,784,784
5826,F8_01_1_2_Chlorophyll_A_001_phosphate_plate5.tif,30,888.000,768,1104
5827,F8_01_1_2_Chlorophyll_A_001_phosphate_plate5.tif,46,878.609,768,1072
5828,F8_01_1_2_Chlorophyll_A_001_phosphate_plate5.tif,28,897.714,768,1056
5829,F8_01_1_2_Chlorophyll_A_001_phosphate_plate5.tif,53,890.566,768,1152
5830,F8_01_1_2_Chlorophyll_A_001_phosphate_plate5.tif,38,911.158,768,1136
5831,F8_01_1_2_Chlorophyll_A_001_phosphate_plate5.tif,1,928.000,928,928
5832,F8_01_1_2_Chlorophyll_A_001_phosphate_plate5.tif,29,869.517,768,1152
5833,F8_01_1_2_Chlorophyll_A_001_phosphate_plate5.tif,4,876.000,848,928
5834,F8_01_1_2_Chlorophyll_A_001_phosphate_plate5.tif,3,826.667,784,880
5835,F8_01_1_2_Chlorophyll_A_001_phosphate_plate5.tif,8,860.000,768,1040
5836,F8_01_1_2_Chlorophyll_A_001_phosphate_plate5.tif,2,928.000,896,960
5837,F8_01_1_2_Chlorophyll_A_001_phosphate_plate5.tif,1,800.000,800,800
5838,F8_01_1_2_Chlorophyll_A_001_phosphate_plate5.tif,11,817.455,768,976
5839,F8_01_1_2_Chlorophyll_A_001_phosphate_plate5.tif,188,2615.830,768,17008
5840,F8_01_1_2_Chlorophyll_A_001_phosphate_plate5.tif,4,900.000,784,960
5841,F8_01_1_2_Chlorophyll_A_001_phosphate_plate5.tif,1,912.000,912,912
5842,F8_01_1_2_Chlorophyll_A_001_phosphate_plate5.tif,1,816.000,816,816
5843,F8_01_1_2_Chlorophyll_A_001_phosphate_plate5.tif,7,820.571,768,880
5844,F8_01_1_2_Chlorophyll_A_001_phosphate_plate5.tif,8,864.000,784,1024
5845,F8_01_1_2_Chlorophyll_A_001_phosphate_plate5.tif,1,768.000,768,768
5846,F8_01_1_2_Chlorophyll_A_001_phosphate_plate5.tif,3,778.667,768,800
5847,F8_01_1_2_Chlorophyll_A_001_phosphate_plate5.tif,3,858.667,784,928
5848,F8_01_1_2_Chlorophyll_A_001_phosphate_plate5.tif,8,822.000,768,896
5849,F8_01_1_2_Chlorophyll_A_001_phosphate_plate5.tif,2,912.000,768,1056
5850,F8_01_1_2_Chlorophyll_A_001_phosphate_plate5.tif,1,768.000,768,768
5851,F8_01_1_2_Chlorophyll_A_001_phosphate_plate5.tif,2,792.000,784,800
5852,F8_01_1_2_Chlorophyll_A_001_phosphate_plate5.tif,1,800.000,800,800
5853,F8_01_1_2_Chlorophyll_A_001_phosphate_plate5.tif,2,848.000,784,912
5854,F8_01_1_2_Chlorophyll_A_001_phosphate_plate5.tif,2,840.000,800,880
5855,F8_01_1_2_Chlorophyll_A_001_phosphate_plate5.tif,1,848.000,848,848
5856,F8_01_1_2_Chlorophyll_A_001_phosphate_plate5.tif,1,832.000,832,832
5857,F8_01_1_2_Chlorophyll_A_001_phosphate_plate5.tif,4,816.000,768,864
5858,F8_01_1_2_Chlorophyll_A_001_phosphate_plate5.tif,1,832.000,832,832
5859,F8_01_1_2_Chlorophyll_A_001_phosphate_plate5.tif,1,800.000,800,800
5860,F8_01_1_2_Chlorophyll_A_001_phosphate_plate5.tif,1,832.000,832,832
5861,F8_01_1_2_Chlorophyll_A_001_phosphate_plate5.tif,2,808.000,768,848
5862,F8_01_1_2_Chlorophyll_A_001_phosphate_plate5.tif,1,784.000,784,784
5863,F8_01_1_2_Chlorophyll_A_001_phosphate_plate5.tif,1,832.000,832,832
5864,F8_01_1_2_Chlorophyll_A_001_phosphate_plate5.tif,3,901.333,784,976
5865,F8_01_1_2_Chlorophyll_A_001_phosphate_plate5.tif,23,878.609,768,1136
5866,F8_01_1_2_Chlorophyll_A_001_phosphate_plate5.tif,1,880.000,880,880
5867,F8_01_1_2_Chlorophyll_A_001_phosphate_plate5.tif,87,888.276,768,1152
5868,F8_01_1_2_Chlorophyll_A_001_phosphate_plate5.tif,1,944.000,944,944
5869,F8_01_1_2_Chlorophyll_A_001_phosphate_plate5.tif,60,880.800,768,1072
5870,F8_01_1_2_Chlorophyll_A_001_phosphate_plate5.tif,2,832.000,784,880
5871,F8_01_1_2_Chlorophyll_A_001_phosphate_plate5.tif,7,816.000,768,896
5872,F8_01_1_2_Chlorophyll_A_001_phosphate_plate5.tif,1,816.000,816,816
5873,F8_01_1_2_Chlorophyll_A_001_phosphate_plate5.tif,2,872.000,832,912
5874,F8_01_1_2_Chlorophyll_A_001_phosphate_plate5.tif,1,944.000,944,944
5875,F8_01_1_2_Chlorophyll_A_001_phosphate_plate5.tif,26,872.000,768,1136
5876,F8_01_1_2_Chlorophyll_A_001_phosphate_plate5.tif,2,840.000,784,896
5877,F8_01_1_2_Chlorophyll_A_001_phosphate_plate5.tif,1,784.000,784,784
5878,F8_01_1_2_Chlorophyll_A_001_phosphate_plate5.tif,3,826.667,768,864
5879,F8_01_1_2_Chlorophyll_A_001_phosphate_plate5.tif,1,864.000,864,864
5880,F8_01_1_2_Chlorophyll_A_001_phosphate_plate5.tif,2,800.000,784,816
5881,F8_01_1_2_Chlorophyll_A_001_phosphate_plate5.tif,1,784.000,784,784
5882,F8_01_1_2_Chlorophyll_A_001_phosphate_plate5.tif,4,836.000,768,928
5883,F8_01_1_2_Chlorophyll_A_001_phosphate_plate5.tif,8,836.000,768,928
5884,F8_01_1_2_Chlorophyll_A_001_phosphate_plate5.tif,9,828.444,768,992
5885,F8_01_1_2_Chlorophyll_A_001_phosphate_plate5.tif,2,832.000,784,880
5886,F8_01_1_2_Chlorophyll_A_001_phosphate_plate5.tif,1,800.000,800,800
5887,F8_01_1_2_Chlorophyll_A_001_phosphate_plate5.tif,2,792.000,784,800
5888,F8_01_1_2_Chlorophyll_A_001_phosphate_plate5.tif,3,826.667,784,880
5889,F8_01_1_2_Chlorophyll_A_001_phosphate_plate5.tif,2,768.000,768,768
5890,F8_01_1_2_Chlorophyll_A_001_phosphate_plate5.tif,3,858.667,784,1008
5891,F8_01_1_2_Chlorophyll_A_001_phosphate_plate5.tif,1,816.000,816,816
5892,F8_01_1_2_Chlorophyll_A_001_phosphate_plate5.tif,3,805.333,784,832
5893,F8_01_1_2_Chlorophyll_A_001_phosphate_plate5.tif,1,800.000,800,800
5894,F8_01_1_2_Chlorophyll_A_001_phosphate_plate5.tif,2,792.000,768,816
5895,F8_01_1_2_Chlorophyll_A_001_phosphate_plate5.tif,1,944.000,944,944
5896,F8_01_1_2_Chlorophyll_A_001_phosphate_plate5.tif,3,816.000,768,864
5897,F8_01_1_2_Chlorophyll_A_001_phosphate_plate5.tif,1,944.000,944,944
5898,F8_01_1_2_Chlorophyll_A_001_phosphate_plate5.tif,2,840.000,816,864
5899,F8_01_1_2_Chlorophyll_A_001_phosphate_plate5.tif,1,912.000,912,912
5900,F8_01_1_2_Chlorophyll_A_001_phosphate_plate5.tif,2,872.000,800,944
5901,F8_01_1_2_Chlorophyll_A_001_phosphate_plate5.tif,1,768.000,768,768
5902,F8_01_1_2_Chlorophyll_A_001_phosphate_plate5.tif,1,816.000,816,816
5903,F8_01_1_2_Chlorophyll_A_001_phosphate_plate5.tif,4,836.000,784,880
5904,F8_01_1_2_Chlorophyll_A_001_phosphate_plate5.tif,1,944.000,944,944
5905,F8_01_1_2_Chlorophyll_A_001_phosphate_plate5.tif,1,768.000,768,768
5906,F8_01_1_2_Chlorophyll_A_001_phosphate_plate5.tif,1,784.000,784,784
5907,F8_01_1_2_Chlorophyll_A_001_phosphate_plate5.tif,3,816.000,800,832
5908,F8_01_1_2_Chlorophyll_A_001_phosphate_plate5.tif,1,800.000,800,800
5909,F8_01_1_2_Chlorophyll_A_001_phosphate_plate5.tif,3,864.000,816,928
5910,F8_01_1_2_Chlorophyll_A_001_phosphate_plate5.tif,1,800.000,800,800
5911,F8_01_1_2_Chlorophyll_A_001_phosphate_plate5.tif,2,784.000,768,800
5912,F8_01_1_2_Chlorophyll_A_001_phosphate_plate5.tif,1,832.000,832,832
5913,F8_01_1_2_Chlorophyll_A_001_phosphate_plate5.tif,1,960.000,960,960
5914,F8_01_1_2_Chlorophyll_A_001_phosphate_plate5.tif,1,784.000,784,784
5915,F8_01_1_2_Chlorophyll_A_001_phosphate_plate5.tif,1,832.000,832,832
5916,F8_01_1_2_Chlorophyll_A_001_phosphate_plate5.tif,3,805.333,800,816
5917,F8_01_1_2_Chlorophyll_A_001_phosphate_plate5.tif,1,896.000,896,896
5918,F8_01_1_2_Chlorophyll_A_001_phosphate_plate5.tif,1,816.000,816,816
5919,F8_01_1_2_Chlorophyll_A_001_phosphate_plate5.tif,2,768.000,768,768
5920,F8_01_1_2_Chlorophyll_A_001_phosphate_plate5.tif,1,848.000,848,848
5921,F8_01_1_2_Chlorophyll_A_001_phosphate_plate5.tif,1,768.000,768,768
5922,F8_01_1_2_Chlorophyll_A_001_phosphate_plate5.tif,2,840.000,784,896
5923,F8_01_1_2_Chlorophyll_A_001_phosphate_plate5.tif,3,848.000,768,960
5924,F8_01_1_2_Chlorophyll_A_001_phosphate_plate5.tif,8,856.000,768,992
5925,F8_01_1_2_Chlorophyll_A_001_phosphate_plate5.tif,1,896.000,896,896
5926,F8_01_1_2_Chlorophyll_A_001_phosphate_plate5.tif,3,896.000,800,1072
5927,F8_01_1_2_Chlorophyll_A_001_phosphate_plate5.tif,1,848.000,848,848
5928,F8_01_1_2_Chlorophyll_A_001_phosphate_plate5.tif,2,816.000,784,848
5929,F8_01_1_2_Chlorophyll_A_001_phosphate_plate5.tif,1,848.000,848,848
5930,F8_01_1_2_Chlorophyll_A_001_phosphate_plate5.tif,193,1916.850,768,15088
5931,F8_01_1_2_Chlorophyll_A_001_phosphate_plate5.tif,9,896.000,768,1040
5932,F8_01_1_2_Chlorophyll_A_001_phosphate_plate5.tif,26,899.077,768,1168
5933,F8_01_1_2_Chlorophyll_A_001_phosphate_plate5.tif,50,886.080,768,1072
5934,F8_01_1_2_Chlorophyll_A_001_phosphate_plate5.tif,1,784.000,784,784
5935,F8_01_1_2_Chlorophyll_A_001_phosphate_plate5.tif,5,848.000,768,944
5936,F8_01_1_2_Chlorophyll_A_001_phosphate_plate5.tif,2,936.000,816,1056
5937,F8_01_1_2_Chlorophyll_A_001_phosphate_plate5.tif,2,824.000,768,880
5938,F8_01_1_2_Chlorophyll_A_001_phosphate_plate5.tif,1,880.000,880,880
5939,F8_01_1_2_Chlorophyll_A_001_phosphate_plate5.tif,3,874.667,848,912
5940,F8_01_1_2_Chlorophyll_A_001_phosphate_plate5.tif,1,816.000,816,816
5941,F8_01_1_2_Chlorophyll_A_001_phosphate_plate5.tif,10,920.000,768,1152
5942,F8_01_1_2_Chlorophyll_A_001_phosphate_plate5.tif,3,837.333,784,880
5943,F8_01_1_2_Chlorophyll_A_001_phosphate_plate5.tif,183,2382.077,768,22064
5944,F8_01_1_2_Chlorophyll_A_001_phosphate_plate5.tif,4,832.000,768,928
5945,F8_01_1_2_Chlorophyll_A_001_phosphate_plate5.tif,3,800.000,784,816
5946,F8_01_1_2_Chlorophyll_A_001_phosphate_plate5.tif,1,864.000,864,864
5947,F8_01_1_2_Chlorophyll_A_001_phosphate_plate5.tif,1,816.000,816,816
5948,F8_01_1_2_Chlorophyll_A_001_phosphate_plate5.tif,1,800.000,800,800
5949,F8_01_1_2_Chlorophyll_A_001_phosphate_plate5.tif,1,784.000,784,784
5950,F8_01_1_2_Chlorophyll_A_001_phosphate_plate5.tif,1,768.000,768,768
5951,F8_01_1_2_Chlorophyll_A_001_phosphate_plate5.tif,1,928.000,928,928
5952,F8_01_1_2_Chlorophyll_A_001_phosphate_plate5.tif,7,850.286,768,944
5953,F8_01_1_2_Chlorophyll_A_001_phosphate_plate5.tif,1,816.000,816,816
5954,F8_01_1_2_Chlorophyll_A_001_phosphate_plate5.tif,2,800.000,768,832
5955,F8_01_1_2_Chlorophyll_A_001_phosphate_plate5.tif,1,864.000,864,864
5956,F8_01_1_2_Chlorophyll_A_001_phosphate_plate5.tif,2,824.000,784,864
5957,F8_01_1_2_Chlorophyll_A_001_phosphate_plate5.tif,1,832.000,832,832
5958,F8_01_1_2_Chlorophyll_A_001_phosphate_plate5.tif,1,768.000,768,768
5959,F8_01_1_2_Chlorophyll_A_001_phosphate_plate5.tif,1,816.000,816,816
5960,F8_01_1_2_Chlorophyll_A_001_phosphate_plate5.tif,1,848.000,848,848
5961,F8_01_1_2_Chlorophyll_A_001_phosphate_plate5.tif,1,912.000,912,912
5962,F8_01_1_2_Chlorophyll_A_001_phosphate_plate5.tif,4,832.000,768,944
5963,F8_01_1_2_Chlorophyll_A_001_phosphate_plate5.tif,2,872.000,816,928
5964,F8_01_1_2_Chlorophyll_A_001_phosphate_plate5.tif,1,832.000,832,832
5965,F8_01_1_2_Chlorophyll_A_001_phosphate_plate5.tif,1,768.000,768,768
5966,F8_01_1_2_Chlorophyll_A_001_phosphate_plate5.tif,2,832.000,784,880
5967,F8_01_1_2_Chlorophyll_A_001_phosphate_plate5.tif,2,776.000,768,784
5968,F8_01_1_2_Chlorophyll_A_001_phosphate_plate5.tif,5,838.400,784,928
5969,F8_01_1_2_Chlorophyll_A_001_phosphate_plate5.tif,1,848.000,848,848
5970,F8_01_1_2_Chlorophyll_A_001_phosphate_plate5.tif,1,784.000,784,784
5971,F8_01_1_2_Chlorophyll_A_001_phosphate_plate5.tif,1,816.000,816,816
5972,F8_01_1_2_Chlorophyll_A_001_phosphate_plate5.tif,4,844.000,800,944
5973,F8_01_1_2_Chlorophyll_A_001_phosphate_plate5.tif,1,1056.000,1056,1056
5974,F8_01_1_2_Chlorophyll_A_001_phosphate_plate5.tif,14,849.143,768,1056
5975,F8_01_1_2_Chlorophyll_A_001_phosphate_plate5.tif,47,893.957,768,1216
5976,F8_01_1_2_Chlorophyll_A_001_phosphate_plate5.tif,53,888.453,768,1104
5977,F8_01_1_2_Chlorophyll_A_001_phosphate_plate5.tif,34,859.765,768,1072
5978,F8_01_1_2_Chlorophyll_A_001_phosphate_plate5.tif,2,808.000,784,832
5979,F8_01_1_2_Chlorophyll_A_001_phosphate_plate5.tif,1,928.000,928,928
5980,F8_01_1_2_Chlorophyll_A_001_phosphate_plate5.tif,1,912.000,912,912
5981,F8_01_1_2_Chlorophyll_A_001_phosphate_plate5.tif,10,860.800,768,976
5982,F8_01_1_2_Chlorophyll_A_001_phosphate_plate5.tif,2,864.000,800,928
5983,F8_01_1_2_Chlorophyll_A_001_phosphate_plate5.tif,1,768.000,768,768
5984,F8_01_1_2_Chlorophyll_A_001_phosphate_plate5.tif,2,856.000,784,928
5985,F8_01_1_2_Chlorophyll_A_001_phosphate_plate5.tif,1,944.000,944,944
5986,F8_01_1_2_Chlorophyll_A_001_phosphate_plate5.tif,1,848.000,848,848
5987,F8_01_1_2_Chlorophyll_A_001_phosphate_plate5.tif,2,888.000,864,912
5988,F8_01_1_2_Chlorophyll_A_001_phosphate_plate5.tif,1,960.000,960,960
5989,F8_01_1_2_Chlorophyll_A_001_phosphate_plate5.tif,1,848.000,848,848
5990,F8_01_1_2_Chlorophyll_A_001_phosphate_plate5.tif,1,1072.000,1072,1072
5991,F8_01_1_2_Chlorophyll_A_001_phosphate_plate5.tif,1,848.000,848,848
5992,F8_01_1_2_Chlorophyll_A_001_phosphate_plate5.tif,1,928.000,928,928
5993,F8_01_1_2_Chlorophyll_A_001_phosphate_plate5.tif,1,896.000,896,896
5994,F8_01_1_2_Chlorophyll_A_001_phosphate_plate5.tif,2,800.000,768,832
5995,F8_01_1_2_Chlorophyll_A_001_phosphate_plate5.tif,1,800.000,800,800
5996,F8_01_1_2_Chlorophyll_A_001_phosphate_plate5.tif,1,816.000,816,816
5997,F8_01_1_2_Chlorophyll_A_001_phosphate_plate5.tif,1,848.000,848,848
5998,F8_01_1_2_Chlorophyll_A_001_phosphate_plate5.tif,3,837.333,800,912
5999,F8_01_1_2_Chlorophyll_A_001_phosphate_plate5.tif,4,820.000,784,864
6000,F8_01_1_2_Chlorophyll_A_001_phosphate_plate5.tif,3,832.000,784,864
6001,F8_01_1_2_Chlorophyll_A_001_phosphate_plate5.tif,1,784.000,784,784
6002,F8_01_1_2_Chlorophyll_A_001_phosphate_plate5.tif,1,768.000,768,768
6003,F8_01_1_2_Chlorophyll_A_001_phosphate_plate5.tif,1,864.000,864,864
6004,F8_01_1_2_Chlorophyll_A_001_phosphate_plate5.tif,1,784.000,784,784
6005,F8_01_1_2_Chlorophyll_A_001_phosphate_plate5.tif,1,784.000,784,784
6006,F8_01_1_2_Chlorophyll_A_001_phosphate_plate5.tif,1,784.000,784,784
6007,F8_01_1_2_Chlorophyll_A_001_phosphate_plate5.tif,1,768.000,768,768
6008,F8_01_1_2_Chlorophyll_A_001_phosphate_plate5.tif,2,768.000,768,768
6009,F8_01_1_2_Chlorophyll_A_001_phosphate_plate5.tif,4,800.000,768,848
6010,F8_01_1_2_Chlorophyll_A_001_phosphate_plate5.tif,1,848.000,848,848
6011,F8_01_1_2_Chlorophyll_A_001_phosphate_plate5.tif,1,768.000,768,768
6012,F8_01_1_2_Chlorophyll_A_001_phosphate_plate5.tif,1,896.000,896,896
6013,F8_01_1_2_Chlorophyll_A_001_phosphate_plate5.tif,2,784.000,768,800
6014,F8_01_1_2_Chlorophyll_A_001_phosphate_plate5.tif,1,960.000,960,960
6015,F8_01_1_2_Chlorophyll_A_001_phosphate_plate5.tif,1,912.000,912,912
6016,F8_01_1_2_Chlorophyll_A_001_phosphate_plate5.tif,1,864.000,864,864
6017,F8_01_1_2_Chlorophyll_A_001_phosphate_plate5.tif,1,896.000,896,896
6018,F8_01_1_2_Chlorophyll_A_001_phosphate_plate5.tif,3,853.333,768,960
6019,F8_01_1_2_Chlorophyll_A_001_phosphate_plate5.tif,28,885.714,768,1104
6020,F8_01_1_2_Chlorophyll_A_001_phosphate_plate5.tif,39,882.462,768,1088
6021,F8_01_1_2_Chlorophyll_A_001_phosphate_plate5.tif,5,864.000,800,960
6022,F8_01_1_2_Chlorophyll_A_001_phosphate_plate5.tif,1,880.000,880,880
6023,F8_01_1_2_Chlorophyll_A_001_phosphate_plate5.tif,2,816.000,768,864
6024,F8_01_1_2_Chlorophyll_A_001_phosphate_plate5.tif,3,885.333,768,960
6025,F8_01_1_2_Chlorophyll_A_001_phosphate_plate5.tif,1,992.000,992,992
6026,F8_01_1_2_Chlorophyll_A_001_phosphate_plate5.tif,2,824.000,800,848
6027,F8_01_1_2_Chlorophyll_A_001_phosphate_plate5.tif,10,843.200,768,976
6028,F8_01_1_2_Chlorophyll_A_001_phosphate_plate5.tif,1,768.000,768,768
6029,F8_01_1_2_Chlorophyll_A_001_phosphate_plate5.tif,4,880.000,768,1120
6030,F8_01_1_2_Chlorophyll_A_001_phosphate_plate5.tif,2,840.000,816,864
6031,F8_01_1_2_Chlorophyll_A_001_phosphate_plate5.tif,1,768.000,768,768
6032,F8_01_1_2_Chlorophyll_A_001_phosphate_plate5.tif,13,856.615,784,976
6033,F8_01_1_2_Chlorophyll_A_001_phosphate_plate5.tif,4,820.000,784,896
6034,F8_01_1_2_Chlorophyll_A_001_phosphate_plate5.tif,3,842.667,768,912
6035,F8_01_1_2_Chlorophyll_A_001_phosphate_plate5.tif,4,804.000,768,848
6036,F8_01_1_2_Chlorophyll_A_001_phosphate_plate5.tif,2,848.000,784,912
6037,F8_01_1_2_Chlorophyll_A_001_phosphate_plate5.tif,2,912.000,768,1056
6038,F8_01_1_2_Chlorophyll_A_001_phosphate_plate5.tif,1,816.000,816,816
6039,F8_01_1_2_Chlorophyll_A_001_phosphate_plate5.tif,1,896.000,896,896
6040,F8_01_1_2_Chlorophyll_A_001_phosphate_plate5.tif,1,800.000,800,800
6041,F8_01_1_2_Chlorophyll_A_001_phosphate_plate5.tif,1,768.000,768,768
6042,F8_01_1_2_Chlorophyll_A_001_phosphate_plate5.tif,1,784.000,784,784
6043,F8_01_1_2_Chlorophyll_A_001_phosphate_plate5.tif,2,840.000,816,864
6044,F8_01_1_2_Chlorophyll_A_001_phosphate_plate5.tif,1,960.000,960,960
6045,F8_01_1_2_Chlorophyll_A_001_phosphate_plate5.tif,3,821.333,768,848
6046,F8_01_1_2_Chlorophyll_A_001_phosphate_plate5.tif,2,808.000,800,816
6047,F8_01_1_2_Chlorophyll_A_001_phosphate_plate5.tif,1,784.000,784,784
6048,F8_01_1_2_Chlorophyll_A_001_phosphate_plate5.tif,3,789.333,768,816
6049,F8_01_1_2_Chlorophyll_A_001_phosphate_plate5.tif,1,768.000,768,768
6050,F8_01_1_2_Chlorophyll_A_001_phosphate_plate5.tif,3,789.333,768,816
6051,F8_01_1_2_Chlorophyll_A_001_phosphate_plate5.tif,3,805.333,784,848
6052,F8_01_1_2_Chlorophyll_A_001_phosphate_plate5.tif,1,832.000,832,832
6053,F8_01_1_2_Chlorophyll_A_001_phosphate_plate5.tif,1,832.000,832,832
6054,F8_01_1_2_Chlorophyll_A_001_phosphate_plate5.tif,1,784.000,784,784
6055,F8_01_1_2_Chlorophyll_A_001_phosphate_plate5.tif,1,768.000,768,768
6056,F8_01_1_2_Chlorophyll_A_001_phosphate_plate5.tif,1,816.000,816,816
6057,F8_01_1_2_Chlorophyll_A_001_phosphate_plate5.tif,4,824.000,784,880
6058,F8_01_1_2_Chlorophyll_A_001_phosphate_plate5.tif,1,880.000,880,880
6059,F8_01_1_2_Chlorophyll_A_001_phosphate_plate5.tif,1,800.000,800,800
6060,F8_01_1_2_Chlorophyll_A_001_phosphate_plate5.tif,1,800.000,800,800
6061,F8_01_1_2_Chlorophyll_A_001_phosphate_plate5.tif,1,848.000,848,848
6062,F8_01_1_2_Chlorophyll_A_001_phosphate_plate5.tif,2,896.000,768,1024
6063,F8_01_1_2_Chlorophyll_A_001_phosphate_plate5.tif,1,784.000,784,784
6064,F8_01_1_2_Chlorophyll_A_001_phosphate_plate5.tif,33,885.818,768,1168
6065,F8_01_1_2_Chlorophyll_A_001_phosphate_plate5.tif,117,865.915,768,1184
6066,F8_01_1_2_Chlorophyll_A_001_phosphate_plate5.tif,6,832.000,784,928
6067,F8_01_1_2_Chlorophyll_A_001_phosphate_plate5.tif,21,867.810,768,1040
6068,F8_01_1_2_Chlorophyll_A_001_phosphate_plate5.tif,1,816.000,816,816
6069,F8_01_1_2_Chlorophyll_A_001_phosphate_plate5.tif,37,840.649,768,1056
6070,F8_01_1_2_Chlorophyll_A_001_phosphate_plate5.tif,2,816.000,800,832
6071,F8_01_1_2_Chlorophyll_A_001_phosphate_plate5.tif,8,846.000,768,992
6072,F8_01_1_2_Chlorophyll_A_001_phosphate_plate5.tif,1,912.000,912,912
6073,F8_01_1_2_Chlorophyll_A_001_phosphate_plate5.tif,3,826.667,768,928
6074,F8_01_1_2_Chlorophyll_A_001_phosphate_plate5.tif,1,832.000,832,832
6075,F8_01_1_2_Chlorophyll_A_001_phosphate_plate5.tif,9,849.778,784,944
6076,F8_01_1_2_Chlorophyll_A_001_phosphate_plate5.tif,1,928.000,928,928
6077,F8_01_1_2_Chlorophyll_A_001_phosphate_plate5.tif,2,808.000,768,848
6078,F8_01_1_2_Chlorophyll_A_001_phosphate_plate5.tif,2,808.000,768,848
6079,F8_01_1_2_Chlorophyll_A_001_phosphate_plate5.tif,2,816.000,800,832
6080,F8_01_1_2_Chlorophyll_A_001_phosphate_plate5.tif,3,816.000,768,896
6081,F8_01_1_2_Chlorophyll_A_001_phosphate_plate5.tif,10,830.400,768,928
6082,F8_01_1_2_Chlorophyll_A_001_phosphate_plate5.tif,1,800.000,800,800
6083,F8_01_1_2_Chlorophyll_A_001_phosphate_plate5.tif,1,800.000,800,800
6084,F8_01_1_2_Chlorophyll_A_001_phosphate_plate5.tif,2,776.000,768,784
6085,F8_01_1_2_Chlorophyll_A_001_phosphate_plate5.tif,2,784.000,768,800
6086,F8_01_1_2_Chlorophyll_A_001_phosphate_plate5.tif,1,896.000,896,896
6087,F8_01_1_2_Chlorophyll_A_001_phosphate_plate5.tif,1,800.000,800,800
6088,F8_01_1_2_Chlorophyll_A_001_phosphate_plate5.tif,1,784.000,784,784
6089,F8_01_1_2_Chlorophyll_A_001_phosphate_plate5.tif,1,848.000,848,848
6090,F8_01_1_2_Chlorophyll_A_001_phosphate_plate5.tif,1,768.000,768,768
6091,F8_01_1_2_Chlorophyll_A_001_phosphate_plate5.tif,1,784.000,784,784
6092,F8_01_1_2_Chlorophyll_A_001_phosphate_plate5.tif,1,800.000,800,800
6093,F8_01_1_2_Chlorophyll_A_001_phosphate_plate5.tif,2,848.000,800,896
6094,F8_01_1_2_Chlorophyll_A_001_phosphate_plate5.tif,3,816.000,784,848
6095,F8_01_1_2_Chlorophyll_A_001_phosphate_plate5.tif,1,816.000,816,816
6096,F8_01_1_2_Chlorophyll_A_001_phosphate_plate5.tif,1,848.000,848,848
6097,F8_01_1_2_Chlorophyll_A_001_phosphate_plate5.tif,4,788.000,768,816
6098,F8_01_1_2_Chlorophyll_A_001_phosphate_plate5.tif,1,768.000,768,768
6099,F8_01_1_2_Chlorophyll_A_001_phosphate_plate5.tif,1,800.000,800,800
6100,F8_01_1_2_Chlorophyll_A_001_phosphate_plate5.tif,1,768.000,768,768
6101,F8_01_1_2_Chlorophyll_A_001_phosphate_plate5.tif,1,784.000,784,784
6102,F8_01_1_2_Chlorophyll_A_001_phosphate_plate5.tif,200,2122.800,768,13568
6103,F8_01_1_2_Chlorophyll_A_001_phosphate_plate5.tif,5,819.200,768,896
6104,F8_01_1_2_Chlorophyll_A_001_phosphate_plate5.tif,13,849.231,784,896
6105,F8_01_1_2_Chlorophyll_A_001_phosphate_plate5.tif,7,900.571,800,1040
6106,F8_01_1_2_Chlorophyll_A_001_phosphate_plate5.tif,53,893.887,768,1264
6107,F8_01_1_2_Chlorophyll_A_001_phosphate_plate5.tif,2,936.000,800,1072
6108,F8_01_1_2_Chlorophyll_A_001_phosphate_plate5.tif,1,928.000,928,928
6109,F8_01_1_2_Chlorophyll_A_001_phosphate_plate5.tif,2,936.000,864,1008
6110,F8_01_1_2_Chlorophyll_A_001_phosphate_plate5.tif,6,864.000,800,1008
6111,F8_01_1_2_Chlorophyll_A_001_phosphate_plate5.tif,1,816.000,816,816
6112,F8_01_1_2_Chlorophyll_A_001_phosphate_plate5.tif,1,1040.000,1040,1040
6113,F8_01_1_2_Chlorophyll_A_001_phosphate_plate5.tif,1,816.000,816,816
6114,F8_01_1_2_Chlorophyll_A_001_phosphate_plate5.tif,1,784.000,784,784
6115,F8_01_1_2_Chlorophyll_A_001_phosphate_plate5.tif,3,848.000,800,944
6116,F8_01_1_2_Chlorophyll_A_001_phosphate_plate5.tif,1,832.000,832,832
6117,F8_01_1_2_Chlorophyll_A_001_phosphate_plate5.tif,2,800.000,768,832
6118,F8_01_1_2_Chlorophyll_A_001_phosphate_plate5.tif,1,784.000,784,784
6119,F8_01_1_2_Chlorophyll_A_001_phosphate_plate5.tif,145,1556.745,768,8448
6120,F8_01_1_2_Chlorophyll_A_001_phosphate_plate5.tif,1,896.000,896,896
6121,F8_01_1_2_Chlorophyll_A_001_phosphate_plate5.tif,3,890.667,768,976
6122,F8_01_1_2_Chlorophyll_A_001_phosphate_plate5.tif,4,848.000,784,928
6123,F8_01_1_2_Chlorophyll_A_001_phosphate_plate5.tif,4,896.000,768,1104
6124,F8_01_1_2_Chlorophyll_A_001_phosphate_plate5.tif,3,800.000,768,864
6125,F8_01_1_2_Chlorophyll_A_001_phosphate_plate5.tif,2,792.000,768,816
6126,F8_01_1_2_Chlorophyll_A_001_phosphate_plate5.tif,1,816.000,816,816
6127,F8_01_1_2_Chlorophyll_A_001_phosphate_plate5.tif,1,848.000,848,848
6128,F8_01_1_2_Chlorophyll_A_001_phosphate_plate5.tif,1,768.000,768,768
6129,F8_01_1_2_Chlorophyll_A_001_phosphate_plate5.tif,6,866.667,768,1072
6130,F8_01_1_2_Chlorophyll_A_001_phosphate_plate5.tif,1,864.000,864,864
6131,F8_01_1_2_Chlorophyll_A_001_phosphate_plate5.tif,2,896.000,848,944
6132,F8_01_1_2_Chlorophyll_A_001_phosphate_plate5.tif,1,768.000,768,768
6133,F8_01_1_2_Chlorophyll_A_001_phosphate_plate5.tif,2,800.000,768,832
6134,F8_01_1_2_Chlorophyll_A_001_phosphate_plate5.tif,2,792.000,768,816
6135,F8_01_1_2_Chlorophyll_A_001_phosphate_plate5.tif,1,928.000,928,928
6136,F8_01_1_2_Chlorophyll_A_001_phosphate_plate5.tif,1,800.000,800,800
6137,F8_01_1_2_Chlorophyll_A_001_phosphate_plate5.tif,2,960.000,784,1136
6138,F8_01_1_2_Chlorophyll_A_001_phosphate_plate5.tif,1,768.000,768,768
6139,F8_01_1_2_Chlorophyll_A_001_phosphate_plate5.tif,1,800.000,800,800
6140,F8_01_1_2_Chlorophyll_A_001_phosphate_plate5.tif,1,768.000,768,768
6141,F8_01_1_2_Chlorophyll_A_001_phosphate_plate5.tif,2,832.000,768,896
6142,F8_01_1_2_Chlorophyll_A_001_phosphate_plate5.tif,1,864.000,864,864
6143,F8_01_1_2_Chlorophyll_A_001_phosphate_plate5.tif,1,880.000,880,880
6144,F8_01_1_2_Chlorophyll_A_001_phosphate_plate5.tif,1,848.000,848,848
6145,F8_01_1_2_Chlorophyll_A_001_phosphate_plate5.tif,5,848.000,768,928
6146,F8_01_1_2_Chlorophyll_A_001_phosphate_plate5.tif,1,784.000,784,784
6147,F8_01_1_2_Chlorophyll_A_001_phosphate_plate5.tif,1,832.000,832,832
6148,F8_01_1_2_Chlorophyll_A_001_phosphate_plate5.tif,2,912.000,816,1008
6149,F8_01_1_2_Chlorophyll_A_001_phosphate_plate5.tif,1,784.000,784,784
6150,F8_01_1_2_Chlorophyll_A_001_phosphate_plate5.tif,1,768.000,768,768
6151,F8_01_1_2_Chlorophyll_A_001_phosphate_plate5.tif,2,864.000,784,944
6152,F8_01_1_2_Chlorophyll_A_001_phosphate_plate5.tif,1,880.000,880,880
6153,F8_01_1_2_Chlorophyll_A_001_phosphate_plate5.tif,1,816.000,816,816
6154,F8_01_1_2_Chlorophyll_A_001_phosphate_plate5.tif,2,824.000,800,848
6155,F8_01_1_2_Chlorophyll_A_001_phosphate_plate5.tif,2,768.000,768,768
6156,F8_01_1_2_Chlorophyll_A_001_phosphate_plate5.tif,1,800.000,800,800
6157,F8_01_1_2_Chlorophyll_A_001_phosphate_plate5.tif,1,768.000,768,768
6158,F8_01_1_2_Chlorophyll_A_001_phosphate_plate5.tif,1,816.000,816,816
6159,F8_01_1_2_Chlorophyll_A_001_phosphate_plate5.tif,1,848.000,848,848
6160,F8_01_1_2_Chlorophyll_A_001_phosphate_plate5.tif,1,768.000,768,768
6161,F8_01_1_2_Chlorophyll_A_001_phosphate_plate5.tif,2,848.000,800,896
6162,F8_01_1_2_Chlorophyll_A_001_phosphate_plate5.tif,1,864.000,864,864
6163,F8_01_1_2_Chlorophyll_A_001_phosphate_plate5.tif,1,912.000,912,912
6164,F8_01_1_2_Chlorophyll_A_001_phosphate_plate5.tif,1,992.000,992,992
6165,F8_01_1_2_Chlorophyll_A_001_phosphate_plate5.tif,2,832.000,816,848
6166,F8_01_1_2_Chlorophyll_A_001_phosphate_plate5.tif,1,864.000,864,864
6167,F8_01_1_2_Chlorophyll_A_001_phosphate_plate5.tif,2,792.000,768,816
6168,F8_01_1_2_Chlorophyll_A_001_phosphate_plate5.tif,1,832.000,832,832
6169,F8_01_1_2_Chlorophyll_A_001_phosphate_plate5.tif,10,836.800,768,896
6170,F8_01_1_2_Chlorophyll_A_001_phosphate_plate5.tif,1,864.000,864,864
6171,F8_01_1_2_Chlorophyll_A_001_phosphate_plate5.tif,7,893.714,784,1056
6172,F8_01_1_2_Chlorophyll_A_001_phosphate_plate5.tif,1,784.000,784,784
6173,F8_01_1_2_Chlorophyll_A_001_phosphate_plate5.tif,30,891.200,768,1152
6174,F8_01_1_2_Chlorophyll_A_001_phosphate_plate5.tif,52,858.462,768,1120
6175,F8_01_1_2_Chlorophyll_A_001_phosphate_plate5.tif,24,888.000,768,1168
6176,F8_01_1_2_Chlorophyll_A_001_phosphate_plate5.tif,1,944.000,944,944
6177,F8_01_1_2_Chlorophyll_A_001_phosphate_plate5.tif,23,912.696,768,1200
6178,F8_01_1_2_Chlorophyll_A_001_phosphate_plate5.tif,3,784.000,784,784
6179,F8_01_1_2_Chlorophyll_A_001_phosphate_plate5.tif,1,816.000,816,816
6180,F8_01_1_2_Chlorophyll_A_001_phosphate_plate5.tif,36,858.667,768,992
6181,F8_01_1_2_Chlorophyll_A_001_phosphate_plate5.tif,1,864.000,864,864
6182,F8_01_1_2_Chlorophyll_A_001_phosphate_plate5.tif,4,936.000,816,1056
6183,F8_01_1_2_Chlorophyll_A_001_phosphate_plate5.tif,1,800.000,800,800
6184,F8_01_1_2_Chlorophyll_A_001_phosphate_plate5.tif,1,912.000,912,912
6185,F8_01_1_2_Chlorophyll_A_001_phosphate_plate5.tif,1,800.000,800,800
6186,F8_01_1_2_Chlorophyll_A_001_phosphate_plate5.tif,1,896.000,896,896
6187,F8_01_1_2_Chlorophyll_A_001_phosphate_plate5.tif,1,768.000,768,768
6188,F8_01_1_2_Chlorophyll_A_001_phosphate_plate5.tif,1,816.000,816,816
6189,F8_01_1_2_Chlorophyll_A_001_phosphate_plate5.tif,1,784.000,784,784
6190,F8_01_1_2_Chlorophyll_A_001_phosphate_plate5.tif,1,832.000,832,832
6191,F8_01_1_2_Chlorophyll_A_001_phosphate_plate5.tif,1,880.000,880,880
6192,F8_01_1_2_Chlorophyll_A_001_phosphate_plate5.tif,1,784.000,784,784
6193,F8_01_1_2_Chlorophyll_A_001_phosphate_plate5.tif,1,784.000,784,784
6194,F8_01_1_2_Chlorophyll_A_001_phosphate_plate5.tif,1,864.000,864,864
6195,F8_01_1_2_Chlorophyll_A_001_phosphate_plate5.tif,1,800.000,800,800
6196,F8_01_1_2_Chlorophyll_A_001_phosphate_plate5.tif,1,768.000,768,768
6197,F8_01_1_2_Chlorophyll_A_001_phosphate_plate5.tif,1,864.000,864,864
6198,F8_01_1_2_Chlorophyll_A_001_phosphate_plate5.tif,1,784.000,784,784
6199,F8_01_1_2_Chlorophyll_A_001_phosphate_plate5.tif,1,880.000,880,880
6200,F8_01_1_2_Chlorophyll_A_001_phosphate_plate5.tif,2,776.000,768,784
6201,F8_01_1_2_Chlorophyll_A_001_phosphate_plate5.tif,1,784.000,784,784
6202,F8_01_1_2_Chlorophyll_A_001_phosphate_plate5.tif,1,832.000,832,832
6203,F8_01_1_2_Chlorophyll_A_001_phosphate_plate5.tif,2,784.000,784,784
6204,F8_01_1_2_Chlorophyll_A_001_phosphate_plate5.tif,1,800.000,800,800
6205,F8_01_1_2_Chlorophyll_A_001_phosphate_plate5.tif,1,848.000,848,848
6206,F8_01_1_2_Chlorophyll_A_001_phosphate_plate5.tif,1,768.000,768,768
6207,F8_01_1_2_Chlorophyll_A_001_phosphate_plate5.tif,2,832.000,800,864
6208,F8_01_1_2_Chlorophyll_A_001_phosphate_plate5.tif,1,928.000,928,928
6209,F8_01_1_2_Chlorophyll_A_001_phosphate_plate5.tif,77,869.818,768,1072
6210,F8_01_1_2_Chlorophyll_A_001_phosphate_plate5.tif,19,917.895,784,1088
6211,F8_01_1_2_Chlorophyll_A_001_phosphate_plate5.tif,72,899.778,768,1216
6212,F8_01_1_2_Chlorophyll_A_001_phosphate_plate5.tif,51,866.824,768,1056
6213,F8_01_1_2_Chlorophyll_A_001_phosphate_plate5.tif,441,2255.927,768,24448
6214,F8_01_1_2_Chlorophyll_A_001_phosphate_plate5.tif,28,873.714,768,1040
6215,F8_01_1_2_Chlorophyll_A_001_phosphate_plate5.tif,238,2505.748,768,20528
6216,F8_01_1_2_Chlorophyll_A_001_phosphate_plate5.tif,33,892.121,768,1072
6217,F8_01_1_2_Chlorophyll_A_001_phosphate_plate5.tif,1,816.000,816,816
6218,F8_01_1_2_Chlorophyll_A_001_phosphate_plate5.tif,1,800.000,800,800
6219,F8_01_1_2_Chlorophyll_A_001_phosphate_plate5.tif,32,865.500,768,1072
6220,F8_01_1_2_Chlorophyll_A_001_phosphate_plate5.tif,4,796.000,784,800
6221,F8_01_1_2_Chlorophyll_A_001_phosphate_plate5.tif,21,840.381,768,960
6222,F8_01_1_2_Chlorophyll_A_001_phosphate_plate5.tif,3,826.667,768,928
6223,F8_01_1_2_Chlorophyll_A_001_phosphate_plate5.tif,1,800.000,800,800
6224,F8_01_1_2_Chlorophyll_A_001_phosphate_plate5.tif,1,800.000,800,800
6225,F8_01_1_2_Chlorophyll_A_001_phosphate_plate5.tif,10,859.200,768,1024
6226,F8_01_1_2_Chlorophyll_A_001_phosphate_plate5.tif,2,840.000,800,880
6227,F8_01_1_2_Chlorophyll_A_001_phosphate_plate5.tif,2,840.000,768,912
6228,F8_01_1_2_Chlorophyll_A_001_phosphate_plate5.tif,1,816.000,816,816
6229,F8_01_1_2_Chlorophyll_A_001_phosphate_plate5.tif,1,816.000,816,816
6230,F8_01_1_2_Chlorophyll_A_001_phosphate_plate5.tif,1,800.000,800,800
6231,F8_01_1_2_Chlorophyll_A_001_phosphate_plate5.tif,1,768.000,768,768
6232,F8_01_1_2_Chlorophyll_A_001_phosphate_plate5.tif,1,816.000,816,816
6233,F8_01_1_2_Chlorophyll_A_001_phosphate_plate5.tif,1,864.000,864,864
6234,F8_01_1_2_Chlorophyll_A_001_phosphate_plate5.tif,8,826.000,768,1008
6235,F8_01_1_2_Chlorophyll_A_001_phosphate_plate5.tif,1,784.000,784,784
6236,F8_01_1_2_Chlorophyll_A_001_phosphate_plate5.tif,2,792.000,768,816
6237,F8_01_1_2_Chlorophyll_A_001_phosphate_plate5.tif,2,808.000,784,832
6238,F8_01_1_2_Chlorophyll_A_001_phosphate_plate5.tif,2,808.000,768,848
6239,F8_01_1_2_Chlorophyll_A_001_phosphate_plate5.tif,1,800.000,800,800
6240,F8_01_1_2_Chlorophyll_A_001_phosphate_plate5.tif,1,800.000,800,800
6241,F8_01_1_2_Chlorophyll_A_001_phosphate_plate5.tif,1,800.000,800,800
6242,F8_01_1_2_Chlorophyll_A_001_phosphate_plate5.tif,1,928.000,928,928
6243,F8_01_1_2_Chlorophyll_A_001_phosphate_plate5.tif,1,784.000,784,784
6244,F8_01_1_2_Chlorophyll_A_001_phosphate_plate5.tif,1,768.000,768,768
6245,F8_01_1_2_Chlorophyll_A_001_phosphate_plate5.tif,3,789.333,768,816
6246,F8_01_1_2_Chlorophyll_A_001_phosphate_plate5.tif,1,784.000,784,784
6247,F8_01_1_2_Chlorophyll_A_001_phosphate_plate5.tif,1,784.000,784,784
6248,F8_01_1_2_Chlorophyll_A_001_phosphate_plate5.tif,1,816.000,816,816
6249,F8_01_1_2_Chlorophyll_A_001_phosphate_plate5.tif,3,848.000,768,912
6250,F8_01_1_2_Chlorophyll_A_001_phosphate_plate5.tif,3,810.667,800,832
6251,F8_01_1_2_Chlorophyll_A_001_phosphate_plate5.tif,1,864.000,864,864
6252,F8_01_1_2_Chlorophyll_A_001_phosphate_plate5.tif,167,2347.976,768,12320
6253,F8_01_1_2_Chlorophyll_A_001_phosphate_plate5.tif,25,902.400,784,1184
6254,F8_01_1_2_Chlorophyll_A_001_phosphate_plate5.tif,58,884.414,768,1136
6255,F8_01_1_2_Chlorophyll_A_001_phosphate_plate5.tif,1,864.000,864,864
6256,F8_01_1_2_Chlorophyll_A_001_phosphate_plate5.tif,11,856.727,768,1104
6257,F8_01_1_2_Chlorophyll_A_001_phosphate_plate5.tif,1,832.000,832,832
6258,F8_01_1_2_Chlorophyll_A_001_phosphate_plate5.tif,4,852.000,784,960
6259,F8_01_1_2_Chlorophyll_A_001_phosphate_plate5.tif,1,832.000,832,832
6260,F8_01_1_2_Chlorophyll_A_001_phosphate_plate5.tif,1,864.000,864,864
6261,F8_01_1_2_Chlorophyll_A_001_phosphate_plate5.tif,4,804.000,768,864
6262,F8_01_1_2_Chlorophyll_A_001_phosphate_plate5.tif,1,880.000,880,880
6263,F8_01_1_2_Chlorophyll_A_001_phosphate_plate5.tif,3,821.333,768,896
6264,F8_01_1_2_Chlorophyll_A_001_phosphate_plate5.tif,1,928.000,928,928
6265,F8_01_1_2_Chlorophyll_A_001_phosphate_plate5.tif,3,805.333,768,864
6266,F8_01_1_2_Chlorophyll_A_001_phosphate_plate5.tif,2,784.000,768,800
6267,F8_01_1_2_Chlorophyll_A_001_phosphate_plate5.tif,1,832.000,832,832
6268,F8_01_1_2_Chlorophyll_A_001_phosphate_plate5.tif,12,817.333,784,880
6269,F8_01_1_2_Chlorophyll_A_001_phosphate_plate5.tif,1,848.000,848,848
6270,F8_01_1_2_Chlorophyll_A_001_phosphate_plate5.tif,1,784.000,784,784
6271,F8_01_1_2_Chlorophyll_A_001_phosphate_plate5.tif,2,936.000,912,960
6272,F8_01_1_2_Chlorophyll_A_001_phosphate_plate5.tif,3,842.667,784,896
6273,F8_01_1_2_Chlorophyll_A_001_phosphate_plate5.tif,2,800.000,784,816
6274,F8_01_1_2_Chlorophyll_A_001_phosphate_plate5.tif,3,842.667,784,880
6275,F8_01_1_2_Chlorophyll_A_001_phosphate_plate5.tif,1,784.000,784,784
6276,F8_01_1_2_Chlorophyll_A_001_phosphate_plate5.tif,1,992.000,992,992
6277,F8_01_1_2_Chlorophyll_A_001_phosphate_plate5.tif,1,768.000,768,768
6278,F8_01_1_2_Chlorophyll_A_001_phosphate_plate5.tif,3,800.000,800,800
6279,F8_01_1_2_Chlorophyll_A_001_phosphate_plate5.tif,1,784.000,784,784
6280,F8_01_1_2_Chlorophyll_A_001_phosphate_plate5.tif,2,784.000,784,784
6281,F8_01_1_2_Chlorophyll_A_001_phosphate_plate5.tif,1,768.000,768,768
6282,F8_01_1_2_Chlorophyll_A_001_phosphate_plate5.tif,2,824.000,784,864
6283,F8_01_1_2_Chlorophyll_A_001_phosphate_plate5.tif,2,816.000,768,864
6284,F8_01_1_2_Chlorophyll_A_001_phosphate_plate5.tif,1,880.000,880,880
6285,F8_01_1_2_Chlorophyll_A_001_phosphate_plate5.tif,1,784.000,784,784
6286,F8_01_1_2_Chlorophyll_A_001_phosphate_plate5.tif,2,848.000,800,896
6287,F8_01_1_2_Chlorophyll_A_001_phosphate_plate5.tif,2,792.000,768,816
6288,F8_01_1_2_Chlorophyll_A_001_phosphate_plate5.tif,1,944.000,944,944
6289,F8_01_1_2_Chlorophyll_A_001_phosphate_plate5.tif,5,796.800,768,880
6290,F8_01_1_2_Chlorophyll_A_001_phosphate_plate5.tif,1,848.000,848,848
6291,F8_01_1_2_Chlorophyll_A_001_phosphate_plate5.tif,3,778.667,768,784
6292,F8_01_1_2_Chlorophyll_A_001_phosphate_plate5.tif,1,784.000,784,784
6293,F8_01_1_2_Chlorophyll_A_001_phosphate_plate5.tif,1,768.000,768,768
6294,F8_01_1_2_Chlorophyll_A_001_phosphate_plate5.tif,1,816.000,816,816
6295,F8_01_1_2_Chlorophyll_A_001_phosphate_plate5.tif,2,808.000,784,832
6296,F8_01_1_2_Chlorophyll_A_001_phosphate_plate5.tif,1,832.000,832,832
6297,F8_01_1_2_Chlorophyll_A_001_phosphate_plate5.tif,1,784.000,784,784
6298,F8_01_1_2_Chlorophyll_A_001_phosphate_plate5.tif,1,800.000,800,800
6299,F8_01_1_2_Chlorophyll_A_001_phosphate_plate5.tif,1,960.000,960,960
6300,F8_01_1_2_Chlorophyll_A_001_phosphate_plate5.tif,1,896.000,896,896
6301,F8_01_1_2_Chlorophyll_A_001_phosphate_plate5.tif,3,773.333,768,784
6302,F8_01_1_2_Chlorophyll_A_001_phosphate_plate5.tif,2,768.000,768,768
6303,F8_01_1_2_Chlorophyll_A_001_phosphate_plate5.tif,1,896.000,896,896
6304,F8_01_1_2_Chlorophyll_A_001_phosphate_plate5.tif,3,880.000,768,960
6305,F8_01_1_2_Chlorophyll_A_001_phosphate_plate5.tif,20,858.400,768,1040
6306,F8_01_1_2_Chlorophyll_A_001_phosphate_plate5.tif,53,869.132,768,1120
6307,F8_01_1_2_Chlorophyll_A_001_phosphate_plate5.tif,5,880.000,784,1024
6308,F8_01_1_2_Chlorophyll_A_001_phosphate_plate5.tif,1,848.000,848,848
6309,F8_01_1_2_Chlorophyll_A_001_phosphate_plate5.tif,13,846.769,768,960
6310,F8_01_1_2_Chlorophyll_A_001_phosphate_plate5.tif,3,917.333,864,976
6311,F8_01_1_2_Chlorophyll_A_001_phosphate_plate5.tif,1,800.000,800,800
6312,F8_01_1_2_Chlorophyll_A_001_phosphate_plate5.tif,3,826.667,784,912
6313,F8_01_1_2_Chlorophyll_A_001_phosphate_plate5.tif,1,864.000,864,864
6314,F8_01_1_2_Chlorophyll_A_001_phosphate_plate5.tif,2,896.000,816,976
6315,F8_01_1_2_Chlorophyll_A_001_phosphate_plate5.tif,1,896.000,896,896
6316,F8_01_1_2_Chlorophyll_A_001_phosphate_plate5.tif,2,808.000,768,848
6317,F8_01_1_2_Chlorophyll_A_001_phosphate_plate5.tif,1,800.000,800,800
6318,F8_01_1_2_Chlorophyll_A_001_phosphate_plate5.tif,1,800.000,800,800
6319,F8_01_1_2_Chlorophyll_A_001_phosphate_plate5.tif,3,784.000,768,800
6320,F8_01_1_2_Chlorophyll_A_001_phosphate_plate5.tif,1,768.000,768,768
6321,F8_01_1_2_Chlorophyll_A_001_phosphate_plate5.tif,2,808.000,800,816
6322,F8_01_1_2_Chlorophyll_A_001_phosphate_plate5.tif,1,784.000,784,784
6323,F8_01_1_2_Chlorophyll_A_001_phosphate_plate5.tif,1,864.000,864,864
6324,F8_01_1_2_Chlorophyll_A_001_phosphate_plate5.tif,1,816.000,816,816
6325,F8_01_1_2_Chlorophyll_A_001_phosphate_plate5.tif,2,792.000,768,816
6326,F8_01_1_2_Chlorophyll_A_001_phosphate_plate5.tif,1,848.000,848,848
6327,F8_01_1_2_Chlorophyll_A_001_phosphate_plate5.tif,1,800.000,800,800
6328,F8_01_1_2_Chlorophyll_A_001_phosphate_plate5.tif,1,816.000,816,816
6329,F8_01_1_2_Chlorophyll_A_001_phosphate_plate5.tif,2,832.000,784,880
6330,F8_01_1_2_Chlorophyll_A_001_phosphate_plate5.tif,1,864.000,864,864
6331,F8_01_1_2_Chlorophyll_A_001_phosphate_plate5.tif,1,800.000,800,800
6332,F8_01_1_2_Chlorophyll_A_001_phosphate_plate5.tif,2,792.000,768,816
6333,F8_01_1_2_Chlorophyll_A_001_phosphate_plate5.tif,1,768.000,768,768
6334,F8_01_1_2_Chlorophyll_A_001_phosphate_plate5.tif,1,784.000,784,784
6335,F8_01_1_2_Chlorophyll_A_001_phosphate_plate5.tif,2,832.000,784,880
6336,F8_01_1_2_Chlorophyll_A_001_phosphate_plate5.tif,2,784.000,768,800
6337,F8_01_1_2_Chlorophyll_A_001_phosphate_plate5.tif,1,816.000,816,816
6338,F8_01_1_2_Chlorophyll_A_001_phosphate_plate5.tif,1,928.000,928,928
6339,F8_01_1_2_Chlorophyll_A_001_phosphate_plate5.tif,1,800.000,800,800
6340,F8_01_1_2_Chlorophyll_A_001_phosphate_plate5.tif,1,784.000,784,784
6341,F8_01_1_2_Chlorophyll_A_001_phosphate_plate5.tif,2,912.000,848,976
6342,F8_01_1_2_Chlorophyll_A_001_phosphate_plate5.tif,1,816.000,816,816
6343,F8_01_1_2_Chlorophyll_A_001_phosphate_plate5.tif,1,816.000,816,816
6344,F8_01_1_2_Chlorophyll_A_001_phosphate_plate5.tif,1,1024.000,1024,1024
6345,F8_01_1_2_Chlorophyll_A_001_phosphate_plate5.tif,18,886.222,800,1088
6346,F8_01_1_2_Chlorophyll_A_001_phosphate_plate5.tif,4,876.000,816,944
6347,F8_01_1_2_Chlorophyll_A_001_phosphate_plate5.tif,3,933.333,816,1072
6348,F8_01_1_2_Chlorophyll_A_001_phosphate_plate5.tif,2,792.000,784,800
6349,F8_01_1_2_Chlorophyll_A_001_phosphate_plate5.tif,4,872.000,784,1008
6350,F8_01_1_2_Chlorophyll_A_001_phosphate_plate5.tif,17,869.647,800,912
6351,F8_01_1_2_Chlorophyll_A_001_phosphate_plate5.tif,1,880.000,880,880
6352,F8_01_1_2_Chlorophyll_A_001_phosphate_plate5.tif,3,794.667,784,816
6353,F8_01_1_2_Chlorophyll_A_001_phosphate_plate5.tif,3,810.667,768,848
6354,F8_01_1_2_Chlorophyll_A_001_phosphate_plate5.tif,4,840.000,768,976
6355,F8_01_1_2_Chlorophyll_A_001_phosphate_plate5.tif,1,1136.000,1136,1136
6356,F8_01_1_2_Chlorophyll_A_001_phosphate_plate5.tif,1,848.000,848,848
6357,F8_01_1_2_Chlorophyll_A_001_phosphate_plate5.tif,1,816.000,816,816
6358,F8_01_1_2_Chlorophyll_A_001_phosphate_plate5.tif,1,912.000,912,912
6359,F8_01_1_2_Chlorophyll_A_001_phosphate_plate5.tif,1,960.000,960,960
6360,F8_01_1_2_Chlorophyll_A_001_phosphate_plate5.tif,1,784.000,784,784
6361,F8_01_1_2_Chlorophyll_A_001_phosphate_plate5.tif,2,840.000,832,848
6362,F8_01_1_2_Chlorophyll_A_001_phosphate_plate5.tif,1,816.000,816,816
6363,F8_01_1_2_Chlorophyll_A_001_phosphate_plate5.tif,1,768.000,768,768
6364,F8_01_1_2_Chlorophyll_A_001_phosphate_plate5.tif,2,824.000,800,848
6365,F8_01_1_2_Chlorophyll_A_001_phosphate_plate5.tif,1,928.000,928,928
6366,F8_01_1_2_Chlorophyll_A_001_phosphate_plate5.tif,3,800.000,800,800
6367,F8_01_1_2_Chlorophyll_A_001_phosphate_plate5.tif,1,912.000,912,912
6368,F8_01_1_2_Chlorophyll_A_001_phosphate_plate5.tif,5,825.600,768,976
6369,F8_01_1_2_Chlorophyll_A_001_phosphate_plate5.tif,1,816.000,816,816
6370,F8_01_1_2_Chlorophyll_A_001_phosphate_plate5.tif,4,796.000,784,832
6371,F8_01_1_2_Chlorophyll_A_001_phosphate_plate5.tif,3,816.000,800,848
6372,F8_01_1_2_Chlorophyll_A_001_phosphate_plate5.tif,1,800.000,800,800
6373,F8_01_1_2_Chlorophyll_A_001_phosphate_plate5.tif,2,840.000,800,880
6374,F8_01_1_2_Chlorophyll_A_001_phosphate_plate5.tif,2,792.000,784,800
6375,F8_01_1_2_Chlorophyll_A_001_phosphate_plate5.tif,3,853.333,816,896
6376,F8_01_1_2_Chlorophyll_A_001_phosphate_plate5.tif,1,832.000,832,832
6377,F8_01_1_2_Chlorophyll_A_001_phosphate_plate5.tif,1,928.000,928,928
6378,F8_01_1_2_Chlorophyll_A_001_phosphate_plate5.tif,1,864.000,864,864
6379,F8_01_1_2_Chlorophyll_A_001_phosphate_plate5.tif,2,816.000,784,848
6380,F8_01_1_2_Chlorophyll_A_001_phosphate_plate5.tif,1,880.000,880,880
6381,F8_01_1_2_Chlorophyll_A_001_phosphate_plate5.tif,1,816.000,816,816
6382,F8_01_1_2_Chlorophyll_A_001_phosphate_plate5.tif,1,864.000,864,864
6383,F8_01_1_2_Chlorophyll_A_001_phosphate_plate5.tif,1,784.000,784,784
6384,F8_01_1_2_Chlorophyll_A_001_phosphate_plate5.tif,1,864.000,864,864
6385,F8_01_1_2_Chlorophyll_A_001_phosphate_plate5.tif,1,800.000,800,800
6386,F8_01_1_2_Chlorophyll_A_001_phosphate_plate5.tif,1,1024.000,1024,1024
6387,F8_01_1_2_Chlorophyll_A_001_phosphate_plate5.tif,1,768.000,768,768
6388,F8_01_1_2_Chlorophyll_A_001_phosphate_plate5.tif,1,816.000,816,816
6389,F8_01_1_2_Chlorophyll_A_001_phosphate_plate5.tif,1,800.000,800,800
6390,F8_01_1_2_Chlorophyll_A_001_phosphate_plate5.tif,2,808.000,784,832
6391,F8_01_1_2_Chlorophyll_A_001_phosphate_plate5.tif,1,896.000,896,896
6392,F8_01_1_2_Chlorophyll_A_001_phosphate_plate5.tif,1,816.000,816,816
6393,F8_01_1_2_Chlorophyll_A_001_phosphate_plate5.tif,1,848.000,848,848
6394,F8_01_1_2_Chlorophyll_A_001_phosphate_plate5.tif,1,896.000,896,896
6395,F8_01_1_2_Chlorophyll_A_001_phosphate_plate5.tif,22,854.545,768,1056
6396,F8_01_1_2_Chlorophyll_A_001_phosphate_plate5.tif,3,864.000,784,960
6397,F8_01_1_2_Chlorophyll_A_001_phosphate_plate5.tif,41,868.683,768,1056
6398,F8_01_1_2_Chlorophyll_A_001_phosphate_plate5.tif,98,890.449,768,1200
6399,F8_01_1_2_Chlorophyll_A_001_phosphate_plate5.tif,54,887.704,768,1152
6400,F8_01_1_2_Chlorophyll_A_001_phosphate_plate5.tif,13,958.769,784,1104
6401,F8_01_1_2_Chlorophyll_A_001_phosphate_plate5.tif,1,784.000,784,784
6402,F8_01_1_2_Chlorophyll_A_001_phosphate_plate5.tif,3,789.333,784,800
6403,F8_01_1_2_Chlorophyll_A_001_phosphate_plate5.tif,3,842.667,816,880
6404,F8_01_1_2_Chlorophyll_A_001_phosphate_plate5.tif,2,864.000,768,960
6405,F8_01_1_2_Chlorophyll_A_001_phosphate_plate5.tif,1,832.000,832,832
6406,F8_01_1_2_Chlorophyll_A_001_phosphate_plate5.tif,3,832.000,768,896
6407,F8_01_1_2_Chlorophyll_A_001_phosphate_plate5.tif,5,822.400,768,864
6408,F8_01_1_2_Chlorophyll_A_001_phosphate_plate5.tif,1,768.000,768,768
6409,F8_01_1_2_Chlorophyll_A_001_phosphate_plate5.tif,183,1540.809,768,8528
6410,F8_01_1_2_Chlorophyll_A_001_phosphate_plate5.tif,20,828.800,768,960
6411,F8_01_1_2_Chlorophyll_A_001_phosphate_plate5.tif,1,800.000,800,800
6412,F8_01_1_2_Chlorophyll_A_001_phosphate_plate5.tif,1,896.000,896,896
6413,F8_01_1_2_Chlorophyll_A_001_phosphate_plate5.tif,1,784.000,784,784
6414,F8_01_1_2_Chlorophyll_A_001_phosphate_plate5.tif,1,1024.000,1024,1024
6415,F8_01_1_2_Chlorophyll_A_001_phosphate_plate5.tif,1,784.000,784,784
6416,F8_01_1_2_Chlorophyll_A_001_phosphate_plate5.tif,1,768.000,768,768
6417,F8_01_1_2_Chlorophyll_A_001_phosphate_plate5.tif,2,872.000,768,976
6418,F8_01_1_2_Chlorophyll_A_001_phosphate_plate5.tif,2,816.000,816,816
6419,F8_01_1_2_Chlorophyll_A_001_phosphate_plate5.tif,1,768.000,768,768
6420,F8_01_1_2_Chlorophyll_A_001_phosphate_plate5.tif,1,768.000,768,768
6421,F8_01_1_2_Chlorophyll_A_001_phosphate_plate5.tif,2,824.000,784,864
6422,F8_01_1_2_Chlorophyll_A_001_phosphate_plate5.tif,2,824.000,784,864
6423,F8_01_1_2_Chlorophyll_A_001_phosphate_plate5.tif,1,800.000,800,800
6424,F8_01_1_2_Chlorophyll_A_001_phosphate_plate5.tif,1,928.000,928,928
6425,F8_01_1_2_Chlorophyll_A_001_phosphate_plate5.tif,1,768.000,768,768
6426,F8_01_1_2_Chlorophyll_A_001_phosphate_plate5.tif,1,928.000,928,928
6427,F8_01_1_2_Chlorophyll_A_001_phosphate_plate5.tif,1,816.000,816,816
6428,F8_01_1_2_Chlorophyll_A_001_phosphate_plate5.tif,1,896.000,896,896
6429,F8_01_1_2_Chlorophyll_A_001_phosphate_plate5.tif,3,816.000,768,864
6430,F8_01_1_2_Chlorophyll_A_001_phosphate_plate5.tif,1,864.000,864,864
6431,F8_01_1_2_Chlorophyll_A_001_phosphate_plate5.tif,1,800.000,800,800
6432,F8_01_1_2_Chlorophyll_A_001_phosphate_plate5.tif,1,800.000,800,800
6433,F8_01_1_2_Chlorophyll_A_001_phosphate_plate5.tif,1,784.000,784,784
6434,F8_01_1_2_Chlorophyll_A_001_phosphate_plate5.tif,3,805.333,768,848
6435,F8_01_1_2_Chlorophyll_A_001_phosphate_plate5.tif,1,816.000,816,816
6436,F8_01_1_2_Chlorophyll_A_001_phosphate_plate5.tif,1,1008.000,1008,1008
6437,F8_01_1_2_Chlorophyll_A_001_phosphate_plate5.tif,1,768.000,768,768
6438,F8_01_1_2_Chlorophyll_A_001_phosphate_plate5.tif,1,864.000,864,864
6439,F8_01_1_2_Chlorophyll_A_001_phosphate_plate5.tif,2,832.000,816,848
6440,F8_01_1_2_Chlorophyll_A_001_phosphate_plate5.tif,10,865.600,784,928
6441,F8_01_1_2_Chlorophyll_A_001_phosphate_plate5.tif,33,854.788,768,1008
6442,F8_01_1_2_Chlorophyll_A_001_phosphate_plate5.tif,17,903.529,784,1056
6443,F8_01_1_2_Chlorophyll_A_001_phosphate_plate5.tif,26,875.692,768,1024
6444,F8_01_1_2_Chlorophyll_A_001_phosphate_plate5.tif,22,890.909,768,1040
6445,F8_01_1_2_Chlorophyll_A_001_phosphate_plate5.tif,26,904.000,768,1120
6446,F8_01_1_2_Chlorophyll_A_001_phosphate_plate5.tif,18,869.333,768,1056
6447,F8_01_1_2_Chlorophyll_A_001_phosphate_plate5.tif,2,776.000,768,784
6448,F8_01_1_2_Chlorophyll_A_001_phosphate_plate5.tif,1,800.000,800,800
6449,F8_01_1_2_Chlorophyll_A_001_phosphate_plate5.tif,2,808.000,768,848
6450,F8_01_1_2_Chlorophyll_A_001_phosphate_plate5.tif,2,784.000,784,784
6451,F8_01_1_2_Chlorophyll_A_001_phosphate_plate5.tif,1,768.000,768,768
6452,F8_01_1_2_Chlorophyll_A_001_phosphate_plate5.tif,1,944.000,944,944
6453,F8_01_1_2_Chlorophyll_A_001_phosphate_plate5.tif,4,792.000,784,800
6454,F8_01_1_2_Chlorophyll_A_001_phosphate_plate5.tif,2,784.000,768,800
6455,F8_01_1_2_Chlorophyll_A_001_phosphate_plate5.tif,3,800.000,784,816
6456,F8_01_1_2_Chlorophyll_A_001_phosphate_plate5.tif,2,880.000,784,976
6457,F8_01_1_2_Chlorophyll_A_001_phosphate_plate5.tif,3,880.000,784,976
6458,F8_01_1_2_Chlorophyll_A_001_phosphate_plate5.tif,3,789.333,768,816
6459,F8_01_1_2_Chlorophyll_A_001_phosphate_plate5.tif,1,768.000,768,768
6460,F8_01_1_2_Chlorophyll_A_001_phosphate_plate5.tif,1,896.000,896,896
6461,F8_01_1_2_Chlorophyll_A_001_phosphate_plate5.tif,2,856.000,816,896
6462,F8_01_1_2_Chlorophyll_A_001_phosphate_plate5.tif,1,784.000,784,784
6463,F8_01_1_2_Chlorophyll_A_001_phosphate_plate5.tif,3,874.667,848,912
6464,F8_01_1_2_Chlorophyll_A_001_phosphate_plate5.tif,1,928.000,928,928
6465,F8_01_1_2_Chlorophyll_A_001_phosphate_plate5.tif,1,896.000,896,896
6466,F8_01_1_2_Chlorophyll_A_001_phosphate_plate5.tif,5,867.200,816,992
6467,F8_01_1_2_Chlorophyll_A_001_phosphate_plate5.tif,1,768.000,768,768
6468,F8_01_1_2_Chlorophyll_A_001_phosphate_plate5.tif,1,912.000,912,912
6469,F8_01_1_2_Chlorophyll_A_001_phosphate_plate5.tif,2,816.000,784,848
6470,F8_01_1_2_Chlorophyll_A_001_phosphate_plate5.tif,1,784.000,784,784
6471,F8_01_1_2_Chlorophyll_A_001_phosphate_plate5.tif,1,768.000,768,768
6472,F8_01_1_2_Chlorophyll_A_001_phosphate_plate5.tif,2,968.000,848,1088
6473,F8_01_1_2_Chlorophyll_A_001_phosphate_plate5.tif,1,784.000,784,784
6474,F8_01_1_2_Chlorophyll_A_001_phosphate_plate5.tif,2,800.000,800,800
6475,F8_01_1_2_Chlorophyll_A_001_phosphate_plate5.tif,4,856.000,800,1008
6476,F8_01_1_2_Chlorophyll_A_001_phosphate_plate5.tif,4,836.000,800,944
6477,F8_01_1_2_Chlorophyll_A_001_phosphate_plate5.tif,1,768.000,768,768
6478,F8_01_1_2_Chlorophyll_A_001_phosphate_plate5.tif,1,848.000,848,848
6479,F8_01_1_2_Chlorophyll_A_001_phosphate_plate5.tif,1,912.000,912,912
6480,F8_01_1_2_Chlorophyll_A_001_phosphate_plate5.tif,3,826.667,784,848
6481,F8_01_1_2_Chlorophyll_A_001_phosphate_plate5.tif,2,952.000,848,1056
6482,F8_01_1_2_Chlorophyll_A_001_phosphate_plate5.tif,1,768.000,768,768
6483,F8_01_1_2_Chlorophyll_A_001_phosphate_plate5.tif,1,848.000,848,848
6484,F8_01_1_2_Chlorophyll_A_001_phosphate_plate5.tif,1,768.000,768,768
6485,F8_01_1_2_Chlorophyll_A_001_phosphate_plate5.tif,1,768.000,768,768
6486,F8_01_1_2_Chlorophyll_A_001_phosphate_plate5.tif,23,899.478,768,1056
6487,F8_01_1_2_Chlorophyll_A_001_phosphate_plate5.tif,34,874.824,768,1088
6488,F8_01_1_2_Chlorophyll_A_001_phosphate_plate5.tif,11,862.545,784,976
6489,F8_01_1_2_Chlorophyll_A_001_phosphate_plate5.tif,65,870.154,768,1104
6490,F8_01_1_2_Chlorophyll_A_001_phosphate_plate5.tif,20,863.200,768,1072
6491,F8_01_1_2_Chlorophyll_A_001_phosphate_plate5.tif,3,848.000,768,912
6492,F8_01_1_2_Chlorophyll_A_001_phosphate_plate5.tif,2,768.000,768,768
6493,F8_01_1_2_Chlorophyll_A_001_phosphate_plate5.tif,12,872.000,784,1008
6494,F8_01_1_2_Chlorophyll_A_001_phosphate_plate5.tif,2,848.000,832,864
6495,F8_01_1_2_Chlorophyll_A_001_phosphate_plate5.tif,9,872.889,800,992
6496,F8_01_1_2_Chlorophyll_A_001_phosphate_plate5.tif,1,912.000,912,912
6497,F8_01_1_2_Chlorophyll_A_001_phosphate_plate5.tif,6,821.333,784,880
6498,F8_01_1_2_Chlorophyll_A_001_phosphate_plate5.tif,8,832.000,768,960
6499,F8_01_1_2_Chlorophyll_A_001_phosphate_plate5.tif,3,869.333,768,1024
6500,F8_01_1_2_Chlorophyll_A_001_phosphate_plate5.tif,1,768.000,768,768
6501,F8_01_1_2_Chlorophyll_A_001_phosphate_plate5.tif,1,800.000,800,800
6502,F8_01_1_2_Chlorophyll_A_001_phosphate_plate5.tif,1,896.000,896,896
6503,F8_01_1_2_Chlorophyll_A_001_phosphate_plate5.tif,1,896.000,896,896
6504,F8_01_1_2_Chlorophyll_A_001_phosphate_plate5.tif,1,832.000,832,832
6505,F8_01_1_2_Chlorophyll_A_001_phosphate_plate5.tif,1,992.000,992,992
6506,F8_01_1_2_Chlorophyll_A_001_phosphate_plate5.tif,2,864.000,832,896
6507,F8_01_1_2_Chlorophyll_A_001_phosphate_plate5.tif,2,784.000,784,784
6508,F8_01_1_2_Chlorophyll_A_001_phosphate_plate5.tif,1,768.000,768,768
6509,F8_01_1_2_Chlorophyll_A_001_phosphate_plate5.tif,1,800.000,800,800
6510,F8_01_1_2_Chlorophyll_A_001_phosphate_plate5.tif,1,784.000,784,784
6511,F8_01_1_2_Chlorophyll_A_001_phosphate_plate5.tif,2,792.000,784,800
6512,F8_01_1_2_Chlorophyll_A_001_phosphate_plate5.tif,1,944.000,944,944
6513,F8_01_1_2_Chlorophyll_A_001_phosphate_plate5.tif,6,856.000,816,912
6514,F8_01_1_2_Chlorophyll_A_001_phosphate_plate5.tif,2,768.000,768,768
6515,F8_01_1_2_Chlorophyll_A_001_phosphate_plate5.tif,2,824.000,768,880
6516,F8_01_1_2_Chlorophyll_A_001_phosphate_plate5.tif,4,844.000,800,928
6517,F8_01_1_2_Chlorophyll_A_001_phosphate_plate5.tif,2,800.000,800,800
6518,F8_01_1_2_Chlorophyll_A_001_phosphate_plate5.tif,1,800.000,800,800
6519,F8_01_1_2_Chlorophyll_A_001_phosphate_plate5.tif,2,776.000,768,784
6520,F8_01_1_2_Chlorophyll_A_001_phosphate_plate5.tif,1,848.000,848,848
6521,F8_01_1_2_Chlorophyll_A_001_phosphate_plate5.tif,1,880.000,880,880
6522,F8_01_1_2_Chlorophyll_A_001_phosphate_plate5.tif,3,842.667,784,944
6523,F8_01_1_2_Chlorophyll_A_001_phosphate_plate5.tif,1,768.000,768,768
6524,F8_01_1_2_Chlorophyll_A_001_phosphate_plate5.tif,1,848.000,848,848
6525,F8_01_1_2_Chlorophyll_A_001_phosphate_plate5.tif,1,800.000,800,800
6526,F8_01_1_2_Chlorophyll_A_001_phosphate_plate5.tif,3,858.667,784,944
6527,F8_01_1_2_Chlorophyll_A_001_phosphate_plate5.tif,1,880.000,880,880
6528,F8_01_1_2_Chlorophyll_A_001_phosphate_plate5.tif,2,816.000,768,864
6529,F8_01_1_2_Chlorophyll_A_001_phosphate_plate5.tif,2,800.000,768,832
6530,F8_01_1_2_Chlorophyll_A_001_phosphate_plate5.tif,1,928.000,928,928
6531,F8_01_1_2_Chlorophyll_A_001_phosphate_plate5.tif,1,816.000,816,816
6532,F8_01_1_2_Chlorophyll_A_001_phosphate_plate5.tif,2,776.000,768,784
6533,F8_01_1_2_Chlorophyll_A_001_phosphate_plate5.tif,1,768.000,768,768
6534,F8_01_1_2_Chlorophyll_A_001_phosphate_plate5.tif,1,816.000,816,816
6535,F8_01_1_2_Chlorophyll_A_001_phosphate_plate5.tif,1,816.000,816,816
6536,F8_01_1_2_Chlorophyll_A_001_phosphate_plate5.tif,41,900.683,768,1088
6537,F8_01_1_2_Chlorophyll_A_001_phosphate_plate5.tif,61,872.918,768,1136
6538,F8_01_1_2_Chlorophyll_A_001_phosphate_plate5.tif,75,885.120,768,1184
6539,F8_01_1_2_Chlorophyll_A_001_phosphate_plate5.tif,40,910.800,784,1136
6540,F8_01_1_2_Chlorophyll_A_001_phosphate_plate5.tif,19,822.737,768,896
6541,F8_01_1_2_Chlorophyll_A_001_phosphate_plate5.tif,2,864.000,800,928
6542,F8_01_1_2_Chlorophyll_A_001_phosphate_plate5.tif,1,1024.000,1024,1024
6543,F8_01_1_2_Chlorophyll_A_001_phosphate_plate5.tif,2,776.000,768,784
6544,F8_01_1_2_Chlorophyll_A_001_phosphate_plate5.tif,30,841.067,768,992
6545,F8_01_1_2_Chlorophyll_A_001_phosphate_plate5.tif,1,944.000,944,944
6546,F8_01_1_2_Chlorophyll_A_001_phosphate_plate5.tif,12,854.667,768,1008
6547,F8_01_1_2_Chlorophyll_A_001_phosphate_plate5.tif,2,872.000,784,960
6548,F8_01_1_2_Chlorophyll_A_001_phosphate_plate5.tif,1,960.000,960,960
6549,F8_01_1_2_Chlorophyll_A_001_phosphate_plate5.tif,4,832.000,784,960
6550,F8_01_1_2_Chlorophyll_A_001_phosphate_plate5.tif,1,768.000,768,768
6551,F8_01_1_2_Chlorophyll_A_001_phosphate_plate5.tif,4,808.000,768,896
6552,F8_01_1_2_Chlorophyll_A_001_phosphate_plate5.tif,1,864.000,864,864
6553,F8_01_1_2_Chlorophyll_A_001_phosphate_plate5.tif,1,800.000,800,800
6554,F8_01_1_2_Chlorophyll_A_001_phosphate_plate5.tif,9,840.889,768,928
6555,F8_01_1_2_Chlorophyll_A_001_phosphate_plate5.tif,6,829.333,800,880
6556,F8_01_1_2_Chlorophyll_A_001_phosphate_plate5.tif,1,848.000,848,848
6557,F8_01_1_2_Chlorophyll_A_001_phosphate_plate5.tif,3,794.667,768,816
6558,F8_01_1_2_Chlorophyll_A_001_phosphate_plate5.tif,1,912.000,912,912
6559,F8_01_1_2_Chlorophyll_A_001_phosphate_plate5.tif,3,810.667,768,848
6560,F8_01_1_2_Chlorophyll_A_001_phosphate_plate5.tif,2,800.000,800,800
6561,F8_01_1_2_Chlorophyll_A_001_phosphate_plate5.tif,1,864.000,864,864
6562,F8_01_1_2_Chlorophyll_A_001_phosphate_plate5.tif,2,880.000,880,880
6563,F8_01_1_2_Chlorophyll_A_001_phosphate_plate5.tif,4,836.000,784,912
6564,F8_01_1_2_Chlorophyll_A_001_phosphate_plate5.tif,2,856.000,800,912
6565,F8_01_1_2_Chlorophyll_A_001_phosphate_plate5.tif,2,944.000,896,992
6566,F8_01_1_2_Chlorophyll_A_001_phosphate_plate5.tif,1,768.000,768,768
6567,F8_01_1_2_Chlorophyll_A_001_phosphate_plate5.tif,1,784.000,784,784
6568,F8_01_1_2_Chlorophyll_A_001_phosphate_plate5.tif,1,800.000,800,800
6569,F8_01_1_2_Chlorophyll_A_001_phosphate_plate5.tif,2,984.000,976,992
6570,F8_01_1_2_Chlorophyll_A_001_phosphate_plate5.tif,3,816.000,784,864
6571,F8_01_1_2_Chlorophyll_A_001_phosphate_plate5.tif,1,768.000,768,768
6572,F8_01_1_2_Chlorophyll_A_001_phosphate_plate5.tif,120,3120.933,768,27840
6573,F8_01_1_2_Chlorophyll_A_001_phosphate_plate5.tif,2,776.000,768,784
6574,F8_01_1_2_Chlorophyll_A_001_phosphate_plate5.tif,4,908.000,864,1008
6575,F8_01_1_2_Chlorophyll_A_001_phosphate_plate5.tif,2,816.000,768,864
6576,F8_01_1_2_Chlorophyll_A_001_phosphate_plate5.tif,1,800.000,800,800
6577,F8_01_1_2_Chlorophyll_A_001_phosphate_plate5.tif,2,832.000,800,864
6578,F8_01_1_2_Chlorophyll_A_001_phosphate_plate5.tif,1,848.000,848,848
6579,F8_01_1_2_Chlorophyll_A_001_phosphate_plate5.tif,1,784.000,784,784
6580,F8_01_1_2_Chlorophyll_A_001_phosphate_plate5.tif,1,768.000,768,768
6581,F8_01_1_2_Chlorophyll_A_001_phosphate_plate5.tif,4,848.000,800,912
6582,F8_01_1_2_Chlorophyll_A_001_phosphate_plate5.tif,1,800.000,800,800
6583,F8_01_1_2_Chlorophyll_A_001_phosphate_plate5.tif,3,789.333,768,800
6584,F8_01_1_2_Chlorophyll_A_001_phosphate_plate5.tif,1,912.000,912,912
6585,F8_01_1_2_Chlorophyll_A_001_phosphate_plate5.tif,1,768.000,768,768
6586,F8_01_1_2_Chlorophyll_A_001_phosphate_plate5.tif,1,800.000,800,800
6587,F8_01_1_2_Chlorophyll_A_001_phosphate_plate5.tif,1,816.000,816,816
6588,F8_01_1_2_Chlorophyll_A_001_phosphate_plate5.tif,1,864.000,864,864
6589,F8_01_1_2_Chlorophyll_A_001_phosphate_plate5.tif,2,864.000,848,880
6590,F8_01_1_2_Chlorophyll_A_001_phosphate_plate5.tif,1,800.000,800,800
6591,F8_01_1_2_Chlorophyll_A_001_phosphate_plate5.tif,1,784.000,784,784
6592,F8_01_1_2_Chlorophyll_A_001_phosphate_plate5.tif,2,808.000,784,832
6593,F8_01_1_2_Chlorophyll_A_001_phosphate_plate5.tif,1,848.000,848,848
6594,F8_01_1_2_Chlorophyll_A_001_phosphate_plate5.tif,1,944.000,944,944
6595,F8_01_1_2_Chlorophyll_A_001_phosphate_plate5.tif,2,840.000,768,912
6596,F8_01_1_2_Chlorophyll_A_001_phosphate_plate5.tif,2,848.000,800,896
6597,F8_01_1_2_Chlorophyll_A_001_phosphate_plate5.tif,6,848.000,800,912
6598,F8_01_1_2_Chlorophyll_A_001_phosphate_plate5.tif,2,816.000,800,832
6599,F8_01_1_2_Chlorophyll_A_001_phosphate_plate5.tif,1,960.000,960,960
6600,F8_01_1_2_Chlorophyll_A_001_phosphate_plate5.tif,1,816.000,816,816
6601,F8_01_1_2_Chlorophyll_A_001_phosphate_plate5.tif,40,865.200,768,1072
6602,F8_01_1_2_Chlorophyll_A_001_phosphate_plate5.tif,28,894.857,768,1168
6603,F8_01_1_2_Chlorophyll_A_001_phosphate_plate5.tif,23,924.522,768,1168
6604,F8_01_1_2_Chlorophyll_A_001_phosphate_plate5.tif,1,896.000,896,896
6605,F8_01_1_2_Chlorophyll_A_001_phosphate_plate5.tif,7,859.429,784,1040
6606,F8_01_1_2_Chlorophyll_A_001_phosphate_plate5.tif,2,792.000,784,800
6607,F8_01_1_2_Chlorophyll_A_001_phosphate_plate5.tif,1,848.000,848,848
6608,F8_01_1_2_Chlorophyll_A_001_phosphate_plate5.tif,1,816.000,816,816
6609,F8_01_1_2_Chlorophyll_A_001_phosphate_plate5.tif,4,876.000,800,976
6610,F8_01_1_2_Chlorophyll_A_001_phosphate_plate5.tif,2,792.000,768,816
6611,F8_01_1_2_Chlorophyll_A_001_phosphate_plate5.tif,2,792.000,768,816
6612,F8_01_1_2_Chlorophyll_A_001_phosphate_plate5.tif,11,811.636,768,960
6613,F8_01_1_2_Chlorophyll_A_001_phosphate_plate5.tif,3,789.333,768,816
6614,F8_01_1_2_Chlorophyll_A_001_phosphate_plate5.tif,1,880.000,880,880
6615,F8_01_1_2_Chlorophyll_A_001_phosphate_plate5.tif,1,768.000,768,768
6616,F8_01_1_2_Chlorophyll_A_001_phosphate_plate5.tif,3,784.000,768,816
6617,F8_01_1_2_Chlorophyll_A_001_phosphate_plate5.tif,5,851.200,784,992
6618,F8_01_1_2_Chlorophyll_A_001_phosphate_plate5.tif,1,800.000,800,800
6619,F8_01_1_2_Chlorophyll_A_001_phosphate_plate5.tif,2,896.000,880,912
6620,F8_01_1_2_Chlorophyll_A_001_phosphate_plate5.tif,1,880.000,880,880
6621,F8_01_1_2_Chlorophyll_A_001_phosphate_plate5.tif,1,832.000,832,832
6622,F8_01_1_2_Chlorophyll_A_001_phosphate_plate5.tif,1,880.000,880,880
6623,F8_01_1_2_Chlorophyll_A_001_phosphate_plate5.tif,1,768.000,768,768
6624,F8_01_1_2_Chlorophyll_A_001_phosphate_plate5.tif,1,800.000,800,800
6625,F8_01_1_2_Chlorophyll_A_001_phosphate_plate5.tif,2,792.000,768,816
6626,F8_01_1_2_Chlorophyll_A_001_phosphate_plate5.tif,2,840.000,784,896
6627,F8_01_1_2_Chlorophyll_A_001_phosphate_plate5.tif,1,880.000,880,880
6628,F8_01_1_2_Chlorophyll_A_001_phosphate_plate5.tif,2,904.000,848,960
6629,F8_01_1_2_Chlorophyll_A_001_phosphate_plate5.tif,1,944.000,944,944
6630,F8_01_1_2_Chlorophyll_A_001_phosphate_plate5.tif,1,768.000,768,768
6631,F8_01_1_2_Chlorophyll_A_001_phosphate_plate5.tif,1,768.000,768,768
6632,F8_01_1_2_Chlorophyll_A_001_phosphate_plate5.tif,1,768.000,768,768
6633,F8_01_1_2_Chlorophyll_A_001_phosphate_plate5.tif,76,997.895,768,1760
6634,F8_01_1_2_Chlorophyll_A_001_phosphate_plate5.tif,1,784.000,784,784
6635,F8_01_1_2_Chlorophyll_A_001_phosphate_plate5.tif,1,880.000,880,880
6636,F8_01_1_2_Chlorophyll_A_001_phosphate_plate5.tif,4,796.000,768,816
6637,F8_01_1_2_Chlorophyll_A_001_phosphate_plate5.tif,78,866.462,768,1136
6638,F8_01_1_2_Chlorophyll_A_001_phosphate_plate5.tif,41,901.854,768,1232
6639,F8_01_1_2_Chlorophyll_A_001_phosphate_plate5.tif,54,899.556,768,1184
6640,F8_01_1_2_Chlorophyll_A_001_phosphate_plate5.tif,3,805.333,800,816
6641,F8_01_1_2_Chlorophyll_A_001_phosphate_plate5.tif,1,864.000,864,864
6642,F8_01_1_2_Chlorophyll_A_001_phosphate_plate5.tif,1,848.000,848,848
6643,F8_01_1_2_Chlorophyll_A_001_phosphate_plate5.tif,1,944.000,944,944
6644,F8_01_1_2_Chlorophyll_A_001_phosphate_plate5.tif,3,816.000,784,864
6645,F8_01_1_2_Chlorophyll_A_001_phosphate_plate5.tif,1,864.000,864,864
6646,F8_01_1_2_Chlorophyll_A_001_phosphate_plate5.tif,3,842.667,768,960
6647,F8_01_1_2_Chlorophyll_A_001_phosphate_plate5.tif,25,840.960,768,976
6648,F8_01_1_2_Chlorophyll_A_001_phosphate_plate5.tif,5,848.000,784,928
6649,F8_01_1_2_Chlorophyll_A_001_phosphate_plate5.tif,4,836.000,784,896
6650,F8_01_1_2_Chlorophyll_A_001_phosphate_plate5.tif,3,874.667,784,960
6651,F8_01_1_2_Chlorophyll_A_001_phosphate_plate5.tif,1,960.000,960,960
6652,F8_01_1_2_Chlorophyll_A_001_phosphate_plate5.tif,1,1056.000,1056,1056
6653,F8_01_1_2_Chlorophyll_A_001_phosphate_plate5.tif,3,880.000,768,960
6654,F8_01_1_2_Chlorophyll_A_001_phosphate_plate5.tif,1,944.000,944,944
6655,F8_01_1_2_Chlorophyll_A_001_phosphate_plate5.tif,1,768.000,768,768
6656,F8_01_1_2_Chlorophyll_A_001_phosphate_plate5.tif,2,800.000,784,816
6657,F8_01_1_2_Chlorophyll_A_001_phosphate_plate5.tif,1,816.000,816,816
6658,F8_01_1_2_Chlorophyll_A_001_phosphate_plate5.tif,3,810.667,768,880
6659,F8_01_1_2_Chlorophyll_A_001_phosphate_plate5.tif,1,832.000,832,832
6660,F8_01_1_2_Chlorophyll_A_001_phosphate_plate5.tif,1,928.000,928,928
6661,F8_01_1_2_Chlorophyll_A_001_phosphate_plate5.tif,1,768.000,768,768
6662,F8_01_1_2_Chlorophyll_A_001_phosphate_plate5.tif,2,808.000,800,816
6663,F8_01_1_2_Chlorophyll_A_001_phosphate_plate5.tif,7,813.714,768,912
6664,F8_01_1_2_Chlorophyll_A_001_phosphate_plate5.tif,3,810.667,768,848
6665,F8_01_1_2_Chlorophyll_A_001_phosphate_plate5.tif,1,816.000,816,816
6666,F8_01_1_2_Chlorophyll_A_001_phosphate_plate5.tif,1,960.000,960,960
6667,F8_01_1_2_Chlorophyll_A_001_phosphate_plate5.tif,2,848.000,784,912
6668,F8_01_1_2_Chlorophyll_A_001_phosphate_plate5.tif,2,832.000,768,896
6669,F8_01_1_2_Chlorophyll_A_001_phosphate_plate5.tif,2,872.000,816,928
6670,F8_01_1_2_Chlorophyll_A_001_phosphate_plate5.tif,1,800.000,800,800
6671,F8_01_1_2_Chlorophyll_A_001_phosphate_plate5.tif,1,784.000,784,784
6672,F8_01_1_2_Chlorophyll_A_001_phosphate_plate5.tif,1,768.000,768,768
6673,F8_01_1_2_Chlorophyll_A_001_phosphate_plate5.tif,1,848.000,848,848
6674,F8_01_1_2_Chlorophyll_A_001_phosphate_plate5.tif,2,824.000,816,832
6675,F8_01_1_2_Chlorophyll_A_001_phosphate_plate5.tif,1,800.000,800,800
6676,F8_01_1_2_Chlorophyll_A_001_phosphate_plate5.tif,1,800.000,800,800
6677,F8_01_1_2_Chlorophyll_A_001_phosphate_plate5.tif,1,832.000,832,832
6678,F8_01_1_2_Chlorophyll_A_001_phosphate_plate5.tif,1,848.000,848,848
6679,F8_01_1_2_Chlorophyll_A_001_phosphate_plate5.tif,1,768.000,768,768
6680,F8_01_1_2_Chlorophyll_A_001_phosphate_plate5.tif,1,864.000,864,864
6681,F8_01_1_2_Chlorophyll_A_001_phosphate_plate5.tif,2,864.000,848,880
6682,F8_01_1_2_Chlorophyll_A_001_phosphate_plate5.tif,1,800.000,800,800
6683,F8_01_1_2_Chlorophyll_A_001_phosphate_plate5.tif,2,800.000,800,800
6684,F8_01_1_2_Chlorophyll_A_001_phosphate_plate5.tif,1,816.000,816,816
6685,F8_01_1_2_Chlorophyll_A_001_phosphate_plate5.tif,1,816.000,816,816
6686,F8_01_1_2_Chlorophyll_A_001_phosphate_plate5.tif,1,784.000,784,784
6687,F8_01_1_2_Chlorophyll_A_001_phosphate_plate5.tif,1,928.000,928,928
6688,F8_01_1_2_Chlorophyll_A_001_phosphate_plate5.tif,1,864.000,864,864
6689,F8_01_1_2_Chlorophyll_A_001_phosphate_plate5.tif,1,896.000,896,896
6690,F8_01_1_2_Chlorophyll_A_001_phosphate_plate5.tif,1,784.000,784,784
6691,F8_01_1_2_Chlorophyll_A_001_phosphate_plate5.tif,1,864.000,864,864
6692,F8_01_1_2_Chlorophyll_A_001_phosphate_plate5.tif,1,784.000,784,784
6693,F8_01_1_2_Chlorophyll_A_001_phosphate_plate5.tif,1,768.000,768,768
6694,F8_01_1_2_Chlorophyll_A_001_phosphate_plate5.tif,2,832.000,800,864
6695,F8_01_1_2_Chlorophyll_A_001_phosphate_plate5.tif,1,880.000,880,880
6696,F8_01_1_2_Chlorophyll_A_001_phosphate_plate5.tif,1,800.000,800,800
6697,F8_01_1_2_Chlorophyll_A_001_phosphate_plate5.tif,1,848.000,848,848
6698,F8_01_1_2_Chlorophyll_A_001_phosphate_plate5.tif,2,824.000,800,848
6699,F8_01_1_2_Chlorophyll_A_001_phosphate_plate5.tif,1,912.000,912,912
6700,F8_01_1_2_Chlorophyll_A_001_phosphate_plate5.tif,2,840.000,800,880
6701,F8_01_1_2_Chlorophyll_A_001_phosphate_plate5.tif,1,816.000,816,816
6702,F8_01_1_2_Chlorophyll_A_001_phosphate_plate5.tif,2,832.000,800,864
6703,F8_01_1_2_Chlorophyll_A_001_phosphate_plate5.tif,1,800.000,800,800
6704,F8_01_1_2_Chlorophyll_A_001_phosphate_plate5.tif,2,888.000,768,1008
6705,F8_01_1_2_Chlorophyll_A_001_phosphate_plate5.tif,21,899.048,768,1072
6706,F8_01_1_2_Chlorophyll_A_001_phosphate_plate5.tif,2,816.000,800,832
6707,F8_01_1_2_Chlorophyll_A_001_phosphate_plate5.tif,18,830.222,768,992
6708,F8_01_1_2_Chlorophyll_A_001_phosphate_plate5.tif,4,848.000,768,1072
6709,F8_01_1_2_Chlorophyll_A_001_phosphate_plate5.tif,1,784.000,784,784
6710,F8_01_1_2_Chlorophyll_A_001_phosphate_plate5.tif,2,832.000,800,864
6711,F8_01_1_2_Chlorophyll_A_001_phosphate_plate5.tif,4,828.000,768,896
6712,F8_01_1_2_Chlorophyll_A_001_phosphate_plate5.tif,1,816.000,816,816
6713,F8_01_1_2_Chlorophyll_A_001_phosphate_plate5.tif,2,872.000,864,880
6714,F8_01_1_2_Chlorophyll_A_001_phosphate_plate5.tif,1,864.000,864,864
6715,F8_01_1_2_Chlorophyll_A_001_phosphate_plate5.tif,1,800.000,800,800
6716,F8_01_1_2_Chlorophyll_A_001_phosphate_plate5.tif,1,768.000,768,768
6717,F8_01_1_2_Chlorophyll_A_001_phosphate_plate5.tif,1,800.000,800,800
6718,F8_01_1_2_Chlorophyll_A_001_phosphate_plate5.tif,1,768.000,768,768
6719,F8_01_1_2_Chlorophyll_A_001_phosphate_plate5.tif,1,816.000,816,816
6720,F8_01_1_2_Chlorophyll_A_001_phosphate_plate5.tif,2,888.000,800,976
6721,F8_01_1_2_Chlorophyll_A_001_phosphate_plate5.tif,1,832.000,832,832
6722,F8_01_1_2_Chlorophyll_A_001_phosphate_plate5.tif,1,768.000,768,768
6723,F8_01_1_2_Chlorophyll_A_001_phosphate_plate5.tif,1,768.000,768,768
6724,F8_01_1_2_Chlorophyll_A_001_phosphate_plate5.tif,1,800.000,800,800
6725,F8_01_1_2_Chlorophyll_A_001_phosphate_plate5.tif,3,874.667,784,944
6726,F8_01_1_2_Chlorophyll_A_001_phosphate_plate5.tif,1,848.000,848,848
6727,F8_01_1_2_Chlorophyll_A_001_phosphate_plate5.tif,1,816.000,816,816
6728,F8_01_1_2_Chlorophyll_A_001_phosphate_plate5.tif,1,768.000,768,768
6729,F8_01_1_2_Chlorophyll_A_001_phosphate_plate5.tif,1,912.000,912,912
6730,F8_01_1_2_Chlorophyll_A_001_phosphate_plate5.tif,3,842.667,800,880
6731,F8_01_1_2_Chlorophyll_A_001_phosphate_plate5.tif,1,768.000,768,768
6732,F8_01_1_2_Chlorophyll_A_001_phosphate_plate5.tif,2,800.000,768,832
6733,F8_01_1_2_Chlorophyll_A_001_phosphate_plate5.tif,1,800.000,800,800
6734,F8_01_1_2_Chlorophyll_A_001_phosphate_plate5.tif,2,880.000,864,896
6735,F8_01_1_2_Chlorophyll_A_001_phosphate_plate5.tif,23,883.478,768,1088
6736,F8_01_1_2_Chlorophyll_A_001_phosphate_plate5.tif,46,861.565,768,1104
6737,F8_01_1_2_Chlorophyll_A_001_phosphate_plate5.tif,1,816.000,816,816
6738,F8_01_1_2_Chlorophyll_A_001_phosphate_plate5.tif,3,794.667,768,832
6739,F8_01_1_2_Chlorophyll_A_001_phosphate_plate5.tif,2,792.000,768,816
6740,F8_01_1_2_Chlorophyll_A_001_phosphate_plate5.tif,1,784.000,784,784
6741,F8_01_1_2_Chlorophyll_A_001_phosphate_plate5.tif,2,800.000,784,816
6742,F8_01_1_2_Chlorophyll_A_001_phosphate_plate5.tif,10,844.800,768,1024
6743,F8_01_1_2_Chlorophyll_A_001_phosphate_plate5.tif,2,904.000,864,944
6744,F8_01_1_2_Chlorophyll_A_001_phosphate_plate5.tif,1,880.000,880,880
6745,F8_01_1_2_Chlorophyll_A_001_phosphate_plate5.tif,10,824.000,784,912
6746,F8_01_1_2_Chlorophyll_A_001_phosphate_plate5.tif,1,768.000,768,768
6747,F8_01_1_2_Chlorophyll_A_001_phosphate_plate5.tif,1,880.000,880,880
6748,F8_01_1_2_Chlorophyll_A_001_phosphate_plate5.tif,1,816.000,816,816
6749,F8_01_1_2_Chlorophyll_A_001_phosphate_plate5.tif,2,880.000,864,896
6750,F8_01_1_2_Chlorophyll_A_001_phosphate_plate5.tif,2,816.000,816,816
6751,F8_01_1_2_Chlorophyll_A_001_phosphate_plate5.tif,2,856.000,832,880
6752,F8_01_1_2_Chlorophyll_A_001_phosphate_plate5.tif,1,832.000,832,832
6753,F8_01_1_2_Chlorophyll_A_001_phosphate_plate5.tif,1,816.000,816,816
6754,F8_01_1_2_Chlorophyll_A_001_phosphate_plate5.tif,2,816.000,800,832
6755,F8_01_1_2_Chlorophyll_A_001_phosphate_plate5.tif,1,816.000,816,816
6756,F8_01_1_2_Chlorophyll_A_001_phosphate_plate5.tif,2,816.000,816,816
6757,F8_01_1_2_Chlorophyll_A_001_phosphate_plate5.tif,2,840.000,832,848
6758,F8_01_1_2_Chlorophyll_A_001_phosphate_plate5.tif,1,784.000,784,784
6759,F8_01_1_2_Chlorophyll_A_001_phosphate_plate5.tif,1,896.000,896,896
6760,F8_01_1_2_Chlorophyll_A_001_phosphate_plate5.tif,1,800.000,800,800
6761,F8_01_1_2_Chlorophyll_A_001_phosphate_plate5.tif,1,768.000,768,768
6762,F8_01_1_2_Chlorophyll_A_001_phosphate_plate5.tif,1,768.000,768,768
6763,F8_01_1_2_Chlorophyll_A_001_phosphate_plate5.tif,1,768.000,768,768
6764,F8_01_1_2_Chlorophyll_A_001_phosphate_plate5.tif,1,768.000,768,768
6765,F8_01_1_2_Chlorophyll_A_001_phosphate_plate5.tif,1,944.000,944,944
6766,F8_01_1_2_Chlorophyll_A_001_phosphate_plate5.tif,1,784.000,784,784
6767,F8_01_1_2_Chlorophyll_A_001_phosphate_plate5.tif,1,832.000,832,832
6768,F8_01_1_2_Chlorophyll_A_001_phosphate_plate5.tif,1,800.000,800,800
6769,F8_01_1_2_Chlorophyll_A_001_phosphate_plate5.tif,2,832.000,768,896
6770,F8_01_1_2_Chlorophyll_A_001_phosphate_plate5.tif,1,800.000,800,800
6771,F8_01_1_2_Chlorophyll_A_001_phosphate_plate5.tif,1,992.000,992,992
6772,F8_01_1_2_Chlorophyll_A_001_phosphate_plate5.tif,1,768.000,768,768
6773,F8_01_1_2_Chlorophyll_A_001_phosphate_plate5.tif,2,784.000,768,800
6774,F8_01_1_2_Chlorophyll_A_001_phosphate_plate5.tif,1,864.000,864,864
6775,F8_01_1_2_Chlorophyll_A_001_phosphate_plate5.tif,2,856.000,816,896
6776,F8_01_1_2_Chlorophyll_A_001_phosphate_plate5.tif,1,864.000,864,864
6777,F8_01_1_2_Chlorophyll_A_001_phosphate_plate5.tif,1,800.000,800,800
6778,F8_01_1_2_Chlorophyll_A_001_phosphate_plate5.tif,1,800.000,800,800
6779,F8_01_1_2_Chlorophyll_A_001_phosphate_plate5.tif,1,768.000,768,768
6780,F8_01_1_2_Chlorophyll_A_001_phosphate_plate5.tif,1,880.000,880,880
6781,F8_01_1_2_Chlorophyll_A_001_phosphate_plate5.tif,1,800.000,800,800
6782,F8_01_1_2_Chlorophyll_A_001_phosphate_plate5.tif,1,816.000,816,816
6783,F8_01_1_2_Chlorophyll_A_001_phosphate_plate5.tif,5,848.000,800,944
6784,F8_01_1_2_Chlorophyll_A_001_phosphate_plate5.tif,1,1008.000,1008,1008
6785,F8_01_1_2_Chlorophyll_A_001_phosphate_plate5.tif,29,912.552,768,1200
6786,F8_01_1_2_Chlorophyll_A_001_phosphate_plate5.tif,48,855.667,768,1168
6787,F8_01_1_2_Chlorophyll_A_001_phosphate_plate5.tif,48,858.667,768,1136
6788,F8_01_1_2_Chlorophyll_A_001_phosphate_plate5.tif,12,849.333,768,960
6789,F8_01_1_2_Chlorophyll_A_001_phosphate_plate5.tif,9,872.889,768,992
6790,F8_01_1_2_Chlorophyll_A_001_phosphate_plate5.tif,1,800.000,800,800
6791,F8_01_1_2_Chlorophyll_A_001_phosphate_plate5.tif,1,816.000,816,816
6792,F8_01_1_2_Chlorophyll_A_001_phosphate_plate5.tif,1,880.000,880,880
6793,F8_01_1_2_Chlorophyll_A_001_phosphate_plate5.tif,3,816.000,768,864
6794,F8_01_1_2_Chlorophyll_A_001_phosphate_plate5.tif,2,856.000,784,928
6795,F8_01_1_2_Chlorophyll_A_001_phosphate_plate5.tif,4,884.000,784,976
6796,F8_01_1_2_Chlorophyll_A_001_phosphate_plate5.tif,2,864.000,784,944
6797,F8_01_1_2_Chlorophyll_A_001_phosphate_plate5.tif,1,928.000,928,928
6798,F8_01_1_2_Chlorophyll_A_001_phosphate_plate5.tif,1,800.000,800,800
6799,F8_01_1_2_Chlorophyll_A_001_phosphate_plate5.tif,2,776.000,768,784
6800,F8_01_1_2_Chlorophyll_A_001_phosphate_plate5.tif,5,854.400,768,944
6801,F8_01_1_2_Chlorophyll_A_001_phosphate_plate5.tif,1,784.000,784,784
6802,F8_01_1_2_Chlorophyll_A_001_phosphate_plate5.tif,1,816.000,816,816
6803,F8_01_1_2_Chlorophyll_A_001_phosphate_plate5.tif,4,816.000,768,864
6804,F8_01_1_2_Chlorophyll_A_001_phosphate_plate5.tif,2,792.000,768,816
6805,F8_01_1_2_Chlorophyll_A_001_phosphate_plate5.tif,1,800.000,800,800
6806,F8_01_1_2_Chlorophyll_A_001_phosphate_plate5.tif,3,874.667,816,960
6807,F8_01_1_2_Chlorophyll_A_001_phosphate_plate5.tif,2,816.000,800,832
6808,F8_01_1_2_Chlorophyll_A_001_phosphate_plate5.tif,1,816.000,816,816
6809,F8_01_1_2_Chlorophyll_A_001_phosphate_plate5.tif,1,832.000,832,832
6810,F8_01_1_2_Chlorophyll_A_001_phosphate_plate5.tif,2,888.000,848,928
6811,F8_01_1_2_Chlorophyll_A_001_phosphate_plate5.tif,1,768.000,768,768
6812,F8_01_1_2_Chlorophyll_A_001_phosphate_plate5.tif,1,800.000,800,800
6813,F8_01_1_2_Chlorophyll_A_001_phosphate_plate5.tif,1,896.000,896,896
6814,F8_01_1_2_Chlorophyll_A_001_phosphate_plate5.tif,1,800.000,800,800
6815,F8_01_1_2_Chlorophyll_A_001_phosphate_plate5.tif,1,768.000,768,768
6816,F8_01_1_2_Chlorophyll_A_001_phosphate_plate5.tif,2,832.000,784,880
6817,F8_01_1_2_Chlorophyll_A_001_phosphate_plate5.tif,1,848.000,848,848
6818,F8_01_1_2_Chlorophyll_A_001_phosphate_plate5.tif,1,800.000,800,800
6819,F8_01_1_2_Chlorophyll_A_001_phosphate_plate5.tif,1,768.000,768,768
6820,F8_01_1_2_Chlorophyll_A_001_phosphate_plate5.tif,1,784.000,784,784
6821,F8_01_1_2_Chlorophyll_A_001_phosphate_plate5.tif,2,824.000,784,864
6822,F8_01_1_2_Chlorophyll_A_001_phosphate_plate5.tif,1,816.000,816,816
6823,F8_01_1_2_Chlorophyll_A_001_phosphate_plate5.tif,1,864.000,864,864
6824,F8_01_1_2_Chlorophyll_A_001_phosphate_plate5.tif,1,864.000,864,864
6825,F8_01_1_2_Chlorophyll_A_001_phosphate_plate5.tif,1,800.000,800,800
6826,F8_01_1_2_Chlorophyll_A_001_phosphate_plate5.tif,1,800.000,800,800
6827,F8_01_1_2_Chlorophyll_A_001_phosphate_plate5.tif,5,806.400,768,832
6828,F8_01_1_2_Chlorophyll_A_001_phosphate_plate5.tif,2,848.000,816,880
6829,F8_01_1_2_Chlorophyll_A_001_phosphate_plate5.tif,2,840.000,816,864
6830,F8_01_1_2_Chlorophyll_A_001_phosphate_plate5.tif,2,840.000,816,864
6831,F8_01_1_2_Chlorophyll_A_001_phosphate_plate5.tif,2,952.000,896,1008
6832,F8_01_1_2_Chlorophyll_A_001_phosphate_plate5.tif,48,870.667,768,1040
6833,F8_01_1_2_Chlorophyll_A_001_phosphate_plate5.tif,16,900.000,768,1104
6834,F8_01_1_2_Chlorophyll_A_001_phosphate_plate5.tif,42,877.714,768,1184
6835,F8_01_1_2_Chlorophyll_A_001_phosphate_plate5.tif,7,836.571,784,944
6836,F8_01_1_2_Chlorophyll_A_001_phosphate_plate5.tif,97,862.680,768,1200
6837,F8_01_1_2_Chlorophyll_A_001_phosphate_plate5.tif,115,846.887,768,1088
6838,F8_01_1_2_Chlorophyll_A_001_phosphate_plate5.tif,1,800.000,800,800
6839,F8_01_1_2_Chlorophyll_A_001_phosphate_plate5.tif,5,883.200,784,1008
6840,F8_01_1_2_Chlorophyll_A_001_phosphate_plate5.tif,2,848.000,784,912
6841,F8_01_1_2_Chlorophyll_A_001_phosphate_plate5.tif,8,812.000,768,864
6842,F8_01_1_2_Chlorophyll_A_001_phosphate_plate5.tif,3,821.333,800,864
6843,F8_01_1_2_Chlorophyll_A_001_phosphate_plate5.tif,2,856.000,848,864
6844,F8_01_1_2_Chlorophyll_A_001_phosphate_plate5.tif,3,842.667,816,880
6845,F8_01_1_2_Chlorophyll_A_001_phosphate_plate5.tif,1,864.000,864,864
6846,F8_01_1_2_Chlorophyll_A_001_phosphate_plate5.tif,2,920.000,912,928
6847,F8_01_1_2_Chlorophyll_A_001_phosphate_plate5.tif,1,816.000,816,816
6848,F8_01_1_2_Chlorophyll_A_001_phosphate_plate5.tif,1,768.000,768,768
6849,F8_01_1_2_Chlorophyll_A_001_phosphate_plate5.tif,1,800.000,800,800
6850,F8_01_1_2_Chlorophyll_A_001_phosphate_plate5.tif,1,848.000,848,848
6851,F8_01_1_2_Chlorophyll_A_001_phosphate_plate5.tif,1,896.000,896,896
6852,F8_01_1_2_Chlorophyll_A_001_phosphate_plate5.tif,1,848.000,848,848
6853,F8_01_1_2_Chlorophyll_A_001_phosphate_plate5.tif,2,888.000,800,976
6854,F8_01_1_2_Chlorophyll_A_001_phosphate_plate5.tif,1,848.000,848,848
6855,F8_01_1_2_Chlorophyll_A_001_phosphate_plate5.tif,2,816.000,784,848
6856,F8_01_1_2_Chlorophyll_A_001_phosphate_plate5.tif,1,784.000,784,784
6857,F8_01_1_2_Chlorophyll_A_001_phosphate_plate5.tif,1,768.000,768,768
6858,F8_01_1_2_Chlorophyll_A_001_phosphate_plate5.tif,3,848.000,768,912
6859,F8_01_1_2_Chlorophyll_A_001_phosphate_plate5.tif,1,816.000,816,816
6860,F8_01_1_2_Chlorophyll_A_001_phosphate_plate5.tif,1,768.000,768,768
6861,F8_01_1_2_Chlorophyll_A_001_phosphate_plate5.tif,6,818.667,768,928
6862,F8_01_1_2_Chlorophyll_A_001_phosphate_plate5.tif,2,896.000,848,944
6863,F8_01_1_2_Chlorophyll_A_001_phosphate_plate5.tif,1,928.000,928,928
6864,F8_01_1_2_Chlorophyll_A_001_phosphate_plate5.tif,2,784.000,784,784
6865,F8_01_1_2_Chlorophyll_A_001_phosphate_plate5.tif,2,824.000,800,848
6866,F8_01_1_2_Chlorophyll_A_001_phosphate_plate5.tif,1,800.000,800,800
6867,F8_01_1_2_Chlorophyll_A_001_phosphate_plate5.tif,1,864.000,864,864
6868,F8_01_1_2_Chlorophyll_A_001_phosphate_plate5.tif,1,944.000,944,944
6869,F8_01_1_2_Chlorophyll_A_001_phosphate_plate5.tif,2,832.000,800,864
6870,F8_01_1_2_Chlorophyll_A_001_phosphate_plate5.tif,97,2611.299,768,12016
6871,F8_01_1_2_Chlorophyll_A_001_phosphate_plate5.tif,1,848.000,848,848
6872,F8_01_1_2_Chlorophyll_A_001_phosphate_plate5.tif,1,960.000,960,960
6873,F8_01_1_2_Chlorophyll_A_001_phosphate_plate5.tif,7,848.000,768,928
6874,F8_01_1_2_Chlorophyll_A_001_phosphate_plate5.tif,1,864.000,864,864
6875,F8_01_1_2_Chlorophyll_A_001_phosphate_plate5.tif,1,800.000,800,800
6876,F8_01_1_2_Chlorophyll_A_001_phosphate_plate5.tif,1,864.000,864,864
6877,F8_01_1_2_Chlorophyll_A_001_phosphate_plate5.tif,2,792.000,784,800
6878,F8_01_1_2_Chlorophyll_A_001_phosphate_plate5.tif,2,960.000,848,1072
6879,F8_01_1_2_Chlorophyll_A_001_phosphate_plate5.tif,112,879.714,768,1264
6880,F8_01_1_2_Chlorophyll_A_001_phosphate_plate5.tif,92,878.261,768,1104
6881,F8_01_1_2_Chlorophyll_A_001_phosphate_plate5.tif,1,864.000,864,864
6882,F8_01_1_2_Chlorophyll_A_001_phosphate_plate5.tif,3,810.667,768,848
6883,F8_01_1_2_Chlorophyll_A_001_phosphate_plate5.tif,1,768.000,768,768
6884,F8_01_1_2_Chlorophyll_A_001_phosphate_plate5.tif,1,816.000,816,816
6885,F8_01_1_2_Chlorophyll_A_001_phosphate_plate5.tif,2,880.000,800,960
6886,F8_01_1_2_Chlorophyll_A_001_phosphate_plate5.tif,21,841.905,768,1024
6887,F8_01_1_2_Chlorophyll_A_001_phosphate_plate5.tif,2,840.000,816,864
6888,F8_01_1_2_Chlorophyll_A_001_phosphate_plate5.tif,5,819.200,784,880
6889,F8_01_1_2_Chlorophyll_A_001_phosphate_plate5.tif,2,904.000,896,912
6890,F8_01_1_2_Chlorophyll_A_001_phosphate_plate5.tif,3,805.333,784,832
6891,F8_01_1_2_Chlorophyll_A_001_phosphate_plate5.tif,2,824.000,768,880
6892,F8_01_1_2_Chlorophyll_A_001_phosphate_plate5.tif,2,880.000,816,944
6893,F8_01_1_2_Chlorophyll_A_001_phosphate_plate5.tif,4,816.000,768,864
6894,F8_01_1_2_Chlorophyll_A_001_phosphate_plate5.tif,2,800.000,768,832
6895,F8_01_1_2_Chlorophyll_A_001_phosphate_plate5.tif,1,848.000,848,848
6896,F8_01_1_2_Chlorophyll_A_001_phosphate_plate5.tif,2,832.000,784,880
6897,F8_01_1_2_Chlorophyll_A_001_phosphate_plate5.tif,2,824.000,784,864
6898,F8_01_1_2_Chlorophyll_A_001_phosphate_plate5.tif,2,952.000,896,1008
6899,F8_01_1_2_Chlorophyll_A_001_phosphate_plate5.tif,3,826.667,784,880
6900,F8_01_1_2_Chlorophyll_A_001_phosphate_plate5.tif,1,800.000,800,800
6901,F8_01_1_2_Chlorophyll_A_001_phosphate_plate5.tif,2,880.000,832,928
6902,F8_01_1_2_Chlorophyll_A_001_phosphate_plate5.tif,1,848.000,848,848
6903,F8_01_1_2_Chlorophyll_A_001_phosphate_plate5.tif,2,784.000,784,784
6904,F8_01_1_2_Chlorophyll_A_001_phosphate_plate5.tif,1,832.000,832,832
6905,F8_01_1_2_Chlorophyll_A_001_phosphate_plate5.tif,1,880.000,880,880
6906,F8_01_1_2_Chlorophyll_A_001_phosphate_plate5.tif,1,832.000,832,832
6907,F8_01_1_2_Chlorophyll_A_001_phosphate_plate5.tif,2,800.000,784,816
6908,F8_01_1_2_Chlorophyll_A_001_phosphate_plate5.tif,2,784.000,768,800
6909,F8_01_1_2_Chlorophyll_A_001_phosphate_plate5.tif,1,768.000,768,768
6910,F8_01_1_2_Chlorophyll_A_001_phosphate_plate5.tif,1,816.000,816,816
6911,F8_01_1_2_Chlorophyll_A_001_phosphate_plate5.tif,2,848.000,816,880
6912,F8_01_1_2_Chlorophyll_A_001_phosphate_plate5.tif,1,800.000,800,800
6913,F8_01_1_2_Chlorophyll_A_001_phosphate_plate5.tif,1,800.000,800,800
6914,F8_01_1_2_Chlorophyll_A_001_phosphate_plate5.tif,1,784.000,784,784
6915,F8_01_1_2_Chlorophyll_A_001_phosphate_plate5.tif,1,768.000,768,768
6916,F8_01_1_2_Chlorophyll_A_001_phosphate_plate5.tif,1,784.000,784,784
6917,F8_01_1_2_Chlorophyll_A_001_phosphate_plate5.tif,1,880.000,880,880
6918,F8_01_1_2_Chlorophyll_A_001_phosphate_plate5.tif,1,960.000,960,960
6919,F8_01_1_2_Chlorophyll_A_001_phosphate_plate5.tif,3,805.333,768,832
6920,F8_01_1_2_Chlorophyll_A_001_phosphate_plate5.tif,1,816.000,816,816
6921,F8_01_1_2_Chlorophyll_A_001_phosphate_plate5.tif,1,784.000,784,784
6922,F8_01_1_2_Chlorophyll_A_001_phosphate_plate5.tif,1,784.000,784,784
6923,F8_01_1_2_Chlorophyll_A_001_phosphate_plate5.tif,3,805.333,768,848
6924,F8_01_1_2_Chlorophyll_A_001_phosphate_plate5.tif,2,888.000,880,896
6925,F8_01_1_2_Chlorophyll_A_001_phosphate_plate5.tif,1,912.000,912,912
6926,F8_01_1_2_Chlorophyll_A_001_phosphate_plate5.tif,1,816.000,816,816
6927,F8_01_1_2_Chlorophyll_A_001_phosphate_plate5.tif,4,840.000,768,960
6928,F8_01_1_2_Chlorophyll_A_001_phosphate_plate5.tif,2,824.000,768,880
6929,F8_01_1_2_Chlorophyll_A_001_phosphate_plate5.tif,4,876.000,784,944
6930,F8_01_1_2_Chlorophyll_A_001_phosphate_plate5.tif,6,850.667,768,960
6931,F8_01_1_2_Chlorophyll_A_001_phosphate_plate5.tif,1,896.000,896,896
6932,F8_01_1_2_Chlorophyll_A_001_phosphate_plate5.tif,104,893.077,768,1184
6933,F8_01_1_2_Chlorophyll_A_001_phosphate_plate5.tif,37,897.297,768,1088
6934,F8_01_1_2_Chlorophyll_A_001_phosphate_plate5.tif,1,800.000,800,800
6935,F8_01_1_2_Chlorophyll_A_001_phosphate_plate5.tif,101,868.119,768,1200
6936,F8_01_1_2_Chlorophyll_A_001_phosphate_plate5.tif,50,873.600,768,1088
6937,F8_01_1_2_Chlorophyll_A_001_phosphate_plate5.tif,6,888.000,768,1040
6938,F8_01_1_2_Chlorophyll_A_001_phosphate_plate5.tif,2,832.000,800,864
6939,F8_01_1_2_Chlorophyll_A_001_phosphate_plate5.tif,4,908.000,848,976
6940,F8_01_1_2_Chlorophyll_A_001_phosphate_plate5.tif,2,816.000,768,864
6941,F8_01_1_2_Chlorophyll_A_001_phosphate_plate5.tif,1,784.000,784,784
6942,F8_01_1_2_Chlorophyll_A_001_phosphate_plate5.tif,6,840.000,768,960
6943,F8_01_1_2_Chlorophyll_A_001_phosphate_plate5.tif,26,849.231,784,976
6944,F8_01_1_2_Chlorophyll_A_001_phosphate_plate5.tif,10,801.600,768,864
6945,F8_01_1_2_Chlorophyll_A_001_phosphate_plate5.tif,1,768.000,768,768
6946,F8_01_1_2_Chlorophyll_A_001_phosphate_plate5.tif,1,768.000,768,768
6947,F8_01_1_2_Chlorophyll_A_001_phosphate_plate5.tif,1,800.000,800,800
6948,F8_01_1_2_Chlorophyll_A_001_phosphate_plate5.tif,1,768.000,768,768
6949,F8_01_1_2_Chlorophyll_A_001_phosphate_plate5.tif,1,768.000,768,768
6950,F8_01_1_2_Chlorophyll_A_001_phosphate_plate5.tif,2,832.000,784,880
6951,F8_01_1_2_Chlorophyll_A_001_phosphate_plate5.tif,1,832.000,832,832
6952,F8_01_1_2_Chlorophyll_A_001_phosphate_plate5.tif,1,784.000,784,784
6953,F8_01_1_2_Chlorophyll_A_001_phosphate_plate5.tif,1,768.000,768,768
6954,F8_01_1_2_Chlorophyll_A_001_phosphate_plate5.tif,5,857.600,768,976
6955,F8_01_1_2_Chlorophyll_A_001_phosphate_plate5.tif,1,784.000,784,784
6956,F8_01_1_2_Chlorophyll_A_001_phosphate_plate5.tif,2,800.000,800,800
6957,F8_01_1_2_Chlorophyll_A_001_phosphate_plate5.tif,1,880.000,880,880
6958,F8_01_1_2_Chlorophyll_A_001_phosphate_plate5.tif,1,784.000,784,784
6959,F8_01_1_2_Chlorophyll_A_001_phosphate_plate5.tif,4,800.000,768,832
6960,F8_01_1_2_Chlorophyll_A_001_phosphate_plate5.tif,1,816.000,816,816
6961,F8_01_1_2_Chlorophyll_A_001_phosphate_plate5.tif,1,784.000,784,784
6962,F8_01_1_2_Chlorophyll_A_001_phosphate_plate5.tif,6,810.667,768,864
6963,F8_01_1_2_Chlorophyll_A_001_phosphate_plate5.tif,1,768.000,768,768
6964,F8_01_1_2_Chlorophyll_A_001_phosphate_plate5.tif,1,832.000,832,832
6965,F8_01_1_2_Chlorophyll_A_001_phosphate_plate5.tif,1,976.000,976,976
6966,F8_01_1_2_Chlorophyll_A_001_phosphate_plate5.tif,1,912.000,912,912
6967,F8_01_1_2_Chlorophyll_A_001_phosphate_plate5.tif,1,864.000,864,864
6968,F8_01_1_2_Chlorophyll_A_001_phosphate_plate5.tif,1,768.000,768,768
6969,F8_01_1_2_Chlorophyll_A_001_phosphate_plate5.tif,1,1072.000,1072,1072
6970,F8_01_1_2_Chlorophyll_A_001_phosphate_plate5.tif,4,840.000,800,928
6971,F8_01_1_2_Chlorophyll_A_001_phosphate_plate5.tif,1,1056.000,1056,1056
6972,F8_01_1_2_Chlorophyll_A_001_phosphate_plate5.tif,1,800.000,800,800
6973,F8_01_1_2_Chlorophyll_A_001_phosphate_plate5.tif,1,816.000,816,816
6974,F8_01_1_2_Chlorophyll_A_001_phosphate_plate5.tif,1,784.000,784,784
6975,F8_01_1_2_Chlorophyll_A_001_phosphate_plate5.tif,4,840.000,816,864
6976,F8_01_1_2_Chlorophyll_A_001_phosphate_plate5.tif,1,784.000,784,784
6977,F8_01_1_2_Chlorophyll_A_001_phosphate_plate5.tif,1,816.000,816,816
6978,F8_01_1_2_Chlorophyll_A_001_phosphate_plate5.tif,1,880.000,880,880
6979,F8_01_1_2_Chlorophyll_A_001_phosphate_plate5.tif,1,928.000,928,928
6980,F8_01_1_2_Chlorophyll_A_001_phosphate_plate5.tif,2,824.000,816,832
6981,F8_01_1_2_Chlorophyll_A_001_phosphate_plate5.tif,5,857.600,784,960
6982,F8_01_1_2_Chlorophyll_A_001_phosphate_plate5.tif,2,864.000,784,944
6983,F8_01_1_2_Chlorophyll_A_001_phosphate_plate5.tif,4,836.000,800,880
6984,F8_01_1_2_Chlorophyll_A_001_phosphate_plate5.tif,25,891.520,768,1072
6985,F8_01_1_2_Chlorophyll_A_001_phosphate_plate5.tif,41,877.659,768,1168
6986,F8_01_1_2_Chlorophyll_A_001_phosphate_plate5.tif,63,886.095,768,1040
6987,F8_01_1_2_Chlorophyll_A_001_phosphate_plate5.tif,38,864.421,768,1024
6988,F8_01_1_2_Chlorophyll_A_001_phosphate_plate5.tif,81,899.160,768,1216
6989,F8_01_1_2_Chlorophyll_A_001_phosphate_plate5.tif,27,912.593,784,1104
6990,F8_01_1_2_Chlorophyll_A_001_phosphate_plate5.tif,1,992.000,992,992
6991,F8_01_1_2_Chlorophyll_A_001_phosphate_plate5.tif,2,864.000,768,960
6992,F8_01_1_2_Chlorophyll_A_001_phosphate_plate5.tif,1,912.000,912,912
6993,F8_01_1_2_Chlorophyll_A_001_phosphate_plate5.tif,1,880.000,880,880
6994,F8_01_1_2_Chlorophyll_A_001_phosphate_plate5.tif,1,816.000,816,816
6995,F8_01_1_2_Chlorophyll_A_001_phosphate_plate5.tif,1,784.000,784,784
6996,F8_01_1_2_Chlorophyll_A_001_phosphate_plate5.tif,2,792.000,784,800
6997,F8_01_1_2_Chlorophyll_A_001_phosphate_plate5.tif,1,864.000,864,864
6998,F8_01_1_2_Chlorophyll_A_001_phosphate_plate5.tif,1,1136.000,1136,1136
6999,F8_01_1_2_Chlorophyll_A_001_phosphate_plate5.tif,1,880.000,880,880
7000,F8_01_1_2_Chlorophyll_A_001_phosphate_plate5.tif,2,768.000,768,768
7001,F8_01_1_2_Chlorophyll_A_001_phosphate_plate5.tif,3,832.000,832,832
7002,F8_01_1_2_Chlorophyll_A_001_phosphate_plate5.tif,1,784.000,784,784
7003,F8_01_1_2_Chlorophyll_A_001_phosphate_plate5.tif,2,864.000,816,912
7004,F8_01_1_2_Chlorophyll_A_001_phosphate_plate5.tif,1,848.000,848,848
7005,F8_01_1_2_Chlorophyll_A_001_phosphate_plate5.tif,1,848.000,848,848
7006,F8_01_1_2_Chlorophyll_A_001_phosphate_plate5.tif,3,853.333,768,976
7007,F8_01_1_2_Chlorophyll_A_001_phosphate_plate5.tif,1,800.000,800,800
7008,F8_01_1_2_Chlorophyll_A_001_phosphate_plate5.tif,3,869.333,768,928
7009,F8_01_1_2_Chlorophyll_A_001_phosphate_plate5.tif,2,864.000,784,944
7010,F8_01_1_2_Chlorophyll_A_001_phosphate_plate5.tif,3,826.667,784,880
7011,F8_01_1_2_Chlorophyll_A_001_phosphate_plate5.tif,6,834.667,768,1008
7012,F8_01_1_2_Chlorophyll_A_001_phosphate_plate5.tif,1,800.000,800,800
7013,F8_01_1_2_Chlorophyll_A_001_phosphate_plate5.tif,1,816.000,816,816
7014,F8_01_1_2_Chlorophyll_A_001_phosphate_plate5.tif,1,864.000,864,864
7015,F8_01_1_2_Chlorophyll_A_001_phosphate_plate5.tif,1,864.000,864,864
7016,F8_01_1_2_Chlorophyll_A_001_phosphate_plate5.tif,2,840.000,832,848
7017,F8_01_1_2_Chlorophyll_A_001_phosphate_plate5.tif,1,784.000,784,784
7018,F8_01_1_2_Chlorophyll_A_001_phosphate_plate5.tif,2,824.000,816,832
7019,F8_01_1_2_Chlorophyll_A_001_phosphate_plate5.tif,1,848.000,848,848
7020,F8_01_1_2_Chlorophyll_A_001_phosphate_plate5.tif,2,792.000,784,800
7021,F8_01_1_2_Chlorophyll_A_001_phosphate_plate5.tif,1,864.000,864,864
7022,F8_01_1_2_Chlorophyll_A_001_phosphate_plate5.tif,3,800.000,768,848
7023,F8_01_1_2_Chlorophyll_A_001_phosphate_plate5.tif,1,880.000,880,880
7024,F8_01_1_2_Chlorophyll_A_001_phosphate_plate5.tif,2,792.000,768,816
7025,F8_01_1_2_Chlorophyll_A_001_phosphate_plate5.tif,1,912.000,912,912
7026,F8_01_1_2_Chlorophyll_A_001_phosphate_plate5.tif,1,784.000,784,784
7027,F8_01_1_2_Chlorophyll_A_001_phosphate_plate5.tif,1,880.000,880,880
7028,F8_01_1_2_Chlorophyll_A_001_phosphate_plate5.tif,7,861.714,768,976
7029,F8_01_1_2_Chlorophyll_A_001_phosphate_plate5.tif,1,768.000,768,768
7030,F8_01_1_2_Chlorophyll_A_001_phosphate_plate5.tif,20,818.400,768,912
7031,F8_01_1_2_Chlorophyll_A_001_phosphate_plate5.tif,7,918.857,816,992
7032,F8_01_1_2_Chlorophyll_A_001_phosphate_plate5.tif,72,890.000,768,1296
7033,F8_01_1_2_Chlorophyll_A_001_phosphate_plate5.tif,16,915.000,768,1040
7034,F8_01_1_2_Chlorophyll_A_001_phosphate_plate5.tif,65,898.708,768,1184
7035,F8_01_1_2_Chlorophyll_A_001_phosphate_plate5.tif,36,913.333,768,1184
7036,F8_01_1_2_Chlorophyll_A_001_phosphate_plate5.tif,2,832.000,800,864
7037,F8_01_1_2_Chlorophyll_A_001_phosphate_plate5.tif,13,824.615,768,1056
7038,F8_01_1_2_Chlorophyll_A_001_phosphate_plate5.tif,14,894.857,768,1152
7039,F8_01_1_2_Chlorophyll_A_001_phosphate_plate5.tif,8,818.000,768,928
7040,F8_01_1_2_Chlorophyll_A_001_phosphate_plate5.tif,6,832.000,768,928
7041,F8_01_1_2_Chlorophyll_A_001_phosphate_plate5.tif,1,976.000,976,976
7042,F8_01_1_2_Chlorophyll_A_001_phosphate_plate5.tif,2,904.000,768,1040
7043,F8_01_1_2_Chlorophyll_A_001_phosphate_plate5.tif,1,800.000,800,800
7044,F8_01_1_2_Chlorophyll_A_001_phosphate_plate5.tif,2,792.000,784,800
7045,F8_01_1_2_Chlorophyll_A_001_phosphate_plate5.tif,1,896.000,896,896
7046,F8_01_1_2_Chlorophyll_A_001_phosphate_plate5.tif,1,880.000,880,880
7047,F8_01_1_2_Chlorophyll_A_001_phosphate_plate5.tif,1,880.000,880,880
7048,F8_01_1_2_Chlorophyll_A_001_phosphate_plate5.tif,3,837.333,768,944
7049,F8_01_1_2_Chlorophyll_A_001_phosphate_plate5.tif,1,768.000,768,768
7050,F8_01_1_2_Chlorophyll_A_001_phosphate_plate5.tif,5,854.400,768,928
7051,F8_01_1_2_Chlorophyll_A_001_phosphate_plate5.tif,1,864.000,864,864
7052,F8_01_1_2_Chlorophyll_A_001_phosphate_plate5.tif,2,880.000,832,928
7053,F8_01_1_2_Chlorophyll_A_001_phosphate_plate5.tif,1,896.000,896,896
7054,F8_01_1_2_Chlorophyll_A_001_phosphate_plate5.tif,18,847.111,768,992
7055,F8_01_1_2_Chlorophyll_A_001_phosphate_plate5.tif,6,821.333,784,944
7056,F8_01_1_2_Chlorophyll_A_001_phosphate_plate5.tif,1,768.000,768,768
7057,F8_01_1_2_Chlorophyll_A_001_phosphate_plate5.tif,5,809.600,768,848
7058,F8_01_1_2_Chlorophyll_A_001_phosphate_plate5.tif,1,880.000,880,880
7059,F8_01_1_2_Chlorophyll_A_001_phosphate_plate5.tif,3,858.667,800,960
7060,F8_01_1_2_Chlorophyll_A_001_phosphate_plate5.tif,2,808.000,800,816
7061,F8_01_1_2_Chlorophyll_A_001_phosphate_plate5.tif,2,912.000,912,912
7062,F8_01_1_2_Chlorophyll_A_001_phosphate_plate5.tif,1,768.000,768,768
7063,F8_01_1_2_Chlorophyll_A_001_phosphate_plate5.tif,1,816.000,816,816
7064,F8_01_1_2_Chlorophyll_A_001_phosphate_plate5.tif,1,848.000,848,848
7065,F8_01_1_2_Chlorophyll_A_001_phosphate_plate5.tif,6,824.000,768,944
7066,F8_01_1_2_Chlorophyll_A_001_phosphate_plate5.tif,1,784.000,784,784
7067,F8_01_1_2_Chlorophyll_A_001_phosphate_plate5.tif,1,816.000,816,816
7068,F8_01_1_2_Chlorophyll_A_001_phosphate_plate5.tif,2,784.000,768,800
7069,F8_01_1_2_Chlorophyll_A_001_phosphate_plate5.tif,1,1008.000,1008,1008
7070,F8_01_1_2_Chlorophyll_A_001_phosphate_plate5.tif,1,816.000,816,816
7071,F8_01_1_2_Chlorophyll_A_001_phosphate_plate5.tif,1,816.000,816,816
7072,F8_01_1_2_Chlorophyll_A_001_phosphate_plate5.tif,2,824.000,800,848
7073,F8_01_1_2_Chlorophyll_A_001_phosphate_plate5.tif,2,880.000,800,960
7074,F8_01_1_2_Chlorophyll_A_001_phosphate_plate5.tif,1,816.000,816,816
7075,F8_01_1_2_Chlorophyll_A_001_phosphate_plate5.tif,1,816.000,816,816
7076,F8_01_1_2_Chlorophyll_A_001_phosphate_plate5.tif,3,789.333,768,816
7077,F8_01_1_2_Chlorophyll_A_001_phosphate_plate5.tif,2,776.000,768,784
7078,F8_01_1_2_Chlorophyll_A_001_phosphate_plate5.tif,2,888.000,880,896
7079,F8_01_1_2_Chlorophyll_A_001_phosphate_plate5.tif,1,768.000,768,768
7080,F8_01_1_2_Chlorophyll_A_001_phosphate_plate5.tif,1,816.000,816,816
7081,F8_01_1_2_Chlorophyll_A_001_phosphate_plate5.tif,1,768.000,768,768
7082,F8_01_1_2_Chlorophyll_A_001_phosphate_plate5.tif,1,768.000,768,768
7083,F8_01_1_2_Chlorophyll_A_001_phosphate_plate5.tif,1,848.000,848,848
7084,F8_01_1_2_Chlorophyll_A_001_phosphate_plate5.tif,1,832.000,832,832
7085,F8_01_1_2_Chlorophyll_A_001_phosphate_plate5.tif,10,830.400,768,944
7086,F8_01_1_2_Chlorophyll_A_001_phosphate_plate5.tif,96,866.833,768,1168
7087,F8_01_1_2_Chlorophyll_A_001_phosphate_plate5.tif,36,894.222,768,1120
7088,F8_01_1_2_Chlorophyll_A_001_phosphate_plate5.tif,53,893.283,768,1392
7089,F8_01_1_2_Chlorophyll_A_001_phosphate_plate5.tif,1,864.000,864,864
7090,F8_01_1_2_Chlorophyll_A_001_phosphate_plate5.tif,39,884.103,768,1088
7091,F8_01_1_2_Chlorophyll_A_001_phosphate_plate5.tif,78,877.128,768,1120
7092,F8_01_1_2_Chlorophyll_A_001_phosphate_plate5.tif,1,896.000,896,896
7093,F8_01_1_2_Chlorophyll_A_001_phosphate_plate5.tif,11,877.091,768,1056
7094,F8_01_1_2_Chlorophyll_A_001_phosphate_plate5.tif,4,920.000,768,1104
7095,F8_01_1_2_Chlorophyll_A_001_phosphate_plate5.tif,14,841.143,768,976
7096,F8_01_1_2_Chlorophyll_A_001_phosphate_plate5.tif,1,944.000,944,944
7097,F8_01_1_2_Chlorophyll_A_001_phosphate_plate5.tif,2,808.000,768,848
7098,F8_01_1_2_Chlorophyll_A_001_phosphate_plate5.tif,3,821.333,800,864
7099,F8_01_1_2_Chlorophyll_A_001_phosphate_plate5.tif,1,848.000,848,848
7100,F8_01_1_2_Chlorophyll_A_001_phosphate_plate5.tif,1,800.000,800,800
7101,F8_01_1_2_Chlorophyll_A_001_phosphate_plate5.tif,2,864.000,832,896
7102,F8_01_1_2_Chlorophyll_A_001_phosphate_plate5.tif,1,800.000,800,800
7103,F8_01_1_2_Chlorophyll_A_001_phosphate_plate5.tif,1,976.000,976,976
7104,F8_01_1_2_Chlorophyll_A_001_phosphate_plate5.tif,1,880.000,880,880
7105,F8_01_1_2_Chlorophyll_A_001_phosphate_plate5.tif,1,928.000,928,928
7106,F8_01_1_2_Chlorophyll_A_001_phosphate_plate5.tif,3,864.000,816,928
7107,F8_01_1_2_Chlorophyll_A_001_phosphate_plate5.tif,2,896.000,784,1008
7108,F8_01_1_2_Chlorophyll_A_001_phosphate_plate5.tif,1,768.000,768,768
7109,F8_01_1_2_Chlorophyll_A_001_phosphate_plate5.tif,1,800.000,800,800
7110,F8_01_1_2_Chlorophyll_A_001_phosphate_plate5.tif,1,768.000,768,768
7111,F8_01_1_2_Chlorophyll_A_001_phosphate_plate5.tif,3,874.667,768,944
7112,F8_01_1_2_Chlorophyll_A_001_phosphate_plate5.tif,4,820.000,800,880
7113,F8_01_1_2_Chlorophyll_A_001_phosphate_plate5.tif,1,848.000,848,848
7114,F8_01_1_2_Chlorophyll_A_001_phosphate_plate5.tif,1,880.000,880,880
7115,F8_01_1_2_Chlorophyll_A_001_phosphate_plate5.tif,1,960.000,960,960
7116,F8_01_1_2_Chlorophyll_A_001_phosphate_plate5.tif,1,768.000,768,768
7117,F8_01_1_2_Chlorophyll_A_001_phosphate_plate5.tif,1,848.000,848,848
7118,F8_01_1_2_Chlorophyll_A_001_phosphate_plate5.tif,7,829.714,768,928
7119,F8_01_1_2_Chlorophyll_A_001_phosphate_plate5.tif,2,776.000,768,784
7120,F8_01_1_2_Chlorophyll_A_001_phosphate_plate5.tif,1,800.000,800,800
7121,F8_01_1_2_Chlorophyll_A_001_phosphate_plate5.tif,1,816.000,816,816
7122,F8_01_1_2_Chlorophyll_A_001_phosphate_plate5.tif,1,784.000,784,784
7123,F8_01_1_2_Chlorophyll_A_001_phosphate_plate5.tif,2,784.000,768,800
7124,F8_01_1_2_Chlorophyll_A_001_phosphate_plate5.tif,1,768.000,768,768
7125,F8_01_1_2_Chlorophyll_A_001_phosphate_plate5.tif,2,848.000,816,880
7126,F8_01_1_2_Chlorophyll_A_001_phosphate_plate5.tif,1,960.000,960,960
7127,F8_01_1_2_Chlorophyll_A_001_phosphate_plate5.tif,2,848.000,816,880
7128,F8_01_1_2_Chlorophyll_A_001_phosphate_plate5.tif,5,793.600,768,832
7129,F8_01_1_2_Chlorophyll_A_001_phosphate_plate5.tif,1,1024.000,1024,1024
7130,F8_01_1_2_Chlorophyll_A_001_phosphate_plate5.tif,1,848.000,848,848
7131,F8_01_1_2_Chlorophyll_A_001_phosphate_plate5.tif,1,816.000,816,816
7132,F8_01_1_2_Chlorophyll_A_001_phosphate_plate5.tif,1,800.000,800,800
7133,F8_01_1_2_Chlorophyll_A_001_phosphate_plate5.tif,1,784.000,784,784
7134,F8_01_1_2_Chlorophyll_A_001_phosphate_plate5.tif,2,800.000,784,816
7135,F8_01_1_2_Chlorophyll_A_001_phosphate_plate5.tif,2,784.000,768,800
7136,F8_01_1_2_Chlorophyll_A_001_phosphate_plate5.tif,1,832.000,832,832
7137,F8_01_1_2_Chlorophyll_A_001_phosphate_plate5.tif,1,832.000,832,832
7138,F8_01_1_2_Chlorophyll_A_001_phosphate_plate5.tif,1,928.000,928,928
7139,F8_01_1_2_Chlorophyll_A_001_phosphate_plate5.tif,6,786.667,768,832
7140,F8_01_1_2_Chlorophyll_A_001_phosphate_plate5.tif,1,784.000,784,784
7141,F8_01_1_2_Chlorophyll_A_001_phosphate_plate5.tif,1,784.000,784,784
7142,F8_01_1_2_Chlorophyll_A_001_phosphate_plate5.tif,1,768.000,768,768
7143,F8_01_1_2_Chlorophyll_A_001_phosphate_plate5.tif,3,826.667,768,896
7144,F8_01_1_2_Chlorophyll_A_001_phosphate_plate5.tif,3,842.667,816,864
7145,F8_01_1_2_Chlorophyll_A_001_phosphate_plate5.tif,37,863.135,768,1120
7146,F8_01_1_2_Chlorophyll_A_001_phosphate_plate5.tif,20,920.000,768,1104
7147,F8_01_1_2_Chlorophyll_A_001_phosphate_plate5.tif,33,870.788,768,1168
7148,F8_01_1_2_Chlorophyll_A_001_phosphate_plate5.tif,31,910.452,768,1168
7149,F8_01_1_2_Chlorophyll_A_001_phosphate_plate5.tif,28,933.143,784,1184
7150,F8_01_1_2_Chlorophyll_A_001_phosphate_plate5.tif,59,871.322,768,1152
7151,F8_01_1_2_Chlorophyll_A_001_phosphate_plate5.tif,1,768.000,768,768
7152,F8_01_1_2_Chlorophyll_A_001_phosphate_plate5.tif,1,928.000,928,928
7153,F8_01_1_2_Chlorophyll_A_001_phosphate_plate5.tif,11,834.909,784,912
7154,F8_01_1_2_Chlorophyll_A_001_phosphate_plate5.tif,1,800.000,800,800
7155,F8_01_1_2_Chlorophyll_A_001_phosphate_plate5.tif,4,768.000,768,768
7156,F8_01_1_2_Chlorophyll_A_001_phosphate_plate5.tif,1,848.000,848,848
7157,F8_01_1_2_Chlorophyll_A_001_phosphate_plate5.tif,2,824.000,800,848
7158,F8_01_1_2_Chlorophyll_A_001_phosphate_plate5.tif,3,890.667,880,912
7159,F8_01_1_2_Chlorophyll_A_001_phosphate_plate5.tif,6,842.667,800,928
7160,F8_01_1_2_Chlorophyll_A_001_phosphate_plate5.tif,1,784.000,784,784
7161,F8_01_1_2_Chlorophyll_A_001_phosphate_plate5.tif,6,834.667,784,912
7162,F8_01_1_2_Chlorophyll_A_001_phosphate_plate5.tif,2,888.000,880,896
7163,F8_01_1_2_Chlorophyll_A_001_phosphate_plate5.tif,2,888.000,848,928
7164,F8_01_1_2_Chlorophyll_A_001_phosphate_plate5.tif,1,832.000,832,832
7165,F8_01_1_2_Chlorophyll_A_001_phosphate_plate5.tif,6,858.667,784,1008
7166,F8_01_1_2_Chlorophyll_A_001_phosphate_plate5.tif,2,848.000,816,880
7167,F8_01_1_2_Chlorophyll_A_001_phosphate_plate5.tif,3,933.333,880,976
7168,F8_01_1_2_Chlorophyll_A_001_phosphate_plate5.tif,6,832.000,800,848
7169,F8_01_1_2_Chlorophyll_A_001_phosphate_plate5.tif,5,812.800,768,944
7170,F8_01_1_2_Chlorophyll_A_001_phosphate_plate5.tif,3,794.667,784,800
7171,F8_01_1_2_Chlorophyll_A_001_phosphate_plate5.tif,2,856.000,848,864
7172,F8_01_1_2_Chlorophyll_A_001_phosphate_plate5.tif,1,960.000,960,960
7173,F8_01_1_2_Chlorophyll_A_001_phosphate_plate5.tif,2,800.000,800,800
7174,F8_01_1_2_Chlorophyll_A_001_phosphate_plate5.tif,2,768.000,768,768
7175,F8_01_1_2_Chlorophyll_A_001_phosphate_plate5.tif,1,816.000,816,816
7176,F8_01_1_2_Chlorophyll_A_001_phosphate_plate5.tif,1,816.000,816,816
7177,F8_01_1_2_Chlorophyll_A_001_phosphate_plate5.tif,4,832.000,800,864
7178,F8_01_1_2_Chlorophyll_A_001_phosphate_plate5.tif,2,872.000,864,880
7179,F8_01_1_2_Chlorophyll_A_001_phosphate_plate5.tif,1,768.000,768,768
7180,F8_01_1_2_Chlorophyll_A_001_phosphate_plate5.tif,2,872.000,864,880
7181,F8_01_1_2_Chlorophyll_A_001_phosphate_plate5.tif,5,880.000,800,944
7182,F8_01_1_2_Chlorophyll_A_001_phosphate_plate5.tif,3,821.333,768,896
7183,F8_01_1_2_Chlorophyll_A_001_phosphate_plate5.tif,1,768.000,768,768
7184,F8_01_1_2_Chlorophyll_A_001_phosphate_plate5.tif,4,796.000,768,816
7185,F8_01_1_2_Chlorophyll_A_001_phosphate_plate5.tif,1,800.000,800,800
7186,F8_01_1_2_Chlorophyll_A_001_phosphate_plate5.tif,2,840.000,784,896
7187,F8_01_1_2_Chlorophyll_A_001_phosphate_plate5.tif,2,872.000,848,896
7188,F8_01_1_2_Chlorophyll_A_001_phosphate_plate5.tif,2,800.000,784,816
7189,F8_01_1_2_Chlorophyll_A_001_phosphate_plate5.tif,1,816.000,816,816
7190,F8_01_1_2_Chlorophyll_A_001_phosphate_plate5.tif,7,832.000,784,928
7191,F8_01_1_2_Chlorophyll_A_001_phosphate_plate5.tif,4,832.000,800,864
7192,F8_01_1_2_Chlorophyll_A_001_phosphate_plate5.tif,2,880.000,864,896
7193,F8_01_1_2_Chlorophyll_A_001_phosphate_plate5.tif,1,784.000,784,784
7194,F8_01_1_2_Chlorophyll_A_001_phosphate_plate5.tif,2,800.000,768,832
7195,F8_01_1_2_Chlorophyll_A_001_phosphate_plate5.tif,1,960.000,960,960
7196,F8_01_1_2_Chlorophyll_A_001_phosphate_plate5.tif,13,806.154,768,848
7197,F8_01_1_2_Chlorophyll_A_001_phosphate_plate5.tif,1,768.000,768,768
7198,F8_01_1_2_Chlorophyll_A_001_phosphate_plate5.tif,7,884.571,768,1072
7199,F8_01_1_2_Chlorophyll_A_001_phosphate_plate5.tif,3,800.000,768,816
7200,F8_01_1_2_Chlorophyll_A_001_phosphate_plate5.tif,2,824.000,784,864
7201,F8_01_1_2_Chlorophyll_A_001_phosphate_plate5.tif,13,852.923,768,1008
7202,F8_01_1_2_Chlorophyll_A_001_phosphate_plate5.tif,13,865.231,768,992
7203,F8_01_1_2_Chlorophyll_A_001_phosphate_plate5.tif,47,884.085,768,1152
7204,F8_01_1_2_Chlorophyll_A_001_phosphate_plate5.tif,22,895.273,784,1072
7205,F8_01_1_2_Chlorophyll_A_001_phosphate_plate5.tif,2,856.000,848,864
7206,F8_01_1_2_Chlorophyll_A_001_phosphate_plate5.tif,2,792.000,768,816
7207,F8_01_1_2_Chlorophyll_A_001_phosphate_plate5.tif,6,882.667,800,1024
7208,F8_01_1_2_Chlorophyll_A_001_phosphate_plate5.tif,2,840.000,816,864
7209,F8_01_1_2_Chlorophyll_A_001_phosphate_plate5.tif,1,800.000,800,800
7210,F8_01_1_2_Chlorophyll_A_001_phosphate_plate5.tif,1,864.000,864,864
7211,F8_01_1_2_Chlorophyll_A_001_phosphate_plate5.tif,15,846.933,768,944
7212,F8_01_1_2_Chlorophyll_A_001_phosphate_plate5.tif,2,928.000,912,944
7213,F8_01_1_2_Chlorophyll_A_001_phosphate_plate5.tif,2,832.000,784,880
7214,F8_01_1_2_Chlorophyll_A_001_phosphate_plate5.tif,4,876.000,768,976
7215,F8_01_1_2_Chlorophyll_A_001_phosphate_plate5.tif,2,808.000,784,832
7216,F8_01_1_2_Chlorophyll_A_001_phosphate_plate5.tif,1,848.000,848,848
7217,F8_01_1_2_Chlorophyll_A_001_phosphate_plate5.tif,4,920.000,768,1072
7218,F8_01_1_2_Chlorophyll_A_001_phosphate_plate5.tif,1,976.000,976,976
7219,F8_01_1_2_Chlorophyll_A_001_phosphate_plate5.tif,2,864.000,800,928
7220,F8_01_1_2_Chlorophyll_A_001_phosphate_plate5.tif,1,992.000,992,992
7221,F8_01_1_2_Chlorophyll_A_001_phosphate_plate5.tif,1,816.000,816,816
7222,F8_01_1_2_Chlorophyll_A_001_phosphate_plate5.tif,4,812.000,768,864
7223,F8_01_1_2_Chlorophyll_A_001_phosphate_plate5.tif,1,800.000,800,800
7224,F8_01_1_2_Chlorophyll_A_001_phosphate_plate5.tif,1,768.000,768,768
7225,F8_01_1_2_Chlorophyll_A_001_phosphate_plate5.tif,2,792.000,784,800
7226,F8_01_1_2_Chlorophyll_A_001_phosphate_plate5.tif,2,864.000,784,944
7227,F8_01_1_2_Chlorophyll_A_001_phosphate_plate5.tif,1,784.000,784,784
7228,F8_01_1_2_Chlorophyll_A_001_phosphate_plate5.tif,1,816.000,816,816
7229,F8_01_1_2_Chlorophyll_A_001_phosphate_plate5.tif,2,784.000,768,800
7230,F8_01_1_2_Chlorophyll_A_001_phosphate_plate5.tif,1,768.000,768,768
7231,F8_01_1_2_Chlorophyll_A_001_phosphate_plate5.tif,1,784.000,784,784
7232,F8_01_1_2_Chlorophyll_A_001_phosphate_plate5.tif,1,800.000,800,800
7233,F8_01_1_2_Chlorophyll_A_001_phosphate_plate5.tif,2,824.000,800,848
7234,F8_01_1_2_Chlorophyll_A_001_phosphate_plate5.tif,1,832.000,832,832
7235,F8_01_1_2_Chlorophyll_A_001_phosphate_plate5.tif,2,808.000,800,816
7236,F8_01_1_2_Chlorophyll_A_001_phosphate_plate5.tif,3,794.667,784,800
7237,F8_01_1_2_Chlorophyll_A_001_phosphate_plate5.tif,2,800.000,800,800
7238,F8_01_1_2_Chlorophyll_A_001_phosphate_plate5.tif,1,800.000,800,800
7239,F8_01_1_2_Chlorophyll_A_001_phosphate_plate5.tif,1,864.000,864,864
7240,F8_01_1_2_Chlorophyll_A_001_phosphate_plate5.tif,2,792.000,768,816
7241,F8_01_1_2_Chlorophyll_A_001_phosphate_plate5.tif,1,784.000,784,784
7242,F8_01_1_2_Chlorophyll_A_001_phosphate_plate5.tif,1,784.000,784,784
7243,F8_01_1_2_Chlorophyll_A_001_phosphate_plate5.tif,1,800.000,800,800
7244,F8_01_1_2_Chlorophyll_A_001_phosphate_plate5.tif,1,784.000,784,784
7245,F8_01_1_2_Chlorophyll_A_001_phosphate_plate5.tif,2,800.000,768,832
7246,F8_01_1_2_Chlorophyll_A_001_phosphate_plate5.tif,2,840.000,784,896
7247,F8_01_1_2_Chlorophyll_A_001_phosphate_plate5.tif,3,837.333,784,928
7248,F8_01_1_2_Chlorophyll_A_001_phosphate_plate5.tif,1,816.000,816,816
7249,F8_01_1_2_Chlorophyll_A_001_phosphate_plate5.tif,1,896.000,896,896
7250,F8_01_1_2_Chlorophyll_A_001_phosphate_plate5.tif,2,832.000,784,880
7251,F8_01_1_2_Chlorophyll_A_001_phosphate_plate5.tif,1,848.000,848,848
7252,F8_01_1_2_Chlorophyll_A_001_phosphate_plate5.tif,3,784.000,768,816
7253,F8_01_1_2_Chlorophyll_A_001_phosphate_plate5.tif,6,853.333,768,928
7254,F8_01_1_2_Chlorophyll_A_001_phosphate_plate5.tif,2,808.000,800,816
7255,F8_01_1_2_Chlorophyll_A_001_phosphate_plate5.tif,2,768.000,768,768
7256,F8_01_1_2_Chlorophyll_A_001_phosphate_plate5.tif,1,784.000,784,784
7257,F8_01_1_2_Chlorophyll_A_001_phosphate_plate5.tif,9,830.222,800,944
7258,F8_01_1_2_Chlorophyll_A_001_phosphate_plate5.tif,45,896.711,768,1120
7259,F8_01_1_2_Chlorophyll_A_001_phosphate_plate5.tif,54,885.630,768,1136
7260,F8_01_1_2_Chlorophyll_A_001_phosphate_plate5.tif,23,882.087,768,1088
7261,F8_01_1_2_Chlorophyll_A_001_phosphate_plate5.tif,1,816.000,816,816
7262,F8_01_1_2_Chlorophyll_A_001_phosphate_plate5.tif,2,776.000,768,784
7263,F8_01_1_2_Chlorophyll_A_001_phosphate_plate5.tif,20,856.800,768,1024
7264,F8_01_1_2_Chlorophyll_A_001_phosphate_plate5.tif,2,816.000,800,832
7265,F8_01_1_2_Chlorophyll_A_001_phosphate_plate5.tif,19,837.053,784,1008
7266,F8_01_1_2_Chlorophyll_A_001_phosphate_plate5.tif,1,816.000,816,816
7267,F8_01_1_2_Chlorophyll_A_001_phosphate_plate5.tif,1,784.000,784,784
7268,F8_01_1_2_Chlorophyll_A_001_phosphate_plate5.tif,1,784.000,784,784
7269,F8_01_1_2_Chlorophyll_A_001_phosphate_plate5.tif,1,896.000,896,896
7270,F8_01_1_2_Chlorophyll_A_001_phosphate_plate5.tif,1,800.000,800,800
7271,F8_01_1_2_Chlorophyll_A_001_phosphate_plate5.tif,1,912.000,912,912
7272,F8_01_1_2_Chlorophyll_A_001_phosphate_plate5.tif,2,824.000,800,848
7273,F8_01_1_2_Chlorophyll_A_001_phosphate_plate5.tif,1,832.000,832,832
7274,F8_01_1_2_Chlorophyll_A_001_phosphate_plate5.tif,1,768.000,768,768
7275,F8_01_1_2_Chlorophyll_A_001_phosphate_plate5.tif,1,800.000,800,800
7276,F8_01_1_2_Chlorophyll_A_001_phosphate_plate5.tif,2,880.000,848,912
7277,F8_01_1_2_Chlorophyll_A_001_phosphate_plate5.tif,3,794.667,768,832
7278,F8_01_1_2_Chlorophyll_A_001_phosphate_plate5.tif,1,768.000,768,768
7279,F8_01_1_2_Chlorophyll_A_001_phosphate_plate5.tif,1,848.000,848,848
7280,F8_01_1_2_Chlorophyll_A_001_phosphate_plate5.tif,2,776.000,768,784
7281,F8_01_1_2_Chlorophyll_A_001_phosphate_plate5.tif,2,792.000,784,800
7282,F8_01_1_2_Chlorophyll_A_001_phosphate_plate5.tif,1,768.000,768,768
7283,F8_01_1_2_Chlorophyll_A_001_phosphate_plate5.tif,1,928.000,928,928
7284,F8_01_1_2_Chlorophyll_A_001_phosphate_plate5.tif,1,800.000,800,800
7285,F8_01_1_2_Chlorophyll_A_001_phosphate_plate5.tif,1,896.000,896,896
7286,F8_01_1_2_Chlorophyll_A_001_phosphate_plate5.tif,1,848.000,848,848
7287,F8_01_1_2_Chlorophyll_A_001_phosphate_plate5.tif,1,944.000,944,944
7288,F8_01_1_2_Chlorophyll_A_001_phosphate_plate5.tif,1,832.000,832,832
7289,F8_01_1_2_Chlorophyll_A_001_phosphate_plate5.tif,3,789.333,768,832
7290,F8_01_1_2_Chlorophyll_A_001_phosphate_plate5.tif,1,848.000,848,848
7291,F8_01_1_2_Chlorophyll_A_001_phosphate_plate5.tif,1,832.000,832,832
7292,F8_01_1_2_Chlorophyll_A_001_phosphate_plate5.tif,1,1008.000,1008,1008
7293,F8_01_1_2_Chlorophyll_A_001_phosphate_plate5.tif,2,776.000,768,784
7294,F8_01_1_2_Chlorophyll_A_001_phosphate_plate5.tif,1,768.000,768,768
7295,F8_01_1_2_Chlorophyll_A_001_phosphate_plate5.tif,1,832.000,832,832
7296,F8_01_1_2_Chlorophyll_A_001_phosphate_plate5.tif,1,864.000,864,864
7297,F8_01_1_2_Chlorophyll_A_001_phosphate_plate5.tif,4,876.000,784,1056
7298,F8_01_1_2_Chlorophyll_A_001_phosphate_plate5.tif,3,832.000,768,880
7299,F8_01_1_2_Chlorophyll_A_001_phosphate_plate5.tif,1,816.000,816,816
7300,F8_01_1_2_Chlorophyll_A_001_phosphate_plate5.tif,1,800.000,800,800
7301,F8_01_1_2_Chlorophyll_A_001_phosphate_plate5.tif,1,864.000,864,864
7302,F8_01_1_2_Chlorophyll_A_001_phosphate_plate5.tif,5,819.200,768,896
7303,F8_01_1_2_Chlorophyll_A_001_phosphate_plate5.tif,1,800.000,800,800
7304,F8_01_1_2_Chlorophyll_A_001_phosphate_plate5.tif,2,832.000,816,848
7305,F8_01_1_2_Chlorophyll_A_001_phosphate_plate5.tif,2,856.000,816,896
7306,F8_01_1_2_Chlorophyll_A_001_phosphate_plate5.tif,8,812.000,768,864
7307,F8_01_1_2_Chlorophyll_A_001_phosphate_plate5.tif,1,864.000,864,864
7308,F8_01_1_2_Chlorophyll_A_001_phosphate_plate5.tif,9,821.333,768,880
7309,F8_01_1_2_Chlorophyll_A_001_phosphate_plate5.tif,2,872.000,784,960
7310,F8_01_1_2_Chlorophyll_A_001_phosphate_plate5.tif,47,868.766,768,1120
7311,F8_01_1_2_Chlorophyll_A_001_phosphate_plate5.tif,9,872.889,784,1024
7312,F8_01_1_2_Chlorophyll_A_001_phosphate_plate5.tif,4,892.000,800,944
7313,F8_01_1_2_Chlorophyll_A_001_phosphate_plate5.tif,2,816.000,768,864
7314,F8_01_1_2_Chlorophyll_A_001_phosphate_plate5.tif,1,1024.000,1024,1024
7315,F8_01_1_2_Chlorophyll_A_001_phosphate_plate5.tif,38,856.421,768,1040
7316,F8_01_1_2_Chlorophyll_A_001_phosphate_plate5.tif,2,896.000,848,944
7317,F8_01_1_2_Chlorophyll_A_001_phosphate_plate5.tif,4,892.000,784,1024
7318,F8_01_1_2_Chlorophyll_A_001_phosphate_plate5.tif,1,912.000,912,912
7319,F8_01_1_2_Chlorophyll_A_001_phosphate_plate5.tif,2,800.000,768,832
7320,F8_01_1_2_Chlorophyll_A_001_phosphate_plate5.tif,6,856.000,768,976
7321,F8_01_1_2_Chlorophyll_A_001_phosphate_plate5.tif,2,776.000,768,784
7322,F8_01_1_2_Chlorophyll_A_001_phosphate_plate5.tif,4,928.000,800,1056
7323,F8_01_1_2_Chlorophyll_A_001_phosphate_plate5.tif,2,864.000,816,912
7324,F8_01_1_2_Chlorophyll_A_001_phosphate_plate5.tif,2,784.000,768,800
7325,F8_01_1_2_Chlorophyll_A_001_phosphate_plate5.tif,2,792.000,784,800
7326,F8_01_1_2_Chlorophyll_A_001_phosphate_plate5.tif,3,842.667,816,864
7327,F8_01_1_2_Chlorophyll_A_001_phosphate_plate5.tif,1,896.000,896,896
7328,F8_01_1_2_Chlorophyll_A_001_phosphate_plate5.tif,1,816.000,816,816
7329,F8_01_1_2_Chlorophyll_A_001_phosphate_plate5.tif,8,836.000,768,928
7330,F8_01_1_2_Chlorophyll_A_001_phosphate_plate5.tif,2,768.000,768,768
7331,F8_01_1_2_Chlorophyll_A_001_phosphate_plate5.tif,1,800.000,800,800
7332,F8_01_1_2_Chlorophyll_A_001_phosphate_plate5.tif,1,864.000,864,864
7333,F8_01_1_2_Chlorophyll_A_001_phosphate_plate5.tif,1,768.000,768,768
7334,F8_01_1_2_Chlorophyll_A_001_phosphate_plate5.tif,1,768.000,768,768
7335,F8_01_1_2_Chlorophyll_A_001_phosphate_plate5.tif,3,816.000,784,880
7336,F8_01_1_2_Chlorophyll_A_001_phosphate_plate5.tif,2,896.000,864,928
7337,F8_01_1_2_Chlorophyll_A_001_phosphate_plate5.tif,1,784.000,784,784
7338,F8_01_1_2_Chlorophyll_A_001_phosphate_plate5.tif,1,768.000,768,768
7339,F8_01_1_2_Chlorophyll_A_001_phosphate_plate5.tif,1,816.000,816,816
7340,F8_01_1_2_Chlorophyll_A_001_phosphate_plate5.tif,1,784.000,784,784
7341,F8_01_1_2_Chlorophyll_A_001_phosphate_plate5.tif,1,896.000,896,896
7342,F8_01_1_2_Chlorophyll_A_001_phosphate_plate5.tif,1,800.000,800,800
7343,F8_01_1_2_Chlorophyll_A_001_phosphate_plate5.tif,1,800.000,800,800
7344,F8_01_1_2_Chlorophyll_A_001_phosphate_plate5.tif,1,944.000,944,944
7345,F8_01_1_2_Chlorophyll_A_001_phosphate_plate5.tif,3,805.333,784,832
7346,F8_01_1_2_Chlorophyll_A_001_phosphate_plate5.tif,2,816.000,816,816
7347,F8_01_1_2_Chlorophyll_A_001_phosphate_plate5.tif,1,832.000,832,832
7348,F8_01_1_2_Chlorophyll_A_001_phosphate_plate5.tif,1,880.000,880,880
7349,F8_01_1_2_Chlorophyll_A_001_phosphate_plate5.tif,2,816.000,784,848
7350,F8_01_1_2_Chlorophyll_A_001_phosphate_plate5.tif,1,864.000,864,864
7351,F8_01_1_2_Chlorophyll_A_001_phosphate_plate5.tif,1,784.000,784,784
7352,F8_01_1_2_Chlorophyll_A_001_phosphate_plate5.tif,3,810.667,800,816
7353,F8_01_1_2_Chlorophyll_A_001_phosphate_plate5.tif,1,928.000,928,928
7354,F8_01_1_2_Chlorophyll_A_001_phosphate_plate5.tif,1,816.000,816,816
7355,F8_01_1_2_Chlorophyll_A_001_phosphate_plate5.tif,2,864.000,864,864
7356,F8_01_1_2_Chlorophyll_A_001_phosphate_plate5.tif,1,976.000,976,976
7357,F8_01_1_2_Chlorophyll_A_001_phosphate_plate5.tif,56,894.857,768,1104
7358,F8_01_1_2_Chlorophyll_A_001_phosphate_plate5.tif,37,886.054,768,1168
7359,F8_01_1_2_Chlorophyll_A_001_phosphate_plate5.tif,1,848.000,848,848
7360,F8_01_1_2_Chlorophyll_A_001_phosphate_plate5.tif,1,832.000,832,832
7361,F8_01_1_2_Chlorophyll_A_001_phosphate_plate5.tif,3,890.667,800,992
7362,F8_01_1_2_Chlorophyll_A_001_phosphate_plate5.tif,6,880.000,784,1040
7363,F8_01_1_2_Chlorophyll_A_001_phosphate_plate5.tif,3,853.333,816,896
7364,F8_01_1_2_Chlorophyll_A_001_phosphate_plate5.tif,1,880.000,880,880
7365,F8_01_1_2_Chlorophyll_A_001_phosphate_plate5.tif,2,848.000,816,880
7366,F8_01_1_2_Chlorophyll_A_001_phosphate_plate5.tif,22,853.818,768,1008
7367,F8_01_1_2_Chlorophyll_A_001_phosphate_plate5.tif,2,800.000,784,816
7368,F8_01_1_2_Chlorophyll_A_001_phosphate_plate5.tif,7,804.571,768,896
7369,F8_01_1_2_Chlorophyll_A_001_phosphate_plate5.tif,1,816.000,816,816
7370,F8_01_1_2_Chlorophyll_A_001_phosphate_plate5.tif,2,928.000,912,944
7371,F8_01_1_2_Chlorophyll_A_001_phosphate_plate5.tif,2,792.000,784,800
7372,F8_01_1_2_Chlorophyll_A_001_phosphate_plate5.tif,3,864.000,848,880
7373,F8_01_1_2_Chlorophyll_A_001_phosphate_plate5.tif,1,768.000,768,768
7374,F8_01_1_2_Chlorophyll_A_001_phosphate_plate5.tif,4,828.000,768,896
7375,F8_01_1_2_Chlorophyll_A_001_phosphate_plate5.tif,1,832.000,832,832
7376,F8_01_1_2_Chlorophyll_A_001_phosphate_plate5.tif,3,810.667,768,880
7377,F8_01_1_2_Chlorophyll_A_001_phosphate_plate5.tif,4,868.000,768,928
7378,F8_01_1_2_Chlorophyll_A_001_phosphate_plate5.tif,3,922.667,816,1024
7379,F8_01_1_2_Chlorophyll_A_001_phosphate_plate5.tif,1,784.000,784,784
7380,F8_01_1_2_Chlorophyll_A_001_phosphate_plate5.tif,3,805.333,768,848
7381,F8_01_1_2_Chlorophyll_A_001_phosphate_plate5.tif,1,768.000,768,768
7382,F8_01_1_2_Chlorophyll_A_001_phosphate_plate5.tif,1,896.000,896,896
7383,F8_01_1_2_Chlorophyll_A_001_phosphate_plate5.tif,2,776.000,768,784
7384,F8_01_1_2_Chlorophyll_A_001_phosphate_plate5.tif,1,800.000,800,800
7385,F8_01_1_2_Chlorophyll_A_001_phosphate_plate5.tif,3,821.333,768,928
7386,F8_01_1_2_Chlorophyll_A_001_phosphate_plate5.tif,4,852.000,768,912
7387,F8_01_1_2_Chlorophyll_A_001_phosphate_plate5.tif,1,816.000,816,816
7388,F8_01_1_2_Chlorophyll_A_001_phosphate_plate5.tif,1,848.000,848,848
7389,F8_01_1_2_Chlorophyll_A_001_phosphate_plate5.tif,2,816.000,800,832
7390,F8_01_1_2_Chlorophyll_A_001_phosphate_plate5.tif,1,928.000,928,928
7391,F8_01_1_2_Chlorophyll_A_001_phosphate_plate5.tif,1,768.000,768,768
7392,F8_01_1_2_Chlorophyll_A_001_phosphate_plate5.tif,2,800.000,784,816
7393,F8_01_1_2_Chlorophyll_A_001_phosphate_plate5.tif,2,840.000,768,912
7394,F8_01_1_2_Chlorophyll_A_001_phosphate_plate5.tif,1,880.000,880,880
7395,F8_01_1_2_Chlorophyll_A_001_phosphate_plate5.tif,1,912.000,912,912
7396,F8_01_1_2_Chlorophyll_A_001_phosphate_plate5.tif,1,784.000,784,784
7397,F8_01_1_2_Chlorophyll_A_001_phosphate_plate5.tif,1,816.000,816,816
7398,F8_01_1_2_Chlorophyll_A_001_phosphate_plate5.tif,1,880.000,880,880
7399,F8_01_1_2_Chlorophyll_A_001_phosphate_plate5.tif,2,840.000,832,848
7400,F8_01_1_2_Chlorophyll_A_001_phosphate_plate5.tif,2,840.000,800,880
7401,F8_01_1_2_Chlorophyll_A_001_phosphate_plate5.tif,1,816.000,816,816
7402,F8_01_1_2_Chlorophyll_A_001_phosphate_plate5.tif,3,832.000,768,912
7403,F8_01_1_2_Chlorophyll_A_001_phosphate_plate5.tif,3,853.333,800,912
7404,F8_01_1_2_Chlorophyll_A_001_phosphate_plate5.tif,1,800.000,800,800
7405,F8_01_1_2_Chlorophyll_A_001_phosphate_plate5.tif,5,787.200,768,832
7406,F8_01_1_2_Chlorophyll_A_001_phosphate_plate5.tif,1,848.000,848,848
7407,F8_01_1_2_Chlorophyll_A_001_phosphate_plate5.tif,1,800.000,800,800
7408,F8_01_1_2_Chlorophyll_A_001_phosphate_plate5.tif,2,968.000,912,1024
7409,F8_01_1_2_Chlorophyll_A_001_phosphate_plate5.tif,32,872.000,768,1088
7410,F8_01_1_2_Chlorophyll_A_001_phosphate_plate5.tif,5,822.400,768,944
7411,F8_01_1_2_Chlorophyll_A_001_phosphate_plate5.tif,2,880.000,832,928
7412,F8_01_1_2_Chlorophyll_A_001_phosphate_plate5.tif,5,806.400,800,816
7413,F8_01_1_2_Chlorophyll_A_001_phosphate_plate5.tif,3,816.000,816,816
7414,F8_01_1_2_Chlorophyll_A_001_phosphate_plate5.tif,1,848.000,848,848
7415,F8_01_1_2_Chlorophyll_A_001_phosphate_plate5.tif,7,905.143,768,1040
7416,F8_01_1_2_Chlorophyll_A_001_phosphate_plate5.tif,2,784.000,768,800
7417,F8_01_1_2_Chlorophyll_A_001_phosphate_plate5.tif,2,840.000,800,880
7418,F8_01_1_2_Chlorophyll_A_001_phosphate_plate5.tif,1,784.000,784,784
7419,F8_01_1_2_Chlorophyll_A_001_phosphate_plate5.tif,1,848.000,848,848
7420,F8_01_1_2_Chlorophyll_A_001_phosphate_plate5.tif,119,2124.639,768,14656
7421,F8_01_1_2_Chlorophyll_A_001_phosphate_plate5.tif,3,821.333,768,912
7422,F8_01_1_2_Chlorophyll_A_001_phosphate_plate5.tif,1,848.000,848,848
7423,F8_01_1_2_Chlorophyll_A_001_phosphate_plate5.tif,1,816.000,816,816
7424,F8_01_1_2_Chlorophyll_A_001_phosphate_plate5.tif,1,816.000,816,816
7425,F8_01_1_2_Chlorophyll_A_001_phosphate_plate5.tif,3,810.667,784,848
7426,F8_01_1_2_Chlorophyll_A_001_phosphate_plate5.tif,1,832.000,832,832
7427,F8_01_1_2_Chlorophyll_A_001_phosphate_plate5.tif,1,800.000,800,800
7428,F8_01_1_2_Chlorophyll_A_001_phosphate_plate5.tif,1,800.000,800,800
7429,F8_01_1_2_Chlorophyll_A_001_phosphate_plate5.tif,2,848.000,800,896
7430,F8_01_1_2_Chlorophyll_A_001_phosphate_plate5.tif,1,816.000,816,816
7431,F8_01_1_2_Chlorophyll_A_001_phosphate_plate5.tif,1,768.000,768,768
7432,F8_01_1_2_Chlorophyll_A_001_phosphate_plate5.tif,3,853.333,848,864
7433,F8_01_1_2_Chlorophyll_A_001_phosphate_plate5.tif,1,784.000,784,784
7434,F8_01_1_2_Chlorophyll_A_001_phosphate_plate5.tif,1,784.000,784,784
7435,F8_01_1_2_Chlorophyll_A_001_phosphate_plate5.tif,1,1040.000,1040,1040
7436,F8_01_1_2_Chlorophyll_A_001_phosphate_plate5.tif,1,768.000,768,768
7437,F8_01_1_2_Chlorophyll_A_001_phosphate_plate5.tif,1,768.000,768,768
7438,F8_01_1_2_Chlorophyll_A_001_phosphate_plate5.tif,2,848.000,816,880
7439,F8_01_1_2_Chlorophyll_A_001_phosphate_plate5.tif,1,880.000,880,880
7440,F8_01_1_2_Chlorophyll_A_001_phosphate_plate5.tif,1,784.000,784,784
7441,F8_01_1_2_Chlorophyll_A_001_phosphate_plate5.tif,1,816.000,816,816
7442,F8_01_1_2_Chlorophyll_A_001_phosphate_plate5.tif,1,992.000,992,992
7443,F8_01_1_2_Chlorophyll_A_001_phosphate_plate5.tif,1,848.000,848,848
7444,F8_01_1_2_Chlorophyll_A_001_phosphate_plate5.tif,1,784.000,784,784
7445,F8_01_1_2_Chlorophyll_A_001_phosphate_plate5.tif,1,832.000,832,832
7446,F8_01_1_2_Chlorophyll_A_001_phosphate_plate5.tif,1,1104.000,1104,1104
7447,F8_01_1_2_Chlorophyll_A_001_phosphate_plate5.tif,18,918.222,768,1248
7448,F8_01_1_2_Chlorophyll_A_001_phosphate_plate5.tif,15,905.600,768,1152
7449,F8_01_1_2_Chlorophyll_A_001_phosphate_plate5.tif,4,896.000,784,1072
7450,F8_01_1_2_Chlorophyll_A_001_phosphate_plate5.tif,11,856.727,768,960
7451,F8_01_1_2_Chlorophyll_A_001_phosphate_plate5.tif,15,832.000,768,976
7452,F8_01_1_2_Chlorophyll_A_001_phosphate_plate5.tif,1,976.000,976,976
7453,F8_01_1_2_Chlorophyll_A_001_phosphate_plate5.tif,4,832.000,800,848
7454,F8_01_1_2_Chlorophyll_A_001_phosphate_plate5.tif,13,877.538,784,1024
7455,F8_01_1_2_Chlorophyll_A_001_phosphate_plate5.tif,1,816.000,816,816
7456,F8_01_1_2_Chlorophyll_A_001_phosphate_plate5.tif,26,844.923,768,944
7457,F8_01_1_2_Chlorophyll_A_001_phosphate_plate5.tif,1,816.000,816,816
7458,F8_01_1_2_Chlorophyll_A_001_phosphate_plate5.tif,3,906.667,848,1008
7459,F8_01_1_2_Chlorophyll_A_001_phosphate_plate5.tif,18,841.778,784,912
7460,F8_01_1_2_Chlorophyll_A_001_phosphate_plate5.tif,13,865.231,768,1120
7461,F8_01_1_2_Chlorophyll_A_001_phosphate_plate5.tif,2,872.000,816,928
7462,F8_01_1_2_Chlorophyll_A_001_phosphate_plate5.tif,3,794.667,784,800
7463,F8_01_1_2_Chlorophyll_A_001_phosphate_plate5.tif,1,768.000,768,768
7464,F8_01_1_2_Chlorophyll_A_001_phosphate_plate5.tif,1,768.000,768,768
7465,F8_01_1_2_Chlorophyll_A_001_phosphate_plate5.tif,1,800.000,800,800
7466,F8_01_1_2_Chlorophyll_A_001_phosphate_plate5.tif,1,816.000,816,816
7467,F8_01_1_2_Chlorophyll_A_001_phosphate_plate5.tif,1,800.000,800,800
7468,F8_01_1_2_Chlorophyll_A_001_phosphate_plate5.tif,1,784.000,784,784
7469,F8_01_1_2_Chlorophyll_A_001_phosphate_plate5.tif,2,784.000,768,800
7470,F8_01_1_2_Chlorophyll_A_001_phosphate_plate5.tif,1,816.000,816,816
7471,F8_01_1_2_Chlorophyll_A_001_phosphate_plate5.tif,7,834.286,768,1024
7472,F8_01_1_2_Chlorophyll_A_001_phosphate_plate5.tif,2,800.000,768,832
7473,F8_01_1_2_Chlorophyll_A_001_phosphate_plate5.tif,1,848.000,848,848
7474,F8_01_1_2_Chlorophyll_A_001_phosphate_plate5.tif,2,784.000,768,800
7475,F8_01_1_2_Chlorophyll_A_001_phosphate_plate5.tif,1,816.000,816,816
7476,F8_01_1_2_Chlorophyll_A_001_phosphate_plate5.tif,2,896.000,816,976
7477,F8_01_1_2_Chlorophyll_A_001_phosphate_plate5.tif,1,832.000,832,832
7478,F8_01_1_2_Chlorophyll_A_001_phosphate_plate5.tif,1,816.000,816,816
7479,F8_01_1_2_Chlorophyll_A_001_phosphate_plate5.tif,1,864.000,864,864
7480,F8_01_1_2_Chlorophyll_A_001_phosphate_plate5.tif,2,888.000,784,992
7481,F8_01_1_2_Chlorophyll_A_001_phosphate_plate5.tif,1,864.000,864,864
7482,F8_01_1_2_Chlorophyll_A_001_phosphate_plate5.tif,1,816.000,816,816
7483,F8_01_1_2_Chlorophyll_A_001_phosphate_plate5.tif,1,832.000,832,832
7484,F8_01_1_2_Chlorophyll_A_001_phosphate_plate5.tif,1,768.000,768,768
7485,F8_01_1_2_Chlorophyll_A_001_phosphate_plate5.tif,3,794.667,784,800
7486,F8_01_1_2_Chlorophyll_A_001_phosphate_plate5.tif,1,848.000,848,848
7487,F8_01_1_2_Chlorophyll_A_001_phosphate_plate5.tif,2,776.000,768,784
7488,F8_01_1_2_Chlorophyll_A_001_phosphate_plate5.tif,1,832.000,832,832
7489,F8_01_1_2_Chlorophyll_A_001_phosphate_plate5.tif,2,872.000,784,960
7490,F8_01_1_2_Chlorophyll_A_001_phosphate_plate5.tif,8,856.000,768,976
7491,F8_01_1_2_Chlorophyll_A_001_phosphate_plate5.tif,1,832.000,832,832
7492,F8_01_1_2_Chlorophyll_A_001_phosphate_plate5.tif,1,912.000,912,912
7493,F8_01_1_2_Chlorophyll_A_001_phosphate_plate5.tif,3,778.667,768,784
7494,F8_01_1_2_Chlorophyll_A_001_phosphate_plate5.tif,2,800.000,784,816
7495,F8_01_1_2_Chlorophyll_A_001_phosphate_plate5.tif,2,808.000,800,816
7496,F8_01_1_2_Chlorophyll_A_001_phosphate_plate5.tif,6,853.333,768,944
7497,F8_01_1_2_Chlorophyll_A_001_phosphate_plate5.tif,2,952.000,912,992
7498,F8_01_1_2_Chlorophyll_A_001_phosphate_plate5.tif,3,869.333,800,992
7499,F8_01_1_2_Chlorophyll_A_001_phosphate_plate5.tif,1,848.000,848,848
7500,F8_01_1_2_Chlorophyll_A_001_phosphate_plate5.tif,5,796.800,768,864
7501,F8_01_1_2_Chlorophyll_A_001_phosphate_plate5.tif,55,884.073,768,1088
7502,F8_01_1_2_Chlorophyll_A_001_phosphate_plate5.tif,34,876.235,784,1088
7503,F8_01_1_2_Chlorophyll_A_001_phosphate_plate5.tif,41,895.220,768,1216
7504,F8_01_1_2_Chlorophyll_A_001_phosphate_plate5.tif,8,858.000,784,928
7505,F8_01_1_2_Chlorophyll_A_001_phosphate_plate5.tif,3,858.667,768,1024
7506,F8_01_1_2_Chlorophyll_A_001_phosphate_plate5.tif,1,816.000,816,816
7507,F8_01_1_2_Chlorophyll_A_001_phosphate_plate5.tif,7,827.429,768,928
7508,F8_01_1_2_Chlorophyll_A_001_phosphate_plate5.tif,1,784.000,784,784
7509,F8_01_1_2_Chlorophyll_A_001_phosphate_plate5.tif,7,864.000,768,960
7510,F8_01_1_2_Chlorophyll_A_001_phosphate_plate5.tif,12,812.000,768,912
7511,F8_01_1_2_Chlorophyll_A_001_phosphate_plate5.tif,3,778.667,768,800
7512,F8_01_1_2_Chlorophyll_A_001_phosphate_plate5.tif,1,816.000,816,816
7513,F8_01_1_2_Chlorophyll_A_001_phosphate_plate5.tif,1,800.000,800,800
7514,F8_01_1_2_Chlorophyll_A_001_phosphate_plate5.tif,1,960.000,960,960
7515,F8_01_1_2_Chlorophyll_A_001_phosphate_plate5.tif,1,1024.000,1024,1024
7516,F8_01_1_2_Chlorophyll_A_001_phosphate_plate5.tif,3,832.000,800,848
7517,F8_01_1_2_Chlorophyll_A_001_phosphate_plate5.tif,8,842.000,768,928
7518,F8_01_1_2_Chlorophyll_A_001_phosphate_plate5.tif,1,768.000,768,768
7519,F8_01_1_2_Chlorophyll_A_001_phosphate_plate5.tif,1,912.000,912,912
7520,F8_01_1_2_Chlorophyll_A_001_phosphate_plate5.tif,1,928.000,928,928
7521,F8_01_1_2_Chlorophyll_A_001_phosphate_plate5.tif,4,812.000,784,880
7522,F8_01_1_2_Chlorophyll_A_001_phosphate_plate5.tif,2,808.000,768,848
7523,F8_01_1_2_Chlorophyll_A_001_phosphate_plate5.tif,3,853.333,800,960
7524,F8_01_1_2_Chlorophyll_A_001_phosphate_plate5.tif,6,789.333,768,816
7525,F8_01_1_2_Chlorophyll_A_001_phosphate_plate5.tif,2,816.000,816,816
7526,F8_01_1_2_Chlorophyll_A_001_phosphate_plate5.tif,1,880.000,880,880
7527,F8_01_1_2_Chlorophyll_A_001_phosphate_plate5.tif,4,800.000,784,816
7528,F8_01_1_2_Chlorophyll_A_001_phosphate_plate5.tif,1,912.000,912,912
7529,F8_01_1_2_Chlorophyll_A_001_phosphate_plate5.tif,5,800.000,768,832
7530,F8_01_1_2_Chlorophyll_A_001_phosphate_plate5.tif,1,816.000,816,816
7531,F8_01_1_2_Chlorophyll_A_001_phosphate_plate5.tif,1,880.000,880,880
7532,F8_01_1_2_Chlorophyll_A_001_phosphate_plate5.tif,2,832.000,816,848
7533,F8_01_1_2_Chlorophyll_A_001_phosphate_plate5.tif,2,816.000,784,848
7534,F8_01_1_2_Chlorophyll_A_001_phosphate_plate5.tif,1,800.000,800,800
7535,F8_01_1_2_Chlorophyll_A_001_phosphate_plate5.tif,1,816.000,816,816
7536,F8_01_1_2_Chlorophyll_A_001_phosphate_plate5.tif,1,848.000,848,848
7537,F8_01_1_2_Chlorophyll_A_001_phosphate_plate5.tif,1,816.000,816,816
7538,F8_01_1_2_Chlorophyll_A_001_phosphate_plate5.tif,2,864.000,768,960
7539,F8_01_1_2_Chlorophyll_A_001_phosphate_plate5.tif,2,848.000,800,896
7540,F8_01_1_2_Chlorophyll_A_001_phosphate_plate5.tif,3,778.667,768,784
7541,F8_01_1_2_Chlorophyll_A_001_phosphate_plate5.tif,1,800.000,800,800
7542,F8_01_1_2_Chlorophyll_A_001_phosphate_plate5.tif,1,800.000,800,800
7543,F8_01_1_2_Chlorophyll_A_001_phosphate_plate5.tif,4,800.000,768,864
7544,F8_01_1_2_Chlorophyll_A_001_phosphate_plate5.tif,1,864.000,864,864
7545,F8_01_1_2_Chlorophyll_A_001_phosphate_plate5.tif,2,816.000,800,832
7546,F8_01_1_2_Chlorophyll_A_001_phosphate_plate5.tif,1,768.000,768,768
7547,F8_01_1_2_Chlorophyll_A_001_phosphate_plate5.tif,7,818.286,768,992
7548,F8_01_1_2_Chlorophyll_A_001_phosphate_plate5.tif,5,809.600,784,848
7549,F8_01_1_2_Chlorophyll_A_001_phosphate_plate5.tif,1,816.000,816,816
7550,F8_01_1_2_Chlorophyll_A_001_phosphate_plate5.tif,84,895.810,768,1168
7551,F8_01_1_2_Chlorophyll_A_001_phosphate_plate5.tif,25,887.040,768,1120
7552,F8_01_1_2_Chlorophyll_A_001_phosphate_plate5.tif,63,881.270,768,1152
7553,F8_01_1_2_Chlorophyll_A_001_phosphate_plate5.tif,57,892.632,768,1104
7554,F8_01_1_2_Chlorophyll_A_001_phosphate_plate5.tif,33,960.000,800,1184
7555,F8_01_1_2_Chlorophyll_A_001_phosphate_plate5.tif,22,899.636,784,1024
7556,F8_01_1_2_Chlorophyll_A_001_phosphate_plate5.tif,47,858.213,768,1136
7557,F8_01_1_2_Chlorophyll_A_001_phosphate_plate5.tif,4,900.000,800,992
7558,F8_01_1_2_Chlorophyll_A_001_phosphate_plate5.tif,1,816.000,816,816
7559,F8_01_1_2_Chlorophyll_A_001_phosphate_plate5.tif,2,792.000,768,816
7560,F8_01_1_2_Chlorophyll_A_001_phosphate_plate5.tif,3,880.000,800,976
7561,F8_01_1_2_Chlorophyll_A_001_phosphate_plate5.tif,4,824.000,768,880
7562,F8_01_1_2_Chlorophyll_A_001_phosphate_plate5.tif,1,832.000,832,832
7563,F8_01_1_2_Chlorophyll_A_001_phosphate_plate5.tif,3,848.000,816,880
7564,F8_01_1_2_Chlorophyll_A_001_phosphate_plate5.tif,1,784.000,784,784
7565,F8_01_1_2_Chlorophyll_A_001_phosphate_plate5.tif,1,784.000,784,784
7566,F8_01_1_2_Chlorophyll_A_001_phosphate_plate5.tif,9,807.111,784,864
7567,F8_01_1_2_Chlorophyll_A_001_phosphate_plate5.tif,1,880.000,880,880
7568,F8_01_1_2_Chlorophyll_A_001_phosphate_plate5.tif,1,784.000,784,784
7569,F8_01_1_2_Chlorophyll_A_001_phosphate_plate5.tif,1,880.000,880,880
7570,F8_01_1_2_Chlorophyll_A_001_phosphate_plate5.tif,1,784.000,784,784
7571,F8_01_1_2_Chlorophyll_A_001_phosphate_plate5.tif,1,800.000,800,800
7572,F8_01_1_2_Chlorophyll_A_001_phosphate_plate5.tif,1,768.000,768,768
7573,F8_01_1_2_Chlorophyll_A_001_phosphate_plate5.tif,1,848.000,848,848
7574,F8_01_1_2_Chlorophyll_A_001_phosphate_plate5.tif,1,784.000,784,784
7575,F8_01_1_2_Chlorophyll_A_001_phosphate_plate5.tif,1,768.000,768,768
7576,F8_01_1_2_Chlorophyll_A_001_phosphate_plate5.tif,1,768.000,768,768
7577,F8_01_1_2_Chlorophyll_A_001_phosphate_plate5.tif,2,848.000,800,896
7578,F8_01_1_2_Chlorophyll_A_001_phosphate_plate5.tif,1,864.000,864,864
7579,F8_01_1_2_Chlorophyll_A_001_phosphate_plate5.tif,1,800.000,800,800
7580,F8_01_1_2_Chlorophyll_A_001_phosphate_plate5.tif,1,768.000,768,768
7581,F8_01_1_2_Chlorophyll_A_001_phosphate_plate5.tif,1,768.000,768,768
7582,F8_01_1_2_Chlorophyll_A_001_phosphate_plate5.tif,2,832.000,800,864
7583,F8_01_1_2_Chlorophyll_A_001_phosphate_plate5.tif,2,872.000,768,976
7584,F8_01_1_2_Chlorophyll_A_001_phosphate_plate5.tif,1,816.000,816,816
7585,F8_01_1_2_Chlorophyll_A_001_phosphate_plate5.tif,1,800.000,800,800
7586,F8_01_1_2_Chlorophyll_A_001_phosphate_plate5.tif,3,800.000,768,848
7587,F8_01_1_2_Chlorophyll_A_001_phosphate_plate5.tif,4,820.000,768,864
7588,F8_01_1_2_Chlorophyll_A_001_phosphate_plate5.tif,1,784.000,784,784
7589,F8_01_1_2_Chlorophyll_A_001_phosphate_plate5.tif,1,816.000,816,816
7590,F8_01_1_2_Chlorophyll_A_001_phosphate_plate5.tif,1,816.000,816,816
7591,F8_01_1_2_Chlorophyll_A_001_phosphate_plate5.tif,1,832.000,832,832
7592,F8_01_1_2_Chlorophyll_A_001_phosphate_plate5.tif,1,896.000,896,896
7593,F8_01_1_2_Chlorophyll_A_001_phosphate_plate5.tif,2,808.000,800,816
7594,F8_01_1_2_Chlorophyll_A_001_phosphate_plate5.tif,3,842.667,768,928
7595,F8_01_1_2_Chlorophyll_A_001_phosphate_plate5.tif,1,784.000,784,784
7596,F8_01_1_2_Chlorophyll_A_001_phosphate_plate5.tif,1,784.000,784,784
7597,F8_01_1_2_Chlorophyll_A_001_phosphate_plate5.tif,2,808.000,768,848
7598,F8_01_1_2_Chlorophyll_A_001_phosphate_plate5.tif,4,860.000,800,912
7599,F8_01_1_2_Chlorophyll_A_001_phosphate_plate5.tif,2,808.000,800,816
7600,F8_01_1_2_Chlorophyll_A_001_phosphate_plate5.tif,1,832.000,832,832
7601,F8_01_1_2_Chlorophyll_A_001_phosphate_plate5.tif,14,840.000,768,944
7602,F8_01_1_2_Chlorophyll_A_001_phosphate_plate5.tif,1,992.000,992,992
7603,F8_01_1_2_Chlorophyll_A_001_phosphate_plate5.tif,3,853.333,768,992
7604,F8_01_1_2_Chlorophyll_A_001_phosphate_plate5.tif,2,808.000,784,832
7605,F8_01_1_2_Chlorophyll_A_001_phosphate_plate5.tif,37,913.297,784,1152
7606,F8_01_1_2_Chlorophyll_A_001_phosphate_plate5.tif,34,908.706,784,1168
7607,F8_01_1_2_Chlorophyll_A_001_phosphate_plate5.tif,16,846.000,768,960
7608,F8_01_1_2_Chlorophyll_A_001_phosphate_plate5.tif,4,892.000,816,1040
7609,F8_01_1_2_Chlorophyll_A_001_phosphate_plate5.tif,1,800.000,800,800
7610,F8_01_1_2_Chlorophyll_A_001_phosphate_plate5.tif,22,884.364,768,1056
7611,F8_01_1_2_Chlorophyll_A_001_phosphate_plate5.tif,12,852.000,768,1024
7612,F8_01_1_2_Chlorophyll_A_001_phosphate_plate5.tif,8,804.000,768,864
7613,F8_01_1_2_Chlorophyll_A_001_phosphate_plate5.tif,7,896.000,784,1024
7614,F8_01_1_2_Chlorophyll_A_001_phosphate_plate5.tif,1,768.000,768,768
7615,F8_01_1_2_Chlorophyll_A_001_phosphate_plate5.tif,1,896.000,896,896
7616,F8_01_1_2_Chlorophyll_A_001_phosphate_plate5.tif,18,827.556,768,928
7617,F8_01_1_2_Chlorophyll_A_001_phosphate_plate5.tif,12,845.333,784,1008
7618,F8_01_1_2_Chlorophyll_A_001_phosphate_plate5.tif,1,928.000,928,928
7619,F8_01_1_2_Chlorophyll_A_001_phosphate_plate5.tif,2,808.000,800,816
7620,F8_01_1_2_Chlorophyll_A_001_phosphate_plate5.tif,2,776.000,768,784
7621,F8_01_1_2_Chlorophyll_A_001_phosphate_plate5.tif,1,848.000,848,848
7622,F8_01_1_2_Chlorophyll_A_001_phosphate_plate5.tif,6,877.333,768,1136
7623,F8_01_1_2_Chlorophyll_A_001_phosphate_plate5.tif,12,852.000,768,928
7624,F8_01_1_2_Chlorophyll_A_001_phosphate_plate5.tif,5,899.200,784,944
7625,F8_01_1_2_Chlorophyll_A_001_phosphate_plate5.tif,10,868.800,768,1056
7626,F8_01_1_2_Chlorophyll_A_001_phosphate_plate5.tif,4,820.000,800,848
7627,F8_01_1_2_Chlorophyll_A_001_phosphate_plate5.tif,1,800.000,800,800
7628,F8_01_1_2_Chlorophyll_A_001_phosphate_plate5.tif,1,768.000,768,768
7629,F8_01_1_2_Chlorophyll_A_001_phosphate_plate5.tif,5,880.000,768,1056
7630,F8_01_1_2_Chlorophyll_A_001_phosphate_plate5.tif,4,824.000,784,864
7631,F8_01_1_2_Chlorophyll_A_001_phosphate_plate5.tif,1,832.000,832,832
7632,F8_01_1_2_Chlorophyll_A_001_phosphate_plate5.tif,1,1024.000,1024,1024
7633,F8_01_1_2_Chlorophyll_A_001_phosphate_plate5.tif,3,885.333,816,976
7634,F8_01_1_2_Chlorophyll_A_001_phosphate_plate5.tif,1,864.000,864,864
7635,F8_01_1_2_Chlorophyll_A_001_phosphate_plate5.tif,1,848.000,848,848
7636,F8_01_1_2_Chlorophyll_A_001_phosphate_plate5.tif,1,768.000,768,768
7637,F8_01_1_2_Chlorophyll_A_001_phosphate_plate5.tif,1,816.000,816,816
7638,F8_01_1_2_Chlorophyll_A_001_phosphate_plate5.tif,3,848.000,768,944
7639,F8_01_1_2_Chlorophyll_A_001_phosphate_plate5.tif,1,800.000,800,800
7640,F8_01_1_2_Chlorophyll_A_001_phosphate_plate5.tif,1,928.000,928,928
7641,F8_01_1_2_Chlorophyll_A_001_phosphate_plate5.tif,1,864.000,864,864
7642,F8_01_1_2_Chlorophyll_A_001_phosphate_plate5.tif,1,784.000,784,784
7643,F8_01_1_2_Chlorophyll_A_001_phosphate_plate5.tif,3,837.333,768,880
7644,F8_01_1_2_Chlorophyll_A_001_phosphate_plate5.tif,4,840.000,784,992
7645,F8_01_1_2_Chlorophyll_A_001_phosphate_plate5.tif,1,848.000,848,848
7646,F8_01_1_2_Chlorophyll_A_001_phosphate_plate5.tif,1,928.000,928,928
7647,F8_01_1_2_Chlorophyll_A_001_phosphate_plate5.tif,1,800.000,800,800
7648,F8_01_1_2_Chlorophyll_A_001_phosphate_plate5.tif,1,848.000,848,848
7649,F8_01_1_2_Chlorophyll_A_001_phosphate_plate5.tif,3,821.333,768,848
7650,F8_01_1_2_Chlorophyll_A_001_phosphate_plate5.tif,1,816.000,816,816
7651,F8_01_1_2_Chlorophyll_A_001_phosphate_plate5.tif,3,906.667,768,992
7652,F8_01_1_2_Chlorophyll_A_001_phosphate_plate5.tif,2,792.000,784,800
7653,F8_01_1_2_Chlorophyll_A_001_phosphate_plate5.tif,1,848.000,848,848
7654,F8_01_1_2_Chlorophyll_A_001_phosphate_plate5.tif,2,864.000,800,928
7655,F8_01_1_2_Chlorophyll_A_001_phosphate_plate5.tif,3,890.667,784,1024
7656,F8_01_1_2_Chlorophyll_A_001_phosphate_plate5.tif,68,887.294,768,1104
7657,F8_01_1_2_Chlorophyll_A_001_phosphate_plate5.tif,38,883.789,768,1104
7658,F8_01_1_2_Chlorophyll_A_001_phosphate_plate5.tif,79,861.570,768,1168
7659,F8_01_1_2_Chlorophyll_A_001_phosphate_plate5.tif,1,960.000,960,960
7660,F8_01_1_2_Chlorophyll_A_001_phosphate_plate5.tif,2,840.000,800,880
7661,F8_01_1_2_Chlorophyll_A_001_phosphate_plate5.tif,2,792.000,784,800
7662,F8_01_1_2_Chlorophyll_A_001_phosphate_plate5.tif,5,889.600,848,944
7663,F8_01_1_2_Chlorophyll_A_001_phosphate_plate5.tif,7,852.571,768,928
7664,F8_01_1_2_Chlorophyll_A_001_phosphate_plate5.tif,1,928.000,928,928
7665,F8_01_1_2_Chlorophyll_A_001_phosphate_plate5.tif,2,832.000,784,880
7666,F8_01_1_2_Chlorophyll_A_001_phosphate_plate5.tif,3,810.667,768,864
7667,F8_01_1_2_Chlorophyll_A_001_phosphate_plate5.tif,4,824.000,784,896
7668,F8_01_1_2_Chlorophyll_A_001_phosphate_plate5.tif,1,784.000,784,784
7669,F8_01_1_2_Chlorophyll_A_001_phosphate_plate5.tif,1,992.000,992,992
7670,F8_01_1_2_Chlorophyll_A_001_phosphate_plate5.tif,1,816.000,816,816
7671,F8_01_1_2_Chlorophyll_A_001_phosphate_plate5.tif,1,768.000,768,768
7672,F8_01_1_2_Chlorophyll_A_001_phosphate_plate5.tif,9,837.333,768,992
7673,F8_01_1_2_Chlorophyll_A_001_phosphate_plate5.tif,1,800.000,800,800
7674,F8_01_1_2_Chlorophyll_A_001_phosphate_plate5.tif,1,768.000,768,768
7675,F8_01_1_2_Chlorophyll_A_001_phosphate_plate5.tif,1,816.000,816,816
7676,F8_01_1_2_Chlorophyll_A_001_phosphate_plate5.tif,2,776.000,768,784
7677,F8_01_1_2_Chlorophyll_A_001_phosphate_plate5.tif,2,800.000,784,816
7678,F8_01_1_2_Chlorophyll_A_001_phosphate_plate5.tif,1,848.000,848,848
7679,F8_01_1_2_Chlorophyll_A_001_phosphate_plate5.tif,1,768.000,768,768
7680,F8_01_1_2_Chlorophyll_A_001_phosphate_plate5.tif,1,784.000,784,784
7681,F8_01_1_2_Chlorophyll_A_001_phosphate_plate5.tif,2,848.000,800,896
7682,F8_01_1_2_Chlorophyll_A_001_phosphate_plate5.tif,1,832.000,832,832
7683,F8_01_1_2_Chlorophyll_A_001_phosphate_plate5.tif,1,768.000,768,768
7684,F8_01_1_2_Chlorophyll_A_001_phosphate_plate5.tif,1,768.000,768,768
7685,F8_01_1_2_Chlorophyll_A_001_phosphate_plate5.tif,1,896.000,896,896
7686,F8_01_1_2_Chlorophyll_A_001_phosphate_plate5.tif,1,928.000,928,928
7687,F8_01_1_2_Chlorophyll_A_001_phosphate_plate5.tif,2,864.000,768,960
7688,F8_01_1_2_Chlorophyll_A_001_phosphate_plate5.tif,1,768.000,768,768
7689,F8_01_1_2_Chlorophyll_A_001_phosphate_plate5.tif,5,793.600,768,832
7690,F8_01_1_2_Chlorophyll_A_001_phosphate_plate5.tif,2,808.000,784,832
7691,F8_01_1_2_Chlorophyll_A_001_phosphate_plate5.tif,1,768.000,768,768
7692,F8_01_1_2_Chlorophyll_A_001_phosphate_plate5.tif,1,800.000,800,800
7693,F8_01_1_2_Chlorophyll_A_001_phosphate_plate5.tif,1,880.000,880,880
7694,F8_01_1_2_Chlorophyll_A_001_phosphate_plate5.tif,2,816.000,768,864
7695,F8_01_1_2_Chlorophyll_A_001_phosphate_plate5.tif,1,800.000,800,800
7696,F8_01_1_2_Chlorophyll_A_001_phosphate_plate5.tif,1,832.000,832,832
7697,F8_01_1_2_Chlorophyll_A_001_phosphate_plate5.tif,1,816.000,816,816
7698,F8_01_1_2_Chlorophyll_A_001_phosphate_plate5.tif,1,832.000,832,832
7699,F8_01_1_2_Chlorophyll_A_001_phosphate_plate5.tif,1,928.000,928,928
7700,F8_01_1_2_Chlorophyll_A_001_phosphate_plate5.tif,2,840.000,832,848
7701,F8_01_1_2_Chlorophyll_A_001_phosphate_plate5.tif,1,784.000,784,784
7702,F8_01_1_2_Chlorophyll_A_001_phosphate_plate5.tif,2,848.000,768,928
7703,F8_01_1_2_Chlorophyll_A_001_phosphate_plate5.tif,1,832.000,832,832
7704,F8_01_1_2_Chlorophyll_A_001_phosphate_plate5.tif,4,852.000,784,928
7705,F8_01_1_2_Chlorophyll_A_001_phosphate_plate5.tif,1,784.000,784,784
7706,F8_01_1_2_Chlorophyll_A_001_phosphate_plate5.tif,31,869.161,768,1216
7707,F8_01_1_2_Chlorophyll_A_001_phosphate_plate5.tif,2,888.000,800,976
7708,F8_01_1_2_Chlorophyll_A_001_phosphate_plate5.tif,1,768.000,768,768
7709,F8_01_1_2_Chlorophyll_A_001_phosphate_plate5.tif,21,902.857,768,1088
7710,F8_01_1_2_Chlorophyll_A_001_phosphate_plate5.tif,31,915.097,768,1184
7711,F8_01_1_2_Chlorophyll_A_001_phosphate_plate5.tif,38,951.579,768,1216
7712,F8_01_1_2_Chlorophyll_A_001_phosphate_plate5.tif,52,923.077,768,1184
7713,F8_01_1_2_Chlorophyll_A_001_phosphate_plate5.tif,37,893.838,784,1040
7714,F8_01_1_2_Chlorophyll_A_001_phosphate_plate5.tif,30,872.000,768,1072
7715,F8_01_1_2_Chlorophyll_A_001_phosphate_plate5.tif,46,862.609,768,1040
7716,F8_01_1_2_Chlorophyll_A_001_phosphate_plate5.tif,310,2191.535,768,27456
7717,F8_01_1_2_Chlorophyll_A_001_phosphate_plate5.tif,3,810.667,768,880
7718,F8_01_1_2_Chlorophyll_A_001_phosphate_plate5.tif,14,858.286,768,960
7719,F8_01_1_2_Chlorophyll_A_001_phosphate_plate5.tif,1,1040.000,1040,1040
7720,F8_01_1_2_Chlorophyll_A_001_phosphate_plate5.tif,2,848.000,832,864
7721,F8_01_1_2_Chlorophyll_A_001_phosphate_plate5.tif,1,1008.000,1008,1008
7722,F8_01_1_2_Chlorophyll_A_001_phosphate_plate5.tif,1,928.000,928,928
7723,F8_01_1_2_Chlorophyll_A_001_phosphate_plate5.tif,4,872.000,768,1088
7724,F8_01_1_2_Chlorophyll_A_001_phosphate_plate5.tif,2,832.000,816,848
7725,F8_01_1_2_Chlorophyll_A_001_phosphate_plate5.tif,2,888.000,816,960
7726,F8_01_1_2_Chlorophyll_A_001_phosphate_plate5.tif,1,848.000,848,848
7727,F8_01_1_2_Chlorophyll_A_001_phosphate_plate5.tif,1,832.000,832,832
7728,F8_01_1_2_Chlorophyll_A_001_phosphate_plate5.tif,1,1024.000,1024,1024
7729,F8_01_1_2_Chlorophyll_A_001_phosphate_plate5.tif,1,768.000,768,768
7730,F8_01_1_2_Chlorophyll_A_001_phosphate_plate5.tif,2,776.000,768,784
7731,F8_01_1_2_Chlorophyll_A_001_phosphate_plate5.tif,12,848.000,768,1104
7732,F8_01_1_2_Chlorophyll_A_001_phosphate_plate5.tif,8,800.000,768,896
7733,F8_01_1_2_Chlorophyll_A_001_phosphate_plate5.tif,3,778.667,768,800
7734,F8_01_1_2_Chlorophyll_A_001_phosphate_plate5.tif,1,800.000,800,800
7735,F8_01_1_2_Chlorophyll_A_001_phosphate_plate5.tif,2,904.000,864,944
7736,F8_01_1_2_Chlorophyll_A_001_phosphate_plate5.tif,2,920.000,880,960
7737,F8_01_1_2_Chlorophyll_A_001_phosphate_plate5.tif,2,848.000,800,896
7738,F8_01_1_2_Chlorophyll_A_001_phosphate_plate5.tif,1,848.000,848,848
7739,F8_01_1_2_Chlorophyll_A_001_phosphate_plate5.tif,1,800.000,800,800
7740,F8_01_1_2_Chlorophyll_A_001_phosphate_plate5.tif,1,864.000,864,864
7741,F8_01_1_2_Chlorophyll_A_001_phosphate_plate5.tif,2,824.000,784,864
7742,F8_01_1_2_Chlorophyll_A_001_phosphate_plate5.tif,1,832.000,832,832
7743,F8_01_1_2_Chlorophyll_A_001_phosphate_plate5.tif,1,864.000,864,864
7744,F8_01_1_2_Chlorophyll_A_001_phosphate_plate5.tif,1,784.000,784,784
7745,F8_01_1_2_Chlorophyll_A_001_phosphate_plate5.tif,1,848.000,848,848
7746,F8_01_1_2_Chlorophyll_A_001_phosphate_plate5.tif,1,800.000,800,800
7747,F8_01_1_2_Chlorophyll_A_001_phosphate_plate5.tif,2,816.000,800,832
7748,F8_01_1_2_Chlorophyll_A_001_phosphate_plate5.tif,1,800.000,800,800
7749,F8_01_1_2_Chlorophyll_A_001_phosphate_plate5.tif,1,832.000,832,832
7750,F8_01_1_2_Chlorophyll_A_001_phosphate_plate5.tif,1,832.000,832,832
7751,F8_01_1_2_Chlorophyll_A_001_phosphate_plate5.tif,2,864.000,768,960
7752,F8_01_1_2_Chlorophyll_A_001_phosphate_plate5.tif,2,816.000,768,864
7753,F8_01_1_2_Chlorophyll_A_001_phosphate_plate5.tif,1,784.000,784,784
7754,F8_01_1_2_Chlorophyll_A_001_phosphate_plate5.tif,1,800.000,800,800
7755,F8_01_1_2_Chlorophyll_A_001_phosphate_plate5.tif,1,768.000,768,768
7756,F8_01_1_2_Chlorophyll_A_001_phosphate_plate5.tif,1,800.000,800,800
7757,F8_01_1_2_Chlorophyll_A_001_phosphate_plate5.tif,1,800.000,800,800
7758,F8_01_1_2_Chlorophyll_A_001_phosphate_plate5.tif,2,768.000,768,768
7759,F8_01_1_2_Chlorophyll_A_001_phosphate_plate5.tif,2,800.000,784,816
7760,F8_01_1_2_Chlorophyll_A_001_phosphate_plate5.tif,4,848.000,784,896
7761,F8_01_1_2_Chlorophyll_A_001_phosphate_plate5.tif,3,837.333,768,912
7762,F8_01_1_2_Chlorophyll_A_001_phosphate_plate5.tif,1,896.000,896,896
7763,F8_01_1_2_Chlorophyll_A_001_phosphate_plate5.tif,1,848.000,848,848
7764,F8_01_1_2_Chlorophyll_A_001_phosphate_plate5.tif,3,853.333,784,944
7765,F8_01_1_2_Chlorophyll_A_001_phosphate_plate5.tif,2,880.000,800,960
7766,F8_01_1_2_Chlorophyll_A_001_phosphate_plate5.tif,3,810.667,784,832
7767,F8_01_1_2_Chlorophyll_A_001_phosphate_plate5.tif,58,897.931,768,1264
7768,F8_01_1_2_Chlorophyll_A_001_phosphate_plate5.tif,45,862.578,768,1088
7769,F8_01_1_2_Chlorophyll_A_001_phosphate_plate5.tif,33,894.061,768,1104
7770,F8_01_1_2_Chlorophyll_A_001_phosphate_plate5.tif,33,875.636,768,1056
7771,F8_01_1_2_Chlorophyll_A_001_phosphate_plate5.tif,6,842.667,768,976
7772,F8_01_1_2_Chlorophyll_A_001_phosphate_plate5.tif,2,808.000,800,816
7773,F8_01_1_2_Chlorophyll_A_001_phosphate_plate5.tif,2,800.000,784,816
7774,F8_01_1_2_Chlorophyll_A_001_phosphate_plate5.tif,1,816.000,816,816
7775,F8_01_1_2_Chlorophyll_A_001_phosphate_plate5.tif,1,848.000,848,848
7776,F8_01_1_2_Chlorophyll_A_001_phosphate_plate5.tif,1,784.000,784,784
7777,F8_01_1_2_Chlorophyll_A_001_phosphate_plate5.tif,1,768.000,768,768
7778,F8_01_1_2_Chlorophyll_A_001_phosphate_plate5.tif,2,792.000,784,800
7779,F8_01_1_2_Chlorophyll_A_001_phosphate_plate5.tif,2,824.000,784,864
7780,F8_01_1_2_Chlorophyll_A_001_phosphate_plate5.tif,2,832.000,832,832
7781,F8_01_1_2_Chlorophyll_A_001_phosphate_plate5.tif,1,800.000,800,800
7782,F8_01_1_2_Chlorophyll_A_001_phosphate_plate5.tif,3,832.000,800,880
7783,F8_01_1_2_Chlorophyll_A_001_phosphate_plate5.tif,1,832.000,832,832
7784,F8_01_1_2_Chlorophyll_A_001_phosphate_plate5.tif,1,768.000,768,768
7785,F8_01_1_2_Chlorophyll_A_001_phosphate_plate5.tif,3,800.000,800,800
7786,F8_01_1_2_Chlorophyll_A_001_phosphate_plate5.tif,1,864.000,864,864
7787,F8_01_1_2_Chlorophyll_A_001_phosphate_plate5.tif,2,776.000,768,784
7788,F8_01_1_2_Chlorophyll_A_001_phosphate_plate5.tif,1,816.000,816,816
7789,F8_01_1_2_Chlorophyll_A_001_phosphate_plate5.tif,1,800.000,800,800
7790,F8_01_1_2_Chlorophyll_A_001_phosphate_plate5.tif,1,768.000,768,768
7791,F8_01_1_2_Chlorophyll_A_001_phosphate_plate5.tif,1,816.000,816,816
7792,F8_01_1_2_Chlorophyll_A_001_phosphate_plate5.tif,2,808.000,768,848
7793,F8_01_1_2_Chlorophyll_A_001_phosphate_plate5.tif,1,784.000,784,784
7794,F8_01_1_2_Chlorophyll_A_001_phosphate_plate5.tif,1,768.000,768,768
7795,F8_01_1_2_Chlorophyll_A_001_phosphate_plate5.tif,1,768.000,768,768
7796,F8_01_1_2_Chlorophyll_A_001_phosphate_plate5.tif,2,864.000,832,896
7797,F8_01_1_2_Chlorophyll_A_001_phosphate_plate5.tif,3,858.667,816,912
7798,F8_01_1_2_Chlorophyll_A_001_phosphate_plate5.tif,1,768.000,768,768
7799,F8_01_1_2_Chlorophyll_A_001_phosphate_plate5.tif,1,784.000,784,784
7800,F8_01_1_2_Chlorophyll_A_001_phosphate_plate5.tif,1,816.000,816,816
7801,F8_01_1_2_Chlorophyll_A_001_phosphate_plate5.tif,1,784.000,784,784
7802,F8_01_1_2_Chlorophyll_A_001_phosphate_plate5.tif,1,784.000,784,784
7803,F8_01_1_2_Chlorophyll_A_001_phosphate_plate5.tif,2,856.000,848,864
7804,F8_01_1_2_Chlorophyll_A_001_phosphate_plate5.tif,4,868.000,768,944
7805,F8_01_1_2_Chlorophyll_A_001_phosphate_plate5.tif,3,901.333,784,976
7806,F8_01_1_2_Chlorophyll_A_001_phosphate_plate5.tif,3,858.667,848,880
7807,F8_01_1_2_Chlorophyll_A_001_phosphate_plate5.tif,95,893.474,768,1200
7808,F8_01_1_2_Chlorophyll_A_001_phosphate_plate5.tif,57,899.649,784,1072
7809,F8_01_1_2_Chlorophyll_A_001_phosphate_plate5.tif,70,891.429,768,1216
7810,F8_01_1_2_Chlorophyll_A_001_phosphate_plate5.tif,2,792.000,784,800
7811,F8_01_1_2_Chlorophyll_A_001_phosphate_plate5.tif,10,852.800,784,992
7812,F8_01_1_2_Chlorophyll_A_001_phosphate_plate5.tif,49,866.286,768,1136
7813,F8_01_1_2_Chlorophyll_A_001_phosphate_plate5.tif,2,968.000,864,1072
7814,F8_01_1_2_Chlorophyll_A_001_phosphate_plate5.tif,1,848.000,848,848
7815,F8_01_1_2_Chlorophyll_A_001_phosphate_plate5.tif,9,881.778,784,976
7816,F8_01_1_2_Chlorophyll_A_001_phosphate_plate5.tif,3,880.000,816,960
7817,F8_01_1_2_Chlorophyll_A_001_phosphate_plate5.tif,3,832.000,784,928
7818,F8_01_1_2_Chlorophyll_A_001_phosphate_plate5.tif,29,836.966,768,992
7819,F8_01_1_2_Chlorophyll_A_001_phosphate_plate5.tif,13,838.154,768,960
7820,F8_01_1_2_Chlorophyll_A_001_phosphate_plate5.tif,13,844.308,784,976
7821,F8_01_1_2_Chlorophyll_A_001_phosphate_plate5.tif,2,808.000,768,848
7822,F8_01_1_2_Chlorophyll_A_001_phosphate_plate5.tif,16,854.000,768,1024
7823,F8_01_1_2_Chlorophyll_A_001_phosphate_plate5.tif,5,796.800,768,832
7824,F8_01_1_2_Chlorophyll_A_001_phosphate_plate5.tif,6,816.000,768,880
7825,F8_01_1_2_Chlorophyll_A_001_phosphate_plate5.tif,4,808.000,768,832
7826,F8_01_1_2_Chlorophyll_A_001_phosphate_plate5.tif,1,896.000,896,896
7827,F8_01_1_2_Chlorophyll_A_001_phosphate_plate5.tif,1,800.000,800,800
7828,F8_01_1_2_Chlorophyll_A_001_phosphate_plate5.tif,1,768.000,768,768
7829,F8_01_1_2_Chlorophyll_A_001_phosphate_plate5.tif,2,784.000,768,800
7830,F8_01_1_2_Chlorophyll_A_001_phosphate_plate5.tif,1,832.000,832,832
7831,F8_01_1_2_Chlorophyll_A_001_phosphate_plate5.tif,1,784.000,784,784
7832,F8_01_1_2_Chlorophyll_A_001_phosphate_plate5.tif,1,800.000,800,800
7833,F8_01_1_2_Chlorophyll_A_001_phosphate_plate5.tif,2,856.000,816,896
7834,F8_01_1_2_Chlorophyll_A_001_phosphate_plate5.tif,1,800.000,800,800
7835,F8_01_1_2_Chlorophyll_A_001_phosphate_plate5.tif,2,792.000,768,816
7836,F8_01_1_2_Chlorophyll_A_001_phosphate_plate5.tif,1,800.000,800,800
7837,F8_01_1_2_Chlorophyll_A_001_phosphate_plate5.tif,2,832.000,800,864
7838,F8_01_1_2_Chlorophyll_A_001_phosphate_plate5.tif,4,820.000,784,864
7839,F8_01_1_2_Chlorophyll_A_001_phosphate_plate5.tif,2,936.000,912,960
7840,F8_01_1_2_Chlorophyll_A_001_phosphate_plate5.tif,1,784.000,784,784
7841,F8_01_1_2_Chlorophyll_A_001_phosphate_plate5.tif,1,784.000,784,784
7842,F8_01_1_2_Chlorophyll_A_001_phosphate_plate5.tif,1,800.000,800,800
7843,F8_01_1_2_Chlorophyll_A_001_phosphate_plate5.tif,1,816.000,816,816
7844,F8_01_1_2_Chlorophyll_A_001_phosphate_plate5.tif,1,768.000,768,768
7845,F8_01_1_2_Chlorophyll_A_001_phosphate_plate5.tif,2,776.000,768,784
7846,F8_01_1_2_Chlorophyll_A_001_phosphate_plate5.tif,1,848.000,848,848
7847,F8_01_1_2_Chlorophyll_A_001_phosphate_plate5.tif,1,880.000,880,880
7848,F8_01_1_2_Chlorophyll_A_001_phosphate_plate5.tif,1,880.000,880,880
7849,F8_01_1_2_Chlorophyll_A_001_phosphate_plate5.tif,1,880.000,880,880
7850,F8_01_1_2_Chlorophyll_A_001_phosphate_plate5.tif,1,768.000,768,768
7851,F8_01_1_2_Chlorophyll_A_001_phosphate_plate5.tif,1,784.000,784,784
7852,F8_01_1_2_Chlorophyll_A_001_phosphate_plate5.tif,2,816.000,784,848
7853,F8_01_1_2_Chlorophyll_A_001_phosphate_plate5.tif,3,816.000,800,832
7854,F8_01_1_2_Chlorophyll_A_001_phosphate_plate5.tif,1,944.000,944,944
7855,F8_01_1_2_Chlorophyll_A_001_phosphate_plate5.tif,1,768.000,768,768
7856,F8_01_1_2_Chlorophyll_A_001_phosphate_plate5.tif,1,768.000,768,768
7857,F8_01_1_2_Chlorophyll_A_001_phosphate_plate5.tif,2,784.000,768,800
7858,F8_01_1_2_Chlorophyll_A_001_phosphate_plate5.tif,3,816.000,784,864
7859,F8_01_1_2_Chlorophyll_A_001_phosphate_plate5.tif,6,810.667,768,848
7860,F8_01_1_2_Chlorophyll_A_001_phosphate_plate5.tif,3,826.667,816,848
7861,F8_01_1_2_Chlorophyll_A_001_phosphate_plate5.tif,1,784.000,784,784
7862,F8_01_1_2_Chlorophyll_A_001_phosphate_plate5.tif,23,884.870,768,1136
7863,F8_01_1_2_Chlorophyll_A_001_phosphate_plate5.tif,46,897.043,768,1232
7864,F8_01_1_2_Chlorophyll_A_001_phosphate_plate5.tif,31,915.613,768,1168
7865,F8_01_1_2_Chlorophyll_A_001_phosphate_plate5.tif,58,895.448,768,1120
7866,F8_01_1_2_Chlorophyll_A_001_phosphate_plate5.tif,16,900.000,768,1056
7867,F8_01_1_2_Chlorophyll_A_001_phosphate_plate5.tif,9,872.889,768,1008
7868,F8_01_1_2_Chlorophyll_A_001_phosphate_plate5.tif,4,856.000,784,960
7869,F8_01_1_2_Chlorophyll_A_001_phosphate_plate5.tif,3,837.333,784,944
7870,F8_01_1_2_Chlorophyll_A_001_phosphate_plate5.tif,2,808.000,800,816
7871,F8_01_1_2_Chlorophyll_A_001_phosphate_plate5.tif,1,816.000,816,816
7872,F8_01_1_2_Chlorophyll_A_001_phosphate_plate5.tif,11,832.000,768,944
7873,F8_01_1_2_Chlorophyll_A_001_phosphate_plate5.tif,1,960.000,960,960
7874,F8_01_1_2_Chlorophyll_A_001_phosphate_plate5.tif,1,880.000,880,880
7875,F8_01_1_2_Chlorophyll_A_001_phosphate_plate5.tif,1,800.000,800,800
7876,F8_01_1_2_Chlorophyll_A_001_phosphate_plate5.tif,15,818.133,768,880
7877,F8_01_1_2_Chlorophyll_A_001_phosphate_plate5.tif,4,844.000,800,880
7878,F8_01_1_2_Chlorophyll_A_001_phosphate_plate5.tif,1,880.000,880,880
7879,F8_01_1_2_Chlorophyll_A_001_phosphate_plate5.tif,205,2158.361,768,18336
7880,F8_01_1_2_Chlorophyll_A_001_phosphate_plate5.tif,2,800.000,768,832
7881,F8_01_1_2_Chlorophyll_A_001_phosphate_plate5.tif,1,784.000,784,784
7882,F8_01_1_2_Chlorophyll_A_001_phosphate_plate5.tif,4,864.000,768,1136
7883,F8_01_1_2_Chlorophyll_A_001_phosphate_plate5.tif,6,856.000,784,992
7884,F8_01_1_2_Chlorophyll_A_001_phosphate_plate5.tif,1,784.000,784,784
7885,F8_01_1_2_Chlorophyll_A_001_phosphate_plate5.tif,1,816.000,816,816
7886,F8_01_1_2_Chlorophyll_A_001_phosphate_plate5.tif,2,784.000,768,800
7887,F8_01_1_2_Chlorophyll_A_001_phosphate_plate5.tif,1,880.000,880,880
7888,F8_01_1_2_Chlorophyll_A_001_phosphate_plate5.tif,2,840.000,784,896
7889,F8_01_1_2_Chlorophyll_A_001_phosphate_plate5.tif,2,816.000,784,848
7890,F8_01_1_2_Chlorophyll_A_001_phosphate_plate5.tif,1,768.000,768,768
7891,F8_01_1_2_Chlorophyll_A_001_phosphate_plate5.tif,1,768.000,768,768
7892,F8_01_1_2_Chlorophyll_A_001_phosphate_plate5.tif,1,784.000,784,784
7893,F8_01_1_2_Chlorophyll_A_001_phosphate_plate5.tif,4,816.000,768,960
7894,F8_01_1_2_Chlorophyll_A_001_phosphate_plate5.tif,1,864.000,864,864
7895,F8_01_1_2_Chlorophyll_A_001_phosphate_plate5.tif,1,864.000,864,864
7896,F8_01_1_2_Chlorophyll_A_001_phosphate_plate5.tif,1,816.000,816,816
7897,F8_01_1_2_Chlorophyll_A_001_phosphate_plate5.tif,1,832.000,832,832
7898,F8_01_1_2_Chlorophyll_A_001_phosphate_plate5.tif,1,768.000,768,768
7899,F8_01_1_2_Chlorophyll_A_001_phosphate_plate5.tif,1,768.000,768,768
7900,F8_01_1_2_Chlorophyll_A_001_phosphate_plate5.tif,1,784.000,784,784
7901,F8_01_1_2_Chlorophyll_A_001_phosphate_plate5.tif,2,792.000,784,800
7902,F8_01_1_2_Chlorophyll_A_001_phosphate_plate5.tif,3,789.333,768,816
7903,F8_01_1_2_Chlorophyll_A_001_phosphate_plate5.tif,1,880.000,880,880
7904,F8_01_1_2_Chlorophyll_A_001_phosphate_plate5.tif,1,848.000,848,848
7905,F8_01_1_2_Chlorophyll_A_001_phosphate_plate5.tif,6,837.333,784,912
7906,F8_01_1_2_Chlorophyll_A_001_phosphate_plate5.tif,202,4088.238,768,30528
7907,F8_01_1_2_Chlorophyll_A_001_phosphate_plate5.tif,2,784.000,768,800
7908,F8_01_1_2_Chlorophyll_A_001_phosphate_plate5.tif,3,810.667,800,816
7909,F8_01_1_2_Chlorophyll_A_001_phosphate_plate5.tif,1,816.000,816,816
7910,F8_01_1_2_Chlorophyll_A_001_phosphate_plate5.tif,1,768.000,768,768
7911,F8_01_1_2_Chlorophyll_A_001_phosphate_plate5.tif,1,944.000,944,944
7912,F8_01_1_2_Chlorophyll_A_001_phosphate_plate5.tif,1,848.000,848,848
7913,F8_01_1_2_Chlorophyll_A_001_phosphate_plate5.tif,1,864.000,864,864
7914,F8_01_1_2_Chlorophyll_A_001_phosphate_plate5.tif,1,896.000,896,896
7915,F8_01_1_2_Chlorophyll_A_001_phosphate_plate5.tif,3,944.000,896,1024
7916,F8_01_1_2_Chlorophyll_A_001_phosphate_plate5.tif,1,944.000,944,944
7917,F8_01_1_2_Chlorophyll_A_001_phosphate_plate5.tif,1,768.000,768,768
7918,F8_01_1_2_Chlorophyll_A_001_phosphate_plate5.tif,1,784.000,784,784
7919,F8_01_1_2_Chlorophyll_A_001_phosphate_plate5.tif,1,784.000,784,784
7920,F8_01_1_2_Chlorophyll_A_001_phosphate_plate5.tif,48,892.667,768,1088
7921,F8_01_1_2_Chlorophyll_A_001_phosphate_plate5.tif,36,864.444,768,1200
7922,F8_01_1_2_Chlorophyll_A_001_phosphate_plate5.tif,1,784.000,784,784
7923,F8_01_1_2_Chlorophyll_A_001_phosphate_plate5.tif,3,826.667,800,880
7924,F8_01_1_2_Chlorophyll_A_001_phosphate_plate5.tif,1,800.000,800,800
7925,F8_01_1_2_Chlorophyll_A_001_phosphate_plate5.tif,2,784.000,784,784
7926,F8_01_1_2_Chlorophyll_A_001_phosphate_plate5.tif,1,768.000,768,768
7927,F8_01_1_2_Chlorophyll_A_001_phosphate_plate5.tif,1,896.000,896,896
7928,F8_01_1_2_Chlorophyll_A_001_phosphate_plate5.tif,5,857.600,768,1024
7929,F8_01_1_2_Chlorophyll_A_001_phosphate_plate5.tif,7,852.571,800,976
7930,F8_01_1_2_Chlorophyll_A_001_phosphate_plate5.tif,5,880.000,768,1168
7931,F8_01_1_2_Chlorophyll_A_001_phosphate_plate5.tif,1,1040.000,1040,1040
7932,F8_01_1_2_Chlorophyll_A_001_phosphate_plate5.tif,1,800.000,800,800
7933,F8_01_1_2_Chlorophyll_A_001_phosphate_plate5.tif,1,768.000,768,768
7934,F8_01_1_2_Chlorophyll_A_001_phosphate_plate5.tif,1,800.000,800,800
7935,F8_01_1_2_Chlorophyll_A_001_phosphate_plate5.tif,3,864.000,800,944
7936,F8_01_1_2_Chlorophyll_A_001_phosphate_plate5.tif,1,816.000,816,816
7937,F8_01_1_2_Chlorophyll_A_001_phosphate_plate5.tif,1,816.000,816,816
7938,F8_01_1_2_Chlorophyll_A_001_phosphate_plate5.tif,1,784.000,784,784
7939,F8_01_1_2_Chlorophyll_A_001_phosphate_plate5.tif,1,768.000,768,768
7940,F8_01_1_2_Chlorophyll_A_001_phosphate_plate5.tif,2,800.000,784,816
7941,F8_01_1_2_Chlorophyll_A_001_phosphate_plate5.tif,2,800.000,800,800
7942,F8_01_1_2_Chlorophyll_A_001_phosphate_plate5.tif,1,784.000,784,784
7943,F8_01_1_2_Chlorophyll_A_001_phosphate_plate5.tif,1,816.000,816,816
7944,F8_01_1_2_Chlorophyll_A_001_phosphate_plate5.tif,1,800.000,800,800
7945,F8_01_1_2_Chlorophyll_A_001_phosphate_plate5.tif,1,768.000,768,768
7946,F8_01_1_2_Chlorophyll_A_001_phosphate_plate5.tif,1,832.000,832,832
7947,F8_01_1_2_Chlorophyll_A_001_phosphate_plate5.tif,4,808.000,768,896
7948,F8_01_1_2_Chlorophyll_A_001_phosphate_plate5.tif,4,800.000,768,832
7949,F8_01_1_2_Chlorophyll_A_001_phosphate_plate5.tif,1,768.000,768,768
7950,F8_01_1_2_Chlorophyll_A_001_phosphate_plate5.tif,1,800.000,800,800
7951,F8_01_1_2_Chlorophyll_A_001_phosphate_plate5.tif,1,864.000,864,864
7952,F8_01_1_2_Chlorophyll_A_001_phosphate_plate5.tif,4,804.000,768,848
7953,F8_01_1_2_Chlorophyll_A_001_phosphate_plate5.tif,1,880.000,880,880
7954,F8_01_1_2_Chlorophyll_A_001_phosphate_plate5.tif,2,848.000,832,864
7955,F8_01_1_2_Chlorophyll_A_001_phosphate_plate5.tif,1,784.000,784,784
7956,F8_01_1_2_Chlorophyll_A_001_phosphate_plate5.tif,1,832.000,832,832
7957,F8_01_1_2_Chlorophyll_A_001_phosphate_plate5.tif,1,832.000,832,832
7958,F8_01_1_2_Chlorophyll_A_001_phosphate_plate5.tif,2,800.000,768,832
7959,F8_01_1_2_Chlorophyll_A_001_phosphate_plate5.tif,1,864.000,864,864
7960,F8_01_1_2_Chlorophyll_A_001_phosphate_plate5.tif,1,992.000,992,992
7961,F8_01_1_2_Chlorophyll_A_001_phosphate_plate5.tif,2,832.000,800,864
7962,F8_01_1_2_Chlorophyll_A_001_phosphate_plate5.tif,3,842.667,784,944
7963,F8_01_1_2_Chlorophyll_A_001_phosphate_plate5.tif,2,840.000,832,848
7964,F8_01_1_2_Chlorophyll_A_001_phosphate_plate5.tif,1,864.000,864,864
7965,F8_01_1_2_Chlorophyll_A_001_phosphate_plate5.tif,2,936.000,896,976
7966,F8_01_1_2_Chlorophyll_A_001_phosphate_plate5.tif,2,904.000,784,1024
7967,F8_01_1_2_Chlorophyll_A_001_phosphate_plate5.tif,2,816.000,784,848
7968,F8_01_1_2_Chlorophyll_A_001_phosphate_plate5.tif,1,816.000,816,816
7969,F8_01_1_2_Chlorophyll_A_001_phosphate_plate5.tif,23,883.478,768,1184
7970,F8_01_1_2_Chlorophyll_A_001_phosphate_plate5.tif,62,897.806,768,1088
7971,F8_01_1_2_Chlorophyll_A_001_phosphate_plate5.tif,32,889.500,768,1088
7972,F8_01_1_2_Chlorophyll_A_001_phosphate_plate5.tif,46,860.174,768,1040
7973,F8_01_1_2_Chlorophyll_A_001_phosphate_plate5.tif,25,903.680,784,1104
7974,F8_01_1_2_Chlorophyll_A_001_phosphate_plate5.tif,16,852.000,768,1008
7975,F8_01_1_2_Chlorophyll_A_001_phosphate_plate5.tif,6,842.667,768,928
7976,F8_01_1_2_Chlorophyll_A_001_phosphate_plate5.tif,1,784.000,784,784
7977,F8_01_1_2_Chlorophyll_A_001_phosphate_plate5.tif,6,853.333,768,976
7978,F8_01_1_2_Chlorophyll_A_001_phosphate_plate5.tif,6,896.000,784,944
7979,F8_01_1_2_Chlorophyll_A_001_phosphate_plate5.tif,1,864.000,864,864
7980,F8_01_1_2_Chlorophyll_A_001_phosphate_plate5.tif,1,784.000,784,784
7981,F8_01_1_2_Chlorophyll_A_001_phosphate_plate5.tif,2,904.000,864,944
7982,F8_01_1_2_Chlorophyll_A_001_phosphate_plate5.tif,4,832.000,768,960
7983,F8_01_1_2_Chlorophyll_A_001_phosphate_plate5.tif,1,848.000,848,848
7984,F8_01_1_2_Chlorophyll_A_001_phosphate_plate5.tif,2,776.000,768,784
7985,F8_01_1_2_Chlorophyll_A_001_phosphate_plate5.tif,1,768.000,768,768
7986,F8_01_1_2_Chlorophyll_A_001_phosphate_plate5.tif,1,832.000,832,832
7987,F8_01_1_2_Chlorophyll_A_001_phosphate_plate5.tif,1,1072.000,1072,1072
7988,F8_01_1_2_Chlorophyll_A_001_phosphate_plate5.tif,1,912.000,912,912
7989,F8_01_1_2_Chlorophyll_A_001_phosphate_plate5.tif,1,784.000,784,784
7990,F8_01_1_2_Chlorophyll_A_001_phosphate_plate5.tif,1,768.000,768,768
7991,F8_01_1_2_Chlorophyll_A_001_phosphate_plate5.tif,1,800.000,800,800
7992,F8_01_1_2_Chlorophyll_A_001_phosphate_plate5.tif,1,800.000,800,800
7993,F8_01_1_2_Chlorophyll_A_001_phosphate_plate5.tif,1,832.000,832,832
7994,F8_01_1_2_Chlorophyll_A_001_phosphate_plate5.tif,2,832.000,784,880
7995,F8_01_1_2_Chlorophyll_A_001_phosphate_plate5.tif,1,816.000,816,816
7996,F8_01_1_2_Chlorophyll_A_001_phosphate_plate5.tif,1,816.000,816,816
7997,F8_01_1_2_Chlorophyll_A_001_phosphate_plate5.tif,1,800.000,800,800
7998,F8_01_1_2_Chlorophyll_A_001_phosphate_plate5.tif,1,816.000,816,816
7999,F8_01_1_2_Chlorophyll_A_001_phosphate_plate5.tif,1,784.000,784,784
8000,F8_01_1_2_Chlorophyll_A_001_phosphate_plate5.tif,1,816.000,816,816
8001,F8_01_1_2_Chlorophyll_A_001_phosphate_plate5.tif,1,832.000,832,832
8002,F8_01_1_2_Chlorophyll_A_001_phosphate_plate5.tif,1,816.000,816,816
8003,F8_01_1_2_Chlorophyll_A_001_phosphate_plate5.tif,1,864.000,864,864
8004,F8_01_1_2_Chlorophyll_A_001_phosphate_plate5.tif,1,928.000,928,928
8005,F8_01_1_2_Chlorophyll_A_001_phosphate_plate5.tif,1,768.000,768,768
8006,F8_01_1_2_Chlorophyll_A_001_phosphate_plate5.tif,3,810.667,768,848
8007,F8_01_1_2_Chlorophyll_A_001_phosphate_plate5.tif,4,812.000,768,864
8008,F8_01_1_2_Chlorophyll_A_001_phosphate_plate5.tif,3,789.333,768,832
8009,F8_01_1_2_Chlorophyll_A_001_phosphate_plate5.tif,1,784.000,784,784
8010,F8_01_1_2_Chlorophyll_A_001_phosphate_plate5.tif,1,848.000,848,848
8011,F8_01_1_2_Chlorophyll_A_001_phosphate_plate5.tif,1,832.000,832,832
8012,F8_01_1_2_Chlorophyll_A_001_phosphate_plate5.tif,3,832.000,768,864
8013,F8_01_1_2_Chlorophyll_A_001_phosphate_plate5.tif,1,864.000,864,864
8014,F8_01_1_2_Chlorophyll_A_001_phosphate_plate5.tif,1,784.000,784,784
8015,F8_01_1_2_Chlorophyll_A_001_phosphate_plate5.tif,3,938.667,880,1040
8016,F8_01_1_2_Chlorophyll_A_001_phosphate_plate5.tif,1,784.000,784,784
8017,F8_01_1_2_Chlorophyll_A_001_phosphate_plate5.tif,1,768.000,768,768
8018,F8_01_1_2_Chlorophyll_A_001_phosphate_plate5.tif,8,836.000,768,944
8019,F8_01_1_2_Chlorophyll_A_001_phosphate_plate5.tif,9,856.889,784,944
8020,F8_01_1_2_Chlorophyll_A_001_phosphate_plate5.tif,1,960.000,960,960
8021,F8_01_1_2_Chlorophyll_A_001_phosphate_plate5.tif,1,784.000,784,784
8022,F8_01_1_2_Chlorophyll_A_001_phosphate_plate5.tif,37,899.027,768,1088
8023,F8_01_1_2_Chlorophyll_A_001_phosphate_plate5.tif,66,902.061,768,1184
8024,F8_01_1_2_Chlorophyll_A_001_phosphate_plate5.tif,2,952.000,928,976
8025,F8_01_1_2_Chlorophyll_A_001_phosphate_plate5.tif,1,928.000,928,928
8026,F8_01_1_2_Chlorophyll_A_001_phosphate_plate5.tif,2,856.000,848,864
8027,F8_01_1_2_Chlorophyll_A_001_phosphate_plate5.tif,6,874.667,816,1056
8028,F8_01_1_2_Chlorophyll_A_001_phosphate_plate5.tif,1,832.000,832,832
8029,F8_01_1_2_Chlorophyll_A_001_phosphate_plate5.tif,1,768.000,768,768
8030,F8_01_1_2_Chlorophyll_A_001_phosphate_plate5.tif,2,976.000,912,1040
8031,F8_01_1_2_Chlorophyll_A_001_phosphate_plate5.tif,7,845.714,768,960
8032,F8_01_1_2_Chlorophyll_A_001_phosphate_plate5.tif,1,784.000,784,784
8033,F8_01_1_2_Chlorophyll_A_001_phosphate_plate5.tif,1,784.000,784,784
8034,F8_01_1_2_Chlorophyll_A_001_phosphate_plate5.tif,1,992.000,992,992
8035,F8_01_1_2_Chlorophyll_A_001_phosphate_plate5.tif,2,896.000,848,944
8036,F8_01_1_2_Chlorophyll_A_001_phosphate_plate5.tif,1,912.000,912,912
8037,F8_01_1_2_Chlorophyll_A_001_phosphate_plate5.tif,7,793.143,768,880
8038,F8_01_1_2_Chlorophyll_A_001_phosphate_plate5.tif,1,768.000,768,768
8039,F8_01_1_2_Chlorophyll_A_001_phosphate_plate5.tif,2,840.000,768,912
8040,F8_01_1_2_Chlorophyll_A_001_phosphate_plate5.tif,1,848.000,848,848
8041,F8_01_1_2_Chlorophyll_A_001_phosphate_plate5.tif,1,800.000,800,800
8042,F8_01_1_2_Chlorophyll_A_001_phosphate_plate5.tif,3,778.667,768,784
8043,F8_01_1_2_Chlorophyll_A_001_phosphate_plate5.tif,1,848.000,848,848
8044,F8_01_1_2_Chlorophyll_A_001_phosphate_plate5.tif,1,768.000,768,768
8045,F8_01_1_2_Chlorophyll_A_001_phosphate_plate5.tif,7,820.571,768,928
8046,F8_01_1_2_Chlorophyll_A_001_phosphate_plate5.tif,2,848.000,832,864
8047,F8_01_1_2_Chlorophyll_A_001_phosphate_plate5.tif,2,856.000,800,912
8048,F8_01_1_2_Chlorophyll_A_001_phosphate_plate5.tif,1,800.000,800,800
8049,F8_01_1_2_Chlorophyll_A_001_phosphate_plate5.tif,1,896.000,896,896
8050,F8_01_1_2_Chlorophyll_A_001_phosphate_plate5.tif,1,784.000,784,784
8051,F8_01_1_2_Chlorophyll_A_001_phosphate_plate5.tif,1,784.000,784,784
8052,F8_01_1_2_Chlorophyll_A_001_phosphate_plate5.tif,3,778.667,768,784
8053,F8_01_1_2_Chlorophyll_A_001_phosphate_plate5.tif,2,888.000,784,992
8054,F8_01_1_2_Chlorophyll_A_001_phosphate_plate5.tif,1,864.000,864,864
8055,F8_01_1_2_Chlorophyll_A_001_phosphate_plate5.tif,1,768.000,768,768
8056,F8_01_1_2_Chlorophyll_A_001_phosphate_plate5.tif,1,768.000,768,768
8057,F8_01_1_2_Chlorophyll_A_001_phosphate_plate5.tif,1,800.000,800,800
8058,F8_01_1_2_Chlorophyll_A_001_phosphate_plate5.tif,1,816.000,816,816
8059,F8_01_1_2_Chlorophyll_A_001_phosphate_plate5.tif,1,768.000,768,768
8060,F8_01_1_2_Chlorophyll_A_001_phosphate_plate5.tif,1,784.000,784,784
8061,F8_01_1_2_Chlorophyll_A_001_phosphate_plate5.tif,4,812.000,768,896
8062,F8_01_1_2_Chlorophyll_A_001_phosphate_plate5.tif,1,800.000,800,800
8063,F8_01_1_2_Chlorophyll_A_001_phosphate_plate5.tif,1,800.000,800,800
8064,F8_01_1_2_Chlorophyll_A_001_phosphate_plate5.tif,2,840.000,768,912
8065,F8_01_1_2_Chlorophyll_A_001_phosphate_plate5.tif,1,768.000,768,768
8066,F8_01_1_2_Chlorophyll_A_001_phosphate_plate5.tif,1,784.000,784,784
8067,F8_01_1_2_Chlorophyll_A_001_phosphate_plate5.tif,9,839.111,768,1008
8068,F8_01_1_2_Chlorophyll_A_001_phosphate_plate5.tif,1,768.000,768,768
8069,F8_01_1_2_Chlorophyll_A_001_phosphate_plate5.tif,1,768.000,768,768
8070,F8_01_1_2_Chlorophyll_A_001_phosphate_plate5.tif,5,803.200,784,848
8071,F8_01_1_2_Chlorophyll_A_001_phosphate_plate5.tif,3,848.000,816,880
8072,F8_01_1_2_Chlorophyll_A_001_phosphate_plate5.tif,3,842.667,768,960
8073,F8_01_1_2_Chlorophyll_A_001_phosphate_plate5.tif,26,874.462,784,1008
8074,F8_01_1_2_Chlorophyll_A_001_phosphate_plate5.tif,39,873.846,768,1024
8075,F8_01_1_2_Chlorophyll_A_001_phosphate_plate5.tif,30,929.600,784,1248
8076,F8_01_1_2_Chlorophyll_A_001_phosphate_plate5.tif,1,848.000,848,848
8077,F8_01_1_2_Chlorophyll_A_001_phosphate_plate5.tif,9,846.222,768,976
8078,F8_01_1_2_Chlorophyll_A_001_phosphate_plate5.tif,24,842.667,768,992
8079,F8_01_1_2_Chlorophyll_A_001_phosphate_plate5.tif,1,848.000,848,848
8080,F8_01_1_2_Chlorophyll_A_001_phosphate_plate5.tif,1,768.000,768,768
8081,F8_01_1_2_Chlorophyll_A_001_phosphate_plate5.tif,1,848.000,848,848
8082,F8_01_1_2_Chlorophyll_A_001_phosphate_plate5.tif,32,849.000,768,1088
8083,F8_01_1_2_Chlorophyll_A_001_phosphate_plate5.tif,1,768.000,768,768
8084,F8_01_1_2_Chlorophyll_A_001_phosphate_plate5.tif,14,882.286,768,1056
8085,F8_01_1_2_Chlorophyll_A_001_phosphate_plate5.tif,5,828.800,784,880
8086,F8_01_1_2_Chlorophyll_A_001_phosphate_plate5.tif,5,822.400,768,880
8087,F8_01_1_2_Chlorophyll_A_001_phosphate_plate5.tif,1,768.000,768,768
8088,F8_01_1_2_Chlorophyll_A_001_phosphate_plate5.tif,1,784.000,784,784
8089,F8_01_1_2_Chlorophyll_A_001_phosphate_plate5.tif,4,784.000,768,816
8090,F8_01_1_2_Chlorophyll_A_001_phosphate_plate5.tif,1,848.000,848,848
8091,F8_01_1_2_Chlorophyll_A_001_phosphate_plate5.tif,3,784.000,768,800
8092,F8_01_1_2_Chlorophyll_A_001_phosphate_plate5.tif,4,800.000,784,832
8093,F8_01_1_2_Chlorophyll_A_001_phosphate_plate5.tif,1,832.000,832,832
8094,F8_01_1_2_Chlorophyll_A_001_phosphate_plate5.tif,3,928.000,848,1056
8095,F8_01_1_2_Chlorophyll_A_001_phosphate_plate5.tif,2,872.000,848,896
8096,F8_01_1_2_Chlorophyll_A_001_phosphate_plate5.tif,4,880.000,784,1072
8097,F8_01_1_2_Chlorophyll_A_001_phosphate_plate5.tif,2,848.000,832,864
8098,F8_01_1_2_Chlorophyll_A_001_phosphate_plate5.tif,1,848.000,848,848
8099,F8_01_1_2_Chlorophyll_A_001_phosphate_plate5.tif,1,800.000,800,800
8100,F8_01_1_2_Chlorophyll_A_001_phosphate_plate5.tif,1,800.000,800,800
8101,F8_01_1_2_Chlorophyll_A_001_phosphate_plate5.tif,2,816.000,800,832
8102,F8_01_1_2_Chlorophyll_A_001_phosphate_plate5.tif,1,944.000,944,944
8103,F8_01_1_2_Chlorophyll_A_001_phosphate_plate5.tif,1,784.000,784,784
8104,F8_01_1_2_Chlorophyll_A_001_phosphate_plate5.tif,2,808.000,784,832
8105,F8_01_1_2_Chlorophyll_A_001_phosphate_plate5.tif,1,800.000,800,800
8106,F8_01_1_2_Chlorophyll_A_001_phosphate_plate5.tif,1,880.000,880,880
8107,F8_01_1_2_Chlorophyll_A_001_phosphate_plate5.tif,1,800.000,800,800
8108,F8_01_1_2_Chlorophyll_A_001_phosphate_plate5.tif,1,768.000,768,768
8109,F8_01_1_2_Chlorophyll_A_001_phosphate_plate5.tif,1,848.000,848,848
8110,F8_01_1_2_Chlorophyll_A_001_phosphate_plate5.tif,5,857.600,768,912
8111,F8_01_1_2_Chlorophyll_A_001_phosphate_plate5.tif,3,869.333,800,960
8112,F8_01_1_2_Chlorophyll_A_001_phosphate_plate5.tif,1,864.000,864,864
8113,F8_01_1_2_Chlorophyll_A_001_phosphate_plate5.tif,1,768.000,768,768
8114,F8_01_1_2_Chlorophyll_A_001_phosphate_plate5.tif,5,860.800,800,944
8115,F8_01_1_2_Chlorophyll_A_001_phosphate_plate5.tif,88,2432.545,768,9632
8116,F8_01_1_2_Chlorophyll_A_001_phosphate_plate5.tif,1,784.000,784,784
8117,F8_01_1_2_Chlorophyll_A_001_phosphate_plate5.tif,1,768.000,768,768
8118,F8_01_1_2_Chlorophyll_A_001_phosphate_plate5.tif,1,816.000,816,816
8119,F8_01_1_2_Chlorophyll_A_001_phosphate_plate5.tif,1,816.000,816,816
8120,F8_01_1_2_Chlorophyll_A_001_phosphate_plate5.tif,2,776.000,768,784
8121,F8_01_1_2_Chlorophyll_A_001_phosphate_plate5.tif,1,912.000,912,912
8122,F8_01_1_2_Chlorophyll_A_001_phosphate_plate5.tif,1,896.000,896,896
8123,F8_01_1_2_Chlorophyll_A_001_phosphate_plate5.tif,2,808.000,768,848
8124,F8_01_1_2_Chlorophyll_A_001_phosphate_plate5.tif,1,800.000,800,800
8125,F8_01_1_2_Chlorophyll_A_001_phosphate_plate5.tif,1,800.000,800,800
8126,F8_01_1_2_Chlorophyll_A_001_phosphate_plate5.tif,1,768.000,768,768
8127,F8_01_1_2_Chlorophyll_A_001_phosphate_plate5.tif,1,816.000,816,816
8128,F8_01_1_2_Chlorophyll_A_001_phosphate_plate5.tif,1,784.000,784,784
8129,F8_01_1_2_Chlorophyll_A_001_phosphate_plate5.tif,1,768.000,768,768
8130,F8_01_1_2_Chlorophyll_A_001_phosphate_plate5.tif,2,1008.000,912,1104
8131,F8_01_1_2_Chlorophyll_A_001_phosphate_plate5.tif,2,864.000,832,896
8132,F8_01_1_2_Chlorophyll_A_001_phosphate_plate5.tif,1,1008.000,1008,1008
8133,F8_01_1_2_Chlorophyll_A_001_phosphate_plate5.tif,1,992.000,992,992
8134,F8_01_1_2_Chlorophyll_A_001_phosphate_plate5.tif,1,992.000,992,992
8135,F8_01_1_2_Chlorophyll_A_001_phosphate_plate5.tif,1,784.000,784,784
8136,F8_01_1_2_Chlorophyll_A_001_phosphate_plate5.tif,1,912.000,912,912
8137,F8_01_1_2_Chlorophyll_A_001_phosphate_plate5.tif,1,800.000,800,800
8138,F8_01_1_2_Chlorophyll_A_001_phosphate_plate5.tif,1,848.000,848,848
8139,F8_01_1_2_Chlorophyll_A_001_phosphate_plate5.tif,1,928.000,928,928
8140,F8_01_1_2_Chlorophyll_A_001_phosphate_plate5.tif,1,896.000,896,896
8141,F8_01_1_2_Chlorophyll_A_001_phosphate_plate5.tif,1,816.000,816,816
8142,F8_01_1_2_Chlorophyll_A_001_phosphate_plate5.tif,39,868.103,768,1168
8143,F8_01_1_2_Chlorophyll_A_001_phosphate_plate5.tif,24,950.000,768,1232
8144,F8_01_1_2_Chlorophyll_A_001_phosphate_plate5.tif,20,885.600,768,1104
8145,F8_01_1_2_Chlorophyll_A_001_phosphate_plate5.tif,30,954.133,768,1248
8146,F8_01_1_2_Chlorophyll_A_001_phosphate_plate5.tif,54,879.111,768,1088
8147,F8_01_1_2_Chlorophyll_A_001_phosphate_plate5.tif,22,888.727,768,1248
8148,F8_01_1_2_Chlorophyll_A_001_phosphate_plate5.tif,70,874.057,768,1120
8149,F8_01_1_2_Chlorophyll_A_001_phosphate_plate5.tif,2,800.000,800,800
8150,F8_01_1_2_Chlorophyll_A_001_phosphate_plate5.tif,2,792.000,784,800
8151,F8_01_1_2_Chlorophyll_A_001_phosphate_plate5.tif,1,784.000,784,784
8152,F8_01_1_2_Chlorophyll_A_001_phosphate_plate5.tif,3,800.000,768,864
8153,F8_01_1_2_Chlorophyll_A_001_phosphate_plate5.tif,1,800.000,800,800
8154,F8_01_1_2_Chlorophyll_A_001_phosphate_plate5.tif,1,832.000,832,832
8155,F8_01_1_2_Chlorophyll_A_001_phosphate_plate5.tif,1,928.000,928,928
8156,F8_01_1_2_Chlorophyll_A_001_phosphate_plate5.tif,1,832.000,832,832
8157,F8_01_1_2_Chlorophyll_A_001_phosphate_plate5.tif,7,850.286,768,960
8158,F8_01_1_2_Chlorophyll_A_001_phosphate_plate5.tif,2,856.000,784,928
8159,F8_01_1_2_Chlorophyll_A_001_phosphate_plate5.tif,5,848.000,800,912
8160,F8_01_1_2_Chlorophyll_A_001_phosphate_plate5.tif,1,800.000,800,800
8161,F8_01_1_2_Chlorophyll_A_001_phosphate_plate5.tif,2,816.000,784,848
8162,F8_01_1_2_Chlorophyll_A_001_phosphate_plate5.tif,1,784.000,784,784
8163,F8_01_1_2_Chlorophyll_A_001_phosphate_plate5.tif,1,768.000,768,768
8164,F8_01_1_2_Chlorophyll_A_001_phosphate_plate5.tif,1,800.000,800,800
8165,F8_01_1_2_Chlorophyll_A_001_phosphate_plate5.tif,1,928.000,928,928
8166,F8_01_1_2_Chlorophyll_A_001_phosphate_plate5.tif,3,810.667,800,816
8167,F8_01_1_2_Chlorophyll_A_001_phosphate_plate5.tif,1,912.000,912,912
8168,F8_01_1_2_Chlorophyll_A_001_phosphate_plate5.tif,4,816.000,800,864
8169,F8_01_1_2_Chlorophyll_A_001_phosphate_plate5.tif,1,864.000,864,864
8170,F8_01_1_2_Chlorophyll_A_001_phosphate_plate5.tif,1,768.000,768,768
8171,F8_01_1_2_Chlorophyll_A_001_phosphate_plate5.tif,1,832.000,832,832
8172,F8_01_1_2_Chlorophyll_A_001_phosphate_plate5.tif,3,800.000,768,864
8173,F8_01_1_2_Chlorophyll_A_001_phosphate_plate5.tif,1,768.000,768,768
8174,F8_01_1_2_Chlorophyll_A_001_phosphate_plate5.tif,1,880.000,880,880
8175,F8_01_1_2_Chlorophyll_A_001_phosphate_plate5.tif,1,864.000,864,864
8176,F8_01_1_2_Chlorophyll_A_001_phosphate_plate5.tif,1,784.000,784,784
8177,F8_01_1_2_Chlorophyll_A_001_phosphate_plate5.tif,2,880.000,816,944
8178,F8_01_1_2_Chlorophyll_A_001_phosphate_plate5.tif,1,880.000,880,880
8179,F8_01_1_2_Chlorophyll_A_001_phosphate_plate5.tif,1,864.000,864,864
8180,F8_01_1_2_Chlorophyll_A_001_phosphate_plate5.tif,1,768.000,768,768
8181,F8_01_1_2_Chlorophyll_A_001_phosphate_plate5.tif,1,784.000,784,784
8182,F8_01_1_2_Chlorophyll_A_001_phosphate_plate5.tif,2,808.000,768,848
8183,F8_01_1_2_Chlorophyll_A_001_phosphate_plate5.tif,2,832.000,768,896
8184,F8_01_1_2_Chlorophyll_A_001_phosphate_plate5.tif,5,800.000,768,832
8185,F8_01_1_2_Chlorophyll_A_001_phosphate_plate5.tif,1,800.000,800,800
8186,F8_01_1_2_Chlorophyll_A_001_phosphate_plate5.tif,1,768.000,768,768
8187,F8_01_1_2_Chlorophyll_A_001_phosphate_plate5.tif,2,792.000,768,816
8188,F8_01_1_2_Chlorophyll_A_001_phosphate_plate5.tif,1,784.000,784,784
8189,F8_01_1_2_Chlorophyll_A_001_phosphate_plate5.tif,1,816.000,816,816
8190,F8_01_1_2_Chlorophyll_A_001_phosphate_plate5.tif,1,784.000,784,784
8191,F8_01_1_2_Chlorophyll_A_001_phosphate_plate5.tif,1,800.000,800,800
8192,F8_01_1_2_Chlorophyll_A_001_phosphate_plate5.tif,24,838.667,768,1008
8193,F8_01_1_2_Chlorophyll_A_001_phosphate_plate5.tif,1,880.000,880,880
8194,F8_01_1_2_Chlorophyll_A_001_phosphate_plate5.tif,9,807.111,768,896
8195,F8_01_1_2_Chlorophyll_A_001_phosphate_plate5.tif,263,1841.399,768,13184
8196,F8_01_1_2_Chlorophyll_A_001_phosphate_plate5.tif,19,909.474,768,1120
8197,F8_01_1_2_Chlorophyll_A_001_phosphate_plate5.tif,41,892.878,768,1280
8198,F8_01_1_2_Chlorophyll_A_001_phosphate_plate5.tif,53,893.887,768,1104
8199,F8_01_1_2_Chlorophyll_A_001_phosphate_plate5.tif,29,897.655,768,1200
8200,F8_01_1_2_Chlorophyll_A_001_phosphate_plate5.tif,17,895.059,768,1104
8201,F8_01_1_2_Chlorophyll_A_001_phosphate_plate5.tif,1,800.000,800,800
8202,F8_01_1_2_Chlorophyll_A_001_phosphate_plate5.tif,1,864.000,864,864
8203,F8_01_1_2_Chlorophyll_A_001_phosphate_plate5.tif,91,873.846,768,1200
8204,F8_01_1_2_Chlorophyll_A_001_phosphate_plate5.tif,1,896.000,896,896
8205,F8_01_1_2_Chlorophyll_A_001_phosphate_plate5.tif,22,858.182,768,1040
8206,F8_01_1_2_Chlorophyll_A_001_phosphate_plate5.tif,1,848.000,848,848
8207,F8_01_1_2_Chlorophyll_A_001_phosphate_plate5.tif,1,768.000,768,768
8208,F8_01_1_2_Chlorophyll_A_001_phosphate_plate5.tif,2,816.000,784,848
8209,F8_01_1_2_Chlorophyll_A_001_phosphate_plate5.tif,2,864.000,800,928
8210,F8_01_1_2_Chlorophyll_A_001_phosphate_plate5.tif,2,912.000,816,1008
8211,F8_01_1_2_Chlorophyll_A_001_phosphate_plate5.tif,1,1024.000,1024,1024
8212,F8_01_1_2_Chlorophyll_A_001_phosphate_plate5.tif,1,864.000,864,864
8213,F8_01_1_2_Chlorophyll_A_001_phosphate_plate5.tif,1,864.000,864,864
8214,F8_01_1_2_Chlorophyll_A_001_phosphate_plate5.tif,2,864.000,768,960
8215,F8_01_1_2_Chlorophyll_A_001_phosphate_plate5.tif,1,784.000,784,784
8216,F8_01_1_2_Chlorophyll_A_001_phosphate_plate5.tif,1,896.000,896,896
8217,F8_01_1_2_Chlorophyll_A_001_phosphate_plate5.tif,2,872.000,800,944
8218,F8_01_1_2_Chlorophyll_A_001_phosphate_plate5.tif,1,768.000,768,768
8219,F8_01_1_2_Chlorophyll_A_001_phosphate_plate5.tif,1,784.000,784,784
8220,F8_01_1_2_Chlorophyll_A_001_phosphate_plate5.tif,4,852.000,784,928
8221,F8_01_1_2_Chlorophyll_A_001_phosphate_plate5.tif,2,800.000,784,816
8222,F8_01_1_2_Chlorophyll_A_001_phosphate_plate5.tif,1,800.000,800,800
8223,F8_01_1_2_Chlorophyll_A_001_phosphate_plate5.tif,4,820.000,784,864
8224,F8_01_1_2_Chlorophyll_A_001_phosphate_plate5.tif,4,872.000,800,960
8225,F8_01_1_2_Chlorophyll_A_001_phosphate_plate5.tif,1,864.000,864,864
8226,F8_01_1_2_Chlorophyll_A_001_phosphate_plate5.tif,2,784.000,768,800
8227,F8_01_1_2_Chlorophyll_A_001_phosphate_plate5.tif,1,800.000,800,800
8228,F8_01_1_2_Chlorophyll_A_001_phosphate_plate5.tif,1,800.000,800,800
8229,F8_01_1_2_Chlorophyll_A_001_phosphate_plate5.tif,1,896.000,896,896
8230,F8_01_1_2_Chlorophyll_A_001_phosphate_plate5.tif,1,784.000,784,784
8231,F8_01_1_2_Chlorophyll_A_001_phosphate_plate5.tif,1,800.000,800,800
8232,F8_01_1_2_Chlorophyll_A_001_phosphate_plate5.tif,1,784.000,784,784
8233,F8_01_1_2_Chlorophyll_A_001_phosphate_plate5.tif,1,848.000,848,848
8234,F8_01_1_2_Chlorophyll_A_001_phosphate_plate5.tif,1,800.000,800,800
8235,F8_01_1_2_Chlorophyll_A_001_phosphate_plate5.tif,1,768.000,768,768
8236,F8_01_1_2_Chlorophyll_A_001_phosphate_plate5.tif,1,864.000,864,864
8237,F8_01_1_2_Chlorophyll_A_001_phosphate_plate5.tif,1,976.000,976,976
8238,F8_01_1_2_Chlorophyll_A_001_phosphate_plate5.tif,2,824.000,784,864
8239,F8_01_1_2_Chlorophyll_A_001_phosphate_plate5.tif,3,848.000,784,944
8240,F8_01_1_2_Chlorophyll_A_001_phosphate_plate5.tif,1,1056.000,1056,1056
8241,F8_01_1_2_Chlorophyll_A_001_phosphate_plate5.tif,1,800.000,800,800
8242,F8_01_1_2_Chlorophyll_A_001_phosphate_plate5.tif,2,800.000,800,800
8243,F8_01_1_2_Chlorophyll_A_001_phosphate_plate5.tif,1,928.000,928,928
8244,F8_01_1_2_Chlorophyll_A_001_phosphate_plate5.tif,1,880.000,880,880
8245,F8_01_1_2_Chlorophyll_A_001_phosphate_plate5.tif,1,960.000,960,960
8246,F8_01_1_2_Chlorophyll_A_001_phosphate_plate5.tif,3,805.333,768,880
8247,F8_01_1_2_Chlorophyll_A_001_phosphate_plate5.tif,1,816.000,816,816
8248,F8_01_1_2_Chlorophyll_A_001_phosphate_plate5.tif,1,768.000,768,768
8249,F8_01_1_2_Chlorophyll_A_001_phosphate_plate5.tif,1,768.000,768,768
8250,F8_01_1_2_Chlorophyll_A_001_phosphate_plate5.tif,4,856.000,816,880
8251,F8_01_1_2_Chlorophyll_A_001_phosphate_plate5.tif,1,880.000,880,880
8252,F8_01_1_2_Chlorophyll_A_001_phosphate_plate5.tif,1,848.000,848,848
8253,F8_01_1_2_Chlorophyll_A_001_phosphate_plate5.tif,1,832.000,832,832
8254,F8_01_1_2_Chlorophyll_A_001_phosphate_plate5.tif,1,832.000,832,832
8255,F8_01_1_2_Chlorophyll_A_001_phosphate_plate5.tif,4,792.000,768,816
8256,F8_01_1_2_Chlorophyll_A_001_phosphate_plate5.tif,1,784.000,784,784
8257,F8_01_1_2_Chlorophyll_A_001_phosphate_plate5.tif,2,864.000,768,960
8258,F8_01_1_2_Chlorophyll_A_001_phosphate_plate5.tif,3,933.333,912,960
8259,F8_01_1_2_Chlorophyll_A_001_phosphate_plate5.tif,1,784.000,784,784
8260,F8_01_1_2_Chlorophyll_A_001_phosphate_plate5.tif,72,879.778,768,1168
8261,F8_01_1_2_Chlorophyll_A_001_phosphate_plate5.tif,22,861.818,768,1040
8262,F8_01_1_2_Chlorophyll_A_001_phosphate_plate5.tif,46,936.348,768,1232
8263,F8_01_1_2_Chlorophyll_A_001_phosphate_plate5.tif,1,912.000,912,912
8264,F8_01_1_2_Chlorophyll_A_001_phosphate_plate5.tif,3,794.667,768,816
8265,F8_01_1_2_Chlorophyll_A_001_phosphate_plate5.tif,3,965.333,816,1104
8266,F8_01_1_2_Chlorophyll_A_001_phosphate_plate5.tif,13,808.615,768,960
8267,F8_01_1_2_Chlorophyll_A_001_phosphate_plate5.tif,2,808.000,768,848
8268,F8_01_1_2_Chlorophyll_A_001_phosphate_plate5.tif,2,848.000,832,864
8269,F8_01_1_2_Chlorophyll_A_001_phosphate_plate5.tif,6,813.333,768,896
8270,F8_01_1_2_Chlorophyll_A_001_phosphate_plate5.tif,1,848.000,848,848
8271,F8_01_1_2_Chlorophyll_A_001_phosphate_plate5.tif,4,904.000,768,1056
8272,F8_01_1_2_Chlorophyll_A_001_phosphate_plate5.tif,2,856.000,800,912
8273,F8_01_1_2_Chlorophyll_A_001_phosphate_plate5.tif,28,851.429,768,1008
8274,F8_01_1_2_Chlorophyll_A_001_phosphate_plate5.tif,1,896.000,896,896
8275,F8_01_1_2_Chlorophyll_A_001_phosphate_plate5.tif,2,792.000,768,816
8276,F8_01_1_2_Chlorophyll_A_001_phosphate_plate5.tif,1,784.000,784,784
8277,F8_01_1_2_Chlorophyll_A_001_phosphate_plate5.tif,1,768.000,768,768
8278,F8_01_1_2_Chlorophyll_A_001_phosphate_plate5.tif,2,792.000,784,800
8279,F8_01_1_2_Chlorophyll_A_001_phosphate_plate5.tif,1,784.000,784,784
8280,F8_01_1_2_Chlorophyll_A_001_phosphate_plate5.tif,3,816.000,768,912
8281,F8_01_1_2_Chlorophyll_A_001_phosphate_plate5.tif,1,784.000,784,784
8282,F8_01_1_2_Chlorophyll_A_001_phosphate_plate5.tif,4,816.000,768,912
8283,F8_01_1_2_Chlorophyll_A_001_phosphate_plate5.tif,1,880.000,880,880
8284,F8_01_1_2_Chlorophyll_A_001_phosphate_plate5.tif,5,796.800,768,848
8285,F8_01_1_2_Chlorophyll_A_001_phosphate_plate5.tif,1,816.000,816,816
8286,F8_01_1_2_Chlorophyll_A_001_phosphate_plate5.tif,1,880.000,880,880
8287,F8_01_1_2_Chlorophyll_A_001_phosphate_plate5.tif,2,888.000,800,976
8288,F8_01_1_2_Chlorophyll_A_001_phosphate_plate5.tif,2,864.000,832,896
8289,F8_01_1_2_Chlorophyll_A_001_phosphate_plate5.tif,1,800.000,800,800
8290,F8_01_1_2_Chlorophyll_A_001_phosphate_plate5.tif,1,800.000,800,800
8291,F8_01_1_2_Chlorophyll_A_001_phosphate_plate5.tif,1,784.000,784,784
8292,F8_01_1_2_Chlorophyll_A_001_phosphate_plate5.tif,4,884.000,768,1056
8293,F8_01_1_2_Chlorophyll_A_001_phosphate_plate5.tif,1,784.000,784,784
8294,F8_01_1_2_Chlorophyll_A_001_phosphate_plate5.tif,1,832.000,832,832
8295,F8_01_1_2_Chlorophyll_A_001_phosphate_plate5.tif,1,896.000,896,896
8296,F8_01_1_2_Chlorophyll_A_001_phosphate_plate5.tif,1,832.000,832,832
8297,F8_01_1_2_Chlorophyll_A_001_phosphate_plate5.tif,1,864.000,864,864
8298,F8_01_1_2_Chlorophyll_A_001_phosphate_plate5.tif,2,792.000,784,800
8299,F8_01_1_2_Chlorophyll_A_001_phosphate_plate5.tif,1,864.000,864,864
8300,F8_01_1_2_Chlorophyll_A_001_phosphate_plate5.tif,1,800.000,800,800
8301,F8_01_1_2_Chlorophyll_A_001_phosphate_plate5.tif,1,896.000,896,896
8302,F8_01_1_2_Chlorophyll_A_001_phosphate_plate5.tif,1,816.000,816,816
8303,F8_01_1_2_Chlorophyll_A_001_phosphate_plate5.tif,1,1040.000,1040,1040
8304,F8_01_1_2_Chlorophyll_A_001_phosphate_plate5.tif,6,792.000,768,816
8305,F8_01_1_2_Chlorophyll_A_001_phosphate_plate5.tif,2,904.000,864,944
8306,F8_01_1_2_Chlorophyll_A_001_phosphate_plate5.tif,7,868.571,768,960
8307,F8_01_1_2_Chlorophyll_A_001_phosphate_plate5.tif,5,832.000,784,896
8308,F8_01_1_2_Chlorophyll_A_001_phosphate_plate5.tif,4,912.000,816,992
8309,F8_01_1_2_Chlorophyll_A_001_phosphate_plate5.tif,14,888.000,784,1088
8310,F8_01_1_2_Chlorophyll_A_001_phosphate_plate5.tif,1,864.000,864,864
8311,F8_01_1_2_Chlorophyll_A_001_phosphate_plate5.tif,1,816.000,816,816
8312,F8_01_1_2_Chlorophyll_A_001_phosphate_plate5.tif,8,846.000,800,1008
8313,F8_01_1_2_Chlorophyll_A_001_phosphate_plate5.tif,1,832.000,832,832
8314,F8_01_1_2_Chlorophyll_A_001_phosphate_plate5.tif,2,776.000,768,784
8315,F8_01_1_2_Chlorophyll_A_001_phosphate_plate5.tif,9,874.667,768,1168
8316,F8_01_1_2_Chlorophyll_A_001_phosphate_plate5.tif,1,832.000,832,832
8317,F8_01_1_2_Chlorophyll_A_001_phosphate_plate5.tif,1,896.000,896,896
8318,F8_01_1_2_Chlorophyll_A_001_phosphate_plate5.tif,20,840.800,768,960
8319,F8_01_1_2_Chlorophyll_A_001_phosphate_plate5.tif,2,816.000,768,864
8320,F8_01_1_2_Chlorophyll_A_001_phosphate_plate5.tif,12,861.333,768,1056
8321,F8_01_1_2_Chlorophyll_A_001_phosphate_plate5.tif,1,928.000,928,928
8322,F8_01_1_2_Chlorophyll_A_001_phosphate_plate5.tif,4,856.000,784,928
8323,F8_01_1_2_Chlorophyll_A_001_phosphate_plate5.tif,5,838.400,768,1024
8324,F8_01_1_2_Chlorophyll_A_001_phosphate_plate5.tif,1,864.000,864,864
8325,F8_01_1_2_Chlorophyll_A_001_phosphate_plate5.tif,2,784.000,784,784
8326,F8_01_1_2_Chlorophyll_A_001_phosphate_plate5.tif,1,768.000,768,768
8327,F8_01_1_2_Chlorophyll_A_001_phosphate_plate5.tif,1,896.000,896,896
8328,F8_01_1_2_Chlorophyll_A_001_phosphate_plate5.tif,2,856.000,832,880
8329,F8_01_1_2_Chlorophyll_A_001_phosphate_plate5.tif,1,768.000,768,768
8330,F8_01_1_2_Chlorophyll_A_001_phosphate_plate5.tif,1,768.000,768,768
8331,F8_01_1_2_Chlorophyll_A_001_phosphate_plate5.tif,2,872.000,848,896
8332,F8_01_1_2_Chlorophyll_A_001_phosphate_plate5.tif,6,864.000,784,992
8333,F8_01_1_2_Chlorophyll_A_001_phosphate_plate5.tif,1,800.000,800,800
8334,F8_01_1_2_Chlorophyll_A_001_phosphate_plate5.tif,1,928.000,928,928
8335,F8_01_1_2_Chlorophyll_A_001_phosphate_plate5.tif,1,768.000,768,768
8336,F8_01_1_2_Chlorophyll_A_001_phosphate_plate5.tif,1,816.000,816,816
8337,F8_01_1_2_Chlorophyll_A_001_phosphate_plate5.tif,4,852.000,784,928
8338,F8_01_1_2_Chlorophyll_A_001_phosphate_plate5.tif,1,800.000,800,800
8339,F8_01_1_2_Chlorophyll_A_001_phosphate_plate5.tif,1,784.000,784,784
8340,F8_01_1_2_Chlorophyll_A_001_phosphate_plate5.tif,1,784.000,784,784
8341,F8_01_1_2_Chlorophyll_A_001_phosphate_plate5.tif,2,864.000,800,928
8342,F8_01_1_2_Chlorophyll_A_001_phosphate_plate5.tif,1,912.000,912,912
8343,F8_01_1_2_Chlorophyll_A_001_phosphate_plate5.tif,1,784.000,784,784
8344,F8_01_1_2_Chlorophyll_A_001_phosphate_plate5.tif,1,800.000,800,800
8345,F8_01_1_2_Chlorophyll_A_001_phosphate_plate5.tif,2,832.000,768,896
8346,F8_01_1_2_Chlorophyll_A_001_phosphate_plate5.tif,1,848.000,848,848
8347,F8_01_1_2_Chlorophyll_A_001_phosphate_plate5.tif,1,832.000,832,832
8348,F8_01_1_2_Chlorophyll_A_001_phosphate_plate5.tif,1,800.000,800,800
8349,F8_01_1_2_Chlorophyll_A_001_phosphate_plate5.tif,1,880.000,880,880
8350,F8_01_1_2_Chlorophyll_A_001_phosphate_plate5.tif,1,816.000,816,816
8351,F8_01_1_2_Chlorophyll_A_001_phosphate_plate5.tif,1,816.000,816,816
8352,F8_01_1_2_Chlorophyll_A_001_phosphate_plate5.tif,1,912.000,912,912
8353,F8_01_1_2_Chlorophyll_A_001_phosphate_plate5.tif,1,800.000,800,800
8354,F8_01_1_2_Chlorophyll_A_001_phosphate_plate5.tif,3,890.667,768,976
8355,F8_01_1_2_Chlorophyll_A_001_phosphate_plate5.tif,1,768.000,768,768
8356,F8_01_1_2_Chlorophyll_A_001_phosphate_plate5.tif,2,880.000,880,880
8357,F8_01_1_2_Chlorophyll_A_001_phosphate_plate5.tif,1,848.000,848,848
8358,F8_01_1_2_Chlorophyll_A_001_phosphate_plate5.tif,2,848.000,800,896
8359,F8_01_1_2_Chlorophyll_A_001_phosphate_plate5.tif,2,864.000,832,896
8360,F8_01_1_2_Chlorophyll_A_001_phosphate_plate5.tif,1,832.000,832,832
8361,F8_01_1_2_Chlorophyll_A_001_phosphate_plate5.tif,1,848.000,848,848
8362,F8_01_1_2_Chlorophyll_A_001_phosphate_plate5.tif,1,768.000,768,768
8363,F8_01_1_2_Chlorophyll_A_001_phosphate_plate5.tif,1,800.000,800,800
8364,F8_01_1_2_Chlorophyll_A_001_phosphate_plate5.tif,1,800.000,800,800
8365,F8_01_1_2_Chlorophyll_A_001_phosphate_plate5.tif,1,768.000,768,768
8366,F8_01_1_2_Chlorophyll_A_001_phosphate_plate5.tif,1,848.000,848,848
8367,F8_01_1_2_Chlorophyll_A_001_phosphate_plate5.tif,1,768.000,768,768
8368,F8_01_1_2_Chlorophyll_A_001_phosphate_plate5.tif,1,896.000,896,896
8369,F8_01_1_2_Chlorophyll_A_001_phosphate_plate5.tif,2,840.000,768,912
8370,F8_01_1_2_Chlorophyll_A_001_phosphate_plate5.tif,1,800.000,800,800
8371,F8_01_1_2_Chlorophyll_A_001_phosphate_plate5.tif,89,899.416,768,1136
8372,F8_01_1_2_Chlorophyll_A_001_phosphate_plate5.tif,26,880.000,768,1264
8373,F8_01_1_2_Chlorophyll_A_001_phosphate_plate5.tif,39,882.462,768,1104
8374,F8_01_1_2_Chlorophyll_A_001_phosphate_plate5.tif,236,1777.966,768,14304
8375,F8_01_1_2_Chlorophyll_A_001_phosphate_plate5.tif,9,812.444,768,880
8376,F8_01_1_2_Chlorophyll_A_001_phosphate_plate5.tif,3,784.000,768,816
8377,F8_01_1_2_Chlorophyll_A_001_phosphate_plate5.tif,4,800.000,784,848
8378,F8_01_1_2_Chlorophyll_A_001_phosphate_plate5.tif,2,784.000,784,784
8379,F8_01_1_2_Chlorophyll_A_001_phosphate_plate5.tif,5,956.800,832,1216
8380,F8_01_1_2_Chlorophyll_A_001_phosphate_plate5.tif,2,832.000,784,880
8381,F8_01_1_2_Chlorophyll_A_001_phosphate_plate5.tif,2,824.000,784,864
8382,F8_01_1_2_Chlorophyll_A_001_phosphate_plate5.tif,1,832.000,832,832
8383,F8_01_1_2_Chlorophyll_A_001_phosphate_plate5.tif,1,768.000,768,768
8384,F8_01_1_2_Chlorophyll_A_001_phosphate_plate5.tif,1,800.000,800,800
8385,F8_01_1_2_Chlorophyll_A_001_phosphate_plate5.tif,8,824.000,768,928
8386,F8_01_1_2_Chlorophyll_A_001_phosphate_plate5.tif,1,848.000,848,848
8387,F8_01_1_2_Chlorophyll_A_001_phosphate_plate5.tif,1,928.000,928,928
8388,F8_01_1_2_Chlorophyll_A_001_phosphate_plate5.tif,2,920.000,816,1024
8389,F8_01_1_2_Chlorophyll_A_001_phosphate_plate5.tif,1,768.000,768,768
8390,F8_01_1_2_Chlorophyll_A_001_phosphate_plate5.tif,3,810.667,768,880
8391,F8_01_1_2_Chlorophyll_A_001_phosphate_plate5.tif,1,864.000,864,864
8392,F8_01_1_2_Chlorophyll_A_001_phosphate_plate5.tif,6,885.333,768,960
8393,F8_01_1_2_Chlorophyll_A_001_phosphate_plate5.tif,1,784.000,784,784
8394,F8_01_1_2_Chlorophyll_A_001_phosphate_plate5.tif,1,912.000,912,912
8395,F8_01_1_2_Chlorophyll_A_001_phosphate_plate5.tif,1,768.000,768,768
8396,F8_01_1_2_Chlorophyll_A_001_phosphate_plate5.tif,1,784.000,784,784
8397,F8_01_1_2_Chlorophyll_A_001_phosphate_plate5.tif,2,800.000,784,816
8398,F8_01_1_2_Chlorophyll_A_001_phosphate_plate5.tif,1,848.000,848,848
8399,F8_01_1_2_Chlorophyll_A_001_phosphate_plate5.tif,1,784.000,784,784
8400,F8_01_1_2_Chlorophyll_A_001_phosphate_plate5.tif,2,840.000,784,896
8401,F8_01_1_2_Chlorophyll_A_001_phosphate_plate5.tif,1,944.000,944,944
8402,F8_01_1_2_Chlorophyll_A_001_phosphate_plate5.tif,1,800.000,800,800
8403,F8_01_1_2_Chlorophyll_A_001_phosphate_plate5.tif,1,784.000,784,784
8404,F8_01_1_2_Chlorophyll_A_001_phosphate_plate5.tif,1,912.000,912,912
8405,F8_01_1_2_Chlorophyll_A_001_phosphate_plate5.tif,1,768.000,768,768
8406,F8_01_1_2_Chlorophyll_A_001_phosphate_plate5.tif,3,869.333,800,944
8407,F8_01_1_2_Chlorophyll_A_001_phosphate_plate5.tif,1,800.000,800,800
8408,F8_01_1_2_Chlorophyll_A_001_phosphate_plate5.tif,1,800.000,800,800
8409,F8_01_1_2_Chlorophyll_A_001_phosphate_plate5.tif,2,816.000,784,848
8410,F8_01_1_2_Chlorophyll_A_001_phosphate_plate5.tif,3,805.333,784,816
8411,F8_01_1_2_Chlorophyll_A_001_phosphate_plate5.tif,1,896.000,896,896
8412,F8_01_1_2_Chlorophyll_A_001_phosphate_plate5.tif,1,912.000,912,912
8413,F8_01_1_2_Chlorophyll_A_001_phosphate_plate5.tif,1,768.000,768,768
8414,F8_01_1_2_Chlorophyll_A_001_phosphate_plate5.tif,1,800.000,800,800
8415,F8_01_1_2_Chlorophyll_A_001_phosphate_plate5.tif,1,1024.000,1024,1024
8416,F8_01_1_2_Chlorophyll_A_001_phosphate_plate5.tif,1,800.000,800,800
8417,F8_01_1_2_Chlorophyll_A_001_phosphate_plate5.tif,18,880.000,768,1056
8418,F8_01_1_2_Chlorophyll_A_001_phosphate_plate5.tif,36,859.111,768,1040
8419,F8_01_1_2_Chlorophyll_A_001_phosphate_plate5.tif,15,874.667,768,1072
8420,F8_01_1_2_Chlorophyll_A_001_phosphate_plate5.tif,233,1763.777,768,18928
8421,F8_01_1_2_Chlorophyll_A_001_phosphate_plate5.tif,1,848.000,848,848
8422,F8_01_1_2_Chlorophyll_A_001_phosphate_plate5.tif,9,864.000,784,1024
8423,F8_01_1_2_Chlorophyll_A_001_phosphate_plate5.tif,2,784.000,768,800
8424,F8_01_1_2_Chlorophyll_A_001_phosphate_plate5.tif,1,1040.000,1040,1040
8425,F8_01_1_2_Chlorophyll_A_001_phosphate_plate5.tif,3,885.333,848,928
8426,F8_01_1_2_Chlorophyll_A_001_phosphate_plate5.tif,2,792.000,784,800
8427,F8_01_1_2_Chlorophyll_A_001_phosphate_plate5.tif,3,826.667,768,928
8428,F8_01_1_2_Chlorophyll_A_001_phosphate_plate5.tif,4,844.000,768,976
8429,F8_01_1_2_Chlorophyll_A_001_phosphate_plate5.tif,3,800.000,768,832
8430,F8_01_1_2_Chlorophyll_A_001_phosphate_plate5.tif,2,848.000,848,848
8431,F8_01_1_2_Chlorophyll_A_001_phosphate_plate5.tif,2,808.000,784,832
8432,F8_01_1_2_Chlorophyll_A_001_phosphate_plate5.tif,4,796.000,784,800
8433,F8_01_1_2_Chlorophyll_A_001_phosphate_plate5.tif,1,784.000,784,784
8434,F8_01_1_2_Chlorophyll_A_001_phosphate_plate5.tif,3,816.000,784,864
8435,F8_01_1_2_Chlorophyll_A_001_phosphate_plate5.tif,1,816.000,816,816
8436,F8_01_1_2_Chlorophyll_A_001_phosphate_plate5.tif,1,832.000,832,832
8437,F8_01_1_2_Chlorophyll_A_001_phosphate_plate5.tif,1,768.000,768,768
8438,F8_01_1_2_Chlorophyll_A_001_phosphate_plate5.tif,1,800.000,800,800
8439,F8_01_1_2_Chlorophyll_A_001_phosphate_plate5.tif,1,800.000,800,800
8440,F8_01_1_2_Chlorophyll_A_001_phosphate_plate5.tif,1,800.000,800,800
8441,F8_01_1_2_Chlorophyll_A_001_phosphate_plate5.tif,1,848.000,848,848
8442,F8_01_1_2_Chlorophyll_A_001_phosphate_plate5.tif,4,836.000,768,880
8443,F8_01_1_2_Chlorophyll_A_001_phosphate_plate5.tif,1,864.000,864,864
8444,F8_01_1_2_Chlorophyll_A_001_phosphate_plate5.tif,1,800.000,800,800
8445,F8_01_1_2_Chlorophyll_A_001_phosphate_plate5.tif,1,880.000,880,880
8446,F8_01_1_2_Chlorophyll_A_001_phosphate_plate5.tif,1,832.000,832,832
8447,F8_01_1_2_Chlorophyll_A_001_phosphate_plate5.tif,1,784.000,784,784
8448,F8_01_1_2_Chlorophyll_A_001_phosphate_plate5.tif,2,808.000,800,816
8449,F8_01_1_2_Chlorophyll_A_001_phosphate_plate5.tif,1,848.000,848,848
8450,F8_01_1_2_Chlorophyll_A_001_phosphate_plate5.tif,1,768.000,768,768
8451,F8_01_1_2_Chlorophyll_A_001_phosphate_plate5.tif,2,816.000,816,816
8452,F8_01_1_2_Chlorophyll_A_001_phosphate_plate5.tif,1,816.000,816,816
8453,F8_01_1_2_Chlorophyll_A_001_phosphate_plate5.tif,1,784.000,784,784
8454,F8_01_1_2_Chlorophyll_A_001_phosphate_plate5.tif,1,816.000,816,816
8455,F8_01_1_2_Chlorophyll_A_001_phosphate_plate5.tif,1,848.000,848,848
8456,F8_01_1_2_Chlorophyll_A_001_phosphate_plate5.tif,113,3383.080,768,16752
8457,F8_01_1_2_Chlorophyll_A_001_phosphate_plate5.tif,1,944.000,944,944
8458,F8_01_1_2_Chlorophyll_A_001_phosphate_plate5.tif,1,800.000,800,800
8459,F8_01_1_2_Chlorophyll_A_001_phosphate_plate5.tif,2,832.000,832,832
8460,F8_01_1_2_Chlorophyll_A_001_phosphate_plate5.tif,1,816.000,816,816
8461,F8_01_1_2_Chlorophyll_A_001_phosphate_plate5.tif,2,792.000,768,816
8462,F8_01_1_2_Chlorophyll_A_001_phosphate_plate5.tif,1,848.000,848,848
8463,F8_01_1_2_Chlorophyll_A_001_phosphate_plate5.tif,2,944.000,880,1008
8464,F8_01_1_2_Chlorophyll_A_001_phosphate_plate5.tif,2,848.000,800,896
8465,F8_01_1_2_Chlorophyll_A_001_phosphate_plate5.tif,1,880.000,880,880
8466,F8_01_1_2_Chlorophyll_A_001_phosphate_plate5.tif,2,896.000,800,992
8467,F8_01_1_2_Chlorophyll_A_001_phosphate_plate5.tif,1,880.000,880,880
8468,F8_01_1_2_Chlorophyll_A_001_phosphate_plate5.tif,1,944.000,944,944
8469,F8_01_1_2_Chlorophyll_A_001_phosphate_plate5.tif,25,875.520,768,1152
8470,F8_01_1_2_Chlorophyll_A_001_phosphate_plate5.tif,37,877.838,768,1024
8471,F8_01_1_2_Chlorophyll_A_001_phosphate_plate5.tif,2,840.000,800,880
8472,F8_01_1_2_Chlorophyll_A_001_phosphate_plate5.tif,277,2020.390,768,16912
8473,F8_01_1_2_Chlorophyll_A_001_phosphate_plate5.tif,1,784.000,784,784
8474,F8_01_1_2_Chlorophyll_A_001_phosphate_plate5.tif,9,885.333,768,1104
8475,F8_01_1_2_Chlorophyll_A_001_phosphate_plate5.tif,1,848.000,848,848
8476,F8_01_1_2_Chlorophyll_A_001_phosphate_plate5.tif,1,848.000,848,848
8477,F8_01_1_2_Chlorophyll_A_001_phosphate_plate5.tif,7,834.286,768,928
8478,F8_01_1_2_Chlorophyll_A_001_phosphate_plate5.tif,3,826.667,800,880
8479,F8_01_1_2_Chlorophyll_A_001_phosphate_plate5.tif,1,784.000,784,784
8480,F8_01_1_2_Chlorophyll_A_001_phosphate_plate5.tif,1,848.000,848,848
8481,F8_01_1_2_Chlorophyll_A_001_phosphate_plate5.tif,1,768.000,768,768
8482,F8_01_1_2_Chlorophyll_A_001_phosphate_plate5.tif,1,816.000,816,816
8483,F8_01_1_2_Chlorophyll_A_001_phosphate_plate5.tif,5,790.400,768,816
8484,F8_01_1_2_Chlorophyll_A_001_phosphate_plate5.tif,1,768.000,768,768
8485,F8_01_1_2_Chlorophyll_A_001_phosphate_plate5.tif,2,864.000,768,960
8486,F8_01_1_2_Chlorophyll_A_001_phosphate_plate5.tif,1,768.000,768,768
8487,F8_01_1_2_Chlorophyll_A_001_phosphate_plate5.tif,4,840.000,768,976
8488,F8_01_1_2_Chlorophyll_A_001_phosphate_plate5.tif,3,810.667,784,848
8489,F8_01_1_2_Chlorophyll_A_001_phosphate_plate5.tif,1,1136.000,1136,1136
8490,F8_01_1_2_Chlorophyll_A_001_phosphate_plate5.tif,1,784.000,784,784
8491,F8_01_1_2_Chlorophyll_A_001_phosphate_plate5.tif,1,944.000,944,944
8492,F8_01_1_2_Chlorophyll_A_001_phosphate_plate5.tif,3,832.000,768,912
8493,F8_01_1_2_Chlorophyll_A_001_phosphate_plate5.tif,4,816.000,768,960
8494,F8_01_1_2_Chlorophyll_A_001_phosphate_plate5.tif,3,773.333,768,784
8495,F8_01_1_2_Chlorophyll_A_001_phosphate_plate5.tif,2,800.000,800,800
8496,F8_01_1_2_Chlorophyll_A_001_phosphate_plate5.tif,4,820.000,784,880
8497,F8_01_1_2_Chlorophyll_A_001_phosphate_plate5.tif,5,883.200,800,1072
8498,F8_01_1_2_Chlorophyll_A_001_phosphate_plate5.tif,1,768.000,768,768
8499,F8_01_1_2_Chlorophyll_A_001_phosphate_plate5.tif,3,794.667,784,800
8500,F8_01_1_2_Chlorophyll_A_001_phosphate_plate5.tif,1,816.000,816,816
8501,F8_01_1_2_Chlorophyll_A_001_phosphate_plate5.tif,2,968.000,848,1088
8502,F8_01_1_2_Chlorophyll_A_001_phosphate_plate5.tif,2,800.000,768,832
8503,F8_01_1_2_Chlorophyll_A_001_phosphate_plate5.tif,1,944.000,944,944
8504,F8_01_1_2_Chlorophyll_A_001_phosphate_plate5.tif,3,826.667,784,896
8505,F8_01_1_2_Chlorophyll_A_001_phosphate_plate5.tif,1,864.000,864,864
8506,F8_01_1_2_Chlorophyll_A_001_phosphate_plate5.tif,1,800.000,800,800
8507,F8_01_1_2_Chlorophyll_A_001_phosphate_plate5.tif,1,800.000,800,800
8508,F8_01_1_2_Chlorophyll_A_001_phosphate_plate5.tif,1,912.000,912,912
8509,F8_01_1_2_Chlorophyll_A_001_phosphate_plate5.tif,1,816.000,816,816
8510,F8_01_1_2_Chlorophyll_A_001_phosphate_plate5.tif,1,1008.000,1008,1008
8511,F8_01_1_2_Chlorophyll_A_001_phosphate_plate5.tif,1,1024.000,1024,1024
8512,F8_01_1_2_Chlorophyll_A_001_phosphate_plate5.tif,1,816.000,816,816
8513,F8_01_1_2_Chlorophyll_A_001_phosphate_plate5.tif,1,816.000,816,816
8514,F8_01_1_2_Chlorophyll_A_001_phosphate_plate5.tif,1,880.000,880,880
8515,F8_01_1_2_Chlorophyll_A_001_phosphate_plate5.tif,1,896.000,896,896
8516,F8_01_1_2_Chlorophyll_A_001_phosphate_plate5.tif,1,768.000,768,768
8517,F8_01_1_2_Chlorophyll_A_001_phosphate_plate5.tif,1,944.000,944,944
8518,F8_01_1_2_Chlorophyll_A_001_phosphate_plate5.tif,1,784.000,784,784
8519,F8_01_1_2_Chlorophyll_A_001_phosphate_plate5.tif,1,880.000,880,880
8520,F8_01_1_2_Chlorophyll_A_001_phosphate_plate5.tif,1,864.000,864,864
8521,F8_01_1_2_Chlorophyll_A_001_phosphate_plate5.tif,2,856.000,768,944
8522,F8_01_1_2_Chlorophyll_A_001_phosphate_plate5.tif,2,888.000,880,896
8523,F8_01_1_2_Chlorophyll_A_001_phosphate_plate5.tif,11,866.909,768,928
8524,F8_01_1_2_Chlorophyll_A_001_phosphate_plate5.tif,3,784.000,784,784
8525,F8_01_1_2_Chlorophyll_A_001_phosphate_plate5.tif,3,853.333,816,880
8526,F8_01_1_2_Chlorophyll_A_001_phosphate_plate5.tif,3,837.333,768,944
8527,F8_01_1_2_Chlorophyll_A_001_phosphate_plate5.tif,1,768.000,768,768
8528,F8_01_1_2_Chlorophyll_A_001_phosphate_plate5.tif,7,800.000,768,864
8529,F8_01_1_2_Chlorophyll_A_001_phosphate_plate5.tif,70,862.629,768,1072
8530,F8_01_1_2_Chlorophyll_A_001_phosphate_plate5.tif,68,866.824,768,1216
8531,F8_01_1_2_Chlorophyll_A_001_phosphate_plate5.tif,19,875.789,768,1056
8532,F8_01_1_2_Chlorophyll_A_001_phosphate_plate5.tif,17,902.588,784,1264
8533,F8_01_1_2_Chlorophyll_A_001_phosphate_plate5.tif,36,912.000,768,1104
8534,F8_01_1_2_Chlorophyll_A_001_phosphate_plate5.tif,4,832.000,768,992
8535,F8_01_1_2_Chlorophyll_A_001_phosphate_plate5.tif,12,864.000,768,992
8536,F8_01_1_2_Chlorophyll_A_001_phosphate_plate5.tif,2,816.000,768,864
8537,F8_01_1_2_Chlorophyll_A_001_phosphate_plate5.tif,6,834.667,768,944
8538,F8_01_1_2_Chlorophyll_A_001_phosphate_plate5.tif,7,836.571,784,928
8539,F8_01_1_2_Chlorophyll_A_001_phosphate_plate5.tif,3,837.333,784,928
8540,F8_01_1_2_Chlorophyll_A_001_phosphate_plate5.tif,2,880.000,784,976
8541,F8_01_1_2_Chlorophyll_A_001_phosphate_plate5.tif,3,858.667,768,928
8542,F8_01_1_2_Chlorophyll_A_001_phosphate_plate5.tif,10,884.800,800,1024
8543,F8_01_1_2_Chlorophyll_A_001_phosphate_plate5.tif,6,858.667,768,992
8544,F8_01_1_2_Chlorophyll_A_001_phosphate_plate5.tif,11,827.636,768,912
8545,F8_01_1_2_Chlorophyll_A_001_phosphate_plate5.tif,1,976.000,976,976
8546,F8_01_1_2_Chlorophyll_A_001_phosphate_plate5.tif,3,848.000,784,896
8547,F8_01_1_2_Chlorophyll_A_001_phosphate_plate5.tif,1,848.000,848,848
8548,F8_01_1_2_Chlorophyll_A_001_phosphate_plate5.tif,1,784.000,784,784
8549,F8_01_1_2_Chlorophyll_A_001_phosphate_plate5.tif,1,976.000,976,976
8550,F8_01_1_2_Chlorophyll_A_001_phosphate_plate5.tif,1,800.000,800,800
8551,F8_01_1_2_Chlorophyll_A_001_phosphate_plate5.tif,5,857.600,768,976
8552,F8_01_1_2_Chlorophyll_A_001_phosphate_plate5.tif,1,768.000,768,768
8553,F8_01_1_2_Chlorophyll_A_001_phosphate_plate5.tif,1,800.000,800,800
8554,F8_01_1_2_Chlorophyll_A_001_phosphate_plate5.tif,1,864.000,864,864
8555,F8_01_1_2_Chlorophyll_A_001_phosphate_plate5.tif,1,816.000,816,816
8556,F8_01_1_2_Chlorophyll_A_001_phosphate_plate5.tif,2,872.000,784,960
8557,F8_01_1_2_Chlorophyll_A_001_phosphate_plate5.tif,1,784.000,784,784
8558,F8_01_1_2_Chlorophyll_A_001_phosphate_plate5.tif,2,856.000,800,912
8559,F8_01_1_2_Chlorophyll_A_001_phosphate_plate5.tif,1,784.000,784,784
8560,F8_01_1_2_Chlorophyll_A_001_phosphate_plate5.tif,1,784.000,784,784
8561,F8_01_1_2_Chlorophyll_A_001_phosphate_plate5.tif,2,856.000,784,928
8562,F8_01_1_2_Chlorophyll_A_001_phosphate_plate5.tif,2,816.000,800,832
8563,F8_01_1_2_Chlorophyll_A_001_phosphate_plate5.tif,1,816.000,816,816
8564,F8_01_1_2_Chlorophyll_A_001_phosphate_plate5.tif,1,864.000,864,864
8565,F8_01_1_2_Chlorophyll_A_001_phosphate_plate5.tif,2,880.000,832,928
8566,F8_01_1_2_Chlorophyll_A_001_phosphate_plate5.tif,1,784.000,784,784
8567,F8_01_1_2_Chlorophyll_A_001_phosphate_plate5.tif,1,784.000,784,784
8568,F8_01_1_2_Chlorophyll_A_001_phosphate_plate5.tif,1,784.000,784,784
8569,F8_01_1_2_Chlorophyll_A_001_phosphate_plate5.tif,1,800.000,800,800
8570,F8_01_1_2_Chlorophyll_A_001_phosphate_plate5.tif,2,816.000,784,848
8571,F8_01_1_2_Chlorophyll_A_001_phosphate_plate5.tif,1,896.000,896,896
8572,F8_01_1_2_Chlorophyll_A_001_phosphate_plate5.tif,1,880.000,880,880
8573,F8_01_1_2_Chlorophyll_A_001_phosphate_plate5.tif,3,858.667,784,928
8574,F8_01_1_2_Chlorophyll_A_001_phosphate_plate5.tif,2,888.000,832,944
8575,F8_01_1_2_Chlorophyll_A_001_phosphate_plate5.tif,1,864.000,864,864
8576,F8_01_1_2_Chlorophyll_A_001_phosphate_plate5.tif,1,848.000,848,848
8577,F8_01_1_2_Chlorophyll_A_001_phosphate_plate5.tif,2,952.000,816,1088
8578,F8_01_1_2_Chlorophyll_A_001_phosphate_plate5.tif,27,880.593,768,1184
8579,F8_01_1_2_Chlorophyll_A_001_phosphate_plate5.tif,28,886.286,768,1168
8580,F8_01_1_2_Chlorophyll_A_001_phosphate_plate5.tif,45,910.933,784,1120
8581,F8_01_1_2_Chlorophyll_A_001_phosphate_plate5.tif,39,857.846,768,1008
8582,F8_01_1_2_Chlorophyll_A_001_phosphate_plate5.tif,4,840.000,768,992
8583,F8_01_1_2_Chlorophyll_A_001_phosphate_plate5.tif,1,864.000,864,864
8584,F8_01_1_2_Chlorophyll_A_001_phosphate_plate5.tif,1,848.000,848,848
8585,F8_01_1_2_Chlorophyll_A_001_phosphate_plate5.tif,1,784.000,784,784
8586,F8_01_1_2_Chlorophyll_A_001_phosphate_plate5.tif,5,851.200,768,976
8587,F8_01_1_2_Chlorophyll_A_001_phosphate_plate5.tif,1,768.000,768,768
8588,F8_01_1_2_Chlorophyll_A_001_phosphate_plate5.tif,1,912.000,912,912
8589,F8_01_1_2_Chlorophyll_A_001_phosphate_plate5.tif,1,768.000,768,768
8590,F8_01_1_2_Chlorophyll_A_001_phosphate_plate5.tif,1,848.000,848,848
8591,F8_01_1_2_Chlorophyll_A_001_phosphate_plate5.tif,2,784.000,768,800
8592,F8_01_1_2_Chlorophyll_A_001_phosphate_plate5.tif,2,824.000,768,880
8593,F8_01_1_2_Chlorophyll_A_001_phosphate_plate5.tif,4,828.000,768,928
8594,F8_01_1_2_Chlorophyll_A_001_phosphate_plate5.tif,4,788.000,768,832
8595,F8_01_1_2_Chlorophyll_A_001_phosphate_plate5.tif,5,822.400,768,864
8596,F8_01_1_2_Chlorophyll_A_001_phosphate_plate5.tif,1,768.000,768,768
8597,F8_01_1_2_Chlorophyll_A_001_phosphate_plate5.tif,2,800.000,784,816
8598,F8_01_1_2_Chlorophyll_A_001_phosphate_plate5.tif,1,768.000,768,768
8599,F8_01_1_2_Chlorophyll_A_001_phosphate_plate5.tif,1,816.000,816,816
8600,F8_01_1_2_Chlorophyll_A_001_phosphate_plate5.tif,2,792.000,784,800
8601,F8_01_1_2_Chlorophyll_A_001_phosphate_plate5.tif,1,800.000,800,800
8602,F8_01_1_2_Chlorophyll_A_001_phosphate_plate5.tif,2,824.000,784,864
8603,F8_01_1_2_Chlorophyll_A_001_phosphate_plate5.tif,1,784.000,784,784
8604,F8_01_1_2_Chlorophyll_A_001_phosphate_plate5.tif,1,848.000,848,848
8605,F8_01_1_2_Chlorophyll_A_001_phosphate_plate5.tif,2,840.000,816,864
8606,F8_01_1_2_Chlorophyll_A_001_phosphate_plate5.tif,1,768.000,768,768
8607,F8_01_1_2_Chlorophyll_A_001_phosphate_plate5.tif,1,832.000,832,832
8608,F8_01_1_2_Chlorophyll_A_001_phosphate_plate5.tif,1,784.000,784,784
8609,F8_01_1_2_Chlorophyll_A_001_phosphate_plate5.tif,1,832.000,832,832
8610,F8_01_1_2_Chlorophyll_A_001_phosphate_plate5.tif,1,784.000,784,784
8611,F8_01_1_2_Chlorophyll_A_001_phosphate_plate5.tif,1,800.000,800,800
8612,F8_01_1_2_Chlorophyll_A_001_phosphate_plate5.tif,3,874.667,832,944
8613,F8_01_1_2_Chlorophyll_A_001_phosphate_plate5.tif,1,768.000,768,768
8614,F8_01_1_2_Chlorophyll_A_001_phosphate_plate5.tif,9,791.111,768,864
8615,F8_01_1_2_Chlorophyll_A_001_phosphate_plate5.tif,1,848.000,848,848
8616,F8_01_1_2_Chlorophyll_A_001_phosphate_plate5.tif,3,816.000,784,832
8617,F8_01_1_2_Chlorophyll_A_001_phosphate_plate5.tif,1,960.000,960,960
8618,F8_01_1_2_Chlorophyll_A_001_phosphate_plate5.tif,1,864.000,864,864
8619,F8_01_1_2_Chlorophyll_A_001_phosphate_plate5.tif,5,809.600,768,880
8620,F8_01_1_2_Chlorophyll_A_001_phosphate_plate5.tif,4,852.000,768,960
8621,F8_01_1_2_Chlorophyll_A_001_phosphate_plate5.tif,29,857.931,768,992
8622,F8_01_1_2_Chlorophyll_A_001_phosphate_plate5.tif,20,883.200,784,1120
8623,F8_01_1_2_Chlorophyll_A_001_phosphate_plate5.tif,30,896.000,768,1136
8624,F8_01_1_2_Chlorophyll_A_001_phosphate_plate5.tif,42,897.524,784,1072
8625,F8_01_1_2_Chlorophyll_A_001_phosphate_plate5.tif,37,867.027,768,1056
8626,F8_01_1_2_Chlorophyll_A_001_phosphate_plate5.tif,4,872.000,784,960
8627,F8_01_1_2_Chlorophyll_A_001_phosphate_plate5.tif,4,804.000,768,864
8628,F8_01_1_2_Chlorophyll_A_001_phosphate_plate5.tif,3,800.000,784,832
8629,F8_01_1_2_Chlorophyll_A_001_phosphate_plate5.tif,3,869.333,832,928
8630,F8_01_1_2_Chlorophyll_A_001_phosphate_plate5.tif,1,800.000,800,800
8631,F8_01_1_2_Chlorophyll_A_001_phosphate_plate5.tif,1,848.000,848,848
8632,F8_01_1_2_Chlorophyll_A_001_phosphate_plate5.tif,1,864.000,864,864
8633,F8_01_1_2_Chlorophyll_A_001_phosphate_plate5.tif,3,810.667,768,880
8634,F8_01_1_2_Chlorophyll_A_001_phosphate_plate5.tif,12,833.333,768,928
8635,F8_01_1_2_Chlorophyll_A_001_phosphate_plate5.tif,1,928.000,928,928
8636,F8_01_1_2_Chlorophyll_A_001_phosphate_plate5.tif,2,776.000,768,784
8637,F8_01_1_2_Chlorophyll_A_001_phosphate_plate5.tif,1,832.000,832,832
8638,F8_01_1_2_Chlorophyll_A_001_phosphate_plate5.tif,1,1008.000,1008,1008
8639,F8_01_1_2_Chlorophyll_A_001_phosphate_plate5.tif,1,800.000,800,800
8640,F8_01_1_2_Chlorophyll_A_001_phosphate_plate5.tif,2,872.000,800,944
8641,F8_01_1_2_Chlorophyll_A_001_phosphate_plate5.tif,1,848.000,848,848
8642,F8_01_1_2_Chlorophyll_A_001_phosphate_plate5.tif,4,804.000,768,848
8643,F8_01_1_2_Chlorophyll_A_001_phosphate_plate5.tif,1,800.000,800,800
8644,F8_01_1_2_Chlorophyll_A_001_phosphate_plate5.tif,1,864.000,864,864
8645,F8_01_1_2_Chlorophyll_A_001_phosphate_plate5.tif,1,832.000,832,832
8646,F8_01_1_2_Chlorophyll_A_001_phosphate_plate5.tif,1,768.000,768,768
8647,F8_01_1_2_Chlorophyll_A_001_phosphate_plate5.tif,1,880.000,880,880
8648,F8_01_1_2_Chlorophyll_A_001_phosphate_plate5.tif,12,826.667,768,928
8649,F8_01_1_2_Chlorophyll_A_001_phosphate_plate5.tif,2,784.000,768,800
8650,F8_01_1_2_Chlorophyll_A_001_phosphate_plate5.tif,1,768.000,768,768
8651,F8_01_1_2_Chlorophyll_A_001_phosphate_plate5.tif,3,800.000,768,848
8652,F8_01_1_2_Chlorophyll_A_001_phosphate_plate5.tif,1,816.000,816,816
8653,F8_01_1_2_Chlorophyll_A_001_phosphate_plate5.tif,2,768.000,768,768
8654,F8_01_1_2_Chlorophyll_A_001_phosphate_plate5.tif,1,784.000,784,784
8655,F8_01_1_2_Chlorophyll_A_001_phosphate_plate5.tif,2,848.000,832,864
8656,F8_01_1_2_Chlorophyll_A_001_phosphate_plate5.tif,1,768.000,768,768
8657,F8_01_1_2_Chlorophyll_A_001_phosphate_plate5.tif,1,784.000,784,784
8658,F8_01_1_2_Chlorophyll_A_001_phosphate_plate5.tif,1,800.000,800,800
8659,F8_01_1_2_Chlorophyll_A_001_phosphate_plate5.tif,1,800.000,800,800
8660,F8_01_1_2_Chlorophyll_A_001_phosphate_plate5.tif,2,888.000,864,912
8661,F8_01_1_2_Chlorophyll_A_001_phosphate_plate5.tif,2,848.000,800,896
8662,F8_01_1_2_Chlorophyll_A_001_phosphate_plate5.tif,2,816.000,784,848
8663,F8_01_1_2_Chlorophyll_A_001_phosphate_plate5.tif,3,816.000,768,848
8664,F8_01_1_2_Chlorophyll_A_001_phosphate_plate5.tif,2,784.000,784,784
8665,F8_01_1_2_Chlorophyll_A_001_phosphate_plate5.tif,4,868.000,832,928
8666,F8_01_1_2_Chlorophyll_A_001_phosphate_plate5.tif,5,835.200,768,1008
8667,F8_01_1_2_Chlorophyll_A_001_phosphate_plate5.tif,1,976.000,976,976
8668,F8_01_1_2_Chlorophyll_A_001_phosphate_plate5.tif,1,1008.000,1008,1008
8669,F8_01_1_2_Chlorophyll_A_001_phosphate_plate5.tif,1,1168.000,1168,1168
8670,F8_01_1_2_Chlorophyll_A_001_phosphate_plate5.tif,2,832.000,784,880
8671,F8_01_1_2_Chlorophyll_A_001_phosphate_plate5.tif,62,852.903,768,1056
8672,F8_01_1_2_Chlorophyll_A_001_phosphate_plate5.tif,75,875.520,768,1168
8673,F8_01_1_2_Chlorophyll_A_001_phosphate_plate5.tif,106,887.094,768,1200
8674,F8_01_1_2_Chlorophyll_A_001_phosphate_plate5.tif,57,878.877,768,1072
8675,F8_01_1_2_Chlorophyll_A_001_phosphate_plate5.tif,11,903.273,784,1088
8676,F8_01_1_2_Chlorophyll_A_001_phosphate_plate5.tif,2,856.000,800,912
8677,F8_01_1_2_Chlorophyll_A_001_phosphate_plate5.tif,73,858.959,768,1056
8678,F8_01_1_2_Chlorophyll_A_001_phosphate_plate5.tif,3,960.000,832,1136
8679,F8_01_1_2_Chlorophyll_A_001_phosphate_plate5.tif,5,828.800,768,880
8680,F8_01_1_2_Chlorophyll_A_001_phosphate_plate5.tif,10,905.600,816,1072
8681,F8_01_1_2_Chlorophyll_A_001_phosphate_plate5.tif,5,787.200,768,800
8682,F8_01_1_2_Chlorophyll_A_001_phosphate_plate5.tif,5,844.800,800,944
8683,F8_01_1_2_Chlorophyll_A_001_phosphate_plate5.tif,1,960.000,960,960
8684,F8_01_1_2_Chlorophyll_A_001_phosphate_plate5.tif,1,848.000,848,848
8685,F8_01_1_2_Chlorophyll_A_001_phosphate_plate5.tif,9,830.222,768,944
8686,F8_01_1_2_Chlorophyll_A_001_phosphate_plate5.tif,1,800.000,800,800
8687,F8_01_1_2_Chlorophyll_A_001_phosphate_plate5.tif,1,784.000,784,784
8688,F8_01_1_2_Chlorophyll_A_001_phosphate_plate5.tif,1,800.000,800,800
8689,F8_01_1_2_Chlorophyll_A_001_phosphate_plate5.tif,1,848.000,848,848
8690,F8_01_1_2_Chlorophyll_A_001_phosphate_plate5.tif,2,864.000,832,896
8691,F8_01_1_2_Chlorophyll_A_001_phosphate_plate5.tif,1,960.000,960,960
8692,F8_01_1_2_Chlorophyll_A_001_phosphate_plate5.tif,2,832.000,784,880
8693,F8_01_1_2_Chlorophyll_A_001_phosphate_plate5.tif,1,848.000,848,848
8694,F8_01_1_2_Chlorophyll_A_001_phosphate_plate5.tif,2,768.000,768,768
8695,F8_01_1_2_Chlorophyll_A_001_phosphate_plate5.tif,1,832.000,832,832
8696,F8_01_1_2_Chlorophyll_A_001_phosphate_plate5.tif,2,832.000,768,896
8697,F8_01_1_2_Chlorophyll_A_001_phosphate_plate5.tif,1,800.000,800,800
8698,F8_01_1_2_Chlorophyll_A_001_phosphate_plate5.tif,7,832.000,768,928
8699,F8_01_1_2_Chlorophyll_A_001_phosphate_plate5.tif,1,816.000,816,816
8700,F8_01_1_2_Chlorophyll_A_001_phosphate_plate5.tif,1,880.000,880,880
8701,F8_01_1_2_Chlorophyll_A_001_phosphate_plate5.tif,1,768.000,768,768
8702,F8_01_1_2_Chlorophyll_A_001_phosphate_plate5.tif,1,784.000,784,784
8703,F8_01_1_2_Chlorophyll_A_001_phosphate_plate5.tif,1,848.000,848,848
8704,F8_01_1_2_Chlorophyll_A_001_phosphate_plate5.tif,1,768.000,768,768
8705,F8_01_1_2_Chlorophyll_A_001_phosphate_plate5.tif,2,880.000,880,880
8706,F8_01_1_2_Chlorophyll_A_001_phosphate_plate5.tif,1,832.000,832,832
8707,F8_01_1_2_Chlorophyll_A_001_phosphate_plate5.tif,1,800.000,800,800
8708,F8_01_1_2_Chlorophyll_A_001_phosphate_plate5.tif,1,848.000,848,848
8709,F8_01_1_2_Chlorophyll_A_001_phosphate_plate5.tif,2,792.000,784,800
8710,F8_01_1_2_Chlorophyll_A_001_phosphate_plate5.tif,1,816.000,816,816
8711,F8_01_1_2_Chlorophyll_A_001_phosphate_plate5.tif,1,768.000,768,768
8712,F8_01_1_2_Chlorophyll_A_001_phosphate_plate5.tif,1,800.000,800,800
8713,F8_01_1_2_Chlorophyll_A_001_phosphate_plate5.tif,1,800.000,800,800
8714,F8_01_1_2_Chlorophyll_A_001_phosphate_plate5.tif,1,784.000,784,784
8715,F8_01_1_2_Chlorophyll_A_001_phosphate_plate5.tif,1,784.000,784,784
8716,F8_01_1_2_Chlorophyll_A_001_phosphate_plate5.tif,1,800.000,800,800
8717,F8_01_1_2_Chlorophyll_A_001_phosphate_plate5.tif,1,800.000,800,800
8718,F8_01_1_2_Chlorophyll_A_001_phosphate_plate5.tif,3,874.667,800,912
8719,F8_01_1_2_Chlorophyll_A_001_phosphate_plate5.tif,1,768.000,768,768
8720,F8_01_1_2_Chlorophyll_A_001_phosphate_plate5.tif,1,768.000,768,768
8721,F8_01_1_2_Chlorophyll_A_001_phosphate_plate5.tif,7,859.429,768,1008
8722,F8_01_1_2_Chlorophyll_A_001_phosphate_plate5.tif,38,877.474,768,1136
8723,F8_01_1_2_Chlorophyll_A_001_phosphate_plate5.tif,16,883.000,768,1072
8724,F8_01_1_2_Chlorophyll_A_001_phosphate_plate5.tif,68,873.176,768,1120
8725,F8_01_1_2_Chlorophyll_A_001_phosphate_plate5.tif,188,3342.638,768,24400
8726,F8_01_1_2_Chlorophyll_A_001_phosphate_plate5.tif,44,858.182,768,1040
8727,F8_01_1_2_Chlorophyll_A_001_phosphate_plate5.tif,1,816.000,816,816
8728,F8_01_1_2_Chlorophyll_A_001_phosphate_plate5.tif,2,864.000,784,944
8729,F8_01_1_2_Chlorophyll_A_001_phosphate_plate5.tif,1,800.000,800,800
8730,F8_01_1_2_Chlorophyll_A_001_phosphate_plate5.tif,1,784.000,784,784
8731,F8_01_1_2_Chlorophyll_A_001_phosphate_plate5.tif,2,768.000,768,768
8732,F8_01_1_2_Chlorophyll_A_001_phosphate_plate5.tif,6,842.667,784,896
8733,F8_01_1_2_Chlorophyll_A_001_phosphate_plate5.tif,1,800.000,800,800
8734,F8_01_1_2_Chlorophyll_A_001_phosphate_plate5.tif,3,805.333,784,848
8735,F8_01_1_2_Chlorophyll_A_001_phosphate_plate5.tif,1,832.000,832,832
8736,F8_01_1_2_Chlorophyll_A_001_phosphate_plate5.tif,1,784.000,784,784
8737,F8_01_1_2_Chlorophyll_A_001_phosphate_plate5.tif,2,800.000,800,800
8738,F8_01_1_2_Chlorophyll_A_001_phosphate_plate5.tif,1,784.000,784,784
8739,F8_01_1_2_Chlorophyll_A_001_phosphate_plate5.tif,1,816.000,816,816
8740,F8_01_1_2_Chlorophyll_A_001_phosphate_plate5.tif,2,784.000,768,800
8741,F8_01_1_2_Chlorophyll_A_001_phosphate_plate5.tif,1,800.000,800,800
8742,F8_01_1_2_Chlorophyll_A_001_phosphate_plate5.tif,1,896.000,896,896
8743,F8_01_1_2_Chlorophyll_A_001_phosphate_plate5.tif,1,800.000,800,800
8744,F8_01_1_2_Chlorophyll_A_001_phosphate_plate5.tif,2,880.000,832,928
8745,F8_01_1_2_Chlorophyll_A_001_phosphate_plate5.tif,1,880.000,880,880
8746,F8_01_1_2_Chlorophyll_A_001_phosphate_plate5.tif,1,784.000,784,784
8747,F8_01_1_2_Chlorophyll_A_001_phosphate_plate5.tif,1,784.000,784,784
8748,F8_01_1_2_Chlorophyll_A_001_phosphate_plate5.tif,1,800.000,800,800
8749,F8_01_1_2_Chlorophyll_A_001_phosphate_plate5.tif,1,800.000,800,800
8750,F8_01_1_2_Chlorophyll_A_001_phosphate_plate5.tif,1,784.000,784,784
8751,F8_01_1_2_Chlorophyll_A_001_phosphate_plate5.tif,1,768.000,768,768
8752,F8_01_1_2_Chlorophyll_A_001_phosphate_plate5.tif,1,816.000,816,816
8753,F8_01_1_2_Chlorophyll_A_001_phosphate_plate5.tif,1,800.000,800,800
8754,F8_01_1_2_Chlorophyll_A_001_phosphate_plate5.tif,1,816.000,816,816
8755,F8_01_1_2_Chlorophyll_A_001_phosphate_plate5.tif,1,768.000,768,768
8756,F8_01_1_2_Chlorophyll_A_001_phosphate_plate5.tif,1,784.000,784,784
8757,F8_01_1_2_Chlorophyll_A_001_phosphate_plate5.tif,1,832.000,832,832
8758,F8_01_1_2_Chlorophyll_A_001_phosphate_plate5.tif,1,784.000,784,784
8759,F8_01_1_2_Chlorophyll_A_001_phosphate_plate5.tif,1,848.000,848,848
8760,F8_01_1_2_Chlorophyll_A_001_phosphate_plate5.tif,1,816.000,816,816
8761,F8_01_1_2_Chlorophyll_A_001_phosphate_plate5.tif,1,848.000,848,848
8762,F8_01_1_2_Chlorophyll_A_001_phosphate_plate5.tif,1,768.000,768,768
8763,F8_01_1_2_Chlorophyll_A_001_phosphate_plate5.tif,1,848.000,848,848
8764,F8_01_1_2_Chlorophyll_A_001_phosphate_plate5.tif,1,768.000,768,768
8765,F8_01_1_2_Chlorophyll_A_001_phosphate_plate5.tif,1,832.000,832,832
8766,F8_01_1_2_Chlorophyll_A_001_phosphate_plate5.tif,1,864.000,864,864
8767,F8_01_1_2_Chlorophyll_A_001_phosphate_plate5.tif,1,800.000,800,800
8768,F8_01_1_2_Chlorophyll_A_001_phosphate_plate5.tif,1,784.000,784,784
8769,F8_01_1_2_Chlorophyll_A_001_phosphate_plate5.tif,1,880.000,880,880
8770,F8_01_1_2_Chlorophyll_A_001_phosphate_plate5.tif,1,768.000,768,768
8771,F8_01_1_2_Chlorophyll_A_001_phosphate_plate5.tif,1,768.000,768,768
8772,F8_01_1_2_Chlorophyll_A_001_phosphate_plate5.tif,1,928.000,928,928
8773,F8_01_1_2_Chlorophyll_A_001_phosphate_plate5.tif,5,790.400,768,848
8774,F8_01_1_2_Chlorophyll_A_001_phosphate_plate5.tif,2,864.000,832,896
8775,F8_01_1_2_Chlorophyll_A_001_phosphate_plate5.tif,4,892.000,848,960
8776,F8_01_1_2_Chlorophyll_A_001_phosphate_plate5.tif,1,1088.000,1088,1088
8777,F8_01_1_2_Chlorophyll_A_001_phosphate_plate5.tif,48,884.333,768,1120
8778,F8_01_1_2_Chlorophyll_A_001_phosphate_plate5.tif,1,912.000,912,912
8779,F8_01_1_2_Chlorophyll_A_001_phosphate_plate5.tif,1,768.000,768,768
8780,F8_01_1_2_Chlorophyll_A_001_phosphate_plate5.tif,3,810.667,768,864
8781,F8_01_1_2_Chlorophyll_A_001_phosphate_plate5.tif,2,944.000,912,976
8782,F8_01_1_2_Chlorophyll_A_001_phosphate_plate5.tif,4,876.000,800,976
8783,F8_01_1_2_Chlorophyll_A_001_phosphate_plate5.tif,2,1008.000,928,1088
8784,F8_01_1_2_Chlorophyll_A_001_phosphate_plate5.tif,2,800.000,768,832
8785,F8_01_1_2_Chlorophyll_A_001_phosphate_plate5.tif,1,864.000,864,864
8786,F8_01_1_2_Chlorophyll_A_001_phosphate_plate5.tif,1,848.000,848,848
8787,F8_01_1_2_Chlorophyll_A_001_phosphate_plate5.tif,1,848.000,848,848
8788,F8_01_1_2_Chlorophyll_A_001_phosphate_plate5.tif,8,846.000,768,928
8789,F8_01_1_2_Chlorophyll_A_001_phosphate_plate5.tif,2,888.000,848,928
8790,F8_01_1_2_Chlorophyll_A_001_phosphate_plate5.tif,3,853.333,784,944
8791,F8_01_1_2_Chlorophyll_A_001_phosphate_plate5.tif,6,821.333,768,880
8792,F8_01_1_2_Chlorophyll_A_001_phosphate_plate5.tif,1,960.000,960,960
8793,F8_01_1_2_Chlorophyll_A_001_phosphate_plate5.tif,2,808.000,800,816
8794,F8_01_1_2_Chlorophyll_A_001_phosphate_plate5.tif,1,944.000,944,944
8795,F8_01_1_2_Chlorophyll_A_001_phosphate_plate5.tif,1,816.000,816,816
8796,F8_01_1_2_Chlorophyll_A_001_phosphate_plate5.tif,2,832.000,784,880
8797,F8_01_1_2_Chlorophyll_A_001_phosphate_plate5.tif,3,832.000,784,880
8798,F8_01_1_2_Chlorophyll_A_001_phosphate_plate5.tif,1,848.000,848,848
8799,F8_01_1_2_Chlorophyll_A_001_phosphate_plate5.tif,2,784.000,768,800
8800,F8_01_1_2_Chlorophyll_A_001_phosphate_plate5.tif,1,864.000,864,864
8801,F8_01_1_2_Chlorophyll_A_001_phosphate_plate5.tif,1,768.000,768,768
8802,F8_01_1_2_Chlorophyll_A_001_phosphate_plate5.tif,1,768.000,768,768
8803,F8_01_1_2_Chlorophyll_A_001_phosphate_plate5.tif,1,864.000,864,864
8804,F8_01_1_2_Chlorophyll_A_001_phosphate_plate5.tif,4,844.000,800,896
8805,F8_01_1_2_Chlorophyll_A_001_phosphate_plate5.tif,1,912.000,912,912
8806,F8_01_1_2_Chlorophyll_A_001_phosphate_plate5.tif,1,832.000,832,832
8807,F8_01_1_2_Chlorophyll_A_001_phosphate_plate5.tif,1,816.000,816,816
8808,F8_01_1_2_Chlorophyll_A_001_phosphate_plate5.tif,1,896.000,896,896
8809,F8_01_1_2_Chlorophyll_A_001_phosphate_plate5.tif,1,784.000,784,784
8810,F8_01_1_2_Chlorophyll_A_001_phosphate_plate5.tif,3,858.667,800,928
8811,F8_01_1_2_Chlorophyll_A_001_phosphate_plate5.tif,3,805.333,784,832
8812,F8_01_1_2_Chlorophyll_A_001_phosphate_plate5.tif,1,816.000,816,816
8813,F8_01_1_2_Chlorophyll_A_001_phosphate_plate5.tif,1,784.000,784,784
8814,F8_01_1_2_Chlorophyll_A_001_phosphate_plate5.tif,1,784.000,784,784
8815,F8_01_1_2_Chlorophyll_A_001_phosphate_plate5.tif,1,768.000,768,768
8816,F8_01_1_2_Chlorophyll_A_001_phosphate_plate5.tif,9,867.556,768,960
8817,F8_01_1_2_Chlorophyll_A_001_phosphate_plate5.tif,1,768.000,768,768
8818,F8_01_1_2_Chlorophyll_A_001_phosphate_plate5.tif,2,824.000,784,864
8819,F8_01_1_2_Chlorophyll_A_001_phosphate_plate5.tif,1,848.000,848,848
8820,F8_01_1_2_Chlorophyll_A_001_phosphate_plate5.tif,1,864.000,864,864
8821,F8_01_1_2_Chlorophyll_A_001_phosphate_plate5.tif,1,816.000,816,816
8822,F8_01_1_2_Chlorophyll_A_001_phosphate_plate5.tif,2,824.000,784,864
8823,F8_01_1_2_Chlorophyll_A_001_phosphate_plate5.tif,2,800.000,768,832
8824,F8_01_1_2_Chlorophyll_A_001_phosphate_plate5.tif,1,848.000,848,848
8825,F8_01_1_2_Chlorophyll_A_001_phosphate_plate5.tif,2,824.000,784,864
8826,F8_01_1_2_Chlorophyll_A_001_phosphate_plate5.tif,5,822.400,768,1008
8827,F8_01_1_2_Chlorophyll_A_001_phosphate_plate5.tif,1,944.000,944,944
8828,F8_01_1_2_Chlorophyll_A_001_phosphate_plate5.tif,1,800.000,800,800
8829,F8_01_1_2_Chlorophyll_A_001_phosphate_plate5.tif,18,879.111,768,1088
8830,F8_01_1_2_Chlorophyll_A_001_phosphate_plate5.tif,1,880.000,880,880
8831,F8_01_1_2_Chlorophyll_A_001_phosphate_plate5.tif,10,870.400,784,1040
8832,F8_01_1_2_Chlorophyll_A_001_phosphate_plate5.tif,2,896.000,864,928
8833,F8_01_1_2_Chlorophyll_A_001_phosphate_plate5.tif,23,902.957,768,1072
8834,F8_01_1_2_Chlorophyll_A_001_phosphate_plate5.tif,17,914.824,768,1296
8835,F8_01_1_2_Chlorophyll_A_001_phosphate_plate5.tif,51,902.902,768,1120
8836,F8_01_1_2_Chlorophyll_A_001_phosphate_plate5.tif,1,800.000,800,800
8837,F8_01_1_2_Chlorophyll_A_001_phosphate_plate5.tif,30,888.533,784,1024
8838,F8_01_1_2_Chlorophyll_A_001_phosphate_plate5.tif,32,890.500,768,1104
8839,F8_01_1_2_Chlorophyll_A_001_phosphate_plate5.tif,1,912.000,912,912
8840,F8_01_1_2_Chlorophyll_A_001_phosphate_plate5.tif,1,896.000,896,896
8841,F8_01_1_2_Chlorophyll_A_001_phosphate_plate5.tif,6,829.333,784,944
8842,F8_01_1_2_Chlorophyll_A_001_phosphate_plate5.tif,1,928.000,928,928
8843,F8_01_1_2_Chlorophyll_A_001_phosphate_plate5.tif,1,912.000,912,912
8844,F8_01_1_2_Chlorophyll_A_001_phosphate_plate5.tif,5,787.200,768,800
8845,F8_01_1_2_Chlorophyll_A_001_phosphate_plate5.tif,1,816.000,816,816
8846,F8_01_1_2_Chlorophyll_A_001_phosphate_plate5.tif,3,784.000,784,784
8847,F8_01_1_2_Chlorophyll_A_001_phosphate_plate5.tif,17,826.353,768,976
8848,F8_01_1_2_Chlorophyll_A_001_phosphate_plate5.tif,9,840.889,784,912
8849,F8_01_1_2_Chlorophyll_A_001_phosphate_plate5.tif,2,800.000,784,816
8850,F8_01_1_2_Chlorophyll_A_001_phosphate_plate5.tif,1,832.000,832,832
8851,F8_01_1_2_Chlorophyll_A_001_phosphate_plate5.tif,1,800.000,800,800
8852,F8_01_1_2_Chlorophyll_A_001_phosphate_plate5.tif,15,859.733,768,1024
8853,F8_01_1_2_Chlorophyll_A_001_phosphate_plate5.tif,1,880.000,880,880
8854,F8_01_1_2_Chlorophyll_A_001_phosphate_plate5.tif,4,824.000,800,864
8855,F8_01_1_2_Chlorophyll_A_001_phosphate_plate5.tif,1,848.000,848,848
8856,F8_01_1_2_Chlorophyll_A_001_phosphate_plate5.tif,1,768.000,768,768
8857,F8_01_1_2_Chlorophyll_A_001_phosphate_plate5.tif,1,832.000,832,832
8858,F8_01_1_2_Chlorophyll_A_001_phosphate_plate5.tif,8,850.000,768,944
8859,F8_01_1_2_Chlorophyll_A_001_phosphate_plate5.tif,3,800.000,784,832
8860,F8_01_1_2_Chlorophyll_A_001_phosphate_plate5.tif,4,820.000,784,928
8861,F8_01_1_2_Chlorophyll_A_001_phosphate_plate5.tif,1,992.000,992,992
8862,F8_01_1_2_Chlorophyll_A_001_phosphate_plate5.tif,1,768.000,768,768
8863,F8_01_1_2_Chlorophyll_A_001_phosphate_plate5.tif,1,800.000,800,800
8864,F8_01_1_2_Chlorophyll_A_001_phosphate_plate5.tif,2,864.000,848,880
8865,F8_01_1_2_Chlorophyll_A_001_phosphate_plate5.tif,1,800.000,800,800
8866,F8_01_1_2_Chlorophyll_A_001_phosphate_plate5.tif,1,784.000,784,784
8867,F8_01_1_2_Chlorophyll_A_001_phosphate_plate5.tif,1,768.000,768,768
8868,F8_01_1_2_Chlorophyll_A_001_phosphate_plate5.tif,2,840.000,816,864
8869,F8_01_1_2_Chlorophyll_A_001_phosphate_plate5.tif,9,826.667,768,944
8870,F8_01_1_2_Chlorophyll_A_001_phosphate_plate5.tif,1,784.000,784,784
8871,F8_01_1_2_Chlorophyll_A_001_phosphate_plate5.tif,1,848.000,848,848
8872,F8_01_1_2_Chlorophyll_A_001_phosphate_plate5.tif,1,928.000,928,928
8873,F8_01_1_2_Chlorophyll_A_001_phosphate_plate5.tif,1,976.000,976,976
8874,F8_01_1_2_Chlorophyll_A_001_phosphate_plate5.tif,1,848.000,848,848
8875,F8_01_1_2_Chlorophyll_A_001_phosphate_plate5.tif,1,896.000,896,896
8876,F8_01_1_2_Chlorophyll_A_001_phosphate_plate5.tif,4,800.000,768,880
8877,F8_01_1_2_Chlorophyll_A_001_phosphate_plate5.tif,3,848.000,800,912
8878,F8_01_1_2_Chlorophyll_A_001_phosphate_plate5.tif,2,792.000,768,816
8879,F8_01_1_2_Chlorophyll_A_001_phosphate_plate5.tif,2,888.000,784,992
8880,F8_01_1_2_Chlorophyll_A_001_phosphate_plate5.tif,1,832.000,832,832
8881,F8_01_1_2_Chlorophyll_A_001_phosphate_plate5.tif,1,784.000,784,784
8882,F8_01_1_2_Chlorophyll_A_001_phosphate_plate5.tif,2,840.000,816,864
8883,F8_01_1_2_Chlorophyll_A_001_phosphate_plate5.tif,1,768.000,768,768
8884,F8_01_1_2_Chlorophyll_A_001_phosphate_plate5.tif,2,848.000,832,864
8885,F8_01_1_2_Chlorophyll_A_001_phosphate_plate5.tif,2,1008.000,1008,1008
8886,F8_01_1_2_Chlorophyll_A_001_phosphate_plate5.tif,1,816.000,816,816
8887,F8_01_1_2_Chlorophyll_A_001_phosphate_plate5.tif,2,824.000,800,848
8888,F8_01_1_2_Chlorophyll_A_001_phosphate_plate5.tif,1,768.000,768,768
8889,F8_01_1_2_Chlorophyll_A_001_phosphate_plate5.tif,1,944.000,944,944
8890,F8_01_1_2_Chlorophyll_A_001_phosphate_plate5.tif,2,792.000,784,800
8891,F8_01_1_2_Chlorophyll_A_001_phosphate_plate5.tif,2,784.000,768,800
8892,F8_01_1_2_Chlorophyll_A_001_phosphate_plate5.tif,1,784.000,784,784
8893,F8_01_1_2_Chlorophyll_A_001_phosphate_plate5.tif,2,864.000,864,864
8894,F8_01_1_2_Chlorophyll_A_001_phosphate_plate5.tif,37,832.432,768,1184
8895,F8_01_1_2_Chlorophyll_A_001_phosphate_plate5.tif,2,848.000,848,848
8896,F8_01_1_2_Chlorophyll_A_001_phosphate_plate5.tif,1,800.000,800,800
8897,F8_01_1_2_Chlorophyll_A_001_phosphate_plate5.tif,56,888.857,768,1152
8898,F8_01_1_2_Chlorophyll_A_001_phosphate_plate5.tif,47,878.298,768,1184
8899,F8_01_1_2_Chlorophyll_A_001_phosphate_plate5.tif,11,852.364,784,976
8900,F8_01_1_2_Chlorophyll_A_001_phosphate_plate5.tif,4,924.000,880,992
8901,F8_01_1_2_Chlorophyll_A_001_phosphate_plate5.tif,1,864.000,864,864
8902,F8_01_1_2_Chlorophyll_A_001_phosphate_plate5.tif,4,848.000,784,912
8903,F8_01_1_2_Chlorophyll_A_001_phosphate_plate5.tif,3,853.333,768,976
8904,F8_01_1_2_Chlorophyll_A_001_phosphate_plate5.tif,3,832.000,784,864
8905,F8_01_1_2_Chlorophyll_A_001_phosphate_plate5.tif,1,832.000,832,832
8906,F8_01_1_2_Chlorophyll_A_001_phosphate_plate5.tif,5,854.400,768,944
8907,F8_01_1_2_Chlorophyll_A_001_phosphate_plate5.tif,1,896.000,896,896
8908,F8_01_1_2_Chlorophyll_A_001_phosphate_plate5.tif,1,800.000,800,800
8909,F8_01_1_2_Chlorophyll_A_001_phosphate_plate5.tif,1,800.000,800,800
8910,F8_01_1_2_Chlorophyll_A_001_phosphate_plate5.tif,1,800.000,800,800
8911,F8_01_1_2_Chlorophyll_A_001_phosphate_plate5.tif,5,902.400,768,1024
8912,F8_01_1_2_Chlorophyll_A_001_phosphate_plate5.tif,1,816.000,816,816
8913,F8_01_1_2_Chlorophyll_A_001_phosphate_plate5.tif,3,805.333,768,848
8914,F8_01_1_2_Chlorophyll_A_001_phosphate_plate5.tif,1,832.000,832,832
8915,F8_01_1_2_Chlorophyll_A_001_phosphate_plate5.tif,6,880.000,832,928
8916,F8_01_1_2_Chlorophyll_A_001_phosphate_plate5.tif,1,768.000,768,768
8917,F8_01_1_2_Chlorophyll_A_001_phosphate_plate5.tif,1,816.000,816,816
8918,F8_01_1_2_Chlorophyll_A_001_phosphate_plate5.tif,2,816.000,816,816
8919,F8_01_1_2_Chlorophyll_A_001_phosphate_plate5.tif,1,864.000,864,864
8920,F8_01_1_2_Chlorophyll_A_001_phosphate_plate5.tif,1,864.000,864,864
8921,F8_01_1_2_Chlorophyll_A_001_phosphate_plate5.tif,6,853.333,768,912
8922,F8_01_1_2_Chlorophyll_A_001_phosphate_plate5.tif,2,832.000,768,896
8923,F8_01_1_2_Chlorophyll_A_001_phosphate_plate5.tif,1,784.000,784,784
8924,F8_01_1_2_Chlorophyll_A_001_phosphate_plate5.tif,1,848.000,848,848
8925,F8_01_1_2_Chlorophyll_A_001_phosphate_plate5.tif,5,841.600,816,880
8926,F8_01_1_2_Chlorophyll_A_001_phosphate_plate5.tif,2,776.000,768,784
8927,F8_01_1_2_Chlorophyll_A_001_phosphate_plate5.tif,1,816.000,816,816
8928,F8_01_1_2_Chlorophyll_A_001_phosphate_plate5.tif,1,768.000,768,768
8929,F8_01_1_2_Chlorophyll_A_001_phosphate_plate5.tif,1,768.000,768,768
8930,F8_01_1_2_Chlorophyll_A_001_phosphate_plate5.tif,1,848.000,848,848
8931,F8_01_1_2_Chlorophyll_A_001_phosphate_plate5.tif,1,832.000,832,832
8932,F8_01_1_2_Chlorophyll_A_001_phosphate_plate5.tif,1,800.000,800,800
8933,F8_01_1_2_Chlorophyll_A_001_phosphate_plate5.tif,1,816.000,816,816
8934,F8_01_1_2_Chlorophyll_A_001_phosphate_plate5.tif,1,976.000,976,976
8935,F8_01_1_2_Chlorophyll_A_001_phosphate_plate5.tif,1,832.000,832,832
8936,F8_01_1_2_Chlorophyll_A_001_phosphate_plate5.tif,170,1835.012,768,12784
8937,F8_01_1_2_Chlorophyll_A_001_phosphate_plate5.tif,1,848.000,848,848
8938,F8_01_1_2_Chlorophyll_A_001_phosphate_plate5.tif,34,897.412,768,1152
8939,F8_01_1_2_Chlorophyll_A_001_phosphate_plate5.tif,15,876.800,768,1040
8940,F8_01_1_2_Chlorophyll_A_001_phosphate_plate5.tif,73,872.548,768,1136
8941,F8_01_1_2_Chlorophyll_A_001_phosphate_plate5.tif,2,808.000,800,816
8942,F8_01_1_2_Chlorophyll_A_001_phosphate_plate5.tif,2,832.000,816,848
8943,F8_01_1_2_Chlorophyll_A_001_phosphate_plate5.tif,1,896.000,896,896
8944,F8_01_1_2_Chlorophyll_A_001_phosphate_plate5.tif,31,851.613,768,992
8945,F8_01_1_2_Chlorophyll_A_001_phosphate_plate5.tif,1,816.000,816,816
8946,F8_01_1_2_Chlorophyll_A_001_phosphate_plate5.tif,1,800.000,800,800
8947,F8_01_1_2_Chlorophyll_A_001_phosphate_plate5.tif,3,826.667,784,896
8948,F8_01_1_2_Chlorophyll_A_001_phosphate_plate5.tif,2,792.000,784,800
8949,F8_01_1_2_Chlorophyll_A_001_phosphate_plate5.tif,25,852.480,768,1088
8950,F8_01_1_2_Chlorophyll_A_001_phosphate_plate5.tif,2,904.000,896,912
8951,F8_01_1_2_Chlorophyll_A_001_phosphate_plate5.tif,4,920.000,800,1104
8952,F8_01_1_2_Chlorophyll_A_001_phosphate_plate5.tif,1,800.000,800,800
8953,F8_01_1_2_Chlorophyll_A_001_phosphate_plate5.tif,8,834.000,768,896
8954,F8_01_1_2_Chlorophyll_A_001_phosphate_plate5.tif,1,768.000,768,768
8955,F8_01_1_2_Chlorophyll_A_001_phosphate_plate5.tif,1,768.000,768,768
8956,F8_01_1_2_Chlorophyll_A_001_phosphate_plate5.tif,1,768.000,768,768
8957,F8_01_1_2_Chlorophyll_A_001_phosphate_plate5.tif,1,896.000,896,896
8958,F8_01_1_2_Chlorophyll_A_001_phosphate_plate5.tif,3,880.000,784,1072
8959,F8_01_1_2_Chlorophyll_A_001_phosphate_plate5.tif,3,816.000,784,848
8960,F8_01_1_2_Chlorophyll_A_001_phosphate_plate5.tif,2,792.000,784,800
8961,F8_01_1_2_Chlorophyll_A_001_phosphate_plate5.tif,1,928.000,928,928
8962,F8_01_1_2_Chlorophyll_A_001_phosphate_plate5.tif,1,816.000,816,816
8963,F8_01_1_2_Chlorophyll_A_001_phosphate_plate5.tif,4,804.000,768,864
8964,F8_01_1_2_Chlorophyll_A_001_phosphate_plate5.tif,1,880.000,880,880
8965,F8_01_1_2_Chlorophyll_A_001_phosphate_plate5.tif,5,857.600,800,976
8966,F8_01_1_2_Chlorophyll_A_001_phosphate_plate5.tif,2,864.000,784,944
8967,F8_01_1_2_Chlorophyll_A_001_phosphate_plate5.tif,1,848.000,848,848
8968,F8_01_1_2_Chlorophyll_A_001_phosphate_plate5.tif,1,800.000,800,800
8969,F8_01_1_2_Chlorophyll_A_001_phosphate_plate5.tif,1,768.000,768,768
8970,F8_01_1_2_Chlorophyll_A_001_phosphate_plate5.tif,1,800.000,800,800
8971,F8_01_1_2_Chlorophyll_A_001_phosphate_plate5.tif,1,864.000,864,864
8972,F8_01_1_2_Chlorophyll_A_001_phosphate_plate5.tif,1,768.000,768,768
8973,F8_01_1_2_Chlorophyll_A_001_phosphate_plate5.tif,1,848.000,848,848
8974,F8_01_1_2_Chlorophyll_A_001_phosphate_plate5.tif,1,960.000,960,960
8975,F8_01_1_2_Chlorophyll_A_001_phosphate_plate5.tif,1,880.000,880,880
8976,F8_01_1_2_Chlorophyll_A_001_phosphate_plate5.tif,1,832.000,832,832
8977,F8_01_1_2_Chlorophyll_A_001_phosphate_plate5.tif,1,784.000,784,784
8978,F8_01_1_2_Chlorophyll_A_001_phosphate_plate5.tif,2,784.000,768,800
8979,F8_01_1_2_Chlorophyll_A_001_phosphate_plate5.tif,2,864.000,864,864
8980,F8_01_1_2_Chlorophyll_A_001_phosphate_plate5.tif,1,768.000,768,768
8981,F8_01_1_2_Chlorophyll_A_001_phosphate_plate5.tif,1,896.000,896,896
8982,F8_01_1_2_Chlorophyll_A_001_phosphate_plate5.tif,5,825.600,768,928
8983,F8_01_1_2_Chlorophyll_A_001_phosphate_plate5.tif,2,832.000,800,864
8984,F8_01_1_2_Chlorophyll_A_001_phosphate_plate5.tif,2,832.000,800,864
8985,F8_01_1_2_Chlorophyll_A_001_phosphate_plate5.tif,1,800.000,800,800
8986,F8_01_1_2_Chlorophyll_A_001_phosphate_plate5.tif,1,784.000,784,784
8987,F8_01_1_2_Chlorophyll_A_001_phosphate_plate5.tif,1,784.000,784,784
8988,F8_01_1_2_Chlorophyll_A_001_phosphate_plate5.tif,9,853.333,768,944
8989,F8_01_1_2_Chlorophyll_A_001_phosphate_plate5.tif,69,879.768,768,1264
8990,F8_01_1_2_Chlorophyll_A_001_phosphate_plate5.tif,3,821.333,784,880
8991,F8_01_1_2_Chlorophyll_A_001_phosphate_plate5.tif,1,944.000,944,944
8992,F8_01_1_2_Chlorophyll_A_001_phosphate_plate5.tif,1,848.000,848,848
8993,F8_01_1_2_Chlorophyll_A_001_phosphate_plate5.tif,2,776.000,768,784
8994,F8_01_1_2_Chlorophyll_A_001_phosphate_plate5.tif,2,768.000,768,768
8995,F8_01_1_2_Chlorophyll_A_001_phosphate_plate5.tif,1,800.000,800,800
8996,F8_01_1_2_Chlorophyll_A_001_phosphate_plate5.tif,1,768.000,768,768
8997,F8_01_1_2_Chlorophyll_A_001_phosphate_plate5.tif,1,832.000,832,832
8998,F8_01_1_2_Chlorophyll_A_001_phosphate_plate5.tif,3,826.667,784,896
8999,F8_01_1_2_Chlorophyll_A_001_phosphate_plate5.tif,2,872.000,800,944
9000,F8_01_1_2_Chlorophyll_A_001_phosphate_plate5.tif,3,794.667,784,800
9001,F8_01_1_2_Chlorophyll_A_001_phosphate_plate5.tif,1,800.000,800,800
9002,F8_01_1_2_Chlorophyll_A_001_phosphate_plate5.tif,2,800.000,800,800
9003,F8_01_1_2_Chlorophyll_A_001_phosphate_plate5.tif,1,848.000,848,848
9004,F8_01_1_2_Chlorophyll_A_001_phosphate_plate5.tif,1,832.000,832,832
9005,F8_01_1_2_Chlorophyll_A_001_phosphate_plate5.tif,2,800.000,784,816
9006,F8_01_1_2_Chlorophyll_A_001_phosphate_plate5.tif,1,816.000,816,816
9007,F8_01_1_2_Chlorophyll_A_001_phosphate_plate5.tif,1,784.000,784,784
9008,F8_01_1_2_Chlorophyll_A_001_phosphate_plate5.tif,1,832.000,832,832
9009,F8_01_1_2_Chlorophyll_A_001_phosphate_plate5.tif,1,784.000,784,784
9010,F8_01_1_2_Chlorophyll_A_001_phosphate_plate5.tif,1,768.000,768,768
9011,F8_01_1_2_Chlorophyll_A_001_phosphate_plate5.tif,1,896.000,896,896
9012,F8_01_1_2_Chlorophyll_A_001_phosphate_plate5.tif,3,800.000,784,816
9013,F8_01_1_2_Chlorophyll_A_001_phosphate_plate5.tif,1,816.000,816,816
9014,F8_01_1_2_Chlorophyll_A_001_phosphate_plate5.tif,1,880.000,880,880
9015,F8_01_1_2_Chlorophyll_A_001_phosphate_plate5.tif,1,864.000,864,864
9016,F8_01_1_2_Chlorophyll_A_001_phosphate_plate5.tif,1,768.000,768,768
9017,F8_01_1_2_Chlorophyll_A_001_phosphate_plate5.tif,1,768.000,768,768
9018,F8_01_1_2_Chlorophyll_A_001_phosphate_plate5.tif,1,800.000,800,800
9019,F8_01_1_2_Chlorophyll_A_001_phosphate_plate5.tif,1,928.000,928,928
9020,F8_01_1_2_Chlorophyll_A_001_phosphate_plate5.tif,1,768.000,768,768
9021,F8_01_1_2_Chlorophyll_A_001_phosphate_plate5.tif,3,768.000,768,768
9022,F8_01_1_2_Chlorophyll_A_001_phosphate_plate5.tif,1,768.000,768,768
9023,F8_01_1_2_Chlorophyll_A_001_phosphate_plate5.tif,1,880.000,880,880
9024,F8_01_1_2_Chlorophyll_A_001_phosphate_plate5.tif,1,768.000,768,768
9025,F8_01_1_2_Chlorophyll_A_001_phosphate_plate5.tif,1,864.000,864,864
9026,F8_01_1_2_Chlorophyll_A_001_phosphate_plate5.tif,1,848.000,848,848
9027,F8_01_1_2_Chlorophyll_A_001_phosphate_plate5.tif,1,944.000,944,944
9028,F8_01_1_2_Chlorophyll_A_001_phosphate_plate5.tif,1,832.000,832,832
9029,F8_01_1_2_Chlorophyll_A_001_phosphate_plate5.tif,3,826.667,784,864
9030,F8_01_1_2_Chlorophyll_A_001_phosphate_plate5.tif,1,784.000,784,784
9031,F8_01_1_2_Chlorophyll_A_001_phosphate_plate5.tif,1,864.000,864,864
9032,F8_01_1_2_Chlorophyll_A_001_phosphate_plate5.tif,1,768.000,768,768
9033,F8_01_1_2_Chlorophyll_A_001_phosphate_plate5.tif,1,928.000,928,928
9034,F8_01_1_2_Chlorophyll_A_001_phosphate_plate5.tif,13,870.154,768,992
9035,F8_01_1_2_Chlorophyll_A_001_phosphate_plate5.tif,35,879.543,768,1088
9036,F8_01_1_2_Chlorophyll_A_001_phosphate_plate5.tif,64,890.000,768,1216
9037,F8_01_1_2_Chlorophyll_A_001_phosphate_plate5.tif,1,800.000,800,800
9038,F8_01_1_2_Chlorophyll_A_001_phosphate_plate5.tif,2,928.000,768,1088
9039,F8_01_1_2_Chlorophyll_A_001_phosphate_plate5.tif,11,810.182,768,896
9040,F8_01_1_2_Chlorophyll_A_001_phosphate_plate5.tif,127,854.425,768,1104
9041,F8_01_1_2_Chlorophyll_A_001_phosphate_plate5.tif,1,768.000,768,768
9042,F8_01_1_2_Chlorophyll_A_001_phosphate_plate5.tif,2,816.000,800,832
9043,F8_01_1_2_Chlorophyll_A_001_phosphate_plate5.tif,3,848.000,768,896
9044,F8_01_1_2_Chlorophyll_A_001_phosphate_plate5.tif,2,776.000,768,784
9045,F8_01_1_2_Chlorophyll_A_001_phosphate_plate5.tif,1,768.000,768,768
9046,F8_01_1_2_Chlorophyll_A_001_phosphate_plate5.tif,25,886.400,768,1024
9047,F8_01_1_2_Chlorophyll_A_001_phosphate_plate5.tif,1,800.000,800,800
9048,F8_01_1_2_Chlorophyll_A_001_phosphate_plate5.tif,1,928.000,928,928
9049,F8_01_1_2_Chlorophyll_A_001_phosphate_plate5.tif,6,837.333,768,896
9050,F8_01_1_2_Chlorophyll_A_001_phosphate_plate5.tif,1,784.000,784,784
9051,F8_01_1_2_Chlorophyll_A_001_phosphate_plate5.tif,1,768.000,768,768
9052,F8_01_1_2_Chlorophyll_A_001_phosphate_plate5.tif,1,768.000,768,768
9053,F8_01_1_2_Chlorophyll_A_001_phosphate_plate5.tif,1,800.000,800,800
9054,F8_01_1_2_Chlorophyll_A_001_phosphate_plate5.tif,2,848.000,768,928
9055,F8_01_1_2_Chlorophyll_A_001_phosphate_plate5.tif,3,826.667,768,864
9056,F8_01_1_2_Chlorophyll_A_001_phosphate_plate5.tif,1,784.000,784,784
9057,F8_01_1_2_Chlorophyll_A_001_phosphate_plate5.tif,2,816.000,800,832
9058,F8_01_1_2_Chlorophyll_A_001_phosphate_plate5.tif,1,816.000,816,816
9059,F8_01_1_2_Chlorophyll_A_001_phosphate_plate5.tif,1,768.000,768,768
9060,F8_01_1_2_Chlorophyll_A_001_phosphate_plate5.tif,2,848.000,768,928
9061,F8_01_1_2_Chlorophyll_A_001_phosphate_plate5.tif,1,800.000,800,800
9062,F8_01_1_2_Chlorophyll_A_001_phosphate_plate5.tif,4,796.000,768,832
9063,F8_01_1_2_Chlorophyll_A_001_phosphate_plate5.tif,1,816.000,816,816
9064,F8_01_1_2_Chlorophyll_A_001_phosphate_plate5.tif,1,832.000,832,832
9065,F8_01_1_2_Chlorophyll_A_001_phosphate_plate5.tif,1,848.000,848,848
9066,F8_01_1_2_Chlorophyll_A_001_phosphate_plate5.tif,1,816.000,816,816
9067,F8_01_1_2_Chlorophyll_A_001_phosphate_plate5.tif,2,840.000,800,880
9068,F8_01_1_2_Chlorophyll_A_001_phosphate_plate5.tif,1,880.000,880,880
9069,F8_01_1_2_Chlorophyll_A_001_phosphate_plate5.tif,1,880.000,880,880
9070,F8_01_1_2_Chlorophyll_A_001_phosphate_plate5.tif,2,776.000,768,784
9071,F8_01_1_2_Chlorophyll_A_001_phosphate_plate5.tif,1,768.000,768,768
9072,F8_01_1_2_Chlorophyll_A_001_phosphate_plate5.tif,3,837.333,768,880
9073,F8_01_1_2_Chlorophyll_A_001_phosphate_plate5.tif,1,784.000,784,784
9074,F8_01_1_2_Chlorophyll_A_001_phosphate_plate5.tif,1,768.000,768,768
9075,F8_01_1_2_Chlorophyll_A_001_phosphate_plate5.tif,1,800.000,800,800
9076,F8_01_1_2_Chlorophyll_A_001_phosphate_plate5.tif,1,880.000,880,880
9077,F8_01_1_2_Chlorophyll_A_001_phosphate_plate5.tif,2,808.000,784,832
9078,F8_01_1_2_Chlorophyll_A_001_phosphate_plate5.tif,1,768.000,768,768
9079,F8_01_1_2_Chlorophyll_A_001_phosphate_plate5.tif,1,912.000,912,912
9080,F8_01_1_2_Chlorophyll_A_001_phosphate_plate5.tif,4,824.000,768,896
9081,F8_01_1_2_Chlorophyll_A_001_phosphate_plate5.tif,1,784.000,784,784
9082,F8_01_1_2_Chlorophyll_A_001_phosphate_plate5.tif,1,848.000,848,848
9083,F8_01_1_2_Chlorophyll_A_001_phosphate_plate5.tif,2,784.000,768,800
9084,F8_01_1_2_Chlorophyll_A_001_phosphate_plate5.tif,1,880.000,880,880
9085,F8_01_1_2_Chlorophyll_A_001_phosphate_plate5.tif,2,784.000,768,800
9086,F8_01_1_2_Chlorophyll_A_001_phosphate_plate5.tif,7,836.571,768,960
9087,F8_01_1_2_Chlorophyll_A_001_phosphate_plate5.tif,2,792.000,784,800
9088,F8_01_1_2_Chlorophyll_A_001_phosphate_plate5.tif,1,1104.000,1104,1104
9089,F8_01_1_2_Chlorophyll_A_001_phosphate_plate5.tif,1,864.000,864,864
9090,F8_01_1_2_Chlorophyll_A_001_phosphate_plate5.tif,6,864.000,768,1072
9091,F8_01_1_2_Chlorophyll_A_001_phosphate_plate5.tif,121,874.975,768,1184
9092,F8_01_1_2_Chlorophyll_A_001_phosphate_plate5.tif,2,880.000,816,944
9093,F8_01_1_2_Chlorophyll_A_001_phosphate_plate5.tif,60,878.933,768,1104
9094,F8_01_1_2_Chlorophyll_A_001_phosphate_plate5.tif,19,922.105,816,1264
9095,F8_01_1_2_Chlorophyll_A_001_phosphate_plate5.tif,25,894.080,768,1120
9096,F8_01_1_2_Chlorophyll_A_001_phosphate_plate5.tif,20,876.000,768,1072
9097,F8_01_1_2_Chlorophyll_A_001_phosphate_plate5.tif,3,917.333,848,992
9098,F8_01_1_2_Chlorophyll_A_001_phosphate_plate5.tif,2,864.000,848,880
9099,F8_01_1_2_Chlorophyll_A_001_phosphate_plate5.tif,1,800.000,800,800
9100,F8_01_1_2_Chlorophyll_A_001_phosphate_plate5.tif,1,816.000,816,816
9101,F8_01_1_2_Chlorophyll_A_001_phosphate_plate5.tif,2,784.000,768,800
9102,F8_01_1_2_Chlorophyll_A_001_phosphate_plate5.tif,2,904.000,784,1024
9103,F8_01_1_2_Chlorophyll_A_001_phosphate_plate5.tif,2,928.000,832,1024
9104,F8_01_1_2_Chlorophyll_A_001_phosphate_plate5.tif,1,784.000,784,784
9105,F8_01_1_2_Chlorophyll_A_001_phosphate_plate5.tif,2,768.000,768,768
9106,F8_01_1_2_Chlorophyll_A_001_phosphate_plate5.tif,1,768.000,768,768
9107,F8_01_1_2_Chlorophyll_A_001_phosphate_plate5.tif,5,838.400,768,944
9108,F8_01_1_2_Chlorophyll_A_001_phosphate_plate5.tif,2,768.000,768,768
9109,F8_01_1_2_Chlorophyll_A_001_phosphate_plate5.tif,1,784.000,784,784
9110,F8_01_1_2_Chlorophyll_A_001_phosphate_plate5.tif,1,880.000,880,880
9111,F8_01_1_2_Chlorophyll_A_001_phosphate_plate5.tif,3,848.000,768,912
9112,F8_01_1_2_Chlorophyll_A_001_phosphate_plate5.tif,1,848.000,848,848
9113,F8_01_1_2_Chlorophyll_A_001_phosphate_plate5.tif,4,828.000,784,880
9114,F8_01_1_2_Chlorophyll_A_001_phosphate_plate5.tif,1,784.000,784,784
9115,F8_01_1_2_Chlorophyll_A_001_phosphate_plate5.tif,1,768.000,768,768
9116,F8_01_1_2_Chlorophyll_A_001_phosphate_plate5.tif,1,944.000,944,944
9117,F8_01_1_2_Chlorophyll_A_001_phosphate_plate5.tif,3,853.333,768,1024
9118,F8_01_1_2_Chlorophyll_A_001_phosphate_plate5.tif,2,848.000,768,928
9119,F8_01_1_2_Chlorophyll_A_001_phosphate_plate5.tif,1,800.000,800,800
9120,F8_01_1_2_Chlorophyll_A_001_phosphate_plate5.tif,1,944.000,944,944
9121,F8_01_1_2_Chlorophyll_A_001_phosphate_plate5.tif,8,806.000,768,896
9122,F8_01_1_2_Chlorophyll_A_001_phosphate_plate5.tif,2,936.000,928,944
9123,F8_01_1_2_Chlorophyll_A_001_phosphate_plate5.tif,1,912.000,912,912
9124,F8_01_1_2_Chlorophyll_A_001_phosphate_plate5.tif,1,768.000,768,768
9125,F8_01_1_2_Chlorophyll_A_001_phosphate_plate5.tif,1,784.000,784,784
9126,F8_01_1_2_Chlorophyll_A_001_phosphate_plate5.tif,1,784.000,784,784
9127,F8_01_1_2_Chlorophyll_A_001_phosphate_plate5.tif,1,784.000,784,784
9128,F8_01_1_2_Chlorophyll_A_001_phosphate_plate5.tif,2,848.000,768,928
9129,F8_01_1_2_Chlorophyll_A_001_phosphate_plate5.tif,3,773.333,768,784
9130,F8_01_1_2_Chlorophyll_A_001_phosphate_plate5.tif,1,864.000,864,864
9131,F8_01_1_2_Chlorophyll_A_001_phosphate_plate5.tif,1,816.000,816,816
9132,F8_01_1_2_Chlorophyll_A_001_phosphate_plate5.tif,1,848.000,848,848
9133,F8_01_1_2_Chlorophyll_A_001_phosphate_plate5.tif,1,944.000,944,944
9134,F8_01_1_2_Chlorophyll_A_001_phosphate_plate5.tif,1,816.000,816,816
9135,F8_01_1_2_Chlorophyll_A_001_phosphate_plate5.tif,1,768.000,768,768
9136,F8_01_1_2_Chlorophyll_A_001_phosphate_plate5.tif,1,784.000,784,784
9137,F8_01_1_2_Chlorophyll_A_001_phosphate_plate5.tif,1,880.000,880,880
9138,F8_01_1_2_Chlorophyll_A_001_phosphate_plate5.tif,1,768.000,768,768
9139,F8_01_1_2_Chlorophyll_A_001_phosphate_plate5.tif,1,848.000,848,848
9140,F8_01_1_2_Chlorophyll_A_001_phosphate_plate5.tif,1,768.000,768,768
9141,F8_01_1_2_Chlorophyll_A_001_phosphate_plate5.tif,15,839.467,768,944
9142,F8_01_1_2_Chlorophyll_A_001_phosphate_plate5.tif,58,883.862,768,1088
9143,F8_01_1_2_Chlorophyll_A_001_phosphate_plate5.tif,1,864.000,864,864
9144,F8_01_1_2_Chlorophyll_A_001_phosphate_plate5.tif,72,852.667,768,1168
9145,F8_01_1_2_Chlorophyll_A_001_phosphate_plate5.tif,1,960.000,960,960
9146,F8_01_1_2_Chlorophyll_A_001_phosphate_plate5.tif,12,853.333,768,944
9147,F8_01_1_2_Chlorophyll_A_001_phosphate_plate5.tif,3,912.000,896,928
9148,F8_01_1_2_Chlorophyll_A_001_phosphate_plate5.tif,3,816.000,784,848
9149,F8_01_1_2_Chlorophyll_A_001_phosphate_plate5.tif,15,868.267,768,992
9150,F8_01_1_2_Chlorophyll_A_001_phosphate_plate5.tif,8,866.000,800,960
9151,F8_01_1_2_Chlorophyll_A_001_phosphate_plate5.tif,12,809.333,768,880
9152,F8_01_1_2_Chlorophyll_A_001_phosphate_plate5.tif,2,864.000,832,896
9153,F8_01_1_2_Chlorophyll_A_001_phosphate_plate5.tif,1,816.000,816,816
9154,F8_01_1_2_Chlorophyll_A_001_phosphate_plate5.tif,1,768.000,768,768
9155,F8_01_1_2_Chlorophyll_A_001_phosphate_plate5.tif,1,848.000,848,848
9156,F8_01_1_2_Chlorophyll_A_001_phosphate_plate5.tif,5,841.600,768,928
9157,F8_01_1_2_Chlorophyll_A_001_phosphate_plate5.tif,1,816.000,816,816
9158,F8_01_1_2_Chlorophyll_A_001_phosphate_plate5.tif,1,848.000,848,848
9159,F8_01_1_2_Chlorophyll_A_001_phosphate_plate5.tif,2,856.000,768,944
9160,F8_01_1_2_Chlorophyll_A_001_phosphate_plate5.tif,3,805.333,784,816
9161,F8_01_1_2_Chlorophyll_A_001_phosphate_plate5.tif,5,816.000,784,880
9162,F8_01_1_2_Chlorophyll_A_001_phosphate_plate5.tif,2,832.000,800,864
9163,F8_01_1_2_Chlorophyll_A_001_phosphate_plate5.tif,1,784.000,784,784
9164,F8_01_1_2_Chlorophyll_A_001_phosphate_plate5.tif,5,854.400,784,1008
9165,F8_01_1_2_Chlorophyll_A_001_phosphate_plate5.tif,1,800.000,800,800
9166,F8_01_1_2_Chlorophyll_A_001_phosphate_plate5.tif,1,864.000,864,864
9167,F8_01_1_2_Chlorophyll_A_001_phosphate_plate5.tif,1,848.000,848,848
9168,F8_01_1_2_Chlorophyll_A_001_phosphate_plate5.tif,4,856.000,784,1024
9169,F8_01_1_2_Chlorophyll_A_001_phosphate_plate5.tif,5,796.800,784,816
9170,F8_01_1_2_Chlorophyll_A_001_phosphate_plate5.tif,1,768.000,768,768
9171,F8_01_1_2_Chlorophyll_A_001_phosphate_plate5.tif,2,800.000,800,800
9172,F8_01_1_2_Chlorophyll_A_001_phosphate_plate5.tif,1,768.000,768,768
9173,F8_01_1_2_Chlorophyll_A_001_phosphate_plate5.tif,2,768.000,768,768
9174,F8_01_1_2_Chlorophyll_A_001_phosphate_plate5.tif,1,896.000,896,896
9175,F8_01_1_2_Chlorophyll_A_001_phosphate_plate5.tif,1,928.000,928,928
9176,F8_01_1_2_Chlorophyll_A_001_phosphate_plate5.tif,1,816.000,816,816
9177,F8_01_1_2_Chlorophyll_A_001_phosphate_plate5.tif,1,928.000,928,928
9178,F8_01_1_2_Chlorophyll_A_001_phosphate_plate5.tif,2,792.000,768,816
9179,F8_01_1_2_Chlorophyll_A_001_phosphate_plate5.tif,1,784.000,784,784
9180,F8_01_1_2_Chlorophyll_A_001_phosphate_plate5.tif,1,784.000,784,784
9181,F8_01_1_2_Chlorophyll_A_001_phosphate_plate5.tif,2,776.000,768,784
9182,F8_01_1_2_Chlorophyll_A_001_phosphate_plate5.tif,2,832.000,800,864
9183,F8_01_1_2_Chlorophyll_A_001_phosphate_plate5.tif,1,768.000,768,768
9184,F8_01_1_2_Chlorophyll_A_001_phosphate_plate5.tif,1,800.000,800,800
9185,F8_01_1_2_Chlorophyll_A_001_phosphate_plate5.tif,1,816.000,816,816
9186,F8_01_1_2_Chlorophyll_A_001_phosphate_plate5.tif,1,800.000,800,800
9187,F8_01_1_2_Chlorophyll_A_001_phosphate_plate5.tif,1,816.000,816,816
9188,F8_01_1_2_Chlorophyll_A_001_phosphate_plate5.tif,1,784.000,784,784
9189,F8_01_1_2_Chlorophyll_A_001_phosphate_plate5.tif,7,827.429,768,896
9190,F8_01_1_2_Chlorophyll_A_001_phosphate_plate5.tif,1,768.000,768,768
9191,F8_01_1_2_Chlorophyll_A_001_phosphate_plate5.tif,12,824.000,768,960
9192,F8_01_1_2_Chlorophyll_A_001_phosphate_plate5.tif,2,880.000,848,912
9193,F8_01_1_2_Chlorophyll_A_001_phosphate_plate5.tif,1,944.000,944,944
9194,F8_01_1_2_Chlorophyll_A_001_phosphate_plate5.tif,31,858.323,768,1072
9195,F8_01_1_2_Chlorophyll_A_001_phosphate_plate5.tif,19,848.000,768,960
9196,F8_01_1_2_Chlorophyll_A_001_phosphate_plate5.tif,63,876.444,768,1120
9197,F8_01_1_2_Chlorophyll_A_001_phosphate_plate5.tif,19,955.789,768,1216
9198,F8_01_1_2_Chlorophyll_A_001_phosphate_plate5.tif,1,816.000,816,816
9199,F8_01_1_2_Chlorophyll_A_001_phosphate_plate5.tif,1,848.000,848,848
9200,F8_01_1_2_Chlorophyll_A_001_phosphate_plate5.tif,7,836.571,768,944
9201,F8_01_1_2_Chlorophyll_A_001_phosphate_plate5.tif,1,832.000,832,832
9202,F8_01_1_2_Chlorophyll_A_001_phosphate_plate5.tif,6,840.000,784,896
9203,F8_01_1_2_Chlorophyll_A_001_phosphate_plate5.tif,11,848.000,768,912
9204,F8_01_1_2_Chlorophyll_A_001_phosphate_plate5.tif,2,896.000,800,992
9205,F8_01_1_2_Chlorophyll_A_001_phosphate_plate5.tif,6,832.000,800,864
9206,F8_01_1_2_Chlorophyll_A_001_phosphate_plate5.tif,5,880.000,800,944
9207,F8_01_1_2_Chlorophyll_A_001_phosphate_plate5.tif,2,856.000,832,880
9208,F8_01_1_2_Chlorophyll_A_001_phosphate_plate5.tif,3,901.333,848,992
9209,F8_01_1_2_Chlorophyll_A_001_phosphate_plate5.tif,1,896.000,896,896
9210,F8_01_1_2_Chlorophyll_A_001_phosphate_plate5.tif,2,824.000,784,864
9211,F8_01_1_2_Chlorophyll_A_001_phosphate_plate5.tif,2,800.000,768,832
9212,F8_01_1_2_Chlorophyll_A_001_phosphate_plate5.tif,1,784.000,784,784
9213,F8_01_1_2_Chlorophyll_A_001_phosphate_plate5.tif,1,832.000,832,832
9214,F8_01_1_2_Chlorophyll_A_001_phosphate_plate5.tif,1,800.000,800,800
9215,F8_01_1_2_Chlorophyll_A_001_phosphate_plate5.tif,1,800.000,800,800
9216,F8_01_1_2_Chlorophyll_A_001_phosphate_plate5.tif,1,768.000,768,768
9217,F8_01_1_2_Chlorophyll_A_001_phosphate_plate5.tif,1,800.000,800,800
9218,F8_01_1_2_Chlorophyll_A_001_phosphate_plate5.tif,1,880.000,880,880
9219,F8_01_1_2_Chlorophyll_A_001_phosphate_plate5.tif,1,848.000,848,848
9220,F8_01_1_2_Chlorophyll_A_001_phosphate_plate5.tif,1,832.000,832,832
9221,F8_01_1_2_Chlorophyll_A_001_phosphate_plate5.tif,2,800.000,768,832
9222,F8_01_1_2_Chlorophyll_A_001_phosphate_plate5.tif,1,848.000,848,848
9223,F8_01_1_2_Chlorophyll_A_001_phosphate_plate5.tif,5,864.000,768,976
9224,F8_01_1_2_Chlorophyll_A_001_phosphate_plate5.tif,1,912.000,912,912
9225,F8_01_1_2_Chlorophyll_A_001_phosphate_plate5.tif,1,1056.000,1056,1056
9226,F8_01_1_2_Chlorophyll_A_001_phosphate_plate5.tif,1,896.000,896,896
9227,F8_01_1_2_Chlorophyll_A_001_phosphate_plate5.tif,7,838.857,768,976
9228,F8_01_1_2_Chlorophyll_A_001_phosphate_plate5.tif,1,816.000,816,816
9229,F8_01_1_2_Chlorophyll_A_001_phosphate_plate5.tif,2,776.000,768,784
9230,F8_01_1_2_Chlorophyll_A_001_phosphate_plate5.tif,1,880.000,880,880
9231,F8_01_1_2_Chlorophyll_A_001_phosphate_plate5.tif,1,768.000,768,768
9232,F8_01_1_2_Chlorophyll_A_001_phosphate_plate5.tif,1,816.000,816,816
9233,F8_01_1_2_Chlorophyll_A_001_phosphate_plate5.tif,1,800.000,800,800
9234,F8_01_1_2_Chlorophyll_A_001_phosphate_plate5.tif,1,944.000,944,944
9235,F8_01_1_2_Chlorophyll_A_001_phosphate_plate5.tif,3,816.000,768,896
9236,F8_01_1_2_Chlorophyll_A_001_phosphate_plate5.tif,1,768.000,768,768
9237,F8_01_1_2_Chlorophyll_A_001_phosphate_plate5.tif,1,784.000,784,784
9238,F8_01_1_2_Chlorophyll_A_001_phosphate_plate5.tif,1,800.000,800,800
9239,F8_01_1_2_Chlorophyll_A_001_phosphate_plate5.tif,1,784.000,784,784
9240,F8_01_1_2_Chlorophyll_A_001_phosphate_plate5.tif,1,768.000,768,768
9241,F8_01_1_2_Chlorophyll_A_001_phosphate_plate5.tif,1,816.000,816,816
9242,F8_01_1_2_Chlorophyll_A_001_phosphate_plate5.tif,2,840.000,800,880
9243,F8_01_1_2_Chlorophyll_A_001_phosphate_plate5.tif,1,896.000,896,896
9244,F8_01_1_2_Chlorophyll_A_001_phosphate_plate5.tif,2,824.000,816,832
9245,F8_01_1_2_Chlorophyll_A_001_phosphate_plate5.tif,1,800.000,800,800
9246,F8_01_1_2_Chlorophyll_A_001_phosphate_plate5.tif,1,880.000,880,880
9247,F8_01_1_2_Chlorophyll_A_001_phosphate_plate5.tif,1,784.000,784,784
9248,F8_01_1_2_Chlorophyll_A_001_phosphate_plate5.tif,1,768.000,768,768
9249,F8_01_1_2_Chlorophyll_A_001_phosphate_plate5.tif,1,768.000,768,768
9250,F8_01_1_2_Chlorophyll_A_001_phosphate_plate5.tif,1,784.000,784,784
9251,F8_01_1_2_Chlorophyll_A_001_phosphate_plate5.tif,1,896.000,896,896
9252,F8_01_1_2_Chlorophyll_A_001_phosphate_plate5.tif,2,832.000,816,848
9253,F8_01_1_2_Chlorophyll_A_001_phosphate_plate5.tif,1,912.000,912,912
9254,F8_01_1_2_Chlorophyll_A_001_phosphate_plate5.tif,1,816.000,816,816
9255,F8_01_1_2_Chlorophyll_A_001_phosphate_plate5.tif,2,784.000,768,800
9256,F8_01_1_2_Chlorophyll_A_001_phosphate_plate5.tif,2,856.000,816,896
9257,F8_01_1_2_Chlorophyll_A_001_phosphate_plate5.tif,3,816.000,768,912
9258,F8_01_1_2_Chlorophyll_A_001_phosphate_plate5.tif,1,992.000,992,992
9259,F8_01_1_2_Chlorophyll_A_001_phosphate_plate5.tif,1,880.000,880,880
9260,F8_01_1_2_Chlorophyll_A_001_phosphate_plate5.tif,2,880.000,832,928
9261,F8_01_1_2_Chlorophyll_A_001_phosphate_plate5.tif,1,800.000,800,800
9262,F8_01_1_2_Chlorophyll_A_001_phosphate_plate5.tif,3,784.000,768,800
9263,F8_01_1_2_Chlorophyll_A_001_phosphate_plate5.tif,1,784.000,784,784
9264,F8_01_1_2_Chlorophyll_A_001_phosphate_plate5.tif,1,800.000,800,800
9265,F8_01_1_2_Chlorophyll_A_001_phosphate_plate5.tif,3,805.333,784,848
9266,F8_01_1_2_Chlorophyll_A_001_phosphate_plate5.tif,2,944.000,864,1024
9267,F8_01_1_2_Chlorophyll_A_001_phosphate_plate5.tif,31,863.484,768,1072
9268,F8_01_1_2_Chlorophyll_A_001_phosphate_plate5.tif,68,897.412,768,1248
9269,F8_01_1_2_Chlorophyll_A_001_phosphate_plate5.tif,2,840.000,768,912
9270,F8_01_1_2_Chlorophyll_A_001_phosphate_plate5.tif,2,808.000,784,832
9271,F8_01_1_2_Chlorophyll_A_001_phosphate_plate5.tif,1,768.000,768,768
9272,F8_01_1_2_Chlorophyll_A_001_phosphate_plate5.tif,1,848.000,848,848
9273,F8_01_1_2_Chlorophyll_A_001_phosphate_plate5.tif,4,864.000,784,912
9274,F8_01_1_2_Chlorophyll_A_001_phosphate_plate5.tif,1,800.000,800,800
9275,F8_01_1_2_Chlorophyll_A_001_phosphate_plate5.tif,1,768.000,768,768
9276,F8_01_1_2_Chlorophyll_A_001_phosphate_plate5.tif,1,784.000,784,784
9277,F8_01_1_2_Chlorophyll_A_001_phosphate_plate5.tif,3,826.667,768,912
9278,F8_01_1_2_Chlorophyll_A_001_phosphate_plate5.tif,6,888.000,800,1040
9279,F8_01_1_2_Chlorophyll_A_001_phosphate_plate5.tif,2,864.000,816,912
9280,F8_01_1_2_Chlorophyll_A_001_phosphate_plate5.tif,5,796.800,768,848
9281,F8_01_1_2_Chlorophyll_A_001_phosphate_plate5.tif,4,860.000,784,960
9282,F8_01_1_2_Chlorophyll_A_001_phosphate_plate5.tif,1,848.000,848,848
9283,F8_01_1_2_Chlorophyll_A_001_phosphate_plate5.tif,1,800.000,800,800
9284,F8_01_1_2_Chlorophyll_A_001_phosphate_plate5.tif,12,813.333,768,912
9285,F8_01_1_2_Chlorophyll_A_001_phosphate_plate5.tif,2,792.000,768,816
9286,F8_01_1_2_Chlorophyll_A_001_phosphate_plate5.tif,1,848.000,848,848
9287,F8_01_1_2_Chlorophyll_A_001_phosphate_plate5.tif,4,796.000,768,816
9288,F8_01_1_2_Chlorophyll_A_001_phosphate_plate5.tif,3,837.333,816,848
9289,F8_01_1_2_Chlorophyll_A_001_phosphate_plate5.tif,1,800.000,800,800
9290,F8_01_1_2_Chlorophyll_A_001_phosphate_plate5.tif,5,848.000,784,928
9291,F8_01_1_2_Chlorophyll_A_001_phosphate_plate5.tif,1,768.000,768,768
9292,F8_01_1_2_Chlorophyll_A_001_phosphate_plate5.tif,1,800.000,800,800
9293,F8_01_1_2_Chlorophyll_A_001_phosphate_plate5.tif,1,768.000,768,768
9294,F8_01_1_2_Chlorophyll_A_001_phosphate_plate5.tif,2,928.000,928,928
9295,F8_01_1_2_Chlorophyll_A_001_phosphate_plate5.tif,1,848.000,848,848
9296,F8_01_1_2_Chlorophyll_A_001_phosphate_plate5.tif,1,800.000,800,800
9297,F8_01_1_2_Chlorophyll_A_001_phosphate_plate5.tif,1,880.000,880,880
9298,F8_01_1_2_Chlorophyll_A_001_phosphate_plate5.tif,2,808.000,768,848
9299,F8_01_1_2_Chlorophyll_A_001_phosphate_plate5.tif,1,832.000,832,832
9300,F8_01_1_2_Chlorophyll_A_001_phosphate_plate5.tif,1,784.000,784,784
9301,F8_01_1_2_Chlorophyll_A_001_phosphate_plate5.tif,1,912.000,912,912
9302,F8_01_1_2_Chlorophyll_A_001_phosphate_plate5.tif,1,816.000,816,816
9303,F8_01_1_2_Chlorophyll_A_001_phosphate_plate5.tif,3,933.333,816,1024
9304,F8_01_1_2_Chlorophyll_A_001_phosphate_plate5.tif,2,896.000,784,1008
9305,F8_01_1_2_Chlorophyll_A_001_phosphate_plate5.tif,1,800.000,800,800
9306,F8_01_1_2_Chlorophyll_A_001_phosphate_plate5.tif,1,944.000,944,944
9307,F8_01_1_2_Chlorophyll_A_001_phosphate_plate5.tif,1,768.000,768,768
9308,F8_01_1_2_Chlorophyll_A_001_phosphate_plate5.tif,1,944.000,944,944
9309,F8_01_1_2_Chlorophyll_A_001_phosphate_plate5.tif,3,800.000,768,848
9310,F8_01_1_2_Chlorophyll_A_001_phosphate_plate5.tif,7,834.286,768,1008
9311,F8_01_1_2_Chlorophyll_A_001_phosphate_plate5.tif,85,897.694,768,1136
9312,F8_01_1_2_Chlorophyll_A_001_phosphate_plate5.tif,26,873.231,768,1040
9313,F8_01_1_2_Chlorophyll_A_001_phosphate_plate5.tif,59,877.559,768,1104
9314,F8_01_1_2_Chlorophyll_A_001_phosphate_plate5.tif,1,768.000,768,768
9315,F8_01_1_2_Chlorophyll_A_001_phosphate_plate5.tif,10,892.800,784,1008
9316,F8_01_1_2_Chlorophyll_A_001_phosphate_plate5.tif,3,837.333,816,848
9317,F8_01_1_2_Chlorophyll_A_001_phosphate_plate5.tif,2,800.000,784,816
9318,F8_01_1_2_Chlorophyll_A_001_phosphate_plate5.tif,1,816.000,816,816
9319,F8_01_1_2_Chlorophyll_A_001_phosphate_plate5.tif,3,794.667,784,816
9320,F8_01_1_2_Chlorophyll_A_001_phosphate_plate5.tif,10,800.000,768,848
9321,F8_01_1_2_Chlorophyll_A_001_phosphate_plate5.tif,2,896.000,816,976
9322,F8_01_1_2_Chlorophyll_A_001_phosphate_plate5.tif,1,944.000,944,944
9323,F8_01_1_2_Chlorophyll_A_001_phosphate_plate5.tif,1,832.000,832,832
9324,F8_01_1_2_Chlorophyll_A_001_phosphate_plate5.tif,1,832.000,832,832
9325,F8_01_1_2_Chlorophyll_A_001_phosphate_plate5.tif,4,800.000,784,816
9326,F8_01_1_2_Chlorophyll_A_001_phosphate_plate5.tif,1,944.000,944,944
9327,F8_01_1_2_Chlorophyll_A_001_phosphate_plate5.tif,1,784.000,784,784
9328,F8_01_1_2_Chlorophyll_A_001_phosphate_plate5.tif,2,800.000,784,816
9329,F8_01_1_2_Chlorophyll_A_001_phosphate_plate5.tif,3,864.000,800,896
9330,F8_01_1_2_Chlorophyll_A_001_phosphate_plate5.tif,3,864.000,768,1008
9331,F8_01_1_2_Chlorophyll_A_001_phosphate_plate5.tif,1,848.000,848,848
9332,F8_01_1_2_Chlorophyll_A_001_phosphate_plate5.tif,1,848.000,848,848
9333,F8_01_1_2_Chlorophyll_A_001_phosphate_plate5.tif,3,853.333,816,896
9334,F8_01_1_2_Chlorophyll_A_001_phosphate_plate5.tif,1,800.000,800,800
9335,F8_01_1_2_Chlorophyll_A_001_phosphate_plate5.tif,1,800.000,800,800
9336,F8_01_1_2_Chlorophyll_A_001_phosphate_plate5.tif,2,824.000,800,848
9337,F8_01_1_2_Chlorophyll_A_001_phosphate_plate5.tif,1,800.000,800,800
9338,F8_01_1_2_Chlorophyll_A_001_phosphate_plate5.tif,1,880.000,880,880
9339,F8_01_1_2_Chlorophyll_A_001_phosphate_plate5.tif,2,872.000,864,880
9340,F8_01_1_2_Chlorophyll_A_001_phosphate_plate5.tif,1,816.000,816,816
9341,F8_01_1_2_Chlorophyll_A_001_phosphate_plate5.tif,1,880.000,880,880
9342,F8_01_1_2_Chlorophyll_A_001_phosphate_plate5.tif,1,816.000,816,816
9343,F8_01_1_2_Chlorophyll_A_001_phosphate_plate5.tif,1,816.000,816,816
9344,F8_01_1_2_Chlorophyll_A_001_phosphate_plate5.tif,3,864.000,800,960
9345,F8_01_1_2_Chlorophyll_A_001_phosphate_plate5.tif,1,816.000,816,816
9346,F8_01_1_2_Chlorophyll_A_001_phosphate_plate5.tif,1,768.000,768,768
9347,F8_01_1_2_Chlorophyll_A_001_phosphate_plate5.tif,2,832.000,800,864
9348,F8_01_1_2_Chlorophyll_A_001_phosphate_plate5.tif,1,848.000,848,848
9349,F8_01_1_2_Chlorophyll_A_001_phosphate_plate5.tif,2,792.000,768,816
9350,F8_01_1_2_Chlorophyll_A_001_phosphate_plate5.tif,283,4350.191,768,63552
9351,F8_01_1_2_Chlorophyll_A_001_phosphate_plate5.tif,1,944.000,944,944
9352,F8_01_1_2_Chlorophyll_A_001_phosphate_plate5.tif,2,816.000,768,864
9353,F8_01_1_2_Chlorophyll_A_001_phosphate_plate5.tif,1,816.000,816,816
9354,F8_01_1_2_Chlorophyll_A_001_phosphate_plate5.tif,3,768.000,768,768
9355,F8_01_1_2_Chlorophyll_A_001_phosphate_plate5.tif,82,871.610,768,1152
9356,F8_01_1_2_Chlorophyll_A_001_phosphate_plate5.tif,73,876.055,768,1040
9357,F8_01_1_2_Chlorophyll_A_001_phosphate_plate5.tif,75,890.667,768,1120
9358,F8_01_1_2_Chlorophyll_A_001_phosphate_plate5.tif,62,898.581,768,1184
9359,F8_01_1_2_Chlorophyll_A_001_phosphate_plate5.tif,30,873.067,768,1136
9360,F8_01_1_2_Chlorophyll_A_001_phosphate_plate5.tif,75,881.493,768,1232
9361,F8_01_1_2_Chlorophyll_A_001_phosphate_plate5.tif,2,856.000,800,912
9362,F8_01_1_2_Chlorophyll_A_001_phosphate_plate5.tif,14,829.714,784,912
9363,F8_01_1_2_Chlorophyll_A_001_phosphate_plate5.tif,2,864.000,848,880
9364,F8_01_1_2_Chlorophyll_A_001_phosphate_plate5.tif,2,848.000,816,880
9365,F8_01_1_2_Chlorophyll_A_001_phosphate_plate5.tif,6,848.000,800,928
9366,F8_01_1_2_Chlorophyll_A_001_phosphate_plate5.tif,1,912.000,912,912
9367,F8_01_1_2_Chlorophyll_A_001_phosphate_plate5.tif,1,816.000,816,816
9368,F8_01_1_2_Chlorophyll_A_001_phosphate_plate5.tif,1,864.000,864,864
9369,F8_01_1_2_Chlorophyll_A_001_phosphate_plate5.tif,2,824.000,768,880
9370,F8_01_1_2_Chlorophyll_A_001_phosphate_plate5.tif,2,832.000,784,880
9371,F8_01_1_2_Chlorophyll_A_001_phosphate_plate5.tif,1,768.000,768,768
9372,F8_01_1_2_Chlorophyll_A_001_phosphate_plate5.tif,1,880.000,880,880
9373,F8_01_1_2_Chlorophyll_A_001_phosphate_plate5.tif,1,848.000,848,848
9374,F8_01_1_2_Chlorophyll_A_001_phosphate_plate5.tif,1,784.000,784,784
9375,F8_01_1_2_Chlorophyll_A_001_phosphate_plate5.tif,4,836.000,784,880
9376,F8_01_1_2_Chlorophyll_A_001_phosphate_plate5.tif,1,816.000,816,816
9377,F8_01_1_2_Chlorophyll_A_001_phosphate_plate5.tif,1,784.000,784,784
9378,F8_01_1_2_Chlorophyll_A_001_phosphate_plate5.tif,1,816.000,816,816
9379,F8_01_1_2_Chlorophyll_A_001_phosphate_plate5.tif,2,792.000,784,800
9380,F8_01_1_2_Chlorophyll_A_001_phosphate_plate5.tif,1,976.000,976,976
9381,F8_01_1_2_Chlorophyll_A_001_phosphate_plate5.tif,1,768.000,768,768
9382,F8_01_1_2_Chlorophyll_A_001_phosphate_plate5.tif,1,896.000,896,896
9383,F8_01_1_2_Chlorophyll_A_001_phosphate_plate5.tif,1,800.000,800,800
9384,F8_01_1_2_Chlorophyll_A_001_phosphate_plate5.tif,1,784.000,784,784
9385,F8_01_1_2_Chlorophyll_A_001_phosphate_plate5.tif,1,816.000,816,816
9386,F8_01_1_2_Chlorophyll_A_001_phosphate_plate5.tif,1,784.000,784,784
9387,F8_01_1_2_Chlorophyll_A_001_phosphate_plate5.tif,4,844.000,768,928
9388,F8_01_1_2_Chlorophyll_A_001_phosphate_plate5.tif,1,800.000,800,800
9389,F8_01_1_2_Chlorophyll_A_001_phosphate_plate5.tif,3,864.000,832,896
9390,F8_01_1_2_Chlorophyll_A_001_phosphate_plate5.tif,1,768.000,768,768
9391,F8_01_1_2_Chlorophyll_A_001_phosphate_plate5.tif,2,840.000,784,896
9392,F8_01_1_2_Chlorophyll_A_001_phosphate_plate5.tif,1,768.000,768,768
9393,F8_01_1_2_Chlorophyll_A_001_phosphate_plate5.tif,1,1008.000,1008,1008
9394,F8_01_1_2_Chlorophyll_A_001_phosphate_plate5.tif,29,865.655,768,1088
9395,F8_01_1_2_Chlorophyll_A_001_phosphate_plate5.tif,1,880.000,880,880
9396,F8_01_1_2_Chlorophyll_A_001_phosphate_plate5.tif,1,816.000,816,816
9397,F8_01_1_2_Chlorophyll_A_001_phosphate_plate5.tif,75,895.787,768,1248
9398,F8_01_1_2_Chlorophyll_A_001_phosphate_plate5.tif,12,882.667,768,976
9399,F8_01_1_2_Chlorophyll_A_001_phosphate_plate5.tif,33,908.606,768,1136
9400,F8_01_1_2_Chlorophyll_A_001_phosphate_plate5.tif,16,862.000,768,1024
9401,F8_01_1_2_Chlorophyll_A_001_phosphate_plate5.tif,1,880.000,880,880
9402,F8_01_1_2_Chlorophyll_A_001_phosphate_plate5.tif,5,860.800,784,1104
9403,F8_01_1_2_Chlorophyll_A_001_phosphate_plate5.tif,2,808.000,800,816
9404,F8_01_1_2_Chlorophyll_A_001_phosphate_plate5.tif,1,912.000,912,912
9405,F8_01_1_2_Chlorophyll_A_001_phosphate_plate5.tif,2,912.000,768,1056
9406,F8_01_1_2_Chlorophyll_A_001_phosphate_plate5.tif,2,872.000,864,880
9407,F8_01_1_2_Chlorophyll_A_001_phosphate_plate5.tif,7,829.714,768,928
9408,F8_01_1_2_Chlorophyll_A_001_phosphate_plate5.tif,1,768.000,768,768
9409,F8_01_1_2_Chlorophyll_A_001_phosphate_plate5.tif,1,768.000,768,768
9410,F8_01_1_2_Chlorophyll_A_001_phosphate_plate5.tif,1,896.000,896,896
9411,F8_01_1_2_Chlorophyll_A_001_phosphate_plate5.tif,5,841.600,768,912
9412,F8_01_1_2_Chlorophyll_A_001_phosphate_plate5.tif,2,952.000,928,976
9413,F8_01_1_2_Chlorophyll_A_001_phosphate_plate5.tif,1,896.000,896,896
9414,F8_01_1_2_Chlorophyll_A_001_phosphate_plate5.tif,1,816.000,816,816
9415,F8_01_1_2_Chlorophyll_A_001_phosphate_plate5.tif,2,808.000,784,832
9416,F8_01_1_2_Chlorophyll_A_001_phosphate_plate5.tif,1,768.000,768,768
9417,F8_01_1_2_Chlorophyll_A_001_phosphate_plate5.tif,1,768.000,768,768
9418,F8_01_1_2_Chlorophyll_A_001_phosphate_plate5.tif,1,800.000,800,800
9419,F8_01_1_2_Chlorophyll_A_001_phosphate_plate5.tif,1,816.000,816,816
9420,F8_01_1_2_Chlorophyll_A_001_phosphate_plate5.tif,3,794.667,768,816
9421,F8_01_1_2_Chlorophyll_A_001_phosphate_plate5.tif,3,906.667,784,1008
9422,F8_01_1_2_Chlorophyll_A_001_phosphate_plate5.tif,1,880.000,880,880
9423,F8_01_1_2_Chlorophyll_A_001_phosphate_plate5.tif,1,880.000,880,880
9424,F8_01_1_2_Chlorophyll_A_001_phosphate_plate5.tif,1,896.000,896,896
9425,F8_01_1_2_Chlorophyll_A_001_phosphate_plate5.tif,1,784.000,784,784
9426,F8_01_1_2_Chlorophyll_A_001_phosphate_plate5.tif,1,800.000,800,800
9427,F8_01_1_2_Chlorophyll_A_001_phosphate_plate5.tif,4,836.000,784,960
9428,F8_01_1_2_Chlorophyll_A_001_phosphate_plate5.tif,1,784.000,784,784
9429,F8_01_1_2_Chlorophyll_A_001_phosphate_plate5.tif,1,944.000,944,944
9430,F8_01_1_2_Chlorophyll_A_001_phosphate_plate5.tif,1,784.000,784,784
9431,F8_01_1_2_Chlorophyll_A_001_phosphate_plate5.tif,2,880.000,864,896
9432,F8_01_1_2_Chlorophyll_A_001_phosphate_plate5.tif,1,816.000,816,816
9433,F8_01_1_2_Chlorophyll_A_001_phosphate_plate5.tif,1,832.000,832,832
9434,F8_01_1_2_Chlorophyll_A_001_phosphate_plate5.tif,1,816.000,816,816
9435,F8_01_1_2_Chlorophyll_A_001_phosphate_plate5.tif,1,848.000,848,848
9436,F8_01_1_2_Chlorophyll_A_001_phosphate_plate5.tif,1,864.000,864,864
9437,F8_01_1_2_Chlorophyll_A_001_phosphate_plate5.tif,1,768.000,768,768
9438,F8_01_1_2_Chlorophyll_A_001_phosphate_plate5.tif,1,832.000,832,832
9439,F8_01_1_2_Chlorophyll_A_001_phosphate_plate5.tif,1,784.000,784,784
9440,F8_01_1_2_Chlorophyll_A_001_phosphate_plate5.tif,1,800.000,800,800
9441,F8_01_1_2_Chlorophyll_A_001_phosphate_plate5.tif,1,832.000,832,832
9442,F8_01_1_2_Chlorophyll_A_001_phosphate_plate5.tif,1,816.000,816,816
9443,F8_01_1_2_Chlorophyll_A_001_phosphate_plate5.tif,2,848.000,768,928
9444,F8_01_1_2_Chlorophyll_A_001_phosphate_plate5.tif,1,768.000,768,768
9445,F8_01_1_2_Chlorophyll_A_001_phosphate_plate5.tif,2,784.000,784,784
9446,F8_01_1_2_Chlorophyll_A_001_phosphate_plate5.tif,1,816.000,816,816
9447,F8_01_1_2_Chlorophyll_A_001_phosphate_plate5.tif,1,880.000,880,880
9448,F8_01_1_2_Chlorophyll_A_001_phosphate_plate5.tif,6,872.000,784,1056
9449,F8_01_1_2_Chlorophyll_A_001_phosphate_plate5.tif,1,800.000,800,800
9450,F8_01_1_2_Chlorophyll_A_001_phosphate_plate5.tif,1,800.000,800,800
9451,F8_01_1_2_Chlorophyll_A_001_phosphate_plate5.tif,1,768.000,768,768
9452,F8_01_1_2_Chlorophyll_A_001_phosphate_plate5.tif,53,836.528,768,1040
9453,F8_01_1_2_Chlorophyll_A_001_phosphate_plate5.tif,3,848.000,784,960
9454,F8_01_1_2_Chlorophyll_A_001_phosphate_plate5.tif,2,832.000,800,864
9455,F8_01_1_2_Chlorophyll_A_001_phosphate_plate5.tif,1,864.000,864,864
9456,F8_01_1_2_Chlorophyll_A_001_phosphate_plate5.tif,68,893.412,768,1248
9457,F8_01_1_2_Chlorophyll_A_001_phosphate_plate5.tif,16,902.000,768,1168
9458,F8_01_1_2_Chlorophyll_A_001_phosphate_plate5.tif,1,1008.000,1008,1008
9459,F8_01_1_2_Chlorophyll_A_001_phosphate_plate5.tif,233,1530.644,768,10880
9460,F8_01_1_2_Chlorophyll_A_001_phosphate_plate5.tif,5,828.800,784,864
9461,F8_01_1_2_Chlorophyll_A_001_phosphate_plate5.tif,3,912.000,800,1024
9462,F8_01_1_2_Chlorophyll_A_001_phosphate_plate5.tif,3,816.000,768,880
9463,F8_01_1_2_Chlorophyll_A_001_phosphate_plate5.tif,20,830.400,768,992
9464,F8_01_1_2_Chlorophyll_A_001_phosphate_plate5.tif,1,896.000,896,896
9465,F8_01_1_2_Chlorophyll_A_001_phosphate_plate5.tif,1,816.000,816,816
9466,F8_01_1_2_Chlorophyll_A_001_phosphate_plate5.tif,2,888.000,880,896
9467,F8_01_1_2_Chlorophyll_A_001_phosphate_plate5.tif,1,976.000,976,976
9468,F8_01_1_2_Chlorophyll_A_001_phosphate_plate5.tif,1,864.000,864,864
9469,F8_01_1_2_Chlorophyll_A_001_phosphate_plate5.tif,1,832.000,832,832
9470,F8_01_1_2_Chlorophyll_A_001_phosphate_plate5.tif,2,800.000,768,832
9471,F8_01_1_2_Chlorophyll_A_001_phosphate_plate5.tif,1,800.000,800,800
9472,F8_01_1_2_Chlorophyll_A_001_phosphate_plate5.tif,1,784.000,784,784
9473,F8_01_1_2_Chlorophyll_A_001_phosphate_plate5.tif,1,800.000,800,800
9474,F8_01_1_2_Chlorophyll_A_001_phosphate_plate5.tif,1,992.000,992,992
9475,F8_01_1_2_Chlorophyll_A_001_phosphate_plate5.tif,2,808.000,784,832
9476,F8_01_1_2_Chlorophyll_A_001_phosphate_plate5.tif,3,853.333,800,912
9477,F8_01_1_2_Chlorophyll_A_001_phosphate_plate5.tif,1,832.000,832,832
9478,F8_01_1_2_Chlorophyll_A_001_phosphate_plate5.tif,1,880.000,880,880
9479,F8_01_1_2_Chlorophyll_A_001_phosphate_plate5.tif,1,832.000,832,832
9480,F8_01_1_2_Chlorophyll_A_001_phosphate_plate5.tif,1,784.000,784,784
9481,F8_01_1_2_Chlorophyll_A_001_phosphate_plate5.tif,3,816.000,784,864
9482,F8_01_1_2_Chlorophyll_A_001_phosphate_plate5.tif,3,794.667,768,832
9483,F8_01_1_2_Chlorophyll_A_001_phosphate_plate5.tif,1,800.000,800,800
9484,F8_01_1_2_Chlorophyll_A_001_phosphate_plate5.tif,2,888.000,848,928
9485,F8_01_1_2_Chlorophyll_A_001_phosphate_plate5.tif,2,816.000,768,864
9486,F8_01_1_2_Chlorophyll_A_001_phosphate_plate5.tif,1,896.000,896,896
9487,F8_01_1_2_Chlorophyll_A_001_phosphate_plate5.tif,1,832.000,832,832
9488,F8_01_1_2_Chlorophyll_A_001_phosphate_plate5.tif,2,848.000,800,896
9489,F8_01_1_2_Chlorophyll_A_001_phosphate_plate5.tif,4,896.000,768,1008
9490,F8_01_1_2_Chlorophyll_A_001_phosphate_plate5.tif,1,800.000,800,800
9491,F8_01_1_2_Chlorophyll_A_001_phosphate_plate5.tif,2,880.000,832,928
9492,F8_01_1_2_Chlorophyll_A_001_phosphate_plate5.tif,2,784.000,768,800
9493,F8_01_1_2_Chlorophyll_A_001_phosphate_plate5.tif,1,784.000,784,784
9494,F8_01_1_2_Chlorophyll_A_001_phosphate_plate5.tif,2,824.000,768,880
9495,F8_01_1_2_Chlorophyll_A_001_phosphate_plate5.tif,1,768.000,768,768
9496,F8_01_1_2_Chlorophyll_A_001_phosphate_plate5.tif,1,896.000,896,896
9497,F8_01_1_2_Chlorophyll_A_001_phosphate_plate5.tif,1,768.000,768,768
9498,F8_01_1_2_Chlorophyll_A_001_phosphate_plate5.tif,2,784.000,768,800
9499,F8_01_1_2_Chlorophyll_A_001_phosphate_plate5.tif,1,768.000,768,768
9500,F8_01_1_2_Chlorophyll_A_001_phosphate_plate5.tif,1,800.000,800,800
9501,F8_01_1_2_Chlorophyll_A_001_phosphate_plate5.tif,1,784.000,784,784
9502,F8_01_1_2_Chlorophyll_A_001_phosphate_plate5.tif,1,896.000,896,896
9503,F8_01_1_2_Chlorophyll_A_001_phosphate_plate5.tif,1,816.000,816,816
9504,F8_01_1_2_Chlorophyll_A_001_phosphate_plate5.tif,2,792.000,768,816
9505,F8_01_1_2_Chlorophyll_A_001_phosphate_plate5.tif,1,784.000,784,784
9506,F8_01_1_2_Chlorophyll_A_001_phosphate_plate5.tif,1,992.000,992,992
9507,F8_01_1_2_Chlorophyll_A_001_phosphate_plate5.tif,4,852.000,768,960
9508,F8_01_1_2_Chlorophyll_A_001_phosphate_plate5.tif,7,857.143,784,928
9509,F8_01_1_2_Chlorophyll_A_001_phosphate_plate5.tif,1,768.000,768,768
9510,F8_01_1_2_Chlorophyll_A_001_phosphate_plate5.tif,1,928.000,928,928
9511,F8_01_1_2_Chlorophyll_A_001_phosphate_plate5.tif,1,864.000,864,864
9512,F8_01_1_2_Chlorophyll_A_001_phosphate_plate5.tif,1,768.000,768,768
9513,F8_01_1_2_Chlorophyll_A_001_phosphate_plate5.tif,4,848.000,800,928
9514,F8_01_1_2_Chlorophyll_A_001_phosphate_plate5.tif,1,816.000,816,816
9515,F8_01_1_2_Chlorophyll_A_001_phosphate_plate5.tif,1,816.000,816,816
9516,F8_01_1_2_Chlorophyll_A_001_phosphate_plate5.tif,43,886.698,768,1184
9517,F8_01_1_2_Chlorophyll_A_001_phosphate_plate5.tif,23,870.957,768,1088
9518,F8_01_1_2_Chlorophyll_A_001_phosphate_plate5.tif,2,928.000,896,960
9519,F8_01_1_2_Chlorophyll_A_001_phosphate_plate5.tif,1,816.000,816,816
9520,F8_01_1_2_Chlorophyll_A_001_phosphate_plate5.tif,3,837.333,768,912
9521,F8_01_1_2_Chlorophyll_A_001_phosphate_plate5.tif,4,848.000,800,912
9522,F8_01_1_2_Chlorophyll_A_001_phosphate_plate5.tif,2,848.000,768,928
9523,F8_01_1_2_Chlorophyll_A_001_phosphate_plate5.tif,4,856.000,800,912
9524,F8_01_1_2_Chlorophyll_A_001_phosphate_plate5.tif,2,896.000,800,992
9525,F8_01_1_2_Chlorophyll_A_001_phosphate_plate5.tif,2,776.000,768,784
9526,F8_01_1_2_Chlorophyll_A_001_phosphate_plate5.tif,2,808.000,768,848
9527,F8_01_1_2_Chlorophyll_A_001_phosphate_plate5.tif,1,848.000,848,848
9528,F8_01_1_2_Chlorophyll_A_001_phosphate_plate5.tif,1,784.000,784,784
9529,F8_01_1_2_Chlorophyll_A_001_phosphate_plate5.tif,40,833.200,768,1008
9530,F8_01_1_2_Chlorophyll_A_001_phosphate_plate5.tif,3,826.667,784,880
9531,F8_01_1_2_Chlorophyll_A_001_phosphate_plate5.tif,1,912.000,912,912
9532,F8_01_1_2_Chlorophyll_A_001_phosphate_plate5.tif,1,864.000,864,864
9533,F8_01_1_2_Chlorophyll_A_001_phosphate_plate5.tif,1,800.000,800,800
9534,F8_01_1_2_Chlorophyll_A_001_phosphate_plate5.tif,2,952.000,864,1040
9535,F8_01_1_2_Chlorophyll_A_001_phosphate_plate5.tif,2,848.000,800,896
9536,F8_01_1_2_Chlorophyll_A_001_phosphate_plate5.tif,1,784.000,784,784
9537,F8_01_1_2_Chlorophyll_A_001_phosphate_plate5.tif,1,832.000,832,832
9538,F8_01_1_2_Chlorophyll_A_001_phosphate_plate5.tif,3,826.667,784,848
9539,F8_01_1_2_Chlorophyll_A_001_phosphate_plate5.tif,1,768.000,768,768
9540,F8_01_1_2_Chlorophyll_A_001_phosphate_plate5.tif,3,800.000,768,832
9541,F8_01_1_2_Chlorophyll_A_001_phosphate_plate5.tif,1,992.000,992,992
9542,F8_01_1_2_Chlorophyll_A_001_phosphate_plate5.tif,7,832.000,768,992
9543,F8_01_1_2_Chlorophyll_A_001_phosphate_plate5.tif,1,800.000,800,800
9544,F8_01_1_2_Chlorophyll_A_001_phosphate_plate5.tif,4,824.000,800,848
9545,F8_01_1_2_Chlorophyll_A_001_phosphate_plate5.tif,1,832.000,832,832
9546,F8_01_1_2_Chlorophyll_A_001_phosphate_plate5.tif,3,816.000,784,864
9547,F8_01_1_2_Chlorophyll_A_001_phosphate_plate5.tif,1,880.000,880,880
9548,F8_01_1_2_Chlorophyll_A_001_phosphate_plate5.tif,1,848.000,848,848
9549,F8_01_1_2_Chlorophyll_A_001_phosphate_plate5.tif,1,880.000,880,880
9550,F8_01_1_2_Chlorophyll_A_001_phosphate_plate5.tif,1,928.000,928,928
9551,F8_01_1_2_Chlorophyll_A_001_phosphate_plate5.tif,2,824.000,784,864
9552,F8_01_1_2_Chlorophyll_A_001_phosphate_plate5.tif,4,844.000,768,1040
9553,F8_01_1_2_Chlorophyll_A_001_phosphate_plate5.tif,1,864.000,864,864
9554,F8_01_1_2_Chlorophyll_A_001_phosphate_plate5.tif,1,1008.000,1008,1008
9555,F8_01_1_2_Chlorophyll_A_001_phosphate_plate5.tif,2,784.000,768,800
9556,F8_01_1_2_Chlorophyll_A_001_phosphate_plate5.tif,1,816.000,816,816
9557,F8_01_1_2_Chlorophyll_A_001_phosphate_plate5.tif,1,784.000,784,784
9558,F8_01_1_2_Chlorophyll_A_001_phosphate_plate5.tif,1,768.000,768,768
9559,F8_01_1_2_Chlorophyll_A_001_phosphate_plate5.tif,4,772.000,768,784
9560,F8_01_1_2_Chlorophyll_A_001_phosphate_plate5.tif,1,1024.000,1024,1024
9561,F8_01_1_2_Chlorophyll_A_001_phosphate_plate5.tif,1,816.000,816,816
9562,F8_01_1_2_Chlorophyll_A_001_phosphate_plate5.tif,1,816.000,816,816
9563,F8_01_1_2_Chlorophyll_A_001_phosphate_plate5.tif,3,789.333,768,816
9564,F8_01_1_2_Chlorophyll_A_001_phosphate_plate5.tif,2,848.000,768,928
9565,F8_01_1_2_Chlorophyll_A_001_phosphate_plate5.tif,4,876.000,800,1008
9566,F8_01_1_2_Chlorophyll_A_001_phosphate_plate5.tif,1,816.000,816,816
9567,F8_01_1_2_Chlorophyll_A_001_phosphate_plate5.tif,1,800.000,800,800
9568,F8_01_1_2_Chlorophyll_A_001_phosphate_plate5.tif,1,816.000,816,816
9569,F8_01_1_2_Chlorophyll_A_001_phosphate_plate5.tif,1,848.000,848,848
9570,F8_01_1_2_Chlorophyll_A_001_phosphate_plate5.tif,33,897.939,768,1088
9571,F8_01_1_2_Chlorophyll_A_001_phosphate_plate5.tif,92,880.522,768,1120
9572,F8_01_1_2_Chlorophyll_A_001_phosphate_plate5.tif,21,934.857,768,1184
9573,F8_01_1_2_Chlorophyll_A_001_phosphate_plate5.tif,54,866.074,768,1136
9574,F8_01_1_2_Chlorophyll_A_001_phosphate_plate5.tif,32,900.000,768,1072
9575,F8_01_1_2_Chlorophyll_A_001_phosphate_plate5.tif,13,868.923,768,1072
9576,F8_01_1_2_Chlorophyll_A_001_phosphate_plate5.tif,1,976.000,976,976
9577,F8_01_1_2_Chlorophyll_A_001_phosphate_plate5.tif,58,903.724,768,1152
9578,F8_01_1_2_Chlorophyll_A_001_phosphate_plate5.tif,3,912.000,848,960
9579,F8_01_1_2_Chlorophyll_A_001_phosphate_plate5.tif,2,856.000,848,864
9580,F8_01_1_2_Chlorophyll_A_001_phosphate_plate5.tif,93,854.194,768,1104
9581,F8_01_1_2_Chlorophyll_A_001_phosphate_plate5.tif,1,928.000,928,928
9582,F8_01_1_2_Chlorophyll_A_001_phosphate_plate5.tif,1,816.000,816,816
9583,F8_01_1_2_Chlorophyll_A_001_phosphate_plate5.tif,13,854.154,768,944
9584,F8_01_1_2_Chlorophyll_A_001_phosphate_plate5.tif,2,912.000,864,960
9585,F8_01_1_2_Chlorophyll_A_001_phosphate_plate5.tif,1,816.000,816,816
9586,F8_01_1_2_Chlorophyll_A_001_phosphate_plate5.tif,1,960.000,960,960
9587,F8_01_1_2_Chlorophyll_A_001_phosphate_plate5.tif,7,822.857,768,896
9588,F8_01_1_2_Chlorophyll_A_001_phosphate_plate5.tif,1,784.000,784,784
9589,F8_01_1_2_Chlorophyll_A_001_phosphate_plate5.tif,1,800.000,800,800
9590,F8_01_1_2_Chlorophyll_A_001_phosphate_plate5.tif,2,872.000,864,880
9591,F8_01_1_2_Chlorophyll_A_001_phosphate_plate5.tif,1,816.000,816,816
9592,F8_01_1_2_Chlorophyll_A_001_phosphate_plate5.tif,3,826.667,784,864
9593,F8_01_1_2_Chlorophyll_A_001_phosphate_plate5.tif,1,784.000,784,784
9594,F8_01_1_2_Chlorophyll_A_001_phosphate_plate5.tif,1,768.000,768,768
9595,F8_01_1_2_Chlorophyll_A_001_phosphate_plate5.tif,1,864.000,864,864
9596,F8_01_1_2_Chlorophyll_A_001_phosphate_plate5.tif,3,869.333,816,928
9597,F8_01_1_2_Chlorophyll_A_001_phosphate_plate5.tif,1,784.000,784,784
9598,F8_01_1_2_Chlorophyll_A_001_phosphate_plate5.tif,3,826.667,784,880
9599,F8_01_1_2_Chlorophyll_A_001_phosphate_plate5.tif,3,821.333,768,848
9600,F8_01_1_2_Chlorophyll_A_001_phosphate_plate5.tif,1,784.000,784,784
9601,F8_01_1_2_Chlorophyll_A_001_phosphate_plate5.tif,1,784.000,784,784
9602,F8_01_1_2_Chlorophyll_A_001_phosphate_plate5.tif,12,880.000,784,1008
9603,F8_01_1_2_Chlorophyll_A_001_phosphate_plate5.tif,1,896.000,896,896
9604,F8_01_1_2_Chlorophyll_A_001_phosphate_plate5.tif,2,800.000,800,800
9605,F8_01_1_2_Chlorophyll_A_001_phosphate_plate5.tif,2,848.000,848,848
9606,F8_01_1_2_Chlorophyll_A_001_phosphate_plate5.tif,3,848.000,784,960
9607,F8_01_1_2_Chlorophyll_A_001_phosphate_plate5.tif,2,856.000,784,928
9608,F8_01_1_2_Chlorophyll_A_001_phosphate_plate5.tif,2,784.000,784,784
9609,F8_01_1_2_Chlorophyll_A_001_phosphate_plate5.tif,1,832.000,832,832
9610,F8_01_1_2_Chlorophyll_A_001_phosphate_plate5.tif,2,832.000,784,880
9611,F8_01_1_2_Chlorophyll_A_001_phosphate_plate5.tif,1,768.000,768,768
9612,F8_01_1_2_Chlorophyll_A_001_phosphate_plate5.tif,1,800.000,800,800
9613,F8_01_1_2_Chlorophyll_A_001_phosphate_plate5.tif,1,784.000,784,784
9614,F8_01_1_2_Chlorophyll_A_001_phosphate_plate5.tif,1,816.000,816,816
9615,F8_01_1_2_Chlorophyll_A_001_phosphate_plate5.tif,2,888.000,848,928
9616,F8_01_1_2_Chlorophyll_A_001_phosphate_plate5.tif,2,808.000,800,816
9617,F8_01_1_2_Chlorophyll_A_001_phosphate_plate5.tif,1,800.000,800,800
9618,F8_01_1_2_Chlorophyll_A_001_phosphate_plate5.tif,1,992.000,992,992
9619,F8_01_1_2_Chlorophyll_A_001_phosphate_plate5.tif,1,784.000,784,784
9620,F8_01_1_2_Chlorophyll_A_001_phosphate_plate5.tif,1,816.000,816,816
9621,F8_01_1_2_Chlorophyll_A_001_phosphate_plate5.tif,1,768.000,768,768
9622,F8_01_1_2_Chlorophyll_A_001_phosphate_plate5.tif,1,784.000,784,784
9623,F8_01_1_2_Chlorophyll_A_001_phosphate_plate5.tif,1,832.000,832,832
9624,F8_01_1_2_Chlorophyll_A_001_phosphate_plate5.tif,1,880.000,880,880
9625,F8_01_1_2_Chlorophyll_A_001_phosphate_plate5.tif,1,912.000,912,912
9626,F8_01_1_2_Chlorophyll_A_001_phosphate_plate5.tif,3,794.667,768,848
9627,F8_01_1_2_Chlorophyll_A_001_phosphate_plate5.tif,1,832.000,832,832
9628,F8_01_1_2_Chlorophyll_A_001_phosphate_plate5.tif,1,768.000,768,768
9629,F8_01_1_2_Chlorophyll_A_001_phosphate_plate5.tif,1,800.000,800,800
9630,F8_01_1_2_Chlorophyll_A_001_phosphate_plate5.tif,1,896.000,896,896
9631,F8_01_1_2_Chlorophyll_A_001_phosphate_plate5.tif,1,784.000,784,784
9632,F8_01_1_2_Chlorophyll_A_001_phosphate_plate5.tif,1,864.000,864,864
9633,F8_01_1_2_Chlorophyll_A_001_phosphate_plate5.tif,1,768.000,768,768
9634,F8_01_1_2_Chlorophyll_A_001_phosphate_plate5.tif,2,816.000,816,816
9635,F8_01_1_2_Chlorophyll_A_001_phosphate_plate5.tif,1,784.000,784,784
9636,F8_01_1_2_Chlorophyll_A_001_phosphate_plate5.tif,1,784.000,784,784
9637,F8_01_1_2_Chlorophyll_A_001_phosphate_plate5.tif,1,800.000,800,800
9638,F8_01_1_2_Chlorophyll_A_001_phosphate_plate5.tif,2,816.000,784,848
9639,F8_01_1_2_Chlorophyll_A_001_phosphate_plate5.tif,1,864.000,864,864
9640,F8_01_1_2_Chlorophyll_A_001_phosphate_plate5.tif,6,856.000,768,1104
9641,F8_01_1_2_Chlorophyll_A_001_phosphate_plate5.tif,1,912.000,912,912
9642,F8_01_1_2_Chlorophyll_A_001_phosphate_plate5.tif,1,784.000,784,784
9643,F8_01_1_2_Chlorophyll_A_001_phosphate_plate5.tif,1,864.000,864,864
9644,F8_01_1_2_Chlorophyll_A_001_phosphate_plate5.tif,14,859.429,784,960
9645,F8_01_1_2_Chlorophyll_A_001_phosphate_plate5.tif,7,859.429,832,896
9646,F8_01_1_2_Chlorophyll_A_001_phosphate_plate5.tif,4,836.000,768,928
9647,F8_01_1_2_Chlorophyll_A_001_phosphate_plate5.tif,2,784.000,768,800
9648,F8_01_1_2_Chlorophyll_A_001_phosphate_plate5.tif,7,820.571,768,896
9649,F8_01_1_2_Chlorophyll_A_001_phosphate_plate5.tif,7,806.857,768,928
9650,F8_01_1_2_Chlorophyll_A_001_phosphate_plate5.tif,1,832.000,832,832
9651,F8_01_1_2_Chlorophyll_A_001_phosphate_plate5.tif,1,912.000,912,912
9652,F8_01_1_2_Chlorophyll_A_001_phosphate_plate5.tif,1,768.000,768,768
9653,F8_01_1_2_Chlorophyll_A_001_phosphate_plate5.tif,1,800.000,800,800
9654,F8_01_1_2_Chlorophyll_A_001_phosphate_plate5.tif,2,816.000,800,832
9655,F8_01_1_2_Chlorophyll_A_001_phosphate_plate5.tif,2,768.000,768,768
9656,F8_01_1_2_Chlorophyll_A_001_phosphate_plate5.tif,1,928.000,928,928
9657,F8_01_1_2_Chlorophyll_A_001_phosphate_plate5.tif,1,784.000,784,784
9658,F8_01_1_2_Chlorophyll_A_001_phosphate_plate5.tif,1,880.000,880,880
9659,F8_01_1_2_Chlorophyll_A_001_phosphate_plate5.tif,4,864.000,784,992
9660,F8_01_1_2_Chlorophyll_A_001_phosphate_plate5.tif,3,874.667,832,912
9661,F8_01_1_2_Chlorophyll_A_001_phosphate_plate5.tif,4,848.000,768,976
9662,F8_01_1_2_Chlorophyll_A_001_phosphate_plate5.tif,2,912.000,800,1024
9663,F8_01_1_2_Chlorophyll_A_001_phosphate_plate5.tif,1,864.000,864,864
9664,F8_01_1_2_Chlorophyll_A_001_phosphate_plate5.tif,4,832.000,768,960
9665,F8_01_1_2_Chlorophyll_A_001_phosphate_plate5.tif,1,768.000,768,768
9666,F8_01_1_2_Chlorophyll_A_001_phosphate_plate5.tif,2,784.000,768,800
9667,F8_01_1_2_Chlorophyll_A_001_phosphate_plate5.tif,1,832.000,832,832
9668,F8_01_1_2_Chlorophyll_A_001_phosphate_plate5.tif,1,784.000,784,784
9669,F8_01_1_2_Chlorophyll_A_001_phosphate_plate5.tif,1,768.000,768,768
9670,F8_01_1_2_Chlorophyll_A_001_phosphate_plate5.tif,1,784.000,784,784
9671,F8_01_1_2_Chlorophyll_A_001_phosphate_plate5.tif,1,800.000,800,800
9672,F8_01_1_2_Chlorophyll_A_001_phosphate_plate5.tif,1,880.000,880,880
9673,F8_01_1_2_Chlorophyll_A_001_phosphate_plate5.tif,2,800.000,784,816
9674,F8_01_1_2_Chlorophyll_A_001_phosphate_plate5.tif,1,864.000,864,864
9675,F8_01_1_2_Chlorophyll_A_001_phosphate_plate5.tif,4,784.000,768,816
9676,F8_01_1_2_Chlorophyll_A_001_phosphate_plate5.tif,1,800.000,800,800
9677,F8_01_1_2_Chlorophyll_A_001_phosphate_plate5.tif,1,768.000,768,768
9678,F8_01_1_2_Chlorophyll_A_001_phosphate_plate5.tif,1,848.000,848,848
9679,F8_01_1_2_Chlorophyll_A_001_phosphate_plate5.tif,1,816.000,816,816
9680,F8_01_1_2_Chlorophyll_A_001_phosphate_plate5.tif,7,825.143,768,912
9681,F8_01_1_2_Chlorophyll_A_001_phosphate_plate5.tif,1,784.000,784,784
9682,F8_01_1_2_Chlorophyll_A_001_phosphate_plate5.tif,1,768.000,768,768
9683,F8_01_1_2_Chlorophyll_A_001_phosphate_plate5.tif,2,792.000,768,816
9684,F8_01_1_2_Chlorophyll_A_001_phosphate_plate5.tif,1,784.000,784,784
9685,F8_01_1_2_Chlorophyll_A_001_phosphate_plate5.tif,3,816.000,800,832
9686,F8_01_1_2_Chlorophyll_A_001_phosphate_plate5.tif,1,768.000,768,768
9687,F8_01_1_2_Chlorophyll_A_001_phosphate_plate5.tif,45,908.444,768,1168
9688,F8_01_1_2_Chlorophyll_A_001_phosphate_plate5.tif,32,893.000,768,1136
9689,F8_01_1_2_Chlorophyll_A_001_phosphate_plate5.tif,81,883.160,768,1248
9690,F8_01_1_2_Chlorophyll_A_001_phosphate_plate5.tif,2,832.000,768,896
9691,F8_01_1_2_Chlorophyll_A_001_phosphate_plate5.tif,2,928.000,864,992
9692,F8_01_1_2_Chlorophyll_A_001_phosphate_plate5.tif,4,816.000,800,848
9693,F8_01_1_2_Chlorophyll_A_001_phosphate_plate5.tif,14,838.857,768,960
9694,F8_01_1_2_Chlorophyll_A_001_phosphate_plate5.tif,18,822.222,768,1040
9695,F8_01_1_2_Chlorophyll_A_001_phosphate_plate5.tif,1,960.000,960,960
9696,F8_01_1_2_Chlorophyll_A_001_phosphate_plate5.tif,1,864.000,864,864
9697,F8_01_1_2_Chlorophyll_A_001_phosphate_plate5.tif,1,944.000,944,944
9698,F8_01_1_2_Chlorophyll_A_001_phosphate_plate5.tif,3,848.000,784,912
9699,F8_01_1_2_Chlorophyll_A_001_phosphate_plate5.tif,15,832.000,768,976
9700,F8_01_1_2_Chlorophyll_A_001_phosphate_plate5.tif,15,867.200,768,1152
9701,F8_01_1_2_Chlorophyll_A_001_phosphate_plate5.tif,5,825.600,768,912
9702,F8_01_1_2_Chlorophyll_A_001_phosphate_plate5.tif,1,784.000,784,784
9703,F8_01_1_2_Chlorophyll_A_001_phosphate_plate5.tif,1,768.000,768,768
9704,F8_01_1_2_Chlorophyll_A_001_phosphate_plate5.tif,1,992.000,992,992
9705,F8_01_1_2_Chlorophyll_A_001_phosphate_plate5.tif,1,784.000,784,784
9706,F8_01_1_2_Chlorophyll_A_001_phosphate_plate5.tif,2,832.000,816,848
9707,F8_01_1_2_Chlorophyll_A_001_phosphate_plate5.tif,3,896.000,800,1008
9708,F8_01_1_2_Chlorophyll_A_001_phosphate_plate5.tif,1,800.000,800,800
9709,F8_01_1_2_Chlorophyll_A_001_phosphate_plate5.tif,1,912.000,912,912
9710,F8_01_1_2_Chlorophyll_A_001_phosphate_plate5.tif,1,784.000,784,784
9711,F8_01_1_2_Chlorophyll_A_001_phosphate_plate5.tif,1,800.000,800,800
9712,F8_01_1_2_Chlorophyll_A_001_phosphate_plate5.tif,3,778.667,768,784
9713,F8_01_1_2_Chlorophyll_A_001_phosphate_plate5.tif,1,912.000,912,912
9714,F8_01_1_2_Chlorophyll_A_001_phosphate_plate5.tif,4,844.000,768,1040
9715,F8_01_1_2_Chlorophyll_A_001_phosphate_plate5.tif,1,768.000,768,768
9716,F8_01_1_2_Chlorophyll_A_001_phosphate_plate5.tif,1,768.000,768,768
9717,F8_01_1_2_Chlorophyll_A_001_phosphate_plate5.tif,1,832.000,832,832
9718,F8_01_1_2_Chlorophyll_A_001_phosphate_plate5.tif,1,848.000,848,848
9719,F8_01_1_2_Chlorophyll_A_001_phosphate_plate5.tif,136,2479.412,768,14800
9720,F8_01_1_2_Chlorophyll_A_001_phosphate_plate5.tif,3,800.000,768,816
9721,F8_01_1_2_Chlorophyll_A_001_phosphate_plate5.tif,1,864.000,864,864
9722,F8_01_1_2_Chlorophyll_A_001_phosphate_plate5.tif,1,896.000,896,896
9723,F8_01_1_2_Chlorophyll_A_001_phosphate_plate5.tif,1,768.000,768,768
9724,F8_01_1_2_Chlorophyll_A_001_phosphate_plate5.tif,1,816.000,816,816
9725,F8_01_1_2_Chlorophyll_A_001_phosphate_plate5.tif,1,912.000,912,912
9726,F8_01_1_2_Chlorophyll_A_001_phosphate_plate5.tif,1,768.000,768,768
9727,F8_01_1_2_Chlorophyll_A_001_phosphate_plate5.tif,1,816.000,816,816
9728,F8_01_1_2_Chlorophyll_A_001_phosphate_plate5.tif,1,848.000,848,848
9729,F8_01_1_2_Chlorophyll_A_001_phosphate_plate5.tif,1,800.000,800,800
9730,F8_01_1_2_Chlorophyll_A_001_phosphate_plate5.tif,1,880.000,880,880
9731,F8_01_1_2_Chlorophyll_A_001_phosphate_plate5.tif,1,816.000,816,816
9732,F8_01_1_2_Chlorophyll_A_001_phosphate_plate5.tif,1,800.000,800,800
9733,F8_01_1_2_Chlorophyll_A_001_phosphate_plate5.tif,1,768.000,768,768
9734,F8_01_1_2_Chlorophyll_A_001_phosphate_plate5.tif,1,848.000,848,848
9735,F8_01_1_2_Chlorophyll_A_001_phosphate_plate5.tif,1,768.000,768,768
9736,F8_01_1_2_Chlorophyll_A_001_phosphate_plate5.tif,2,936.000,816,1056
9737,F8_01_1_2_Chlorophyll_A_001_phosphate_plate5.tif,1,864.000,864,864
9738,F8_01_1_2_Chlorophyll_A_001_phosphate_plate5.tif,27,891.259,768,1200
9739,F8_01_1_2_Chlorophyll_A_001_phosphate_plate5.tif,13,820.923,768,976
9740,F8_01_1_2_Chlorophyll_A_001_phosphate_plate5.tif,4,804.000,768,848
9741,F8_01_1_2_Chlorophyll_A_001_phosphate_plate5.tif,2,848.000,784,912
9742,F8_01_1_2_Chlorophyll_A_001_phosphate_plate5.tif,1,848.000,848,848
9743,F8_01_1_2_Chlorophyll_A_001_phosphate_plate5.tif,1,816.000,816,816
9744,F8_01_1_2_Chlorophyll_A_001_phosphate_plate5.tif,2,896.000,768,1024
9745,F8_01_1_2_Chlorophyll_A_001_phosphate_plate5.tif,1,768.000,768,768
9746,F8_01_1_2_Chlorophyll_A_001_phosphate_plate5.tif,1,800.000,800,800
9747,F8_01_1_2_Chlorophyll_A_001_phosphate_plate5.tif,1,896.000,896,896
9748,F8_01_1_2_Chlorophyll_A_001_phosphate_plate5.tif,2,912.000,816,1008
9749,F8_01_1_2_Chlorophyll_A_001_phosphate_plate5.tif,2,936.000,816,1056
9750,F8_01_1_2_Chlorophyll_A_001_phosphate_plate5.tif,1,832.000,832,832
9751,F8_01_1_2_Chlorophyll_A_001_phosphate_plate5.tif,1,768.000,768,768
9752,F8_01_1_2_Chlorophyll_A_001_phosphate_plate5.tif,1,784.000,784,784
9753,F8_01_1_2_Chlorophyll_A_001_phosphate_plate5.tif,4,804.000,768,864
9754,F8_01_1_2_Chlorophyll_A_001_phosphate_plate5.tif,3,832.000,768,960
9755,F8_01_1_2_Chlorophyll_A_001_phosphate_plate5.tif,1,800.000,800,800
9756,F8_01_1_2_Chlorophyll_A_001_phosphate_plate5.tif,3,821.333,768,912
9757,F8_01_1_2_Chlorophyll_A_001_phosphate_plate5.tif,2,800.000,768,832
9758,F8_01_1_2_Chlorophyll_A_001_phosphate_plate5.tif,1,960.000,960,960
9759,F8_01_1_2_Chlorophyll_A_001_phosphate_plate5.tif,1,816.000,816,816
9760,F8_01_1_2_Chlorophyll_A_001_phosphate_plate5.tif,1,848.000,848,848
9761,F8_01_1_2_Chlorophyll_A_001_phosphate_plate5.tif,1,816.000,816,816
9762,F8_01_1_2_Chlorophyll_A_001_phosphate_plate5.tif,1,768.000,768,768
9763,F8_01_1_2_Chlorophyll_A_001_phosphate_plate5.tif,1,800.000,800,800
9764,F8_01_1_2_Chlorophyll_A_001_phosphate_plate5.tif,1,816.000,816,816
9765,F8_01_1_2_Chlorophyll_A_001_phosphate_plate5.tif,1,816.000,816,816
9766,F8_01_1_2_Chlorophyll_A_001_phosphate_plate5.tif,1,800.000,800,800
9767,F8_01_1_2_Chlorophyll_A_001_phosphate_plate5.tif,1,768.000,768,768
9768,F8_01_1_2_Chlorophyll_A_001_phosphate_plate5.tif,1,816.000,816,816
9769,F8_01_1_2_Chlorophyll_A_001_phosphate_plate5.tif,1,848.000,848,848
9770,F8_01_1_2_Chlorophyll_A_001_phosphate_plate5.tif,1,992.000,992,992
9771,F8_01_1_2_Chlorophyll_A_001_phosphate_plate5.tif,1,784.000,784,784
9772,F8_01_1_2_Chlorophyll_A_001_phosphate_plate5.tif,1,864.000,864,864
9773,F8_01_1_2_Chlorophyll_A_001_phosphate_plate5.tif,1,800.000,800,800
9774,F8_01_1_2_Chlorophyll_A_001_phosphate_plate5.tif,4,784.000,768,800
9775,F8_01_1_2_Chlorophyll_A_001_phosphate_plate5.tif,1,896.000,896,896
9776,F8_01_1_2_Chlorophyll_A_001_phosphate_plate5.tif,1,816.000,816,816
9777,F8_01_1_2_Chlorophyll_A_001_phosphate_plate5.tif,1,896.000,896,896
9778,F8_01_1_2_Chlorophyll_A_001_phosphate_plate5.tif,1,848.000,848,848
9779,F8_01_1_2_Chlorophyll_A_001_phosphate_plate5.tif,1,784.000,784,784
9780,F8_01_1_2_Chlorophyll_A_001_phosphate_plate5.tif,1,960.000,960,960
9781,F8_01_1_2_Chlorophyll_A_001_phosphate_plate5.tif,3,810.667,800,832
9782,F8_01_1_2_Chlorophyll_A_001_phosphate_plate5.tif,1,768.000,768,768
9783,F8_01_1_2_Chlorophyll_A_001_phosphate_plate5.tif,4,836.000,784,944
9784,F8_01_1_2_Chlorophyll_A_001_phosphate_plate5.tif,26,884.923,768,1104
9785,F8_01_1_2_Chlorophyll_A_001_phosphate_plate5.tif,21,859.429,768,1024
9786,F8_01_1_2_Chlorophyll_A_001_phosphate_plate5.tif,2,968.000,784,1152
9787,F8_01_1_2_Chlorophyll_A_001_phosphate_plate5.tif,96,864.833,768,1088
9788,F8_01_1_2_Chlorophyll_A_001_phosphate_plate5.tif,24,890.000,768,1168
9789,F8_01_1_2_Chlorophyll_A_001_phosphate_plate5.tif,21,844.952,768,1024
9790,F8_01_1_2_Chlorophyll_A_001_phosphate_plate5.tif,8,858.000,768,1008
9791,F8_01_1_2_Chlorophyll_A_001_phosphate_plate5.tif,2,920.000,864,976
9792,F8_01_1_2_Chlorophyll_A_001_phosphate_plate5.tif,1,864.000,864,864
9793,F8_01_1_2_Chlorophyll_A_001_phosphate_plate5.tif,17,843.294,768,960
9794,F8_01_1_2_Chlorophyll_A_001_phosphate_plate5.tif,2,840.000,768,912
9795,F8_01_1_2_Chlorophyll_A_001_phosphate_plate5.tif,1,768.000,768,768
9796,F8_01_1_2_Chlorophyll_A_001_phosphate_plate5.tif,1,864.000,864,864
9797,F8_01_1_2_Chlorophyll_A_001_phosphate_plate5.tif,1,800.000,800,800
9798,F8_01_1_2_Chlorophyll_A_001_phosphate_plate5.tif,2,888.000,768,1008
9799,F8_01_1_2_Chlorophyll_A_001_phosphate_plate5.tif,2,976.000,928,1024
9800,F8_01_1_2_Chlorophyll_A_001_phosphate_plate5.tif,3,784.000,768,800
9801,F8_01_1_2_Chlorophyll_A_001_phosphate_plate5.tif,2,880.000,864,896
9802,F8_01_1_2_Chlorophyll_A_001_phosphate_plate5.tif,1,784.000,784,784
9803,F8_01_1_2_Chlorophyll_A_001_phosphate_plate5.tif,2,936.000,848,1024
9804,F8_01_1_2_Chlorophyll_A_001_phosphate_plate5.tif,1,800.000,800,800
9805,F8_01_1_2_Chlorophyll_A_001_phosphate_plate5.tif,2,856.000,800,912
9806,F8_01_1_2_Chlorophyll_A_001_phosphate_plate5.tif,2,888.000,832,944
9807,F8_01_1_2_Chlorophyll_A_001_phosphate_plate5.tif,1,768.000,768,768
9808,F8_01_1_2_Chlorophyll_A_001_phosphate_plate5.tif,1,880.000,880,880
9809,F8_01_1_2_Chlorophyll_A_001_phosphate_plate5.tif,1,800.000,800,800
9810,F8_01_1_2_Chlorophyll_A_001_phosphate_plate5.tif,2,784.000,768,800
9811,F8_01_1_2_Chlorophyll_A_001_phosphate_plate5.tif,1,896.000,896,896
9812,F8_01_1_2_Chlorophyll_A_001_phosphate_plate5.tif,1,768.000,768,768
9813,F8_01_1_2_Chlorophyll_A_001_phosphate_plate5.tif,1,768.000,768,768
9814,F8_01_1_2_Chlorophyll_A_001_phosphate_plate5.tif,1,768.000,768,768
9815,F8_01_1_2_Chlorophyll_A_001_phosphate_plate5.tif,2,824.000,816,832
9816,F8_01_1_2_Chlorophyll_A_001_phosphate_plate5.tif,1,816.000,816,816
9817,F8_01_1_2_Chlorophyll_A_001_phosphate_plate5.tif,1,800.000,800,800
9818,F8_01_1_2_Chlorophyll_A_001_phosphate_plate5.tif,1,992.000,992,992
9819,F8_01_1_2_Chlorophyll_A_001_phosphate_plate5.tif,1,784.000,784,784
9820,F8_01_1_2_Chlorophyll_A_001_phosphate_plate5.tif,3,816.000,784,864
9821,F8_01_1_2_Chlorophyll_A_001_phosphate_plate5.tif,6,837.333,768,992
9822,F8_01_1_2_Chlorophyll_A_001_phosphate_plate5.tif,1,832.000,832,832
9823,F8_01_1_2_Chlorophyll_A_001_phosphate_plate5.tif,1,800.000,800,800
9824,F8_01_1_2_Chlorophyll_A_001_phosphate_plate5.tif,1,816.000,816,816
9825,F8_01_1_2_Chlorophyll_A_001_phosphate_plate5.tif,1,784.000,784,784
9826,F8_01_1_2_Chlorophyll_A_001_phosphate_plate5.tif,1,768.000,768,768
9827,F8_01_1_2_Chlorophyll_A_001_phosphate_plate5.tif,4,824.000,768,896
9828,F8_01_1_2_Chlorophyll_A_001_phosphate_plate5.tif,1,864.000,864,864
9829,F8_01_1_2_Chlorophyll_A_001_phosphate_plate5.tif,1,832.000,832,832
9830,F8_01_1_2_Chlorophyll_A_001_phosphate_plate5.tif,1,768.000,768,768
9831,F8_01_1_2_Chlorophyll_A_001_phosphate_plate5.tif,2,824.000,800,848
9832,F8_01_1_2_Chlorophyll_A_001_phosphate_plate5.tif,1,864.000,864,864
9833,F8_01_1_2_Chlorophyll_A_001_phosphate_plate5.tif,1,848.000,848,848
9834,F8_01_1_2_Chlorophyll_A_001_phosphate_plate5.tif,1,896.000,896,896
9835,F8_01_1_2_Chlorophyll_A_001_phosphate_plate5.tif,1,816.000,816,816
9836,F8_01_1_2_Chlorophyll_A_001_phosphate_plate5.tif,2,784.000,784,784
9837,F8_01_1_2_Chlorophyll_A_001_phosphate_plate5.tif,2,816.000,768,864
9838,F8_01_1_2_Chlorophyll_A_001_phosphate_plate5.tif,1,880.000,880,880
9839,F8_01_1_2_Chlorophyll_A_001_phosphate_plate5.tif,1,896.000,896,896
9840,F8_01_1_2_Chlorophyll_A_001_phosphate_plate5.tif,1,1008.000,1008,1008
9841,F8_01_1_2_Chlorophyll_A_001_phosphate_plate5.tif,7,834.286,768,928
9842,F8_01_1_2_Chlorophyll_A_001_phosphate_plate5.tif,43,871.070,768,1072
9843,F8_01_1_2_Chlorophyll_A_001_phosphate_plate5.tif,43,861.767,768,1104
9844,F8_01_1_2_Chlorophyll_A_001_phosphate_plate5.tif,12,877.333,768,1120
9845,F8_01_1_2_Chlorophyll_A_001_phosphate_plate5.tif,64,904.000,768,1120
9846,F8_01_1_2_Chlorophyll_A_001_phosphate_plate5.tif,50,899.200,768,1104
9847,F8_01_1_2_Chlorophyll_A_001_phosphate_plate5.tif,1,880.000,880,880
9848,F8_01_1_2_Chlorophyll_A_001_phosphate_plate5.tif,3,869.333,768,928
9849,F8_01_1_2_Chlorophyll_A_001_phosphate_plate5.tif,1,832.000,832,832
9850,F8_01_1_2_Chlorophyll_A_001_phosphate_plate5.tif,3,810.667,768,880
9851,F8_01_1_2_Chlorophyll_A_001_phosphate_plate5.tif,3,885.333,768,992
9852,F8_01_1_2_Chlorophyll_A_001_phosphate_plate5.tif,14,833.143,768,976
9853,F8_01_1_2_Chlorophyll_A_001_phosphate_plate5.tif,13,839.385,768,960
9854,F8_01_1_2_Chlorophyll_A_001_phosphate_plate5.tif,1,816.000,816,816
9855,F8_01_1_2_Chlorophyll_A_001_phosphate_plate5.tif,1,768.000,768,768
9856,F8_01_1_2_Chlorophyll_A_001_phosphate_plate5.tif,1,880.000,880,880
9857,F8_01_1_2_Chlorophyll_A_001_phosphate_plate5.tif,1,864.000,864,864
9858,F8_01_1_2_Chlorophyll_A_001_phosphate_plate5.tif,2,936.000,928,944
9859,F8_01_1_2_Chlorophyll_A_001_phosphate_plate5.tif,3,794.667,784,800
9860,F8_01_1_2_Chlorophyll_A_001_phosphate_plate5.tif,1,768.000,768,768
9861,F8_01_1_2_Chlorophyll_A_001_phosphate_plate5.tif,1,864.000,864,864
9862,F8_01_1_2_Chlorophyll_A_001_phosphate_plate5.tif,1,896.000,896,896
9863,F8_01_1_2_Chlorophyll_A_001_phosphate_plate5.tif,1,832.000,832,832
9864,F8_01_1_2_Chlorophyll_A_001_phosphate_plate5.tif,1,800.000,800,800
9865,F8_01_1_2_Chlorophyll_A_001_phosphate_plate5.tif,1,816.000,816,816
9866,F8_01_1_2_Chlorophyll_A_001_phosphate_plate5.tif,3,784.000,768,800
9867,F8_01_1_2_Chlorophyll_A_001_phosphate_plate5.tif,1,832.000,832,832
9868,F8_01_1_2_Chlorophyll_A_001_phosphate_plate5.tif,1,816.000,816,816
9869,F8_01_1_2_Chlorophyll_A_001_phosphate_plate5.tif,2,776.000,768,784
9870,F8_01_1_2_Chlorophyll_A_001_phosphate_plate5.tif,1,800.000,800,800
9871,F8_01_1_2_Chlorophyll_A_001_phosphate_plate5.tif,2,776.000,768,784
9872,F8_01_1_2_Chlorophyll_A_001_phosphate_plate5.tif,3,778.667,768,784
9873,F8_01_1_2_Chlorophyll_A_001_phosphate_plate5.tif,1,768.000,768,768
9874,F8_01_1_2_Chlorophyll_A_001_phosphate_plate5.tif,1,768.000,768,768
9875,F8_01_1_2_Chlorophyll_A_001_phosphate_plate5.tif,1,832.000,832,832
9876,F8_01_1_2_Chlorophyll_A_001_phosphate_plate5.tif,1,848.000,848,848
9877,F8_01_1_2_Chlorophyll_A_001_phosphate_plate5.tif,3,784.000,768,800
9878,F8_01_1_2_Chlorophyll_A_001_phosphate_plate5.tif,2,816.000,816,816
9879,F8_01_1_2_Chlorophyll_A_001_phosphate_plate5.tif,3,832.000,768,880
9880,F8_01_1_2_Chlorophyll_A_001_phosphate_plate5.tif,2,936.000,896,976
9881,F8_01_1_2_Chlorophyll_A_001_phosphate_plate5.tif,2,824.000,784,864
9882,F8_01_1_2_Chlorophyll_A_001_phosphate_plate5.tif,1,848.000,848,848
9883,F8_01_1_2_Chlorophyll_A_001_phosphate_plate5.tif,1,832.000,832,832
9884,F8_01_1_2_Chlorophyll_A_001_phosphate_plate5.tif,1,816.000,816,816
9885,F8_01_1_2_Chlorophyll_A_001_phosphate_plate5.tif,12,817.333,768,928
9886,F8_01_1_2_Chlorophyll_A_001_phosphate_plate5.tif,2,856.000,768,944
9887,F8_01_1_2_Chlorophyll_A_001_phosphate_plate5.tif,2,800.000,800,800
9888,F8_01_1_2_Chlorophyll_A_001_phosphate_plate5.tif,1,816.000,816,816
9889,F8_01_1_2_Chlorophyll_A_001_phosphate_plate5.tif,1,816.000,816,816
9890,F8_01_1_2_Chlorophyll_A_001_phosphate_plate5.tif,43,883.721,768,1072
9891,F8_01_1_2_Chlorophyll_A_001_phosphate_plate5.tif,15,928.000,784,1168
9892,F8_01_1_2_Chlorophyll_A_001_phosphate_plate5.tif,88,888.727,768,1152
9893,F8_01_1_2_Chlorophyll_A_001_phosphate_plate5.tif,2,776.000,768,784
9894,F8_01_1_2_Chlorophyll_A_001_phosphate_plate5.tif,1,880.000,880,880
9895,F8_01_1_2_Chlorophyll_A_001_phosphate_plate5.tif,3,821.333,816,832
9896,F8_01_1_2_Chlorophyll_A_001_phosphate_plate5.tif,311,1632.772,768,18992
9897,F8_01_1_2_Chlorophyll_A_001_phosphate_plate5.tif,1,816.000,816,816
9898,F8_01_1_2_Chlorophyll_A_001_phosphate_plate5.tif,1,800.000,800,800
9899,F8_01_1_2_Chlorophyll_A_001_phosphate_plate5.tif,2,856.000,800,912
9900,F8_01_1_2_Chlorophyll_A_001_phosphate_plate5.tif,4,816.000,784,848
9901,F8_01_1_2_Chlorophyll_A_001_phosphate_plate5.tif,3,821.333,800,864
9902,F8_01_1_2_Chlorophyll_A_001_phosphate_plate5.tif,2,816.000,768,864
9903,F8_01_1_2_Chlorophyll_A_001_phosphate_plate5.tif,3,901.333,864,976
9904,F8_01_1_2_Chlorophyll_A_001_phosphate_plate5.tif,1,784.000,784,784
9905,F8_01_1_2_Chlorophyll_A_001_phosphate_plate5.tif,9,871.111,768,960
9906,F8_01_1_2_Chlorophyll_A_001_phosphate_plate5.tif,1,816.000,816,816
9907,F8_01_1_2_Chlorophyll_A_001_phosphate_plate5.tif,6,832.000,768,896
9908,F8_01_1_2_Chlorophyll_A_001_phosphate_plate5.tif,12,840.000,768,912
9909,F8_01_1_2_Chlorophyll_A_001_phosphate_plate5.tif,1,800.000,800,800
9910,F8_01_1_2_Chlorophyll_A_001_phosphate_plate5.tif,1,880.000,880,880
9911,F8_01_1_2_Chlorophyll_A_001_phosphate_plate5.tif,1,784.000,784,784
9912,F8_01_1_2_Chlorophyll_A_001_phosphate_plate5.tif,1,784.000,784,784
9913,F8_01_1_2_Chlorophyll_A_001_phosphate_plate5.tif,3,944.000,816,1024
9914,F8_01_1_2_Chlorophyll_A_001_phosphate_plate5.tif,1,784.000,784,784
9915,F8_01_1_2_Chlorophyll_A_001_phosphate_plate5.tif,3,816.000,784,864
9916,F8_01_1_2_Chlorophyll_A_001_phosphate_plate5.tif,1,944.000,944,944
9917,F8_01_1_2_Chlorophyll_A_001_phosphate_plate5.tif,1,800.000,800,800
9918,F8_01_1_2_Chlorophyll_A_001_phosphate_plate5.tif,1,784.000,784,784
9919,F8_01_1_2_Chlorophyll_A_001_phosphate_plate5.tif,1,800.000,800,800
9920,F8_01_1_2_Chlorophyll_A_001_phosphate_plate5.tif,2,792.000,768,816
9921,F8_01_1_2_Chlorophyll_A_001_phosphate_plate5.tif,1,800.000,800,800
9922,F8_01_1_2_Chlorophyll_A_001_phosphate_plate5.tif,1,944.000,944,944
9923,F8_01_1_2_Chlorophyll_A_001_phosphate_plate5.tif,2,808.000,784,832
9924,F8_01_1_2_Chlorophyll_A_001_phosphate_plate5.tif,2,776.000,768,784
9925,F8_01_1_2_Chlorophyll_A_001_phosphate_plate5.tif,2,800.000,800,800
9926,F8_01_1_2_Chlorophyll_A_001_phosphate_plate5.tif,3,821.333,768,880
9927,F8_01_1_2_Chlorophyll_A_001_phosphate_plate5.tif,1,768.000,768,768
9928,F8_01_1_2_Chlorophyll_A_001_phosphate_plate5.tif,3,880.000,816,976
9929,F8_01_1_2_Chlorophyll_A_001_phosphate_plate5.tif,2,776.000,768,784
9930,F8_01_1_2_Chlorophyll_A_001_phosphate_plate5.tif,2,832.000,800,864
9931,F8_01_1_2_Chlorophyll_A_001_phosphate_plate5.tif,1,816.000,816,816
9932,F8_01_1_2_Chlorophyll_A_001_phosphate_plate5.tif,1,832.000,832,832
9933,F8_01_1_2_Chlorophyll_A_001_phosphate_plate5.tif,2,880.000,864,896
9934,F8_01_1_2_Chlorophyll_A_001_phosphate_plate5.tif,2,840.000,800,880
9935,F8_01_1_2_Chlorophyll_A_001_phosphate_plate5.tif,1,832.000,832,832
9936,F8_01_1_2_Chlorophyll_A_001_phosphate_plate5.tif,2,776.000,768,784
9937,F8_01_1_2_Chlorophyll_A_001_phosphate_plate5.tif,1,800.000,800,800
9938,F8_01_1_2_Chlorophyll_A_001_phosphate_plate5.tif,1,768.000,768,768
9939,F8_01_1_2_Chlorophyll_A_001_phosphate_plate5.tif,6,837.333,784,880
9940,F8_01_1_2_Chlorophyll_A_001_phosphate_plate5.tif,161,3899.528,768,23824
9941,F8_01_1_2_Chlorophyll_A_001_phosphate_plate5.tif,1,800.000,800,800
9942,F8_01_1_2_Chlorophyll_A_001_phosphate_plate5.tif,1,784.000,784,784
9943,F8_01_1_2_Chlorophyll_A_001_phosphate_plate5.tif,2,808.000,800,816
9944,F8_01_1_2_Chlorophyll_A_001_phosphate_plate5.tif,1,784.000,784,784
9945,F8_01_1_2_Chlorophyll_A_001_phosphate_plate5.tif,1,944.000,944,944
9946,F8_01_1_2_Chlorophyll_A_001_phosphate_plate5.tif,1,800.000,800,800
9947,F8_01_1_2_Chlorophyll_A_001_phosphate_plate5.tif,6,850.667,784,960
9948,F8_01_1_2_Chlorophyll_A_001_phosphate_plate5.tif,3,800.000,768,864
9949,F8_01_1_2_Chlorophyll_A_001_phosphate_plate5.tif,1,896.000,896,896
9950,F8_01_1_2_Chlorophyll_A_001_phosphate_plate5.tif,1,896.000,896,896
9951,F8_01_1_2_Chlorophyll_A_001_phosphate_plate5.tif,15,818.133,768,912
9952,F8_01_1_2_Chlorophyll_A_001_phosphate_plate5.tif,1,976.000,976,976
9953,F8_01_1_2_Chlorophyll_A_001_phosphate_plate5.tif,69,857.971,768,1040
9954,F8_01_1_2_Chlorophyll_A_001_phosphate_plate5.tif,15,866.133,768,992
9955,F8_01_1_2_Chlorophyll_A_001_phosphate_plate5.tif,20,888.800,768,1136
9956,F8_01_1_2_Chlorophyll_A_001_phosphate_plate5.tif,1,960.000,960,960
9957,F8_01_1_2_Chlorophyll_A_001_phosphate_plate5.tif,3,896.000,768,1024
9958,F8_01_1_2_Chlorophyll_A_001_phosphate_plate5.tif,1,864.000,864,864
9959,F8_01_1_2_Chlorophyll_A_001_phosphate_plate5.tif,1,912.000,912,912
9960,F8_01_1_2_Chlorophyll_A_001_phosphate_plate5.tif,3,864.000,784,960
9961,F8_01_1_2_Chlorophyll_A_001_phosphate_plate5.tif,3,832.000,800,864
9962,F8_01_1_2_Chlorophyll_A_001_phosphate_plate5.tif,1,880.000,880,880
9963,F8_01_1_2_Chlorophyll_A_001_phosphate_plate5.tif,2,888.000,816,960
9964,F8_01_1_2_Chlorophyll_A_001_phosphate_plate5.tif,40,830.400,768,944
9965,F8_01_1_2_Chlorophyll_A_001_phosphate_plate5.tif,1,800.000,800,800
9966,F8_01_1_2_Chlorophyll_A_001_phosphate_plate5.tif,7,870.857,784,960
9967,F8_01_1_2_Chlorophyll_A_001_phosphate_plate5.tif,1,944.000,944,944
9968,F8_01_1_2_Chlorophyll_A_001_phosphate_plate5.tif,5,851.200,768,912
9969,F8_01_1_2_Chlorophyll_A_001_phosphate_plate5.tif,1,880.000,880,880
9970,F8_01_1_2_Chlorophyll_A_001_phosphate_plate5.tif,1,784.000,784,784
9971,F8_01_1_2_Chlorophyll_A_001_phosphate_plate5.tif,3,837.333,784,944
9972,F8_01_1_2_Chlorophyll_A_001_phosphate_plate5.tif,1,960.000,960,960
9973,F8_01_1_2_Chlorophyll_A_001_phosphate_plate5.tif,1,768.000,768,768
9974,F8_01_1_2_Chlorophyll_A_001_phosphate_plate5.tif,6,869.333,784,992
9975,F8_01_1_2_Chlorophyll_A_001_phosphate_plate5.tif,7,848.000,768,960
9976,F8_01_1_2_Chlorophyll_A_001_phosphate_plate5.tif,2,832.000,784,880
9977,F8_01_1_2_Chlorophyll_A_001_phosphate_plate5.tif,1,848.000,848,848
9978,F8_01_1_2_Chlorophyll_A_001_phosphate_plate5.tif,1,912.000,912,912
9979,F8_01_1_2_Chlorophyll_A_001_phosphate_plate5.tif,1,768.000,768,768
9980,F8_01_1_2_Chlorophyll_A_001_phosphate_plate5.tif,2,784.000,768,800
9981,F8_01_1_2_Chlorophyll_A_001_phosphate_plate5.tif,2,808.000,768,848
9982,F8_01_1_2_Chlorophyll_A_001_phosphate_plate5.tif,2,856.000,832,880
9983,F8_01_1_2_Chlorophyll_A_001_phosphate_plate5.tif,1,784.000,784,784
9984,F8_01_1_2_Chlorophyll_A_001_phosphate_plate5.tif,1,880.000,880,880
9985,F8_01_1_2_Chlorophyll_A_001_phosphate_plate5.tif,1,784.000,784,784
9986,F8_01_1_2_Chlorophyll_A_001_phosphate_plate5.tif,1,848.000,848,848
9987,F8_01_1_2_Chlorophyll_A_001_phosphate_plate5.tif,2,816.000,800,832
9988,F8_01_1_2_Chlorophyll_A_001_phosphate_plate5.tif,1,944.000,944,944
9989,F8_01_1_2_Chlorophyll_A_001_phosphate_plate5.tif,1,960.000,960,960
9990,F8_01_1_2_Chlorophyll_A_001_phosphate_plate5.tif,3,816.000,800,848
9991,F8_01_1_2_Chlorophyll_A_001_phosphate_plate5.tif,1,768.000,768,768
9992,F8_01_1_2_Chlorophyll_A_001_phosphate_plate5.tif,1,768.000,768,768
9993,F8_01_1_2_Chlorophyll_A_001_phosphate_plate5.tif,1,800.000,800,800
9994,F8_01_1_2_Chlorophyll_A_001_phosphate_plate5.tif,1,848.000,848,848
9995,F8_01_1_2_Chlorophyll_A_001_phosphate_plate5.tif,1,832.000,832,832
9996,F8_01_1_2_Chlorophyll_A_001_phosphate_plate5.tif,3,805.333,768,864
9997,F8_01_1_2_Chlorophyll_A_001_phosphate_plate5.tif,1,880.000,880,880
9998,F8_01_1_2_Chlorophyll_A_001_phosphate_plate5.tif,2,848.000,816,880
9999,F8_01_1_2_Chlorophyll_A_001_phosphate_plate5.tif,1,784.000,784,784
10000,F8_01_1_2_Chlorophyll_A_001_phosphate_plate5.tif,1,832.000,832,832
10001,F8_01_1_2_Chlorophyll_A_001_phosphate_plate5.tif,1,880.000,880,880
10002,F8_01_1_2_Chlorophyll_A_001_phosphate_plate5.tif,2,816.000,784,848
10003,F8_01_1_2_Chlorophyll_A_001_phosphate_plate5.tif,2,800.000,768,832
10004,F8_01_1_2_Chlorophyll_A_001_phosphate_plate5.tif,2,928.000,912,944
10005,F8_01_1_2_Chlorophyll_A_001_phosphate_plate5.tif,1,768.000,768,768
10006,F8_01_1_2_Chlorophyll_A_001_phosphate_plate5.tif,1,912.000,912,912
10007,F8_01_1_2_Chlorophyll_A_001_phosphate_plate5.tif,3,789.333,784,800
10008,F8_01_1_2_Chlorophyll_A_001_phosphate_plate5.tif,1,816.000,816,816
10009,F8_01_1_2_Chlorophyll_A_001_phosphate_plate5.tif,1,768.000,768,768
10010,F8_01_1_2_Chlorophyll_A_001_phosphate_plate5.tif,1,848.000,848,848
10011,F8_01_1_2_Chlorophyll_A_001_phosphate_plate5.tif,1,848.000,848,848
10012,F8_01_1_2_Chlorophyll_A_001_phosphate_plate5.tif,4,816.000,768,880
10013,F8_01_1_2_Chlorophyll_A_001_phosphate_plate5.tif,2,832.000,800,864
10014,F8_01_1_2_Chlorophyll_A_001_phosphate_plate5.tif,3,826.667,800,848
10015,F8_01_1_2_Chlorophyll_A_001_phosphate_plate5.tif,1,768.000,768,768
10016,F8_01_1_2_Chlorophyll_A_001_phosphate_plate5.tif,1,864.000,864,864
10017,F8_01_1_2_Chlorophyll_A_001_phosphate_plate5.tif,1,848.000,848,848
10018,F8_01_1_2_Chlorophyll_A_001_phosphate_plate5.tif,62,865.032,768,1136
10019,F8_01_1_2_Chlorophyll_A_001_phosphate_plate5.tif,1,864.000,864,864
10020,F8_01_1_2_Chlorophyll_A_001_phosphate_plate5.tif,2,896.000,800,992
10021,F8_01_1_2_Chlorophyll_A_001_phosphate_plate5.tif,303,2123.987,768,16256
10022,F8_01_1_2_Chlorophyll_A_001_phosphate_plate5.tif,1,768.000,768,768
10023,F8_01_1_2_Chlorophyll_A_001_phosphate_plate5.tif,6,861.333,800,960
10024,F8_01_1_2_Chlorophyll_A_001_phosphate_plate5.tif,19,859.789,768,1312
10025,F8_01_1_2_Chlorophyll_A_001_phosphate_plate5.tif,1,880.000,880,880
10026,F8_01_1_2_Chlorophyll_A_001_phosphate_plate5.tif,3,848.000,768,928
10027,F8_01_1_2_Chlorophyll_A_001_phosphate_plate5.tif,1,816.000,816,816
10028,F8_01_1_2_Chlorophyll_A_001_phosphate_plate5.tif,2,776.000,768,784
10029,F8_01_1_2_Chlorophyll_A_001_phosphate_plate5.tif,2,880.000,816,944
10030,F8_01_1_2_Chlorophyll_A_001_phosphate_plate5.tif,3,773.333,768,784
10031,F8_01_1_2_Chlorophyll_A_001_phosphate_plate5.tif,1,800.000,800,800
10032,F8_01_1_2_Chlorophyll_A_001_phosphate_plate5.tif,2,808.000,768,848
10033,F8_01_1_2_Chlorophyll_A_001_phosphate_plate5.tif,2,880.000,816,944
10034,F8_01_1_2_Chlorophyll_A_001_phosphate_plate5.tif,4,824.000,784,912
10035,F8_01_1_2_Chlorophyll_A_001_phosphate_plate5.tif,1,784.000,784,784
10036,F8_01_1_2_Chlorophyll_A_001_phosphate_plate5.tif,1,816.000,816,816
10037,F8_01_1_2_Chlorophyll_A_001_phosphate_plate5.tif,1,768.000,768,768
10038,F8_01_1_2_Chlorophyll_A_001_phosphate_plate5.tif,1,848.000,848,848
10039,F8_01_1_2_Chlorophyll_A_001_phosphate_plate5.tif,1,880.000,880,880
10040,F8_01_1_2_Chlorophyll_A_001_phosphate_plate5.tif,1,800.000,800,800
10041,F8_01_1_2_Chlorophyll_A_001_phosphate_plate5.tif,1,864.000,864,864
10042,F8_01_1_2_Chlorophyll_A_001_phosphate_plate5.tif,1,768.000,768,768
10043,F8_01_1_2_Chlorophyll_A_001_phosphate_plate5.tif,1,768.000,768,768
10044,F8_01_1_2_Chlorophyll_A_001_phosphate_plate5.tif,2,816.000,816,816
10045,F8_01_1_2_Chlorophyll_A_001_phosphate_plate5.tif,3,826.667,784,880
10046,F8_01_1_2_Chlorophyll_A_001_phosphate_plate5.tif,2,776.000,768,784
10047,F8_01_1_2_Chlorophyll_A_001_phosphate_plate5.tif,1,768.000,768,768
10048,F8_01_1_2_Chlorophyll_A_001_phosphate_plate5.tif,160,3250.100,768,20544
10049,F8_01_1_2_Chlorophyll_A_001_phosphate_plate5.tif,1,816.000,816,816
10050,F8_01_1_2_Chlorophyll_A_001_phosphate_plate5.tif,1,848.000,848,848
10051,F8_01_1_2_Chlorophyll_A_001_phosphate_plate5.tif,3,773.333,768,784
10052,F8_01_1_2_Chlorophyll_A_001_phosphate_plate5.tif,2,832.000,768,896
10053,F8_01_1_2_Chlorophyll_A_001_phosphate_plate5.tif,1,800.000,800,800
10054,F8_01_1_2_Chlorophyll_A_001_phosphate_plate5.tif,1,1024.000,1024,1024
10055,F8_01_1_2_Chlorophyll_A_001_phosphate_plate5.tif,2,808.000,784,832
10056,F8_01_1_2_Chlorophyll_A_001_phosphate_plate5.tif,2,944.000,928,960
10057,F8_01_1_2_Chlorophyll_A_001_phosphate_plate5.tif,2,856.000,784,928
10058,F8_01_1_2_Chlorophyll_A_001_phosphate_plate5.tif,23,843.130,768,1072
10059,F8_01_1_2_Chlorophyll_A_001_phosphate_plate5.tif,40,914.400,768,1296
10060,F8_01_1_2_Chlorophyll_A_001_phosphate_plate5.tif,51,875.922,768,1184
10061,F8_01_1_2_Chlorophyll_A_001_phosphate_plate5.tif,23,879.304,768,1120
10062,F8_01_1_2_Chlorophyll_A_001_phosphate_plate5.tif,30,904.533,768,1120
10063,F8_01_1_2_Chlorophyll_A_001_phosphate_plate5.tif,29,880.552,768,976
10064,F8_01_1_2_Chlorophyll_A_001_phosphate_plate5.tif,43,862.884,768,1056
10065,F8_01_1_2_Chlorophyll_A_001_phosphate_plate5.tif,66,873.455,768,1056
10066,F8_01_1_2_Chlorophyll_A_001_phosphate_plate5.tif,75,857.600,768,1152
10067,F8_01_1_2_Chlorophyll_A_001_phosphate_plate5.tif,2,960.000,816,1104
10068,F8_01_1_2_Chlorophyll_A_001_phosphate_plate5.tif,107,865.794,768,1104
10069,F8_01_1_2_Chlorophyll_A_001_phosphate_plate5.tif,2,800.000,768,832
10070,F8_01_1_2_Chlorophyll_A_001_phosphate_plate5.tif,14,830.857,768,928
10071,F8_01_1_2_Chlorophyll_A_001_phosphate_plate5.tif,2,936.000,864,1008
10072,F8_01_1_2_Chlorophyll_A_001_phosphate_plate5.tif,1,864.000,864,864
10073,F8_01_1_2_Chlorophyll_A_001_phosphate_plate5.tif,2,952.000,928,976
10074,F8_01_1_2_Chlorophyll_A_001_phosphate_plate5.tif,4,808.000,768,864
10075,F8_01_1_2_Chlorophyll_A_001_phosphate_plate5.tif,2,848.000,768,928
10076,F8_01_1_2_Chlorophyll_A_001_phosphate_plate5.tif,1,768.000,768,768
10077,F8_01_1_2_Chlorophyll_A_001_phosphate_plate5.tif,2,848.000,768,928
10078,F8_01_1_2_Chlorophyll_A_001_phosphate_plate5.tif,6,853.333,816,896
10079,F8_01_1_2_Chlorophyll_A_001_phosphate_plate5.tif,1,912.000,912,912
10080,F8_01_1_2_Chlorophyll_A_001_phosphate_plate5.tif,1,768.000,768,768
10081,F8_01_1_2_Chlorophyll_A_001_phosphate_plate5.tif,1,800.000,800,800
10082,F8_01_1_2_Chlorophyll_A_001_phosphate_plate5.tif,1,784.000,784,784
10083,F8_01_1_2_Chlorophyll_A_001_phosphate_plate5.tif,5,832.000,784,912
10084,F8_01_1_2_Chlorophyll_A_001_phosphate_plate5.tif,1,800.000,800,800
10085,F8_01_1_2_Chlorophyll_A_001_phosphate_plate5.tif,1,832.000,832,832
10086,F8_01_1_2_Chlorophyll_A_001_phosphate_plate5.tif,3,800.000,784,816
10087,F8_01_1_2_Chlorophyll_A_001_phosphate_plate5.tif,1,768.000,768,768
10088,F8_01_1_2_Chlorophyll_A_001_phosphate_plate5.tif,1,784.000,784,784
10089,F8_01_1_2_Chlorophyll_A_001_phosphate_plate5.tif,1,848.000,848,848
10090,F8_01_1_2_Chlorophyll_A_001_phosphate_plate5.tif,1,864.000,864,864
10091,F8_01_1_2_Chlorophyll_A_001_phosphate_plate5.tif,1,768.000,768,768
10092,F8_01_1_2_Chlorophyll_A_001_phosphate_plate5.tif,3,789.333,784,800
10093,F8_01_1_2_Chlorophyll_A_001_phosphate_plate5.tif,4,788.000,768,816
10094,F8_01_1_2_Chlorophyll_A_001_phosphate_plate5.tif,1,896.000,896,896
10095,F8_01_1_2_Chlorophyll_A_001_phosphate_plate5.tif,1,848.000,848,848
10096,F8_01_1_2_Chlorophyll_A_001_phosphate_plate5.tif,1,816.000,816,816
10097,F8_01_1_2_Chlorophyll_A_001_phosphate_plate5.tif,1,912.000,912,912
10098,F8_01_1_2_Chlorophyll_A_001_phosphate_plate5.tif,1,800.000,800,800
10099,F8_01_1_2_Chlorophyll_A_001_phosphate_plate5.tif,3,789.333,768,816
10100,F8_01_1_2_Chlorophyll_A_001_phosphate_plate5.tif,2,784.000,768,800
10101,F8_01_1_2_Chlorophyll_A_001_phosphate_plate5.tif,2,800.000,784,816
10102,F8_01_1_2_Chlorophyll_A_001_phosphate_plate5.tif,1,992.000,992,992
10103,F8_01_1_2_Chlorophyll_A_001_phosphate_plate5.tif,2,824.000,800,848
10104,F8_01_1_2_Chlorophyll_A_001_phosphate_plate5.tif,2,888.000,864,912
10105,F8_01_1_2_Chlorophyll_A_001_phosphate_plate5.tif,3,880.000,848,944
10106,F8_01_1_2_Chlorophyll_A_001_phosphate_plate5.tif,16,862.000,768,976
10107,F8_01_1_2_Chlorophyll_A_001_phosphate_plate5.tif,2,808.000,768,848
10108,F8_01_1_2_Chlorophyll_A_001_phosphate_plate5.tif,6,901.333,768,1040
10109,F8_01_1_2_Chlorophyll_A_001_phosphate_plate5.tif,2,808.000,784,832
10110,F8_01_1_2_Chlorophyll_A_001_phosphate_plate5.tif,1,944.000,944,944
10111,F8_01_1_2_Chlorophyll_A_001_phosphate_plate5.tif,1,784.000,784,784
10112,F8_01_1_2_Chlorophyll_A_001_phosphate_plate5.tif,3,826.667,800,864
10113,F8_01_1_2_Chlorophyll_A_001_phosphate_plate5.tif,4,864.000,784,960
10114,F8_01_1_2_Chlorophyll_A_001_phosphate_plate5.tif,1,816.000,816,816
10115,F8_01_1_2_Chlorophyll_A_001_phosphate_plate5.tif,1,800.000,800,800
10116,F8_01_1_2_Chlorophyll_A_001_phosphate_plate5.tif,1,800.000,800,800
10117,F8_01_1_2_Chlorophyll_A_001_phosphate_plate5.tif,1,832.000,832,832
10118,F8_01_1_2_Chlorophyll_A_001_phosphate_plate5.tif,3,853.333,816,880
10119,F8_01_1_2_Chlorophyll_A_001_phosphate_plate5.tif,1,864.000,864,864
10120,F8_01_1_2_Chlorophyll_A_001_phosphate_plate5.tif,1,880.000,880,880
10121,F8_01_1_2_Chlorophyll_A_001_phosphate_plate5.tif,1,768.000,768,768
10122,F8_01_1_2_Chlorophyll_A_001_phosphate_plate5.tif,3,837.333,784,880
10123,F8_01_1_2_Chlorophyll_A_001_phosphate_plate5.tif,1,896.000,896,896
10124,F8_01_1_2_Chlorophyll_A_001_phosphate_plate5.tif,1,784.000,784,784
10125,F8_01_1_2_Chlorophyll_A_001_phosphate_plate5.tif,4,840.000,768,944
10126,F8_01_1_2_Chlorophyll_A_001_phosphate_plate5.tif,1,816.000,816,816
10127,F8_01_1_2_Chlorophyll_A_001_phosphate_plate5.tif,1,784.000,784,784
10128,F8_01_1_2_Chlorophyll_A_001_phosphate_plate5.tif,66,902.545,768,1120
10129,F8_01_1_2_Chlorophyll_A_001_phosphate_plate5.tif,34,876.706,768,1104
10130,F8_01_1_2_Chlorophyll_A_001_phosphate_plate5.tif,118,871.864,768,1104
10131,F8_01_1_2_Chlorophyll_A_001_phosphate_plate5.tif,2,840.000,784,896
10132,F8_01_1_2_Chlorophyll_A_001_phosphate_plate5.tif,87,875.770,768,1200
10133,F8_01_1_2_Chlorophyll_A_001_phosphate_plate5.tif,2,792.000,768,816
10134,F8_01_1_2_Chlorophyll_A_001_phosphate_plate5.tif,1,848.000,848,848
10135,F8_01_1_2_Chlorophyll_A_001_phosphate_plate5.tif,1,912.000,912,912
10136,F8_01_1_2_Chlorophyll_A_001_phosphate_plate5.tif,1,848.000,848,848
10137,F8_01_1_2_Chlorophyll_A_001_phosphate_plate5.tif,2,864.000,784,944
10138,F8_01_1_2_Chlorophyll_A_001_phosphate_plate5.tif,1,800.000,800,800
10139,F8_01_1_2_Chlorophyll_A_001_phosphate_plate5.tif,4,820.000,800,864
10140,F8_01_1_2_Chlorophyll_A_001_phosphate_plate5.tif,8,884.000,768,944
10141,F8_01_1_2_Chlorophyll_A_001_phosphate_plate5.tif,3,853.333,800,960
10142,F8_01_1_2_Chlorophyll_A_001_phosphate_plate5.tif,2,880.000,864,896
10143,F8_01_1_2_Chlorophyll_A_001_phosphate_plate5.tif,1,768.000,768,768
10144,F8_01_1_2_Chlorophyll_A_001_phosphate_plate5.tif,10,846.400,768,976
10145,F8_01_1_2_Chlorophyll_A_001_phosphate_plate5.tif,1,848.000,848,848
10146,F8_01_1_2_Chlorophyll_A_001_phosphate_plate5.tif,3,832.000,768,928
10147,F8_01_1_2_Chlorophyll_A_001_phosphate_plate5.tif,2,872.000,800,944
10148,F8_01_1_2_Chlorophyll_A_001_phosphate_plate5.tif,1,800.000,800,800
10149,F8_01_1_2_Chlorophyll_A_001_phosphate_plate5.tif,4,864.000,800,928
10150,F8_01_1_2_Chlorophyll_A_001_phosphate_plate5.tif,2,792.000,784,800
10151,F8_01_1_2_Chlorophyll_A_001_phosphate_plate5.tif,3,810.667,768,880
10152,F8_01_1_2_Chlorophyll_A_001_phosphate_plate5.tif,1,848.000,848,848
10153,F8_01_1_2_Chlorophyll_A_001_phosphate_plate5.tif,1,784.000,784,784
10154,F8_01_1_2_Chlorophyll_A_001_phosphate_plate5.tif,1,896.000,896,896
10155,F8_01_1_2_Chlorophyll_A_001_phosphate_plate5.tif,1,784.000,784,784
10156,F8_01_1_2_Chlorophyll_A_001_phosphate_plate5.tif,1,864.000,864,864
10157,F8_01_1_2_Chlorophyll_A_001_phosphate_plate5.tif,1,816.000,816,816
10158,F8_01_1_2_Chlorophyll_A_001_phosphate_plate5.tif,1,864.000,864,864
10159,F8_01_1_2_Chlorophyll_A_001_phosphate_plate5.tif,1,880.000,880,880
10160,F8_01_1_2_Chlorophyll_A_001_phosphate_plate5.tif,2,840.000,768,912
10161,F8_01_1_2_Chlorophyll_A_001_phosphate_plate5.tif,1,912.000,912,912
10162,F8_01_1_2_Chlorophyll_A_001_phosphate_plate5.tif,2,816.000,800,832
10163,F8_01_1_2_Chlorophyll_A_001_phosphate_plate5.tif,1,800.000,800,800
10164,F8_01_1_2_Chlorophyll_A_001_phosphate_plate5.tif,1,784.000,784,784
10165,F8_01_1_2_Chlorophyll_A_001_phosphate_plate5.tif,2,792.000,784,800
10166,F8_01_1_2_Chlorophyll_A_001_phosphate_plate5.tif,2,808.000,768,848
10167,F8_01_1_2_Chlorophyll_A_001_phosphate_plate5.tif,1,800.000,800,800
10168,F8_01_1_2_Chlorophyll_A_001_phosphate_plate5.tif,1,912.000,912,912
10169,F8_01_1_2_Chlorophyll_A_001_phosphate_plate5.tif,2,792.000,784,800
10170,F8_01_1_2_Chlorophyll_A_001_phosphate_plate5.tif,1,800.000,800,800
10171,F8_01_1_2_Chlorophyll_A_001_phosphate_plate5.tif,2,904.000,848,960
10172,F8_01_1_2_Chlorophyll_A_001_phosphate_plate5.tif,236,1302.237,768,8528
10173,F8_01_1_2_Chlorophyll_A_001_phosphate_plate5.tif,47,865.702,768,1248
10174,F8_01_1_2_Chlorophyll_A_001_phosphate_plate5.tif,31,889.806,768,1184
10175,F8_01_1_2_Chlorophyll_A_001_phosphate_plate5.tif,7,861.714,768,1152
10176,F8_01_1_2_Chlorophyll_A_001_phosphate_plate5.tif,1,784.000,784,784
10177,F8_01_1_2_Chlorophyll_A_001_phosphate_plate5.tif,1,960.000,960,960
10178,F8_01_1_2_Chlorophyll_A_001_phosphate_plate5.tif,2,864.000,848,880
10179,F8_01_1_2_Chlorophyll_A_001_phosphate_plate5.tif,1,848.000,848,848
10180,F8_01_1_2_Chlorophyll_A_001_phosphate_plate5.tif,1,912.000,912,912
10181,F8_01_1_2_Chlorophyll_A_001_phosphate_plate5.tif,1,864.000,864,864
10182,F8_01_1_2_Chlorophyll_A_001_phosphate_plate5.tif,31,827.871,768,976
10183,F8_01_1_2_Chlorophyll_A_001_phosphate_plate5.tif,1,800.000,800,800
10184,F8_01_1_2_Chlorophyll_A_001_phosphate_plate5.tif,2,928.000,896,960
10185,F8_01_1_2_Chlorophyll_A_001_phosphate_plate5.tif,2,776.000,768,784
10186,F8_01_1_2_Chlorophyll_A_001_phosphate_plate5.tif,2,976.000,944,1008
10187,F8_01_1_2_Chlorophyll_A_001_phosphate_plate5.tif,17,830.118,768,976
10188,F8_01_1_2_Chlorophyll_A_001_phosphate_plate5.tif,4,848.000,768,928
10189,F8_01_1_2_Chlorophyll_A_001_phosphate_plate5.tif,1,848.000,848,848
10190,F8_01_1_2_Chlorophyll_A_001_phosphate_plate5.tif,1,960.000,960,960
10191,F8_01_1_2_Chlorophyll_A_001_phosphate_plate5.tif,2,832.000,784,880
10192,F8_01_1_2_Chlorophyll_A_001_phosphate_plate5.tif,4,876.000,800,1024
10193,F8_01_1_2_Chlorophyll_A_001_phosphate_plate5.tif,1,768.000,768,768
10194,F8_01_1_2_Chlorophyll_A_001_phosphate_plate5.tif,1,832.000,832,832
10195,F8_01_1_2_Chlorophyll_A_001_phosphate_plate5.tif,1,912.000,912,912
10196,F8_01_1_2_Chlorophyll_A_001_phosphate_plate5.tif,1,832.000,832,832
10197,F8_01_1_2_Chlorophyll_A_001_phosphate_plate5.tif,1,864.000,864,864
10198,F8_01_1_2_Chlorophyll_A_001_phosphate_plate5.tif,1,848.000,848,848
10199,F8_01_1_2_Chlorophyll_A_001_phosphate_plate5.tif,2,792.000,784,800
10200,F8_01_1_2_Chlorophyll_A_001_phosphate_plate5.tif,5,832.000,768,880
10201,F8_01_1_2_Chlorophyll_A_001_phosphate_plate5.tif,1,848.000,848,848
10202,F8_01_1_2_Chlorophyll_A_001_phosphate_plate5.tif,4,832.000,816,848
10203,F8_01_1_2_Chlorophyll_A_001_phosphate_plate5.tif,1,784.000,784,784
10204,F8_01_1_2_Chlorophyll_A_001_phosphate_plate5.tif,1,864.000,864,864
10205,F8_01_1_2_Chlorophyll_A_001_phosphate_plate5.tif,5,876.800,784,992
10206,F8_01_1_2_Chlorophyll_A_001_phosphate_plate5.tif,2,784.000,768,800
10207,F8_01_1_2_Chlorophyll_A_001_phosphate_plate5.tif,5,838.400,800,928
10208,F8_01_1_2_Chlorophyll_A_001_phosphate_plate5.tif,3,810.667,768,864
10209,F8_01_1_2_Chlorophyll_A_001_phosphate_plate5.tif,2,856.000,784,928
10210,F8_01_1_2_Chlorophyll_A_001_phosphate_plate5.tif,1,944.000,944,944
10211,F8_01_1_2_Chlorophyll_A_001_phosphate_plate5.tif,1,768.000,768,768
10212,F8_01_1_2_Chlorophyll_A_001_phosphate_plate5.tif,1,864.000,864,864
10213,F8_01_1_2_Chlorophyll_A_001_phosphate_plate5.tif,2,912.000,896,928
10214,F8_01_1_2_Chlorophyll_A_001_phosphate_plate5.tif,1,864.000,864,864
10215,F8_01_1_2_Chlorophyll_A_001_phosphate_plate5.tif,1,768.000,768,768
10216,F8_01_1_2_Chlorophyll_A_001_phosphate_plate5.tif,2,840.000,832,848
10217,F8_01_1_2_Chlorophyll_A_001_phosphate_plate5.tif,100,2522.880,768,16112
10218,F8_01_1_2_Chlorophyll_A_001_phosphate_plate5.tif,1,784.000,784,784
10219,F8_01_1_2_Chlorophyll_A_001_phosphate_plate5.tif,1,768.000,768,768
10220,F8_01_1_2_Chlorophyll_A_001_phosphate_plate5.tif,3,821.333,768,912
10221,F8_01_1_2_Chlorophyll_A_001_phosphate_plate5.tif,1,800.000,800,800
10222,F8_01_1_2_Chlorophyll_A_001_phosphate_plate5.tif,7,811.429,768,928
10223,F8_01_1_2_Chlorophyll_A_001_phosphate_plate5.tif,1,768.000,768,768
10224,F8_01_1_2_Chlorophyll_A_001_phosphate_plate5.tif,8,824.000,768,960
10225,F8_01_1_2_Chlorophyll_A_001_phosphate_plate5.tif,3,890.667,816,1024
10226,F8_01_1_2_Chlorophyll_A_001_phosphate_plate5.tif,3,890.667,800,992
10227,F8_01_1_2_Chlorophyll_A_001_phosphate_plate5.tif,2,856.000,832,880
10228,F8_01_1_2_Chlorophyll_A_001_phosphate_plate5.tif,50,872.960,768,1104
10229,F8_01_1_2_Chlorophyll_A_001_phosphate_plate5.tif,54,860.741,768,1024
10230,F8_01_1_2_Chlorophyll_A_001_phosphate_plate5.tif,27,849.185,768,1104
10231,F8_01_1_2_Chlorophyll_A_001_phosphate_plate5.tif,82,867.707,768,1168
10232,F8_01_1_2_Chlorophyll_A_001_phosphate_plate5.tif,3,880.000,848,944
10233,F8_01_1_2_Chlorophyll_A_001_phosphate_plate5.tif,1,864.000,864,864
10234,F8_01_1_2_Chlorophyll_A_001_phosphate_plate5.tif,2,856.000,832,880
10235,F8_01_1_2_Chlorophyll_A_001_phosphate_plate5.tif,2,784.000,768,800
10236,F8_01_1_2_Chlorophyll_A_001_phosphate_plate5.tif,24,846.000,768,1056
10237,F8_01_1_2_Chlorophyll_A_001_phosphate_plate5.tif,1,832.000,832,832
10238,F8_01_1_2_Chlorophyll_A_001_phosphate_plate5.tif,1,864.000,864,864
10239,F8_01_1_2_Chlorophyll_A_001_phosphate_plate5.tif,9,878.222,784,1072
10240,F8_01_1_2_Chlorophyll_A_001_phosphate_plate5.tif,8,872.000,816,944
10241,F8_01_1_2_Chlorophyll_A_001_phosphate_plate5.tif,16,821.000,768,960
10242,F8_01_1_2_Chlorophyll_A_001_phosphate_plate5.tif,1,1072.000,1072,1072
10243,F8_01_1_2_Chlorophyll_A_001_phosphate_plate5.tif,4,840.000,800,928
10244,F8_01_1_2_Chlorophyll_A_001_phosphate_plate5.tif,1,864.000,864,864
10245,F8_01_1_2_Chlorophyll_A_001_phosphate_plate5.tif,4,800.000,768,864
10246,F8_01_1_2_Chlorophyll_A_001_phosphate_plate5.tif,3,773.333,768,784
10247,F8_01_1_2_Chlorophyll_A_001_phosphate_plate5.tif,1,896.000,896,896
10248,F8_01_1_2_Chlorophyll_A_001_phosphate_plate5.tif,1,800.000,800,800
10249,F8_01_1_2_Chlorophyll_A_001_phosphate_plate5.tif,1,768.000,768,768
10250,F8_01_1_2_Chlorophyll_A_001_phosphate_plate5.tif,2,976.000,816,1136
10251,F8_01_1_2_Chlorophyll_A_001_phosphate_plate5.tif,2,768.000,768,768
10252,F8_01_1_2_Chlorophyll_A_001_phosphate_plate5.tif,3,874.667,768,1072
10253,F8_01_1_2_Chlorophyll_A_001_phosphate_plate5.tif,4,844.000,784,928
10254,F8_01_1_2_Chlorophyll_A_001_phosphate_plate5.tif,2,824.000,784,864
10255,F8_01_1_2_Chlorophyll_A_001_phosphate_plate5.tif,1,768.000,768,768
10256,F8_01_1_2_Chlorophyll_A_001_phosphate_plate5.tif,4,820.000,784,848
10257,F8_01_1_2_Chlorophyll_A_001_phosphate_plate5.tif,1,784.000,784,784
10258,F8_01_1_2_Chlorophyll_A_001_phosphate_plate5.tif,8,818.000,768,896
10259,F8_01_1_2_Chlorophyll_A_001_phosphate_plate5.tif,3,832.000,800,880
10260,F8_01_1_2_Chlorophyll_A_001_phosphate_plate5.tif,1,832.000,832,832
10261,F8_01_1_2_Chlorophyll_A_001_phosphate_plate5.tif,1,816.000,816,816
10262,F8_01_1_2_Chlorophyll_A_001_phosphate_plate5.tif,2,824.000,800,848
10263,F8_01_1_2_Chlorophyll_A_001_phosphate_plate5.tif,1,832.000,832,832
10264,F8_01_1_2_Chlorophyll_A_001_phosphate_plate5.tif,1,848.000,848,848
10265,F8_01_1_2_Chlorophyll_A_001_phosphate_plate5.tif,81,2552.691,784,12336
10266,F8_01_1_2_Chlorophyll_A_001_phosphate_plate5.tif,1,1008.000,1008,1008
10267,F8_01_1_2_Chlorophyll_A_001_phosphate_plate5.tif,2,792.000,768,816
10268,F8_01_1_2_Chlorophyll_A_001_phosphate_plate5.tif,4,904.000,864,960
10269,F8_01_1_2_Chlorophyll_A_001_phosphate_plate5.tif,1,992.000,992,992
10270,F8_01_1_2_Chlorophyll_A_001_phosphate_plate5.tif,1,768.000,768,768
10271,F8_01_1_2_Chlorophyll_A_001_phosphate_plate5.tif,1,768.000,768,768
10272,F8_01_1_2_Chlorophyll_A_001_phosphate_plate5.tif,1,880.000,880,880
10273,F8_01_1_2_Chlorophyll_A_001_phosphate_plate5.tif,1,832.000,832,832
10274,F8_01_1_2_Chlorophyll_A_001_phosphate_plate5.tif,1,768.000,768,768
10275,F8_01_1_2_Chlorophyll_A_001_phosphate_plate5.tif,1,768.000,768,768
10276,F8_01_1_2_Chlorophyll_A_001_phosphate_plate5.tif,1,768.000,768,768
10277,F8_01_1_2_Chlorophyll_A_001_phosphate_plate5.tif,1,848.000,848,848
10278,F8_01_1_2_Chlorophyll_A_001_phosphate_plate5.tif,1,832.000,832,832
10279,F8_01_1_2_Chlorophyll_A_001_phosphate_plate5.tif,3,778.667,768,800
10280,F8_01_1_2_Chlorophyll_A_001_phosphate_plate5.tif,1,784.000,784,784
10281,F8_01_1_2_Chlorophyll_A_001_phosphate_plate5.tif,1,1040.000,1040,1040
10282,F8_01_1_2_Chlorophyll_A_001_phosphate_plate5.tif,2,960.000,912,1008
10283,F8_01_1_2_Chlorophyll_A_001_phosphate_plate5.tif,45,864.000,768,1120
10284,F8_01_1_2_Chlorophyll_A_001_phosphate_plate5.tif,3,816.000,768,864
10285,F8_01_1_2_Chlorophyll_A_001_phosphate_plate5.tif,3,869.333,816,912
10286,F8_01_1_2_Chlorophyll_A_001_phosphate_plate5.tif,5,790.400,768,816
10287,F8_01_1_2_Chlorophyll_A_001_phosphate_plate5.tif,2,912.000,864,960
10288,F8_01_1_2_Chlorophyll_A_001_phosphate_plate5.tif,4,928.000,848,1040
10289,F8_01_1_2_Chlorophyll_A_001_phosphate_plate5.tif,3,832.000,784,896
10290,F8_01_1_2_Chlorophyll_A_001_phosphate_plate5.tif,1,960.000,960,960
10291,F8_01_1_2_Chlorophyll_A_001_phosphate_plate5.tif,1,768.000,768,768
10292,F8_01_1_2_Chlorophyll_A_001_phosphate_plate5.tif,1,864.000,864,864
10293,F8_01_1_2_Chlorophyll_A_001_phosphate_plate5.tif,1,784.000,784,784
10294,F8_01_1_2_Chlorophyll_A_001_phosphate_plate5.tif,1,896.000,896,896
10295,F8_01_1_2_Chlorophyll_A_001_phosphate_plate5.tif,1,800.000,800,800
10296,F8_01_1_2_Chlorophyll_A_001_phosphate_plate5.tif,2,872.000,832,912
10297,F8_01_1_2_Chlorophyll_A_001_phosphate_plate5.tif,12,820.000,768,960
10298,F8_01_1_2_Chlorophyll_A_001_phosphate_plate5.tif,1,800.000,800,800
10299,F8_01_1_2_Chlorophyll_A_001_phosphate_plate5.tif,2,800.000,784,816
10300,F8_01_1_2_Chlorophyll_A_001_phosphate_plate5.tif,1,832.000,832,832
10301,F8_01_1_2_Chlorophyll_A_001_phosphate_plate5.tif,3,784.000,768,816
10302,F8_01_1_2_Chlorophyll_A_001_phosphate_plate5.tif,4,832.000,768,960
10303,F8_01_1_2_Chlorophyll_A_001_phosphate_plate5.tif,1,800.000,800,800
10304,F8_01_1_2_Chlorophyll_A_001_phosphate_plate5.tif,2,792.000,784,800
10305,F8_01_1_2_Chlorophyll_A_001_phosphate_plate5.tif,2,800.000,800,800
10306,F8_01_1_2_Chlorophyll_A_001_phosphate_plate5.tif,2,784.000,768,800
10307,F8_01_1_2_Chlorophyll_A_001_phosphate_plate5.tif,1,784.000,784,784
10308,F8_01_1_2_Chlorophyll_A_001_phosphate_plate5.tif,1,784.000,784,784
10309,F8_01_1_2_Chlorophyll_A_001_phosphate_plate5.tif,1,912.000,912,912
10310,F8_01_1_2_Chlorophyll_A_001_phosphate_plate5.tif,1,816.000,816,816
10311,F8_01_1_2_Chlorophyll_A_001_phosphate_plate5.tif,1,768.000,768,768
10312,F8_01_1_2_Chlorophyll_A_001_phosphate_plate5.tif,2,936.000,912,960
10313,F8_01_1_2_Chlorophyll_A_001_phosphate_plate5.tif,3,842.667,784,928
10314,F8_01_1_2_Chlorophyll_A_001_phosphate_plate5.tif,2,936.000,832,1040
10315,F8_01_1_2_Chlorophyll_A_001_phosphate_plate5.tif,1,816.000,816,816
10316,F8_01_1_2_Chlorophyll_A_001_phosphate_plate5.tif,2,824.000,816,832
10317,F8_01_1_2_Chlorophyll_A_001_phosphate_plate5.tif,2,816.000,768,864
10318,F8_01_1_2_Chlorophyll_A_001_phosphate_plate5.tif,1,816.000,816,816
10319,F8_01_1_2_Chlorophyll_A_001_phosphate_plate5.tif,3,821.333,768,896
10320,F8_01_1_2_Chlorophyll_A_001_phosphate_plate5.tif,1,880.000,880,880
10321,F8_01_1_2_Chlorophyll_A_001_phosphate_plate5.tif,1,800.000,800,800
10322,F8_01_1_2_Chlorophyll_A_001_phosphate_plate5.tif,5,796.800,768,816
10323,F8_01_1_2_Chlorophyll_A_001_phosphate_plate5.tif,47,851.064,768,1056
10324,F8_01_1_2_Chlorophyll_A_001_phosphate_plate5.tif,27,888.889,768,1136
10325,F8_01_1_2_Chlorophyll_A_001_phosphate_plate5.tif,1,800.000,800,800
10326,F8_01_1_2_Chlorophyll_A_001_phosphate_plate5.tif,1,880.000,880,880
10327,F8_01_1_2_Chlorophyll_A_001_phosphate_plate5.tif,72,869.778,768,1120
10328,F8_01_1_2_Chlorophyll_A_001_phosphate_plate5.tif,1,784.000,784,784
10329,F8_01_1_2_Chlorophyll_A_001_phosphate_plate5.tif,1,784.000,784,784
10330,F8_01_1_2_Chlorophyll_A_001_phosphate_plate5.tif,1,768.000,768,768
10331,F8_01_1_2_Chlorophyll_A_001_phosphate_plate5.tif,2,856.000,768,944
10332,F8_01_1_2_Chlorophyll_A_001_phosphate_plate5.tif,1,784.000,784,784
10333,F8_01_1_2_Chlorophyll_A_001_phosphate_plate5.tif,6,821.333,784,880
10334,F8_01_1_2_Chlorophyll_A_001_phosphate_plate5.tif,1,864.000,864,864
10335,F8_01_1_2_Chlorophyll_A_001_phosphate_plate5.tif,3,848.000,784,896
10336,F8_01_1_2_Chlorophyll_A_001_phosphate_plate5.tif,1,768.000,768,768
10337,F8_01_1_2_Chlorophyll_A_001_phosphate_plate5.tif,4,812.000,784,848
10338,F8_01_1_2_Chlorophyll_A_001_phosphate_plate5.tif,1,768.000,768,768
10339,F8_01_1_2_Chlorophyll_A_001_phosphate_plate5.tif,4,848.000,800,912
10340,F8_01_1_2_Chlorophyll_A_001_phosphate_plate5.tif,1,864.000,864,864
10341,F8_01_1_2_Chlorophyll_A_001_phosphate_plate5.tif,1,816.000,816,816
10342,F8_01_1_2_Chlorophyll_A_001_phosphate_plate5.tif,1,768.000,768,768
10343,F8_01_1_2_Chlorophyll_A_001_phosphate_plate5.tif,2,792.000,784,800
10344,F8_01_1_2_Chlorophyll_A_001_phosphate_plate5.tif,1,768.000,768,768
10345,F8_01_1_2_Chlorophyll_A_001_phosphate_plate5.tif,1,784.000,784,784
10346,F8_01_1_2_Chlorophyll_A_001_phosphate_plate5.tif,1,784.000,784,784
10347,F8_01_1_2_Chlorophyll_A_001_phosphate_plate5.tif,1,784.000,784,784
10348,F8_01_1_2_Chlorophyll_A_001_phosphate_plate5.tif,1,816.000,816,816
10349,F8_01_1_2_Chlorophyll_A_001_phosphate_plate5.tif,4,772.000,768,784
10350,F8_01_1_2_Chlorophyll_A_001_phosphate_plate5.tif,3,826.667,784,880
10351,F8_01_1_2_Chlorophyll_A_001_phosphate_plate5.tif,1,912.000,912,912
10352,F8_01_1_2_Chlorophyll_A_001_phosphate_plate5.tif,3,789.333,768,816
10353,F8_01_1_2_Chlorophyll_A_001_phosphate_plate5.tif,1,816.000,816,816
10354,F8_01_1_2_Chlorophyll_A_001_phosphate_plate5.tif,5,825.600,784,928
10355,F8_01_1_2_Chlorophyll_A_001_phosphate_plate5.tif,3,810.667,768,896
10356,F8_01_1_2_Chlorophyll_A_001_phosphate_plate5.tif,1,864.000,864,864
10357,F8_01_1_2_Chlorophyll_A_001_phosphate_plate5.tif,1,800.000,800,800
10358,F8_01_1_2_Chlorophyll_A_001_phosphate_plate5.tif,1,848.000,848,848
10359,F8_01_1_2_Chlorophyll_A_001_phosphate_plate5.tif,1,848.000,848,848
10360,F8_01_1_2_Chlorophyll_A_001_phosphate_plate5.tif,1,880.000,880,880
10361,F8_01_1_2_Chlorophyll_A_001_phosphate_plate5.tif,3,832.000,816,848
10362,F8_01_1_2_Chlorophyll_A_001_phosphate_plate5.tif,1,848.000,848,848
10363,F8_01_1_2_Chlorophyll_A_001_phosphate_plate5.tif,1,784.000,784,784
10364,F8_01_1_2_Chlorophyll_A_001_phosphate_plate5.tif,1,768.000,768,768
10365,F8_01_1_2_Chlorophyll_A_001_phosphate_plate5.tif,1,768.000,768,768
10366,F8_01_1_2_Chlorophyll_A_001_phosphate_plate5.tif,1,784.000,784,784
10367,F8_01_1_2_Chlorophyll_A_001_phosphate_plate5.tif,2,920.000,784,1056
10368,F8_01_1_2_Chlorophyll_A_001_phosphate_plate5.tif,1,784.000,784,784
10369,F8_01_1_2_Chlorophyll_A_001_phosphate_plate5.tif,1,848.000,848,848
10370,F8_01_1_2_Chlorophyll_A_001_phosphate_plate5.tif,1,784.000,784,784
10371,F8_01_1_2_Chlorophyll_A_001_phosphate_plate5.tif,1,832.000,832,832
10372,F8_01_1_2_Chlorophyll_A_001_phosphate_plate5.tif,1,944.000,944,944
10373,F8_01_1_2_Chlorophyll_A_001_phosphate_plate5.tif,1,848.000,848,848
10374,F8_01_1_2_Chlorophyll_A_001_phosphate_plate5.tif,3,816.000,784,848
10375,F8_01_1_2_Chlorophyll_A_001_phosphate_plate5.tif,1,976.000,976,976
10376,F8_01_1_2_Chlorophyll_A_001_phosphate_plate5.tif,2,768.000,768,768
10377,F8_01_1_2_Chlorophyll_A_001_phosphate_plate5.tif,1,784.000,784,784
10378,F8_01_1_2_Chlorophyll_A_001_phosphate_plate5.tif,1,832.000,832,832
10379,F8_01_1_2_Chlorophyll_A_001_phosphate_plate5.tif,1,816.000,816,816
10380,F8_01_1_2_Chlorophyll_A_001_phosphate_plate5.tif,1,768.000,768,768
10381,F8_01_1_2_Chlorophyll_A_001_phosphate_plate5.tif,5,825.600,784,976
10382,F8_01_1_2_Chlorophyll_A_001_phosphate_plate5.tif,1,880.000,880,880
10383,F8_01_1_2_Chlorophyll_A_001_phosphate_plate5.tif,1,816.000,816,816
10384,F8_01_1_2_Chlorophyll_A_001_phosphate_plate5.tif,1,816.000,816,816
10385,F8_01_1_2_Chlorophyll_A_001_phosphate_plate5.tif,1,816.000,816,816
10386,F8_01_1_2_Chlorophyll_A_001_phosphate_plate5.tif,1,864.000,864,864
10387,F8_01_1_2_Chlorophyll_A_001_phosphate_plate5.tif,61,889.443,768,1104
10388,F8_01_1_2_Chlorophyll_A_001_phosphate_plate5.tif,13,969.846,800,1312
10389,F8_01_1_2_Chlorophyll_A_001_phosphate_plate5.tif,12,917.333,768,1152
10390,F8_01_1_2_Chlorophyll_A_001_phosphate_plate5.tif,41,874.146,768,1136
10391,F8_01_1_2_Chlorophyll_A_001_phosphate_plate5.tif,25,865.280,784,1040
10392,F8_01_1_2_Chlorophyll_A_001_phosphate_plate5.tif,1,944.000,944,944
10393,F8_01_1_2_Chlorophyll_A_001_phosphate_plate5.tif,1,768.000,768,768
10394,F8_01_1_2_Chlorophyll_A_001_phosphate_plate5.tif,5,809.600,768,848
10395,F8_01_1_2_Chlorophyll_A_001_phosphate_plate5.tif,2,784.000,768,800
10396,F8_01_1_2_Chlorophyll_A_001_phosphate_plate5.tif,2,816.000,784,848
10397,F8_01_1_2_Chlorophyll_A_001_phosphate_plate5.tif,16,829.000,768,944
10398,F8_01_1_2_Chlorophyll_A_001_phosphate_plate5.tif,2,832.000,816,848
10399,F8_01_1_2_Chlorophyll_A_001_phosphate_plate5.tif,2,784.000,784,784
10400,F8_01_1_2_Chlorophyll_A_001_phosphate_plate5.tif,1,864.000,864,864
10401,F8_01_1_2_Chlorophyll_A_001_phosphate_plate5.tif,1,800.000,800,800
10402,F8_01_1_2_Chlorophyll_A_001_phosphate_plate5.tif,1,784.000,784,784
10403,F8_01_1_2_Chlorophyll_A_001_phosphate_plate5.tif,2,864.000,864,864
10404,F8_01_1_2_Chlorophyll_A_001_phosphate_plate5.tif,1,816.000,816,816
10405,F8_01_1_2_Chlorophyll_A_001_phosphate_plate5.tif,2,808.000,800,816
10406,F8_01_1_2_Chlorophyll_A_001_phosphate_plate5.tif,2,816.000,784,848
10407,F8_01_1_2_Chlorophyll_A_001_phosphate_plate5.tif,1,800.000,800,800
10408,F8_01_1_2_Chlorophyll_A_001_phosphate_plate5.tif,3,848.000,784,896
10409,F8_01_1_2_Chlorophyll_A_001_phosphate_plate5.tif,2,880.000,864,896
10410,F8_01_1_2_Chlorophyll_A_001_phosphate_plate5.tif,1,784.000,784,784
10411,F8_01_1_2_Chlorophyll_A_001_phosphate_plate5.tif,1,848.000,848,848
10412,F8_01_1_2_Chlorophyll_A_001_phosphate_plate5.tif,1,800.000,800,800
10413,F8_01_1_2_Chlorophyll_A_001_phosphate_plate5.tif,1,944.000,944,944
10414,F8_01_1_2_Chlorophyll_A_001_phosphate_plate5.tif,1,768.000,768,768
10415,F8_01_1_2_Chlorophyll_A_001_phosphate_plate5.tif,2,848.000,768,928
10416,F8_01_1_2_Chlorophyll_A_001_phosphate_plate5.tif,1,848.000,848,848
10417,F8_01_1_2_Chlorophyll_A_001_phosphate_plate5.tif,1,928.000,928,928
10418,F8_01_1_2_Chlorophyll_A_001_phosphate_plate5.tif,3,816.000,784,864
10419,F8_01_1_2_Chlorophyll_A_001_phosphate_plate5.tif,1,768.000,768,768
10420,F8_01_1_2_Chlorophyll_A_001_phosphate_plate5.tif,1,848.000,848,848
10421,F8_01_1_2_Chlorophyll_A_001_phosphate_plate5.tif,2,792.000,784,800
10422,F8_01_1_2_Chlorophyll_A_001_phosphate_plate5.tif,1,832.000,832,832
10423,F8_01_1_2_Chlorophyll_A_001_phosphate_plate5.tif,1,1008.000,1008,1008
10424,F8_01_1_2_Chlorophyll_A_001_phosphate_plate5.tif,1,896.000,896,896
10425,F8_01_1_2_Chlorophyll_A_001_phosphate_plate5.tif,1,880.000,880,880
10426,F8_01_1_2_Chlorophyll_A_001_phosphate_plate5.tif,1,800.000,800,800
10427,F8_01_1_2_Chlorophyll_A_001_phosphate_plate5.tif,1,784.000,784,784
10428,F8_01_1_2_Chlorophyll_A_001_phosphate_plate5.tif,1,784.000,784,784
10429,F8_01_1_2_Chlorophyll_A_001_phosphate_plate5.tif,1,784.000,784,784
10430,F8_01_1_2_Chlorophyll_A_001_phosphate_plate5.tif,1,800.000,800,800
10431,F8_01_1_2_Chlorophyll_A_001_phosphate_plate5.tif,2,800.000,768,832
10432,F8_01_1_2_Chlorophyll_A_001_phosphate_plate5.tif,1,800.000,800,800
10433,F8_01_1_2_Chlorophyll_A_001_phosphate_plate5.tif,1,800.000,800,800
10434,F8_01_1_2_Chlorophyll_A_001_phosphate_plate5.tif,1,848.000,848,848
10435,F8_01_1_2_Chlorophyll_A_001_phosphate_plate5.tif,2,784.000,768,800
10436,F8_01_1_2_Chlorophyll_A_001_phosphate_plate5.tif,1,768.000,768,768
10437,F8_01_1_2_Chlorophyll_A_001_phosphate_plate5.tif,1,928.000,928,928
10438,F8_01_1_2_Chlorophyll_A_001_phosphate_plate5.tif,1,784.000,784,784
10439,F8_01_1_2_Chlorophyll_A_001_phosphate_plate5.tif,1,880.000,880,880
10440,F8_01_1_2_Chlorophyll_A_001_phosphate_plate5.tif,13,910.769,768,1056
10441,F8_01_1_2_Chlorophyll_A_001_phosphate_plate5.tif,1,880.000,880,880
10442,F8_01_1_2_Chlorophyll_A_001_phosphate_plate5.tif,230,1412.383,768,10480
10443,F8_01_1_2_Chlorophyll_A_001_phosphate_plate5.tif,39,866.462,768,1072
10444,F8_01_1_2_Chlorophyll_A_001_phosphate_plate5.tif,5,870.400,816,1008
10445,F8_01_1_2_Chlorophyll_A_001_phosphate_plate5.tif,1,832.000,832,832
10446,F8_01_1_2_Chlorophyll_A_001_phosphate_plate5.tif,2,920.000,896,944
10447,F8_01_1_2_Chlorophyll_A_001_phosphate_plate5.tif,3,821.333,800,848
10448,F8_01_1_2_Chlorophyll_A_001_phosphate_plate5.tif,1,864.000,864,864
10449,F8_01_1_2_Chlorophyll_A_001_phosphate_plate5.tif,1,784.000,784,784
10450,F8_01_1_2_Chlorophyll_A_001_phosphate_plate5.tif,1,848.000,848,848
10451,F8_01_1_2_Chlorophyll_A_001_phosphate_plate5.tif,4,848.000,784,912
10452,F8_01_1_2_Chlorophyll_A_001_phosphate_plate5.tif,1,816.000,816,816
10453,F8_01_1_2_Chlorophyll_A_001_phosphate_plate5.tif,1,864.000,864,864
10454,F8_01_1_2_Chlorophyll_A_001_phosphate_plate5.tif,1,848.000,848,848
10455,F8_01_1_2_Chlorophyll_A_001_phosphate_plate5.tif,11,846.545,768,976
10456,F8_01_1_2_Chlorophyll_A_001_phosphate_plate5.tif,1,896.000,896,896
10457,F8_01_1_2_Chlorophyll_A_001_phosphate_plate5.tif,8,824.000,768,896
10458,F8_01_1_2_Chlorophyll_A_001_phosphate_plate5.tif,1,896.000,896,896
10459,F8_01_1_2_Chlorophyll_A_001_phosphate_plate5.tif,1,816.000,816,816
10460,F8_01_1_2_Chlorophyll_A_001_phosphate_plate5.tif,1,864.000,864,864
10461,F8_01_1_2_Chlorophyll_A_001_phosphate_plate5.tif,1,768.000,768,768
10462,F8_01_1_2_Chlorophyll_A_001_phosphate_plate5.tif,5,844.800,800,896
10463,F8_01_1_2_Chlorophyll_A_001_phosphate_plate5.tif,4,820.000,784,864
10464,F8_01_1_2_Chlorophyll_A_001_phosphate_plate5.tif,1,864.000,864,864
10465,F8_01_1_2_Chlorophyll_A_001_phosphate_plate5.tif,3,816.000,768,880
10466,F8_01_1_2_Chlorophyll_A_001_phosphate_plate5.tif,1,768.000,768,768
10467,F8_01_1_2_Chlorophyll_A_001_phosphate_plate5.tif,1,768.000,768,768
10468,F8_01_1_2_Chlorophyll_A_001_phosphate_plate5.tif,2,784.000,784,784
10469,F8_01_1_2_Chlorophyll_A_001_phosphate_plate5.tif,1,816.000,816,816
10470,F8_01_1_2_Chlorophyll_A_001_phosphate_plate5.tif,134,2872.716,768,15792
10471,F8_01_1_2_Chlorophyll_A_001_phosphate_plate5.tif,3,880.000,784,1056
10472,F8_01_1_2_Chlorophyll_A_001_phosphate_plate5.tif,2,832.000,816,848
10473,F8_01_1_2_Chlorophyll_A_001_phosphate_plate5.tif,2,776.000,768,784
10474,F8_01_1_2_Chlorophyll_A_001_phosphate_plate5.tif,6,840.000,768,992
10475,F8_01_1_2_Chlorophyll_A_001_phosphate_plate5.tif,1,768.000,768,768
10476,F8_01_1_2_Chlorophyll_A_001_phosphate_plate5.tif,1,848.000,848,848
10477,F8_01_1_2_Chlorophyll_A_001_phosphate_plate5.tif,1,768.000,768,768
10478,F8_01_1_2_Chlorophyll_A_001_phosphate_plate5.tif,1,784.000,784,784
10479,F8_01_1_2_Chlorophyll_A_001_phosphate_plate5.tif,3,784.000,768,800
10480,F8_01_1_2_Chlorophyll_A_001_phosphate_plate5.tif,1,880.000,880,880
10481,F8_01_1_2_Chlorophyll_A_001_phosphate_plate5.tif,1,800.000,800,800
10482,F8_01_1_2_Chlorophyll_A_001_phosphate_plate5.tif,2,800.000,768,832
10483,F8_01_1_2_Chlorophyll_A_001_phosphate_plate5.tif,1,768.000,768,768
10484,F8_01_1_2_Chlorophyll_A_001_phosphate_plate5.tif,2,800.000,800,800
10485,F8_01_1_2_Chlorophyll_A_001_phosphate_plate5.tif,1,960.000,960,960
10486,F8_01_1_2_Chlorophyll_A_001_phosphate_plate5.tif,1,800.000,800,800
10487,F8_01_1_2_Chlorophyll_A_001_phosphate_plate5.tif,2,816.000,800,832
10488,F8_01_1_2_Chlorophyll_A_001_phosphate_plate5.tif,1,768.000,768,768
10489,F8_01_1_2_Chlorophyll_A_001_phosphate_plate5.tif,2,880.000,848,912
10490,F8_01_1_2_Chlorophyll_A_001_phosphate_plate5.tif,1,768.000,768,768
10491,F8_01_1_2_Chlorophyll_A_001_phosphate_plate5.tif,8,900.000,784,1152
10492,F8_01_1_2_Chlorophyll_A_001_phosphate_plate5.tif,1,784.000,784,784
10493,F8_01_1_2_Chlorophyll_A_001_phosphate_plate5.tif,2,784.000,768,800
10494,F8_01_1_2_Chlorophyll_A_001_phosphate_plate5.tif,4,860.000,784,928
10495,F8_01_1_2_Chlorophyll_A_001_phosphate_plate5.tif,1,816.000,816,816
10496,F8_01_1_2_Chlorophyll_A_001_phosphate_plate5.tif,64,882.500,768,1072
10497,F8_01_1_2_Chlorophyll_A_001_phosphate_plate5.tif,76,905.684,768,1136
10498,F8_01_1_2_Chlorophyll_A_001_phosphate_plate5.tif,39,886.154,768,1168
10499,F8_01_1_2_Chlorophyll_A_001_phosphate_plate5.tif,5,870.400,768,1104
10500,F8_01_1_2_Chlorophyll_A_001_phosphate_plate5.tif,1,816.000,816,816
10501,F8_01_1_2_Chlorophyll_A_001_phosphate_plate5.tif,8,842.000,768,976
10502,F8_01_1_2_Chlorophyll_A_001_phosphate_plate5.tif,3,837.333,784,880
10503,F8_01_1_2_Chlorophyll_A_001_phosphate_plate5.tif,2,888.000,816,960
10504,F8_01_1_2_Chlorophyll_A_001_phosphate_plate5.tif,4,792.000,768,816
10505,F8_01_1_2_Chlorophyll_A_001_phosphate_plate5.tif,2,840.000,816,864
10506,F8_01_1_2_Chlorophyll_A_001_phosphate_plate5.tif,1,864.000,864,864
10507,F8_01_1_2_Chlorophyll_A_001_phosphate_plate5.tif,2,792.000,784,800
10508,F8_01_1_2_Chlorophyll_A_001_phosphate_plate5.tif,1,848.000,848,848
10509,F8_01_1_2_Chlorophyll_A_001_phosphate_plate5.tif,3,810.667,768,864
10510,F8_01_1_2_Chlorophyll_A_001_phosphate_plate5.tif,2,864.000,800,928
10511,F8_01_1_2_Chlorophyll_A_001_phosphate_plate5.tif,1,928.000,928,928
10512,F8_01_1_2_Chlorophyll_A_001_phosphate_plate5.tif,3,794.667,768,848
10513,F8_01_1_2_Chlorophyll_A_001_phosphate_plate5.tif,1,768.000,768,768
10514,F8_01_1_2_Chlorophyll_A_001_phosphate_plate5.tif,3,832.000,800,864
10515,F8_01_1_2_Chlorophyll_A_001_phosphate_plate5.tif,1,800.000,800,800
10516,F8_01_1_2_Chlorophyll_A_001_phosphate_plate5.tif,1,800.000,800,800
10517,F8_01_1_2_Chlorophyll_A_001_phosphate_plate5.tif,1,800.000,800,800
10518,F8_01_1_2_Chlorophyll_A_001_phosphate_plate5.tif,3,789.333,768,816
10519,F8_01_1_2_Chlorophyll_A_001_phosphate_plate5.tif,2,768.000,768,768
10520,F8_01_1_2_Chlorophyll_A_001_phosphate_plate5.tif,1,848.000,848,848
10521,F8_01_1_2_Chlorophyll_A_001_phosphate_plate5.tif,1,848.000,848,848
10522,F8_01_1_2_Chlorophyll_A_001_phosphate_plate5.tif,1,848.000,848,848
10523,F8_01_1_2_Chlorophyll_A_001_phosphate_plate5.tif,1,784.000,784,784
10524,F8_01_1_2_Chlorophyll_A_001_phosphate_plate5.tif,1,848.000,848,848
10525,F8_01_1_2_Chlorophyll_A_001_phosphate_plate5.tif,1,832.000,832,832
10526,F8_01_1_2_Chlorophyll_A_001_phosphate_plate5.tif,2,800.000,768,832
10527,F8_01_1_2_Chlorophyll_A_001_phosphate_plate5.tif,1,784.000,784,784
10528,F8_01_1_2_Chlorophyll_A_001_phosphate_plate5.tif,1,816.000,816,816
10529,F8_01_1_2_Chlorophyll_A_001_phosphate_plate5.tif,2,808.000,768,848
10530,F8_01_1_2_Chlorophyll_A_001_phosphate_plate5.tif,2,784.000,768,800
10531,F8_01_1_2_Chlorophyll_A_001_phosphate_plate5.tif,1,848.000,848,848
10532,F8_01_1_2_Chlorophyll_A_001_phosphate_plate5.tif,1,864.000,864,864
10533,F8_01_1_2_Chlorophyll_A_001_phosphate_plate5.tif,2,872.000,848,896
10534,F8_01_1_2_Chlorophyll_A_001_phosphate_plate5.tif,2,808.000,768,848
10535,F8_01_1_2_Chlorophyll_A_001_phosphate_plate5.tif,1,848.000,848,848
10536,F8_01_1_2_Chlorophyll_A_001_phosphate_plate5.tif,1,896.000,896,896
10537,F8_01_1_2_Chlorophyll_A_001_phosphate_plate5.tif,1,880.000,880,880
10538,F8_01_1_2_Chlorophyll_A_001_phosphate_plate5.tif,8,872.000,768,1088
10539,F8_01_1_2_Chlorophyll_A_001_phosphate_plate5.tif,1,784.000,784,784
10540,F8_01_1_2_Chlorophyll_A_001_phosphate_plate5.tif,73,883.068,768,1184
10541,F8_01_1_2_Chlorophyll_A_001_phosphate_plate5.tif,71,873.014,768,1104
10542,F8_01_1_2_Chlorophyll_A_001_phosphate_plate5.tif,1,880.000,880,880
10543,F8_01_1_2_Chlorophyll_A_001_phosphate_plate5.tif,19,894.316,768,1008
10544,F8_01_1_2_Chlorophyll_A_001_phosphate_plate5.tif,30,890.133,768,1008
10545,F8_01_1_2_Chlorophyll_A_001_phosphate_plate5.tif,1,896.000,896,896
10546,F8_01_1_2_Chlorophyll_A_001_phosphate_plate5.tif,251,2221.386,768,24752
10547,F8_01_1_2_Chlorophyll_A_001_phosphate_plate5.tif,5,835.200,800,880
10548,F8_01_1_2_Chlorophyll_A_001_phosphate_plate5.tif,3,816.000,768,896
10549,F8_01_1_2_Chlorophyll_A_001_phosphate_plate5.tif,1,912.000,912,912
10550,F8_01_1_2_Chlorophyll_A_001_phosphate_plate5.tif,6,832.000,768,944
10551,F8_01_1_2_Chlorophyll_A_001_phosphate_plate5.tif,1,976.000,976,976
10552,F8_01_1_2_Chlorophyll_A_001_phosphate_plate5.tif,1,848.000,848,848
10553,F8_01_1_2_Chlorophyll_A_001_phosphate_plate5.tif,1,848.000,848,848
10554,F8_01_1_2_Chlorophyll_A_001_phosphate_plate5.tif,6,840.000,768,976
10555,F8_01_1_2_Chlorophyll_A_001_phosphate_plate5.tif,1,848.000,848,848
10556,F8_01_1_2_Chlorophyll_A_001_phosphate_plate5.tif,1,800.000,800,800
10557,F8_01_1_2_Chlorophyll_A_001_phosphate_plate5.tif,10,864.000,784,992
10558,F8_01_1_2_Chlorophyll_A_001_phosphate_plate5.tif,1,960.000,960,960
10559,F8_01_1_2_Chlorophyll_A_001_phosphate_plate5.tif,3,800.000,784,816
10560,F8_01_1_2_Chlorophyll_A_001_phosphate_plate5.tif,3,880.000,832,944
10561,F8_01_1_2_Chlorophyll_A_001_phosphate_plate5.tif,5,816.000,784,848
10562,F8_01_1_2_Chlorophyll_A_001_phosphate_plate5.tif,6,826.667,768,944
10563,F8_01_1_2_Chlorophyll_A_001_phosphate_plate5.tif,3,821.333,784,848
10564,F8_01_1_2_Chlorophyll_A_001_phosphate_plate5.tif,8,834.000,768,912
10565,F8_01_1_2_Chlorophyll_A_001_phosphate_plate5.tif,2,832.000,768,896
10566,F8_01_1_2_Chlorophyll_A_001_phosphate_plate5.tif,1,816.000,816,816
10567,F8_01_1_2_Chlorophyll_A_001_phosphate_plate5.tif,9,840.889,784,976
10568,F8_01_1_2_Chlorophyll_A_001_phosphate_plate5.tif,1,768.000,768,768
10569,F8_01_1_2_Chlorophyll_A_001_phosphate_plate5.tif,1,832.000,832,832
10570,F8_01_1_2_Chlorophyll_A_001_phosphate_plate5.tif,3,842.667,768,992
10571,F8_01_1_2_Chlorophyll_A_001_phosphate_plate5.tif,2,856.000,784,928
10572,F8_01_1_2_Chlorophyll_A_001_phosphate_plate5.tif,2,848.000,832,864
10573,F8_01_1_2_Chlorophyll_A_001_phosphate_plate5.tif,1,848.000,848,848
10574,F8_01_1_2_Chlorophyll_A_001_phosphate_plate5.tif,1,912.000,912,912
10575,F8_01_1_2_Chlorophyll_A_001_phosphate_plate5.tif,2,792.000,784,800
10576,F8_01_1_2_Chlorophyll_A_001_phosphate_plate5.tif,1,816.000,816,816
10577,F8_01_1_2_Chlorophyll_A_001_phosphate_plate5.tif,1,880.000,880,880
10578,F8_01_1_2_Chlorophyll_A_001_phosphate_plate5.tif,2,872.000,832,912
10579,F8_01_1_2_Chlorophyll_A_001_phosphate_plate5.tif,1,800.000,800,800
10580,F8_01_1_2_Chlorophyll_A_001_phosphate_plate5.tif,1,816.000,816,816
10581,F8_01_1_2_Chlorophyll_A_001_phosphate_plate5.tif,1,784.000,784,784
10582,F8_01_1_2_Chlorophyll_A_001_phosphate_plate5.tif,1,784.000,784,784
10583,F8_01_1_2_Chlorophyll_A_001_phosphate_plate5.tif,2,824.000,768,880
10584,F8_01_1_2_Chlorophyll_A_001_phosphate_plate5.tif,1,1024.000,1024,1024
10585,F8_01_1_2_Chlorophyll_A_001_phosphate_plate5.tif,6,813.333,768,848
10586,F8_01_1_2_Chlorophyll_A_001_phosphate_plate5.tif,3,810.667,768,880
10587,F8_01_1_2_Chlorophyll_A_001_phosphate_plate5.tif,2,808.000,800,816
10588,F8_01_1_2_Chlorophyll_A_001_phosphate_plate5.tif,1,880.000,880,880
10589,F8_01_1_2_Chlorophyll_A_001_phosphate_plate5.tif,1,944.000,944,944
10590,F8_01_1_2_Chlorophyll_A_001_phosphate_plate5.tif,4,840.000,768,928
10591,F8_01_1_2_Chlorophyll_A_001_phosphate_plate5.tif,69,885.797,768,1136
10592,F8_01_1_2_Chlorophyll_A_001_phosphate_plate5.tif,36,872.000,768,1040
10593,F8_01_1_2_Chlorophyll_A_001_phosphate_plate5.tif,1,784.000,784,784
10594,F8_01_1_2_Chlorophyll_A_001_phosphate_plate5.tif,2,800.000,800,800
10595,F8_01_1_2_Chlorophyll_A_001_phosphate_plate5.tif,2,816.000,768,864
10596,F8_01_1_2_Chlorophyll_A_001_phosphate_plate5.tif,1,864.000,864,864
10597,F8_01_1_2_Chlorophyll_A_001_phosphate_plate5.tif,1,816.000,816,816
10598,F8_01_1_2_Chlorophyll_A_001_phosphate_plate5.tif,1,784.000,784,784
10599,F8_01_1_2_Chlorophyll_A_001_phosphate_plate5.tif,5,857.600,768,960
10600,F8_01_1_2_Chlorophyll_A_001_phosphate_plate5.tif,3,906.667,848,976
10601,F8_01_1_2_Chlorophyll_A_001_phosphate_plate5.tif,2,816.000,768,864
10602,F8_01_1_2_Chlorophyll_A_001_phosphate_plate5.tif,2,864.000,848,880
10603,F8_01_1_2_Chlorophyll_A_001_phosphate_plate5.tif,2,776.000,768,784
10604,F8_01_1_2_Chlorophyll_A_001_phosphate_plate5.tif,2,816.000,784,848
10605,F8_01_1_2_Chlorophyll_A_001_phosphate_plate5.tif,1,944.000,944,944
10606,F8_01_1_2_Chlorophyll_A_001_phosphate_plate5.tif,1,784.000,784,784
10607,F8_01_1_2_Chlorophyll_A_001_phosphate_plate5.tif,1,768.000,768,768
10608,F8_01_1_2_Chlorophyll_A_001_phosphate_plate5.tif,1,800.000,800,800
10609,F8_01_1_2_Chlorophyll_A_001_phosphate_plate5.tif,1,880.000,880,880
10610,F8_01_1_2_Chlorophyll_A_001_phosphate_plate5.tif,1,800.000,800,800
10611,F8_01_1_2_Chlorophyll_A_001_phosphate_plate5.tif,2,800.000,784,816
10612,F8_01_1_2_Chlorophyll_A_001_phosphate_plate5.tif,4,836.000,768,928
10613,F8_01_1_2_Chlorophyll_A_001_phosphate_plate5.tif,1,768.000,768,768
10614,F8_01_1_2_Chlorophyll_A_001_phosphate_plate5.tif,1,800.000,800,800
10615,F8_01_1_2_Chlorophyll_A_001_phosphate_plate5.tif,1,800.000,800,800
10616,F8_01_1_2_Chlorophyll_A_001_phosphate_plate5.tif,1,768.000,768,768
10617,F8_01_1_2_Chlorophyll_A_001_phosphate_plate5.tif,5,944.000,784,1088
10618,F8_01_1_2_Chlorophyll_A_001_phosphate_plate5.tif,1,912.000,912,912
10619,F8_01_1_2_Chlorophyll_A_001_phosphate_plate5.tif,1,768.000,768,768
10620,F8_01_1_2_Chlorophyll_A_001_phosphate_plate5.tif,1,768.000,768,768
10621,F8_01_1_2_Chlorophyll_A_001_phosphate_plate5.tif,1,816.000,816,816
10622,F8_01_1_2_Chlorophyll_A_001_phosphate_plate5.tif,3,826.667,768,896
10623,F8_01_1_2_Chlorophyll_A_001_phosphate_plate5.tif,1,800.000,800,800
10624,F8_01_1_2_Chlorophyll_A_001_phosphate_plate5.tif,1,784.000,784,784
10625,F8_01_1_2_Chlorophyll_A_001_phosphate_plate5.tif,3,784.000,784,784
10626,F8_01_1_2_Chlorophyll_A_001_phosphate_plate5.tif,10,844.800,768,944
10627,F8_01_1_2_Chlorophyll_A_001_phosphate_plate5.tif,7,832.000,768,1008
10628,F8_01_1_2_Chlorophyll_A_001_phosphate_plate5.tif,1,816.000,816,816
10629,F8_01_1_2_Chlorophyll_A_001_phosphate_plate5.tif,3,784.000,784,784
10630,F8_01_1_2_Chlorophyll_A_001_phosphate_plate5.tif,1,928.000,928,928
10631,F8_01_1_2_Chlorophyll_A_001_phosphate_plate5.tif,1,816.000,816,816
10632,F8_01_1_2_Chlorophyll_A_001_phosphate_plate5.tif,54,883.259,768,1136
10633,F8_01_1_2_Chlorophyll_A_001_phosphate_plate5.tif,40,865.600,768,1072
10634,F8_01_1_2_Chlorophyll_A_001_phosphate_plate5.tif,1,848.000,848,848
10635,F8_01_1_2_Chlorophyll_A_001_phosphate_plate5.tif,1,928.000,928,928
10636,F8_01_1_2_Chlorophyll_A_001_phosphate_plate5.tif,1,784.000,784,784
10637,F8_01_1_2_Chlorophyll_A_001_phosphate_plate5.tif,1,816.000,816,816
10638,F8_01_1_2_Chlorophyll_A_001_phosphate_plate5.tif,2,912.000,864,960
10639,F8_01_1_2_Chlorophyll_A_001_phosphate_plate5.tif,2,928.000,848,1008
10640,F8_01_1_2_Chlorophyll_A_001_phosphate_plate5.tif,7,806.857,768,880
10641,F8_01_1_2_Chlorophyll_A_001_phosphate_plate5.tif,3,880.000,800,960
10642,F8_01_1_2_Chlorophyll_A_001_phosphate_plate5.tif,7,880.000,768,976
10643,F8_01_1_2_Chlorophyll_A_001_phosphate_plate5.tif,1,816.000,816,816
10644,F8_01_1_2_Chlorophyll_A_001_phosphate_plate5.tif,1,784.000,784,784
10645,F8_01_1_2_Chlorophyll_A_001_phosphate_plate5.tif,1,768.000,768,768
10646,F8_01_1_2_Chlorophyll_A_001_phosphate_plate5.tif,3,784.000,768,800
10647,F8_01_1_2_Chlorophyll_A_001_phosphate_plate5.tif,2,776.000,768,784
10648,F8_01_1_2_Chlorophyll_A_001_phosphate_plate5.tif,1,768.000,768,768
10649,F8_01_1_2_Chlorophyll_A_001_phosphate_plate5.tif,1,768.000,768,768
10650,F8_01_1_2_Chlorophyll_A_001_phosphate_plate5.tif,3,794.667,784,816
10651,F8_01_1_2_Chlorophyll_A_001_phosphate_plate5.tif,3,826.667,784,864
10652,F8_01_1_2_Chlorophyll_A_001_phosphate_plate5.tif,6,826.667,768,880
10653,F8_01_1_2_Chlorophyll_A_001_phosphate_plate5.tif,1,928.000,928,928
10654,F8_01_1_2_Chlorophyll_A_001_phosphate_plate5.tif,6,832.000,784,960
10655,F8_01_1_2_Chlorophyll_A_001_phosphate_plate5.tif,4,840.000,768,928
10656,F8_01_1_2_Chlorophyll_A_001_phosphate_plate5.tif,1,864.000,864,864
10657,F8_01_1_2_Chlorophyll_A_001_phosphate_plate5.tif,1,816.000,816,816
10658,F8_01_1_2_Chlorophyll_A_001_phosphate_plate5.tif,1,864.000,864,864
10659,F8_01_1_2_Chlorophyll_A_001_phosphate_plate5.tif,3,885.333,816,1008
10660,F8_01_1_2_Chlorophyll_A_001_phosphate_plate5.tif,1,784.000,784,784
10661,F8_01_1_2_Chlorophyll_A_001_phosphate_plate5.tif,1,800.000,800,800
10662,F8_01_1_2_Chlorophyll_A_001_phosphate_plate5.tif,1,864.000,864,864
10663,F8_01_1_2_Chlorophyll_A_001_phosphate_plate5.tif,1,784.000,784,784
10664,F8_01_1_2_Chlorophyll_A_001_phosphate_plate5.tif,1,832.000,832,832
10665,F8_01_1_2_Chlorophyll_A_001_phosphate_plate5.tif,1,848.000,848,848
10666,F8_01_1_2_Chlorophyll_A_001_phosphate_plate5.tif,1,816.000,816,816
10667,F8_01_1_2_Chlorophyll_A_001_phosphate_plate5.tif,1,768.000,768,768
10668,F8_01_1_2_Chlorophyll_A_001_phosphate_plate5.tif,1,864.000,864,864
10669,F8_01_1_2_Chlorophyll_A_001_phosphate_plate5.tif,1,800.000,800,800
10670,F8_01_1_2_Chlorophyll_A_001_phosphate_plate5.tif,1,784.000,784,784
10671,F8_01_1_2_Chlorophyll_A_001_phosphate_plate5.tif,1,800.000,800,800
10672,F8_01_1_2_Chlorophyll_A_001_phosphate_plate5.tif,1,816.000,816,816
10673,F8_01_1_2_Chlorophyll_A_001_phosphate_plate5.tif,2,800.000,784,816
10674,F8_01_1_2_Chlorophyll_A_001_phosphate_plate5.tif,1,864.000,864,864
10675,F8_01_1_2_Chlorophyll_A_001_phosphate_plate5.tif,1,880.000,880,880
10676,F8_01_1_2_Chlorophyll_A_001_phosphate_plate5.tif,1,1040.000,1040,1040
10677,F8_01_1_2_Chlorophyll_A_001_phosphate_plate5.tif,1,928.000,928,928
10678,F8_01_1_2_Chlorophyll_A_001_phosphate_plate5.tif,2,984.000,896,1072
10679,F8_01_1_2_Chlorophyll_A_001_phosphate_plate5.tif,3,784.000,768,800
10680,F8_01_1_2_Chlorophyll_A_001_phosphate_plate5.tif,1,784.000,784,784
10681,F8_01_1_2_Chlorophyll_A_001_phosphate_plate5.tif,1,816.000,816,816
10682,F8_01_1_2_Chlorophyll_A_001_phosphate_plate5.tif,1,864.000,864,864
10683,F8_01_1_2_Chlorophyll_A_001_phosphate_plate5.tif,1,928.000,928,928
10684,F8_01_1_2_Chlorophyll_A_001_phosphate_plate5.tif,3,885.333,816,928
10685,F8_01_1_2_Chlorophyll_A_001_phosphate_plate5.tif,3,810.667,800,816
10686,F8_01_1_2_Chlorophyll_A_001_phosphate_plate5.tif,2,824.000,768,880
10687,F8_01_1_2_Chlorophyll_A_001_phosphate_plate5.tif,2,920.000,912,928
10688,F8_01_1_2_Chlorophyll_A_001_phosphate_plate5.tif,1,864.000,864,864
10689,F8_01_1_2_Chlorophyll_A_001_phosphate_plate5.tif,2,800.000,800,800
10690,F8_01_1_2_Chlorophyll_A_001_phosphate_plate5.tif,113,867.823,768,1216
10691,F8_01_1_2_Chlorophyll_A_001_phosphate_plate5.tif,1,832.000,832,832
10692,F8_01_1_2_Chlorophyll_A_001_phosphate_plate5.tif,1,832.000,832,832
10693,F8_01_1_2_Chlorophyll_A_001_phosphate_plate5.tif,5,793.600,768,832
10694,F8_01_1_2_Chlorophyll_A_001_phosphate_plate5.tif,1,784.000,784,784
10695,F8_01_1_2_Chlorophyll_A_001_phosphate_plate5.tif,1,816.000,816,816
10696,F8_01_1_2_Chlorophyll_A_001_phosphate_plate5.tif,2,872.000,800,944
10697,F8_01_1_2_Chlorophyll_A_001_phosphate_plate5.tif,1,784.000,784,784
10698,F8_01_1_2_Chlorophyll_A_001_phosphate_plate5.tif,2,848.000,816,880
10699,F8_01_1_2_Chlorophyll_A_001_phosphate_plate5.tif,1,784.000,784,784
10700,F8_01_1_2_Chlorophyll_A_001_phosphate_plate5.tif,1,896.000,896,896
10701,F8_01_1_2_Chlorophyll_A_001_phosphate_plate5.tif,2,848.000,848,848
10702,F8_01_1_2_Chlorophyll_A_001_phosphate_plate5.tif,1,816.000,816,816
10703,F8_01_1_2_Chlorophyll_A_001_phosphate_plate5.tif,3,858.667,784,912
10704,F8_01_1_2_Chlorophyll_A_001_phosphate_plate5.tif,1,768.000,768,768
10705,F8_01_1_2_Chlorophyll_A_001_phosphate_plate5.tif,1,800.000,800,800
10706,F8_01_1_2_Chlorophyll_A_001_phosphate_plate5.tif,1,816.000,816,816
10707,F8_01_1_2_Chlorophyll_A_001_phosphate_plate5.tif,1,800.000,800,800
10708,F8_01_1_2_Chlorophyll_A_001_phosphate_plate5.tif,7,816.000,768,880
10709,F8_01_1_2_Chlorophyll_A_001_phosphate_plate5.tif,1,800.000,800,800
10710,F8_01_1_2_Chlorophyll_A_001_phosphate_plate5.tif,3,944.000,784,1072
10711,F8_01_1_2_Chlorophyll_A_001_phosphate_plate5.tif,3,880.000,784,976
10712,F8_01_1_2_Chlorophyll_A_001_phosphate_plate5.tif,1,800.000,800,800
10713,F8_01_1_2_Chlorophyll_A_001_phosphate_plate5.tif,4,824.000,768,880
10714,F8_01_1_2_Chlorophyll_A_001_phosphate_plate5.tif,1,768.000,768,768
10715,F8_01_1_2_Chlorophyll_A_001_phosphate_plate5.tif,1,944.000,944,944
10716,F8_01_1_2_Chlorophyll_A_001_phosphate_plate5.tif,1,832.000,832,832
10717,F8_01_1_2_Chlorophyll_A_001_phosphate_plate5.tif,1,912.000,912,912
10718,F8_01_1_2_Chlorophyll_A_001_phosphate_plate5.tif,1,768.000,768,768
10719,F8_01_1_2_Chlorophyll_A_001_phosphate_plate5.tif,1,784.000,784,784
10720,F8_01_1_2_Chlorophyll_A_001_phosphate_plate5.tif,3,864.000,768,928
10721,F8_01_1_2_Chlorophyll_A_001_phosphate_plate5.tif,1,784.000,784,784
10722,F8_01_1_2_Chlorophyll_A_001_phosphate_plate5.tif,1,848.000,848,848
10723,F8_01_1_2_Chlorophyll_A_001_phosphate_plate5.tif,3,842.667,768,880
10724,F8_01_1_2_Chlorophyll_A_001_phosphate_plate5.tif,1,912.000,912,912
10725,F8_01_1_2_Chlorophyll_A_001_phosphate_plate5.tif,1,800.000,800,800
10726,F8_01_1_2_Chlorophyll_A_001_phosphate_plate5.tif,1,992.000,992,992
10727,F8_01_1_2_Chlorophyll_A_001_phosphate_plate5.tif,1,816.000,816,816
10728,F8_01_1_2_Chlorophyll_A_001_phosphate_plate5.tif,3,784.000,768,816
10729,F8_01_1_2_Chlorophyll_A_001_phosphate_plate5.tif,1,800.000,800,800
10730,F8_01_1_2_Chlorophyll_A_001_phosphate_plate5.tif,1,816.000,816,816
10731,F8_01_1_2_Chlorophyll_A_001_phosphate_plate5.tif,1,912.000,912,912
10732,F8_01_1_2_Chlorophyll_A_001_phosphate_plate5.tif,1,832.000,832,832
10733,F8_01_1_2_Chlorophyll_A_001_phosphate_plate5.tif,2,776.000,768,784
10734,F8_01_1_2_Chlorophyll_A_001_phosphate_plate5.tif,3,826.667,784,912
10735,F8_01_1_2_Chlorophyll_A_001_phosphate_plate5.tif,1,1024.000,1024,1024
10736,F8_01_1_2_Chlorophyll_A_001_phosphate_plate5.tif,105,899.810,768,1200
10737,F8_01_1_2_Chlorophyll_A_001_phosphate_plate5.tif,21,901.333,768,1056
10738,F8_01_1_2_Chlorophyll_A_001_phosphate_plate5.tif,43,858.047,768,1184
10739,F8_01_1_2_Chlorophyll_A_001_phosphate_plate5.tif,2,832.000,768,896
10740,F8_01_1_2_Chlorophyll_A_001_phosphate_plate5.tif,2,768.000,768,768
10741,F8_01_1_2_Chlorophyll_A_001_phosphate_plate5.tif,1,816.000,816,816
10742,F8_01_1_2_Chlorophyll_A_001_phosphate_plate5.tif,20,860.800,768,1072
10743,F8_01_1_2_Chlorophyll_A_001_phosphate_plate5.tif,1,928.000,928,928
10744,F8_01_1_2_Chlorophyll_A_001_phosphate_plate5.tif,1,880.000,880,880
10745,F8_01_1_2_Chlorophyll_A_001_phosphate_plate5.tif,2,784.000,768,800
10746,F8_01_1_2_Chlorophyll_A_001_phosphate_plate5.tif,1,864.000,864,864
10747,F8_01_1_2_Chlorophyll_A_001_phosphate_plate5.tif,1,848.000,848,848
10748,F8_01_1_2_Chlorophyll_A_001_phosphate_plate5.tif,1,816.000,816,816
10749,F8_01_1_2_Chlorophyll_A_001_phosphate_plate5.tif,1,784.000,784,784
10750,F8_01_1_2_Chlorophyll_A_001_phosphate_plate5.tif,5,832.000,768,944
10751,F8_01_1_2_Chlorophyll_A_001_phosphate_plate5.tif,4,884.000,800,1104
10752,F8_01_1_2_Chlorophyll_A_001_phosphate_plate5.tif,1,848.000,848,848
10753,F8_01_1_2_Chlorophyll_A_001_phosphate_plate5.tif,1,800.000,800,800
10754,F8_01_1_2_Chlorophyll_A_001_phosphate_plate5.tif,2,768.000,768,768
10755,F8_01_1_2_Chlorophyll_A_001_phosphate_plate5.tif,1,928.000,928,928
10756,F8_01_1_2_Chlorophyll_A_001_phosphate_plate5.tif,1,768.000,768,768
10757,F8_01_1_2_Chlorophyll_A_001_phosphate_plate5.tif,5,809.600,768,864
10758,F8_01_1_2_Chlorophyll_A_001_phosphate_plate5.tif,3,837.333,800,864
10759,F8_01_1_2_Chlorophyll_A_001_phosphate_plate5.tif,3,826.667,768,928
10760,F8_01_1_2_Chlorophyll_A_001_phosphate_plate5.tif,1,768.000,768,768
10761,F8_01_1_2_Chlorophyll_A_001_phosphate_plate5.tif,1,928.000,928,928
10762,F8_01_1_2_Chlorophyll_A_001_phosphate_plate5.tif,2,856.000,784,928
10763,F8_01_1_2_Chlorophyll_A_001_phosphate_plate5.tif,1,928.000,928,928
10764,F8_01_1_2_Chlorophyll_A_001_phosphate_plate5.tif,1,800.000,800,800
10765,F8_01_1_2_Chlorophyll_A_001_phosphate_plate5.tif,1,832.000,832,832
10766,F8_01_1_2_Chlorophyll_A_001_phosphate_plate5.tif,1,896.000,896,896
10767,F8_01_1_2_Chlorophyll_A_001_phosphate_plate5.tif,1,800.000,800,800
10768,F8_01_1_2_Chlorophyll_A_001_phosphate_plate5.tif,3,874.667,768,992
10769,F8_01_1_2_Chlorophyll_A_001_phosphate_plate5.tif,1,800.000,800,800
10770,F8_01_1_2_Chlorophyll_A_001_phosphate_plate5.tif,4,820.000,784,880
10771,F8_01_1_2_Chlorophyll_A_001_phosphate_plate5.tif,1,848.000,848,848
10772,F8_01_1_2_Chlorophyll_A_001_phosphate_plate5.tif,1,896.000,896,896
10773,F8_01_1_2_Chlorophyll_A_001_phosphate_plate5.tif,1,944.000,944,944
10774,F8_01_1_2_Chlorophyll_A_001_phosphate_plate5.tif,1,768.000,768,768
10775,F8_01_1_2_Chlorophyll_A_001_phosphate_plate5.tif,1,816.000,816,816
10776,F8_01_1_2_Chlorophyll_A_001_phosphate_plate5.tif,1,816.000,816,816
10777,F8_01_1_2_Chlorophyll_A_001_phosphate_plate5.tif,1,896.000,896,896
10778,F8_01_1_2_Chlorophyll_A_001_phosphate_plate5.tif,1,816.000,816,816
10779,F8_01_1_2_Chlorophyll_A_001_phosphate_plate5.tif,1,864.000,864,864
10780,F8_01_1_2_Chlorophyll_A_001_phosphate_plate5.tif,2,816.000,784,848
10781,F8_01_1_2_Chlorophyll_A_001_phosphate_plate5.tif,7,875.429,768,1024
10782,F8_01_1_2_Chlorophyll_A_001_phosphate_plate5.tif,2,840.000,768,912
10783,F8_01_1_2_Chlorophyll_A_001_phosphate_plate5.tif,1,768.000,768,768
10784,F8_01_1_2_Chlorophyll_A_001_phosphate_plate5.tif,1,768.000,768,768
10785,F8_01_1_2_Chlorophyll_A_001_phosphate_plate5.tif,38,855.158,768,992
10786,F8_01_1_2_Chlorophyll_A_001_phosphate_plate5.tif,6,866.667,768,1040
10787,F8_01_1_2_Chlorophyll_A_001_phosphate_plate5.tif,39,899.282,768,1152
10788,F8_01_1_2_Chlorophyll_A_001_phosphate_plate5.tif,81,884.543,768,1136
10789,F8_01_1_2_Chlorophyll_A_001_phosphate_plate5.tif,1,768.000,768,768
10790,F8_01_1_2_Chlorophyll_A_001_phosphate_plate5.tif,2,784.000,768,800
10791,F8_01_1_2_Chlorophyll_A_001_phosphate_plate5.tif,1,800.000,800,800
10792,F8_01_1_2_Chlorophyll_A_001_phosphate_plate5.tif,21,836.571,768,912
10793,F8_01_1_2_Chlorophyll_A_001_phosphate_plate5.tif,2,792.000,768,816
10794,F8_01_1_2_Chlorophyll_A_001_phosphate_plate5.tif,2,848.000,768,928
10795,F8_01_1_2_Chlorophyll_A_001_phosphate_plate5.tif,10,875.200,768,1040
10796,F8_01_1_2_Chlorophyll_A_001_phosphate_plate5.tif,1,784.000,784,784
10797,F8_01_1_2_Chlorophyll_A_001_phosphate_plate5.tif,3,778.667,768,800
10798,F8_01_1_2_Chlorophyll_A_001_phosphate_plate5.tif,1,880.000,880,880
10799,F8_01_1_2_Chlorophyll_A_001_phosphate_plate5.tif,1,896.000,896,896
10800,F8_01_1_2_Chlorophyll_A_001_phosphate_plate5.tif,3,821.333,768,880
10801,F8_01_1_2_Chlorophyll_A_001_phosphate_plate5.tif,1,816.000,816,816
10802,F8_01_1_2_Chlorophyll_A_001_phosphate_plate5.tif,1,976.000,976,976
10803,F8_01_1_2_Chlorophyll_A_001_phosphate_plate5.tif,1,1056.000,1056,1056
10804,F8_01_1_2_Chlorophyll_A_001_phosphate_plate5.tif,3,864.000,768,992
10805,F8_01_1_2_Chlorophyll_A_001_phosphate_plate5.tif,13,822.154,768,896
10806,F8_01_1_2_Chlorophyll_A_001_phosphate_plate5.tif,2,872.000,800,944
10807,F8_01_1_2_Chlorophyll_A_001_phosphate_plate5.tif,1,784.000,784,784
10808,F8_01_1_2_Chlorophyll_A_001_phosphate_plate5.tif,1,768.000,768,768
10809,F8_01_1_2_Chlorophyll_A_001_phosphate_plate5.tif,1,928.000,928,928
10810,F8_01_1_2_Chlorophyll_A_001_phosphate_plate5.tif,1,816.000,816,816
10811,F8_01_1_2_Chlorophyll_A_001_phosphate_plate5.tif,1,928.000,928,928
10812,F8_01_1_2_Chlorophyll_A_001_phosphate_plate5.tif,2,840.000,816,864
10813,F8_01_1_2_Chlorophyll_A_001_phosphate_plate5.tif,2,792.000,768,816
10814,F8_01_1_2_Chlorophyll_A_001_phosphate_plate5.tif,2,880.000,864,896
10815,F8_01_1_2_Chlorophyll_A_001_phosphate_plate5.tif,102,2452.078,768,14368
10816,F8_01_1_2_Chlorophyll_A_001_phosphate_plate5.tif,2,800.000,784,816
10817,F8_01_1_2_Chlorophyll_A_001_phosphate_plate5.tif,2,848.000,768,928
10818,F8_01_1_2_Chlorophyll_A_001_phosphate_plate5.tif,1,800.000,800,800
10819,F8_01_1_2_Chlorophyll_A_001_phosphate_plate5.tif,1,800.000,800,800
10820,F8_01_1_2_Chlorophyll_A_001_phosphate_plate5.tif,4,788.000,768,832
10821,F8_01_1_2_Chlorophyll_A_001_phosphate_plate5.tif,1,880.000,880,880
10822,F8_01_1_2_Chlorophyll_A_001_phosphate_plate5.tif,1,864.000,864,864
10823,F8_01_1_2_Chlorophyll_A_001_phosphate_plate5.tif,2,824.000,800,848
10824,F8_01_1_2_Chlorophyll_A_001_phosphate_plate5.tif,1,848.000,848,848
10825,F8_01_1_2_Chlorophyll_A_001_phosphate_plate5.tif,1,784.000,784,784
10826,F8_01_1_2_Chlorophyll_A_001_phosphate_plate5.tif,1,880.000,880,880
10827,F8_01_1_2_Chlorophyll_A_001_phosphate_plate5.tif,1,768.000,768,768
10828,F8_01_1_2_Chlorophyll_A_001_phosphate_plate5.tif,1,848.000,848,848
10829,F8_01_1_2_Chlorophyll_A_001_phosphate_plate5.tif,1,928.000,928,928
10830,F8_01_1_2_Chlorophyll_A_001_phosphate_plate5.tif,3,848.000,800,912
10831,F8_01_1_2_Chlorophyll_A_001_phosphate_plate5.tif,1,944.000,944,944
10832,F8_01_1_2_Chlorophyll_A_001_phosphate_plate5.tif,1,768.000,768,768
10833,F8_01_1_2_Chlorophyll_A_001_phosphate_plate5.tif,1,848.000,848,848
10834,F8_01_1_2_Chlorophyll_A_001_phosphate_plate5.tif,1,848.000,848,848
10835,F8_01_1_2_Chlorophyll_A_001_phosphate_plate5.tif,1,784.000,784,784
10836,F8_01_1_2_Chlorophyll_A_001_phosphate_plate5.tif,1,768.000,768,768
10837,F8_01_1_2_Chlorophyll_A_001_phosphate_plate5.tif,2,960.000,928,992
10838,F8_01_1_2_Chlorophyll_A_001_phosphate_plate5.tif,4,804.000,784,816
10839,F8_01_1_2_Chlorophyll_A_001_phosphate_plate5.tif,11,852.364,768,976
10840,F8_01_1_2_Chlorophyll_A_001_phosphate_plate5.tif,15,832.000,768,1040
10841,F8_01_1_2_Chlorophyll_A_001_phosphate_plate5.tif,13,818.462,768,928
10842,F8_01_1_2_Chlorophyll_A_001_phosphate_plate5.tif,1,784.000,784,784
10843,F8_01_1_2_Chlorophyll_A_001_phosphate_plate5.tif,1,896.000,896,896
10844,F8_01_1_2_Chlorophyll_A_001_phosphate_plate5.tif,1,832.000,832,832
10845,F8_01_1_2_Chlorophyll_A_001_phosphate_plate5.tif,1,784.000,784,784
10846,F8_01_1_2_Chlorophyll_A_001_phosphate_plate5.tif,1,800.000,800,800
10847,F8_01_1_2_Chlorophyll_A_001_phosphate_plate5.tif,1,784.000,784,784
10848,F8_01_1_2_Chlorophyll_A_001_phosphate_plate5.tif,3,853.333,768,1024
10849,F8_01_1_2_Chlorophyll_A_001_phosphate_plate5.tif,3,853.333,768,976
10850,F8_01_1_2_Chlorophyll_A_001_phosphate_plate5.tif,1,800.000,800,800
10851,F8_01_1_2_Chlorophyll_A_001_phosphate_plate5.tif,4,844.000,784,912
10852,F8_01_1_2_Chlorophyll_A_001_phosphate_plate5.tif,3,816.000,768,896
10853,F8_01_1_2_Chlorophyll_A_001_phosphate_plate5.tif,3,821.333,784,880
10854,F8_01_1_2_Chlorophyll_A_001_phosphate_plate5.tif,4,820.000,768,912
10855,F8_01_1_2_Chlorophyll_A_001_phosphate_plate5.tif,2,792.000,784,800
10856,F8_01_1_2_Chlorophyll_A_001_phosphate_plate5.tif,1,848.000,848,848
10857,F8_01_1_2_Chlorophyll_A_001_phosphate_plate5.tif,1,880.000,880,880
10858,F8_01_1_2_Chlorophyll_A_001_phosphate_plate5.tif,1,768.000,768,768
10859,F8_01_1_2_Chlorophyll_A_001_phosphate_plate5.tif,1,944.000,944,944
10860,F8_01_1_2_Chlorophyll_A_001_phosphate_plate5.tif,1,800.000,800,800
10861,F8_01_1_2_Chlorophyll_A_001_phosphate_plate5.tif,1,848.000,848,848
10862,F8_01_1_2_Chlorophyll_A_001_phosphate_plate5.tif,1,800.000,800,800
10863,F8_01_1_2_Chlorophyll_A_001_phosphate_plate5.tif,3,837.333,768,896
10864,F8_01_1_2_Chlorophyll_A_001_phosphate_plate5.tif,1,768.000,768,768
10865,F8_01_1_2_Chlorophyll_A_001_phosphate_plate5.tif,3,842.667,768,976
10866,F8_01_1_2_Chlorophyll_A_001_phosphate_plate5.tif,2,824.000,768,880
10867,F8_01_1_2_Chlorophyll_A_001_phosphate_plate5.tif,1,832.000,832,832
10868,F8_01_1_2_Chlorophyll_A_001_phosphate_plate5.tif,2,864.000,816,912
10869,F8_01_1_2_Chlorophyll_A_001_phosphate_plate5.tif,2,808.000,800,816
10870,F8_01_1_2_Chlorophyll_A_001_phosphate_plate5.tif,1,816.000,816,816
10871,F8_01_1_2_Chlorophyll_A_001_phosphate_plate5.tif,1,784.000,784,784
10872,F8_01_1_2_Chlorophyll_A_001_phosphate_plate5.tif,2,856.000,848,864
10873,F8_01_1_2_Chlorophyll_A_001_phosphate_plate5.tif,2,824.000,816,832
10874,F8_01_1_2_Chlorophyll_A_001_phosphate_plate5.tif,2,968.000,880,1056
10875,F8_01_1_2_Chlorophyll_A_001_phosphate_plate5.tif,19,889.263,768,1072
10876,F8_01_1_2_Chlorophyll_A_001_phosphate_plate5.tif,11,859.636,816,928
10877,F8_01_1_2_Chlorophyll_A_001_phosphate_plate5.tif,48,879.667,768,1072
10878,F8_01_1_2_Chlorophyll_A_001_phosphate_plate5.tif,31,855.226,768,1088
10879,F8_01_1_2_Chlorophyll_A_001_phosphate_plate5.tif,13,912.000,768,1072
10880,F8_01_1_2_Chlorophyll_A_001_phosphate_plate5.tif,387,1975.607,768,17120
10881,F8_01_1_2_Chlorophyll_A_001_phosphate_plate5.tif,56,859.143,768,1056
10882,F8_01_1_2_Chlorophyll_A_001_phosphate_plate5.tif,2,808.000,784,832
10883,F8_01_1_2_Chlorophyll_A_001_phosphate_plate5.tif,20,858.400,768,1040
10884,F8_01_1_2_Chlorophyll_A_001_phosphate_plate5.tif,12,857.333,784,1072
10885,F8_01_1_2_Chlorophyll_A_001_phosphate_plate5.tif,2,944.000,928,960
10886,F8_01_1_2_Chlorophyll_A_001_phosphate_plate5.tif,2,776.000,768,784
10887,F8_01_1_2_Chlorophyll_A_001_phosphate_plate5.tif,1,816.000,816,816
10888,F8_01_1_2_Chlorophyll_A_001_phosphate_plate5.tif,2,792.000,784,800
10889,F8_01_1_2_Chlorophyll_A_001_phosphate_plate5.tif,4,808.000,768,864
10890,F8_01_1_2_Chlorophyll_A_001_phosphate_plate5.tif,1,816.000,816,816
10891,F8_01_1_2_Chlorophyll_A_001_phosphate_plate5.tif,1,816.000,816,816
10892,F8_01_1_2_Chlorophyll_A_001_phosphate_plate5.tif,1,800.000,800,800
10893,F8_01_1_2_Chlorophyll_A_001_phosphate_plate5.tif,1,784.000,784,784
10894,F8_01_1_2_Chlorophyll_A_001_phosphate_plate5.tif,1,784.000,784,784
10895,F8_01_1_2_Chlorophyll_A_001_phosphate_plate5.tif,5,841.600,784,928
10896,F8_01_1_2_Chlorophyll_A_001_phosphate_plate5.tif,3,794.667,784,800
10897,F8_01_1_2_Chlorophyll_A_001_phosphate_plate5.tif,1,768.000,768,768
10898,F8_01_1_2_Chlorophyll_A_001_phosphate_plate5.tif,5,832.000,768,944
10899,F8_01_1_2_Chlorophyll_A_001_phosphate_plate5.tif,1,768.000,768,768
10900,F8_01_1_2_Chlorophyll_A_001_phosphate_plate5.tif,1,832.000,832,832
10901,F8_01_1_2_Chlorophyll_A_001_phosphate_plate5.tif,1,816.000,816,816
10902,F8_01_1_2_Chlorophyll_A_001_phosphate_plate5.tif,1,1040.000,1040,1040
10903,F8_01_1_2_Chlorophyll_A_001_phosphate_plate5.tif,1,784.000,784,784
10904,F8_01_1_2_Chlorophyll_A_001_phosphate_plate5.tif,2,840.000,816,864
10905,F8_01_1_2_Chlorophyll_A_001_phosphate_plate5.tif,3,794.667,784,816
10906,F8_01_1_2_Chlorophyll_A_001_phosphate_plate5.tif,2,880.000,848,912
10907,F8_01_1_2_Chlorophyll_A_001_phosphate_plate5.tif,1,800.000,800,800
10908,F8_01_1_2_Chlorophyll_A_001_phosphate_plate5.tif,1,896.000,896,896
10909,F8_01_1_2_Chlorophyll_A_001_phosphate_plate5.tif,1,800.000,800,800
10910,F8_01_1_2_Chlorophyll_A_001_phosphate_plate5.tif,4,808.000,768,896
10911,F8_01_1_2_Chlorophyll_A_001_phosphate_plate5.tif,4,840.000,816,864
10912,F8_01_1_2_Chlorophyll_A_001_phosphate_plate5.tif,1,880.000,880,880
10913,F8_01_1_2_Chlorophyll_A_001_phosphate_plate5.tif,1,784.000,784,784
10914,F8_01_1_2_Chlorophyll_A_001_phosphate_plate5.tif,1,816.000,816,816
10915,F8_01_1_2_Chlorophyll_A_001_phosphate_plate5.tif,1,816.000,816,816
10916,F8_01_1_2_Chlorophyll_A_001_phosphate_plate5.tif,1,880.000,880,880
10917,F8_01_1_2_Chlorophyll_A_001_phosphate_plate5.tif,2,808.000,768,848
10918,F8_01_1_2_Chlorophyll_A_001_phosphate_plate5.tif,1,800.000,800,800
10919,F8_01_1_2_Chlorophyll_A_001_phosphate_plate5.tif,1,992.000,992,992
10920,F8_01_1_2_Chlorophyll_A_001_phosphate_plate5.tif,5,806.400,768,848
10921,F8_01_1_2_Chlorophyll_A_001_phosphate_plate5.tif,2,840.000,816,864
10922,F8_01_1_2_Chlorophyll_A_001_phosphate_plate5.tif,1,912.000,912,912
10923,F8_01_1_2_Chlorophyll_A_001_phosphate_plate5.tif,2,880.000,800,960
10924,F8_01_1_2_Chlorophyll_A_001_phosphate_plate5.tif,3,816.000,768,880
10925,F8_01_1_2_Chlorophyll_A_001_phosphate_plate5.tif,23,910.609,768,1072
10926,F8_01_1_2_Chlorophyll_A_001_phosphate_plate5.tif,1,816.000,816,816
10927,F8_01_1_2_Chlorophyll_A_001_phosphate_plate5.tif,1,784.000,784,784
10928,F8_01_1_2_Chlorophyll_A_001_phosphate_plate5.tif,3,800.000,768,816
10929,F8_01_1_2_Chlorophyll_A_001_phosphate_plate5.tif,4,912.000,784,1072
10930,F8_01_1_2_Chlorophyll_A_001_phosphate_plate5.tif,23,845.217,768,1072
10931,F8_01_1_2_Chlorophyll_A_001_phosphate_plate5.tif,1,864.000,864,864
10932,F8_01_1_2_Chlorophyll_A_001_phosphate_plate5.tif,1,784.000,784,784
10933,F8_01_1_2_Chlorophyll_A_001_phosphate_plate5.tif,4,808.000,784,864
10934,F8_01_1_2_Chlorophyll_A_001_phosphate_plate5.tif,2,832.000,784,880
10935,F8_01_1_2_Chlorophyll_A_001_phosphate_plate5.tif,1,784.000,784,784
10936,F8_01_1_2_Chlorophyll_A_001_phosphate_plate5.tif,1,768.000,768,768
10937,F8_01_1_2_Chlorophyll_A_001_phosphate_plate5.tif,1,928.000,928,928
10938,F8_01_1_2_Chlorophyll_A_001_phosphate_plate5.tif,1,784.000,784,784
10939,F8_01_1_2_Chlorophyll_A_001_phosphate_plate5.tif,2,848.000,816,880
10940,F8_01_1_2_Chlorophyll_A_001_phosphate_plate5.tif,3,821.333,784,848
10941,F8_01_1_2_Chlorophyll_A_001_phosphate_plate5.tif,2,792.000,768,816
10942,F8_01_1_2_Chlorophyll_A_001_phosphate_plate5.tif,6,829.333,768,1008
10943,F8_01_1_2_Chlorophyll_A_001_phosphate_plate5.tif,3,853.333,768,976
10944,F8_01_1_2_Chlorophyll_A_001_phosphate_plate5.tif,4,836.000,768,960
10945,F8_01_1_2_Chlorophyll_A_001_phosphate_plate5.tif,1,864.000,864,864
10946,F8_01_1_2_Chlorophyll_A_001_phosphate_plate5.tif,3,874.667,832,912
10947,F8_01_1_2_Chlorophyll_A_001_phosphate_plate5.tif,1,912.000,912,912
10948,F8_01_1_2_Chlorophyll_A_001_phosphate_plate5.tif,2,792.000,784,800
10949,F8_01_1_2_Chlorophyll_A_001_phosphate_plate5.tif,1,976.000,976,976
10950,F8_01_1_2_Chlorophyll_A_001_phosphate_plate5.tif,2,808.000,784,832
10951,F8_01_1_2_Chlorophyll_A_001_phosphate_plate5.tif,1,768.000,768,768
10952,F8_01_1_2_Chlorophyll_A_001_phosphate_plate5.tif,1,768.000,768,768
10953,F8_01_1_2_Chlorophyll_A_001_phosphate_plate5.tif,1,848.000,848,848
10954,F8_01_1_2_Chlorophyll_A_001_phosphate_plate5.tif,2,768.000,768,768
10955,F8_01_1_2_Chlorophyll_A_001_phosphate_plate5.tif,1,960.000,960,960
10956,F8_01_1_2_Chlorophyll_A_001_phosphate_plate5.tif,1,880.000,880,880
10957,F8_01_1_2_Chlorophyll_A_001_phosphate_plate5.tif,2,848.000,784,912
10958,F8_01_1_2_Chlorophyll_A_001_phosphate_plate5.tif,1,848.000,848,848
10959,F8_01_1_2_Chlorophyll_A_001_phosphate_plate5.tif,1,768.000,768,768
10960,F8_01_1_2_Chlorophyll_A_001_phosphate_plate5.tif,1,800.000,800,800
10961,F8_01_1_2_Chlorophyll_A_001_phosphate_plate5.tif,1,944.000,944,944
10962,F8_01_1_2_Chlorophyll_A_001_phosphate_plate5.tif,1,784.000,784,784
10963,F8_01_1_2_Chlorophyll_A_001_phosphate_plate5.tif,3,778.667,768,784
10964,F8_01_1_2_Chlorophyll_A_001_phosphate_plate5.tif,1,800.000,800,800
10965,F8_01_1_2_Chlorophyll_A_001_phosphate_plate5.tif,1,848.000,848,848
10966,F8_01_1_2_Chlorophyll_A_001_phosphate_plate5.tif,6,853.333,784,976
10967,F8_01_1_2_Chlorophyll_A_001_phosphate_plate5.tif,1,864.000,864,864
10968,F8_01_1_2_Chlorophyll_A_001_phosphate_plate5.tif,1,800.000,800,800
10969,F8_01_1_2_Chlorophyll_A_001_phosphate_plate5.tif,1,784.000,784,784
10970,F8_01_1_2_Chlorophyll_A_001_phosphate_plate5.tif,3,826.667,784,848
10971,F8_01_1_2_Chlorophyll_A_001_phosphate_plate5.tif,1,832.000,832,832
10972,F8_01_1_2_Chlorophyll_A_001_phosphate_plate5.tif,2,864.000,768,960
10973,F8_01_1_2_Chlorophyll_A_001_phosphate_plate5.tif,2,872.000,848,896
10974,F8_01_1_2_Chlorophyll_A_001_phosphate_plate5.tif,1,912.000,912,912
10975,F8_01_1_2_Chlorophyll_A_001_phosphate_plate5.tif,1,864.000,864,864
10976,F8_01_1_2_Chlorophyll_A_001_phosphate_plate5.tif,9,821.333,768,896
10977,F8_01_1_2_Chlorophyll_A_001_phosphate_plate5.tif,8,828.000,768,896
10978,F8_01_1_2_Chlorophyll_A_001_phosphate_plate5.tif,15,882.133,768,1088
10979,F8_01_1_2_Chlorophyll_A_001_phosphate_plate5.tif,289,1556.983,768,12688
10980,F8_01_1_2_Chlorophyll_A_001_phosphate_plate5.tif,14,848.000,784,1072
10981,F8_01_1_2_Chlorophyll_A_001_phosphate_plate5.tif,1,880.000,880,880
10982,F8_01_1_2_Chlorophyll_A_001_phosphate_plate5.tif,1,768.000,768,768
10983,F8_01_1_2_Chlorophyll_A_001_phosphate_plate5.tif,5,886.400,784,1088
10984,F8_01_1_2_Chlorophyll_A_001_phosphate_plate5.tif,2,864.000,848,880
10985,F8_01_1_2_Chlorophyll_A_001_phosphate_plate5.tif,2,792.000,784,800
10986,F8_01_1_2_Chlorophyll_A_001_phosphate_plate5.tif,1,784.000,784,784
10987,F8_01_1_2_Chlorophyll_A_001_phosphate_plate5.tif,1,784.000,784,784
10988,F8_01_1_2_Chlorophyll_A_001_phosphate_plate5.tif,3,885.333,784,1040
10989,F8_01_1_2_Chlorophyll_A_001_phosphate_plate5.tif,1,832.000,832,832
10990,F8_01_1_2_Chlorophyll_A_001_phosphate_plate5.tif,1,784.000,784,784
10991,F8_01_1_2_Chlorophyll_A_001_phosphate_plate5.tif,4,832.000,784,864
10992,F8_01_1_2_Chlorophyll_A_001_phosphate_plate5.tif,2,776.000,768,784
10993,F8_01_1_2_Chlorophyll_A_001_phosphate_plate5.tif,2,808.000,768,848
10994,F8_01_1_2_Chlorophyll_A_001_phosphate_plate5.tif,1,832.000,832,832
10995,F8_01_1_2_Chlorophyll_A_001_phosphate_plate5.tif,5,828.800,768,896
10996,F8_01_1_2_Chlorophyll_A_001_phosphate_plate5.tif,1,848.000,848,848
10997,F8_01_1_2_Chlorophyll_A_001_phosphate_plate5.tif,1,880.000,880,880
10998,F8_01_1_2_Chlorophyll_A_001_phosphate_plate5.tif,5,870.400,768,1072
10999,F8_01_1_2_Chlorophyll_A_001_phosphate_plate5.tif,1,896.000,896,896
11000,F8_01_1_2_Chlorophyll_A_001_phosphate_plate5.tif,4,808.000,768,848
11001,F8_01_1_2_Chlorophyll_A_001_phosphate_plate5.tif,145,2769.214,768,14448
11002,F8_01_1_2_Chlorophyll_A_001_phosphate_plate5.tif,1,768.000,768,768
11003,F8_01_1_2_Chlorophyll_A_001_phosphate_plate5.tif,1,800.000,800,800
11004,F8_01_1_2_Chlorophyll_A_001_phosphate_plate5.tif,1,816.000,816,816
11005,F8_01_1_2_Chlorophyll_A_001_phosphate_plate5.tif,1,784.000,784,784
11006,F8_01_1_2_Chlorophyll_A_001_phosphate_plate5.tif,3,810.667,768,864
11007,F8_01_1_2_Chlorophyll_A_001_phosphate_plate5.tif,1,928.000,928,928
11008,F8_01_1_2_Chlorophyll_A_001_phosphate_plate5.tif,1,800.000,800,800
11009,F8_01_1_2_Chlorophyll_A_001_phosphate_plate5.tif,4,820.000,800,864
11010,F8_01_1_2_Chlorophyll_A_001_phosphate_plate5.tif,1,864.000,864,864
11011,F8_01_1_2_Chlorophyll_A_001_phosphate_plate5.tif,1,848.000,848,848
11012,F8_01_1_2_Chlorophyll_A_001_phosphate_plate5.tif,1,768.000,768,768
11013,F8_01_1_2_Chlorophyll_A_001_phosphate_plate5.tif,1,768.000,768,768
11014,F8_01_1_2_Chlorophyll_A_001_phosphate_plate5.tif,1,816.000,816,816
11015,F8_01_1_2_Chlorophyll_A_001_phosphate_plate5.tif,3,821.333,800,848
11016,F8_01_1_2_Chlorophyll_A_001_phosphate_plate5.tif,1,784.000,784,784
11017,F8_01_1_2_Chlorophyll_A_001_phosphate_plate5.tif,1,912.000,912,912
11018,F8_01_1_2_Chlorophyll_A_001_phosphate_plate5.tif,1,800.000,800,800
11019,F8_01_1_2_Chlorophyll_A_001_phosphate_plate5.tif,1,800.000,800,800
11020,F8_01_1_2_Chlorophyll_A_001_phosphate_plate5.tif,1,880.000,880,880
11021,F8_01_1_2_Chlorophyll_A_001_phosphate_plate5.tif,1,864.000,864,864
11022,F8_01_1_2_Chlorophyll_A_001_phosphate_plate5.tif,3,832.000,800,880
11023,F8_01_1_2_Chlorophyll_A_001_phosphate_plate5.tif,1,800.000,800,800
11024,F8_01_1_2_Chlorophyll_A_001_phosphate_plate5.tif,2,784.000,768,800
11025,F8_01_1_2_Chlorophyll_A_001_phosphate_plate5.tif,1,784.000,784,784
11026,F8_01_1_2_Chlorophyll_A_001_phosphate_plate5.tif,1,832.000,832,832
11027,F8_01_1_2_Chlorophyll_A_001_phosphate_plate5.tif,45,866.133,768,1104
11028,F8_01_1_2_Chlorophyll_A_001_phosphate_plate5.tif,18,895.111,784,1168
11029,F8_01_1_2_Chlorophyll_A_001_phosphate_plate5.tif,38,872.421,768,1120
11030,F8_01_1_2_Chlorophyll_A_001_phosphate_plate5.tif,21,864.000,768,1040
11031,F8_01_1_2_Chlorophyll_A_001_phosphate_plate5.tif,9,894.222,768,1056
11032,F8_01_1_2_Chlorophyll_A_001_phosphate_plate5.tif,1,848.000,848,848
11033,F8_01_1_2_Chlorophyll_A_001_phosphate_plate5.tif,17,858.353,768,1008
11034,F8_01_1_2_Chlorophyll_A_001_phosphate_plate5.tif,1,992.000,992,992
11035,F8_01_1_2_Chlorophyll_A_001_phosphate_plate5.tif,1,896.000,896,896
11036,F8_01_1_2_Chlorophyll_A_001_phosphate_plate5.tif,1,784.000,784,784
11037,F8_01_1_2_Chlorophyll_A_001_phosphate_plate5.tif,2,800.000,784,816
11038,F8_01_1_2_Chlorophyll_A_001_phosphate_plate5.tif,1,784.000,784,784
11039,F8_01_1_2_Chlorophyll_A_001_phosphate_plate5.tif,3,853.333,800,896
11040,F8_01_1_2_Chlorophyll_A_001_phosphate_plate5.tif,1,784.000,784,784
11041,F8_01_1_2_Chlorophyll_A_001_phosphate_plate5.tif,2,800.000,768,832
11042,F8_01_1_2_Chlorophyll_A_001_phosphate_plate5.tif,1,768.000,768,768
11043,F8_01_1_2_Chlorophyll_A_001_phosphate_plate5.tif,3,853.333,800,912
11044,F8_01_1_2_Chlorophyll_A_001_phosphate_plate5.tif,1,960.000,960,960
11045,F8_01_1_2_Chlorophyll_A_001_phosphate_plate5.tif,1,896.000,896,896
11046,F8_01_1_2_Chlorophyll_A_001_phosphate_plate5.tif,1,816.000,816,816
11047,F8_01_1_2_Chlorophyll_A_001_phosphate_plate5.tif,2,792.000,768,816
11048,F8_01_1_2_Chlorophyll_A_001_phosphate_plate5.tif,1,832.000,832,832
11049,F8_01_1_2_Chlorophyll_A_001_phosphate_plate5.tif,1,896.000,896,896
11050,F8_01_1_2_Chlorophyll_A_001_phosphate_plate5.tif,1,816.000,816,816
11051,F8_01_1_2_Chlorophyll_A_001_phosphate_plate5.tif,1,784.000,784,784
11052,F8_01_1_2_Chlorophyll_A_001_phosphate_plate5.tif,1,880.000,880,880
11053,F8_01_1_2_Chlorophyll_A_001_phosphate_plate5.tif,1,768.000,768,768
11054,F8_01_1_2_Chlorophyll_A_001_phosphate_plate5.tif,1,768.000,768,768
11055,F8_01_1_2_Chlorophyll_A_001_phosphate_plate5.tif,1,800.000,800,800
11056,F8_01_1_2_Chlorophyll_A_001_phosphate_plate5.tif,1,880.000,880,880
11057,F8_01_1_2_Chlorophyll_A_001_phosphate_plate5.tif,1,1008.000,1008,1008
11058,F8_01_1_2_Chlorophyll_A_001_phosphate_plate5.tif,1,848.000,848,848
11059,F8_01_1_2_Chlorophyll_A_001_phosphate_plate5.tif,1,832.000,832,832
11060,F8_01_1_2_Chlorophyll_A_001_phosphate_plate5.tif,3,858.667,768,960
11061,F8_01_1_2_Chlorophyll_A_001_phosphate_plate5.tif,1,800.000,800,800
11062,F8_01_1_2_Chlorophyll_A_001_phosphate_plate5.tif,1,768.000,768,768
11063,F8_01_1_2_Chlorophyll_A_001_phosphate_plate5.tif,1,800.000,800,800
11064,F8_01_1_2_Chlorophyll_A_001_phosphate_plate5.tif,3,784.000,768,800
11065,F8_01_1_2_Chlorophyll_A_001_phosphate_plate5.tif,1,848.000,848,848
11066,F8_01_1_2_Chlorophyll_A_001_phosphate_plate5.tif,1,848.000,848,848
11067,F8_01_1_2_Chlorophyll_A_001_phosphate_plate5.tif,2,768.000,768,768
11068,F8_01_1_2_Chlorophyll_A_001_phosphate_plate5.tif,1,848.000,848,848
11069,F8_01_1_2_Chlorophyll_A_001_phosphate_plate5.tif,1,784.000,784,784
11070,F8_01_1_2_Chlorophyll_A_001_phosphate_plate5.tif,2,824.000,800,848
11071,F8_01_1_2_Chlorophyll_A_001_phosphate_plate5.tif,4,828.000,768,960
11072,F8_01_1_2_Chlorophyll_A_001_phosphate_plate5.tif,1,848.000,848,848
11073,F8_01_1_2_Chlorophyll_A_001_phosphate_plate5.tif,1,928.000,928,928
11074,F8_01_1_2_Chlorophyll_A_001_phosphate_plate5.tif,1,832.000,832,832
11075,F8_01_1_2_Chlorophyll_A_001_phosphate_plate5.tif,1,800.000,800,800
11076,F8_01_1_2_Chlorophyll_A_001_phosphate_plate5.tif,1,768.000,768,768
11077,F8_01_1_2_Chlorophyll_A_001_phosphate_plate5.tif,1,848.000,848,848
11078,F8_01_1_2_Chlorophyll_A_001_phosphate_plate5.tif,3,789.333,768,832
11079,F8_01_1_2_Chlorophyll_A_001_phosphate_plate5.tif,5,864.000,784,928
11080,F8_01_1_2_Chlorophyll_A_001_phosphate_plate5.tif,8,824.000,784,864
11081,F8_01_1_2_Chlorophyll_A_001_phosphate_plate5.tif,19,869.053,768,1104
11082,F8_01_1_2_Chlorophyll_A_001_phosphate_plate5.tif,115,870.261,768,1152
11083,F8_01_1_2_Chlorophyll_A_001_phosphate_plate5.tif,51,879.059,768,1152
11084,F8_01_1_2_Chlorophyll_A_001_phosphate_plate5.tif,49,889.143,768,1152
11085,F8_01_1_2_Chlorophyll_A_001_phosphate_plate5.tif,1,880.000,880,880
11086,F8_01_1_2_Chlorophyll_A_001_phosphate_plate5.tif,2,808.000,800,816
11087,F8_01_1_2_Chlorophyll_A_001_phosphate_plate5.tif,1,800.000,800,800
11088,F8_01_1_2_Chlorophyll_A_001_phosphate_plate5.tif,3,778.667,768,784
11089,F8_01_1_2_Chlorophyll_A_001_phosphate_plate5.tif,2,824.000,800,848
11090,F8_01_1_2_Chlorophyll_A_001_phosphate_plate5.tif,1,800.000,800,800
11091,F8_01_1_2_Chlorophyll_A_001_phosphate_plate5.tif,2,768.000,768,768
11092,F8_01_1_2_Chlorophyll_A_001_phosphate_plate5.tif,1,768.000,768,768
11093,F8_01_1_2_Chlorophyll_A_001_phosphate_plate5.tif,1,784.000,784,784
11094,F8_01_1_2_Chlorophyll_A_001_phosphate_plate5.tif,1,848.000,848,848
11095,F8_01_1_2_Chlorophyll_A_001_phosphate_plate5.tif,1,864.000,864,864
11096,F8_01_1_2_Chlorophyll_A_001_phosphate_plate5.tif,1,800.000,800,800
11097,F8_01_1_2_Chlorophyll_A_001_phosphate_plate5.tif,1,800.000,800,800
11098,F8_01_1_2_Chlorophyll_A_001_phosphate_plate5.tif,3,832.000,784,880
11099,F8_01_1_2_Chlorophyll_A_001_phosphate_plate5.tif,1,848.000,848,848
11100,F8_01_1_2_Chlorophyll_A_001_phosphate_plate5.tif,1,832.000,832,832
11101,F8_01_1_2_Chlorophyll_A_001_phosphate_plate5.tif,2,792.000,768,816
11102,F8_01_1_2_Chlorophyll_A_001_phosphate_plate5.tif,2,816.000,768,864
11103,F8_01_1_2_Chlorophyll_A_001_phosphate_plate5.tif,1,768.000,768,768
11104,F8_01_1_2_Chlorophyll_A_001_phosphate_plate5.tif,1,880.000,880,880
11105,F8_01_1_2_Chlorophyll_A_001_phosphate_plate5.tif,1,768.000,768,768
11106,F8_01_1_2_Chlorophyll_A_001_phosphate_plate5.tif,1,784.000,784,784
11107,F8_01_1_2_Chlorophyll_A_001_phosphate_plate5.tif,1,816.000,816,816
11108,F8_01_1_2_Chlorophyll_A_001_phosphate_plate5.tif,5,873.600,784,960
11109,F8_01_1_2_Chlorophyll_A_001_phosphate_plate5.tif,1,816.000,816,816
11110,F8_01_1_2_Chlorophyll_A_001_phosphate_plate5.tif,1,800.000,800,800
11111,F8_01_1_2_Chlorophyll_A_001_phosphate_plate5.tif,1,832.000,832,832
11112,F8_01_1_2_Chlorophyll_A_001_phosphate_plate5.tif,1,864.000,864,864
11113,F8_01_1_2_Chlorophyll_A_001_phosphate_plate5.tif,1,784.000,784,784
11114,F8_01_1_2_Chlorophyll_A_001_phosphate_plate5.tif,1,800.000,800,800
11115,F8_01_1_2_Chlorophyll_A_001_phosphate_plate5.tif,1,768.000,768,768
11116,F8_01_1_2_Chlorophyll_A_001_phosphate_plate5.tif,1,768.000,768,768
11117,F8_01_1_2_Chlorophyll_A_001_phosphate_plate5.tif,1,880.000,880,880
11118,F8_01_1_2_Chlorophyll_A_001_phosphate_plate5.tif,2,864.000,816,912
11119,F8_01_1_2_Chlorophyll_A_001_phosphate_plate5.tif,4,780.000,768,784
11120,F8_01_1_2_Chlorophyll_A_001_phosphate_plate5.tif,3,848.000,768,912
11121,F8_01_1_2_Chlorophyll_A_001_phosphate_plate5.tif,1,784.000,784,784
11122,F8_01_1_2_Chlorophyll_A_001_phosphate_plate5.tif,3,848.000,800,880
11123,F8_01_1_2_Chlorophyll_A_001_phosphate_plate5.tif,40,885.200,784,1072
11124,F8_01_1_2_Chlorophyll_A_001_phosphate_plate5.tif,19,921.263,784,1120
11125,F8_01_1_2_Chlorophyll_A_001_phosphate_plate5.tif,8,836.000,768,912
11126,F8_01_1_2_Chlorophyll_A_001_phosphate_plate5.tif,42,871.619,768,1056
11127,F8_01_1_2_Chlorophyll_A_001_phosphate_plate5.tif,47,891.574,768,1104
11128,F8_01_1_2_Chlorophyll_A_001_phosphate_plate5.tif,1,848.000,848,848
11129,F8_01_1_2_Chlorophyll_A_001_phosphate_plate5.tif,5,844.800,784,1024
11130,F8_01_1_2_Chlorophyll_A_001_phosphate_plate5.tif,6,824.000,768,880
11131,F8_01_1_2_Chlorophyll_A_001_phosphate_plate5.tif,10,886.400,768,1024
11132,F8_01_1_2_Chlorophyll_A_001_phosphate_plate5.tif,1,896.000,896,896
11133,F8_01_1_2_Chlorophyll_A_001_phosphate_plate5.tif,3,837.333,800,864
11134,F8_01_1_2_Chlorophyll_A_001_phosphate_plate5.tif,2,808.000,784,832
11135,F8_01_1_2_Chlorophyll_A_001_phosphate_plate5.tif,3,805.333,768,848
11136,F8_01_1_2_Chlorophyll_A_001_phosphate_plate5.tif,1,864.000,864,864
11137,F8_01_1_2_Chlorophyll_A_001_phosphate_plate5.tif,1,848.000,848,848
11138,F8_01_1_2_Chlorophyll_A_001_phosphate_plate5.tif,1,896.000,896,896
11139,F8_01_1_2_Chlorophyll_A_001_phosphate_plate5.tif,1,864.000,864,864
11140,F8_01_1_2_Chlorophyll_A_001_phosphate_plate5.tif,9,810.667,768,880
11141,F8_01_1_2_Chlorophyll_A_001_phosphate_plate5.tif,1,784.000,784,784
11142,F8_01_1_2_Chlorophyll_A_001_phosphate_plate5.tif,2,792.000,784,800
11143,F8_01_1_2_Chlorophyll_A_001_phosphate_plate5.tif,4,868.000,816,912
11144,F8_01_1_2_Chlorophyll_A_001_phosphate_plate5.tif,1,832.000,832,832
11145,F8_01_1_2_Chlorophyll_A_001_phosphate_plate5.tif,1,848.000,848,848
11146,F8_01_1_2_Chlorophyll_A_001_phosphate_plate5.tif,1,944.000,944,944
11147,F8_01_1_2_Chlorophyll_A_001_phosphate_plate5.tif,5,809.600,784,848
11148,F8_01_1_2_Chlorophyll_A_001_phosphate_plate5.tif,1,768.000,768,768
11149,F8_01_1_2_Chlorophyll_A_001_phosphate_plate5.tif,2,872.000,848,896
11150,F8_01_1_2_Chlorophyll_A_001_phosphate_plate5.tif,6,877.333,784,992
11151,F8_01_1_2_Chlorophyll_A_001_phosphate_plate5.tif,2,808.000,800,816
11152,F8_01_1_2_Chlorophyll_A_001_phosphate_plate5.tif,1,768.000,768,768
11153,F8_01_1_2_Chlorophyll_A_001_phosphate_plate5.tif,1,816.000,816,816
11154,F8_01_1_2_Chlorophyll_A_001_phosphate_plate5.tif,1,848.000,848,848
11155,F8_01_1_2_Chlorophyll_A_001_phosphate_plate5.tif,1,768.000,768,768
11156,F8_01_1_2_Chlorophyll_A_001_phosphate_plate5.tif,1,912.000,912,912
11157,F8_01_1_2_Chlorophyll_A_001_phosphate_plate5.tif,1,816.000,816,816
11158,F8_01_1_2_Chlorophyll_A_001_phosphate_plate5.tif,1,800.000,800,800
11159,F8_01_1_2_Chlorophyll_A_001_phosphate_plate5.tif,1,832.000,832,832
11160,F8_01_1_2_Chlorophyll_A_001_phosphate_plate5.tif,1,800.000,800,800
11161,F8_01_1_2_Chlorophyll_A_001_phosphate_plate5.tif,3,816.000,784,864
11162,F8_01_1_2_Chlorophyll_A_001_phosphate_plate5.tif,1,768.000,768,768
11163,F8_01_1_2_Chlorophyll_A_001_phosphate_plate5.tif,2,832.000,816,848
11164,F8_01_1_2_Chlorophyll_A_001_phosphate_plate5.tif,3,880.000,864,896
11165,F8_01_1_2_Chlorophyll_A_001_phosphate_plate5.tif,1,768.000,768,768
11166,F8_01_1_2_Chlorophyll_A_001_phosphate_plate5.tif,1,800.000,800,800
11167,F8_01_1_2_Chlorophyll_A_001_phosphate_plate5.tif,2,792.000,768,816
11168,F8_01_1_2_Chlorophyll_A_001_phosphate_plate5.tif,1,784.000,784,784
11169,F8_01_1_2_Chlorophyll_A_001_phosphate_plate5.tif,1,768.000,768,768
11170,F8_01_1_2_Chlorophyll_A_001_phosphate_plate5.tif,1,912.000,912,912
11171,F8_01_1_2_Chlorophyll_A_001_phosphate_plate5.tif,1,816.000,816,816
11172,F8_01_1_2_Chlorophyll_A_001_phosphate_plate5.tif,1,800.000,800,800
11173,F8_01_1_2_Chlorophyll_A_001_phosphate_plate5.tif,1,784.000,784,784
11174,F8_01_1_2_Chlorophyll_A_001_phosphate_plate5.tif,1,768.000,768,768
11175,F8_01_1_2_Chlorophyll_A_001_phosphate_plate5.tif,1,800.000,800,800
11176,F8_01_1_2_Chlorophyll_A_001_phosphate_plate5.tif,1,784.000,784,784
11177,F8_01_1_2_Chlorophyll_A_001_phosphate_plate5.tif,2,832.000,800,864
11178,F8_01_1_2_Chlorophyll_A_001_phosphate_plate5.tif,2,816.000,800,832
11179,F8_01_1_2_Chlorophyll_A_001_phosphate_plate5.tif,95,872.084,768,1152
11180,F8_01_1_2_Chlorophyll_A_001_phosphate_plate5.tif,2,896.000,816,976
11181,F8_01_1_2_Chlorophyll_A_001_phosphate_plate5.tif,54,878.222,768,1088
11182,F8_01_1_2_Chlorophyll_A_001_phosphate_plate5.tif,16,860.000,784,976
11183,F8_01_1_2_Chlorophyll_A_001_phosphate_plate5.tif,77,893.714,768,1168
11184,F8_01_1_2_Chlorophyll_A_001_phosphate_plate5.tif,24,882.000,768,1072
11185,F8_01_1_2_Chlorophyll_A_001_phosphate_plate5.tif,183,1864.568,768,10944
11186,F8_01_1_2_Chlorophyll_A_001_phosphate_plate5.tif,222,1660.180,768,12800
11187,F8_01_1_2_Chlorophyll_A_001_phosphate_plate5.tif,1,832.000,832,832
11188,F8_01_1_2_Chlorophyll_A_001_phosphate_plate5.tif,3,842.667,784,880
11189,F8_01_1_2_Chlorophyll_A_001_phosphate_plate5.tif,1,864.000,864,864
11190,F8_01_1_2_Chlorophyll_A_001_phosphate_plate5.tif,1,880.000,880,880
11191,F8_01_1_2_Chlorophyll_A_001_phosphate_plate5.tif,1,848.000,848,848
11192,F8_01_1_2_Chlorophyll_A_001_phosphate_plate5.tif,2,840.000,816,864
11193,F8_01_1_2_Chlorophyll_A_001_phosphate_plate5.tif,1,864.000,864,864
11194,F8_01_1_2_Chlorophyll_A_001_phosphate_plate5.tif,5,822.400,768,912
11195,F8_01_1_2_Chlorophyll_A_001_phosphate_plate5.tif,3,885.333,800,976
11196,F8_01_1_2_Chlorophyll_A_001_phosphate_plate5.tif,2,816.000,800,832
11197,F8_01_1_2_Chlorophyll_A_001_phosphate_plate5.tif,1,880.000,880,880
11198,F8_01_1_2_Chlorophyll_A_001_phosphate_plate5.tif,2,864.000,848,880
11199,F8_01_1_2_Chlorophyll_A_001_phosphate_plate5.tif,3,933.333,784,1168
11200,F8_01_1_2_Chlorophyll_A_001_phosphate_plate5.tif,1,784.000,784,784
11201,F8_01_1_2_Chlorophyll_A_001_phosphate_plate5.tif,1,784.000,784,784
11202,F8_01_1_2_Chlorophyll_A_001_phosphate_plate5.tif,1,880.000,880,880
11203,F8_01_1_2_Chlorophyll_A_001_phosphate_plate5.tif,2,776.000,768,784
11204,F8_01_1_2_Chlorophyll_A_001_phosphate_plate5.tif,3,869.333,816,976
11205,F8_01_1_2_Chlorophyll_A_001_phosphate_plate5.tif,1,864.000,864,864
11206,F8_01_1_2_Chlorophyll_A_001_phosphate_plate5.tif,2,800.000,800,800
11207,F8_01_1_2_Chlorophyll_A_001_phosphate_plate5.tif,1,1040.000,1040,1040
11208,F8_01_1_2_Chlorophyll_A_001_phosphate_plate5.tif,1,912.000,912,912
11209,F8_01_1_2_Chlorophyll_A_001_phosphate_plate5.tif,1,768.000,768,768
11210,F8_01_1_2_Chlorophyll_A_001_phosphate_plate5.tif,5,787.200,768,816
11211,F8_01_1_2_Chlorophyll_A_001_phosphate_plate5.tif,1,848.000,848,848
11212,F8_01_1_2_Chlorophyll_A_001_phosphate_plate5.tif,1,992.000,992,992
11213,F8_01_1_2_Chlorophyll_A_001_phosphate_plate5.tif,1,800.000,800,800
11214,F8_01_1_2_Chlorophyll_A_001_phosphate_plate5.tif,5,838.400,784,928
11215,F8_01_1_2_Chlorophyll_A_001_phosphate_plate5.tif,1,800.000,800,800
11216,F8_01_1_2_Chlorophyll_A_001_phosphate_plate5.tif,1,992.000,992,992
11217,F8_01_1_2_Chlorophyll_A_001_phosphate_plate5.tif,3,858.667,816,896
11218,F8_01_1_2_Chlorophyll_A_001_phosphate_plate5.tif,1,880.000,880,880
11219,F8_01_1_2_Chlorophyll_A_001_phosphate_plate5.tif,1,768.000,768,768
11220,F8_01_1_2_Chlorophyll_A_001_phosphate_plate5.tif,1,800.000,800,800
11221,F8_01_1_2_Chlorophyll_A_001_phosphate_plate5.tif,1,880.000,880,880
11222,F8_01_1_2_Chlorophyll_A_001_phosphate_plate5.tif,4,824.000,800,896
11223,F8_01_1_2_Chlorophyll_A_001_phosphate_plate5.tif,1,800.000,800,800
11224,F8_01_1_2_Chlorophyll_A_001_phosphate_plate5.tif,1,768.000,768,768
11225,F8_01_1_2_Chlorophyll_A_001_phosphate_plate5.tif,1,768.000,768,768
11226,F8_01_1_2_Chlorophyll_A_001_phosphate_plate5.tif,2,800.000,784,816
11227,F8_01_1_2_Chlorophyll_A_001_phosphate_plate5.tif,1,832.000,832,832
11228,F8_01_1_2_Chlorophyll_A_001_phosphate_plate5.tif,1,832.000,832,832
11229,F8_01_1_2_Chlorophyll_A_001_phosphate_plate5.tif,2,800.000,784,816
11230,F8_01_1_2_Chlorophyll_A_001_phosphate_plate5.tif,1,800.000,800,800
11231,F8_01_1_2_Chlorophyll_A_001_phosphate_plate5.tif,1,784.000,784,784
11232,F8_01_1_2_Chlorophyll_A_001_phosphate_plate5.tif,1,832.000,832,832
11233,F8_01_1_2_Chlorophyll_A_001_phosphate_plate5.tif,1,768.000,768,768
11234,F8_01_1_2_Chlorophyll_A_001_phosphate_plate5.tif,27,897.778,768,1136
11235,F8_01_1_2_Chlorophyll_A_001_phosphate_plate5.tif,62,874.323,768,1120
11236,F8_01_1_2_Chlorophyll_A_001_phosphate_plate5.tif,27,917.926,768,1184
11237,F8_01_1_2_Chlorophyll_A_001_phosphate_plate5.tif,33,868.848,768,1040
11238,F8_01_1_2_Chlorophyll_A_001_phosphate_plate5.tif,246,1821.333,768,18320
11239,F8_01_1_2_Chlorophyll_A_001_phosphate_plate5.tif,70,857.829,768,1168
11240,F8_01_1_2_Chlorophyll_A_001_phosphate_plate5.tif,2,856.000,816,896
11241,F8_01_1_2_Chlorophyll_A_001_phosphate_plate5.tif,1,912.000,912,912
11242,F8_01_1_2_Chlorophyll_A_001_phosphate_plate5.tif,1,784.000,784,784
11243,F8_01_1_2_Chlorophyll_A_001_phosphate_plate5.tif,4,840.000,784,880
11244,F8_01_1_2_Chlorophyll_A_001_phosphate_plate5.tif,1,816.000,816,816
11245,F8_01_1_2_Chlorophyll_A_001_phosphate_plate5.tif,3,837.333,768,944
11246,F8_01_1_2_Chlorophyll_A_001_phosphate_plate5.tif,2,880.000,880,880
11247,F8_01_1_2_Chlorophyll_A_001_phosphate_plate5.tif,1,800.000,800,800
11248,F8_01_1_2_Chlorophyll_A_001_phosphate_plate5.tif,6,864.000,800,928
11249,F8_01_1_2_Chlorophyll_A_001_phosphate_plate5.tif,4,860.000,784,960
11250,F8_01_1_2_Chlorophyll_A_001_phosphate_plate5.tif,1,800.000,800,800
11251,F8_01_1_2_Chlorophyll_A_001_phosphate_plate5.tif,5,924.800,768,1056
11252,F8_01_1_2_Chlorophyll_A_001_phosphate_plate5.tif,7,804.571,768,848
11253,F8_01_1_2_Chlorophyll_A_001_phosphate_plate5.tif,1,912.000,912,912
11254,F8_01_1_2_Chlorophyll_A_001_phosphate_plate5.tif,2,784.000,768,800
11255,F8_01_1_2_Chlorophyll_A_001_phosphate_plate5.tif,3,874.667,832,912
11256,F8_01_1_2_Chlorophyll_A_001_phosphate_plate5.tif,1,768.000,768,768
11257,F8_01_1_2_Chlorophyll_A_001_phosphate_plate5.tif,1,768.000,768,768
11258,F8_01_1_2_Chlorophyll_A_001_phosphate_plate5.tif,2,776.000,768,784
11259,F8_01_1_2_Chlorophyll_A_001_phosphate_plate5.tif,2,864.000,768,960
11260,F8_01_1_2_Chlorophyll_A_001_phosphate_plate5.tif,2,864.000,800,928
11261,F8_01_1_2_Chlorophyll_A_001_phosphate_plate5.tif,1,896.000,896,896
11262,F8_01_1_2_Chlorophyll_A_001_phosphate_plate5.tif,1,800.000,800,800
11263,F8_01_1_2_Chlorophyll_A_001_phosphate_plate5.tif,1,832.000,832,832
11264,F8_01_1_2_Chlorophyll_A_001_phosphate_plate5.tif,2,840.000,784,896
11265,F8_01_1_2_Chlorophyll_A_001_phosphate_plate5.tif,2,832.000,784,880
11266,F8_01_1_2_Chlorophyll_A_001_phosphate_plate5.tif,2,816.000,768,864
11267,F8_01_1_2_Chlorophyll_A_001_phosphate_plate5.tif,3,864.000,768,960
11268,F8_01_1_2_Chlorophyll_A_001_phosphate_plate5.tif,1,800.000,800,800
11269,F8_01_1_2_Chlorophyll_A_001_phosphate_plate5.tif,1,832.000,832,832
11270,F8_01_1_2_Chlorophyll_A_001_phosphate_plate5.tif,1,784.000,784,784
11271,F8_01_1_2_Chlorophyll_A_001_phosphate_plate5.tif,4,824.000,784,848
11272,F8_01_1_2_Chlorophyll_A_001_phosphate_plate5.tif,2,816.000,800,832
11273,F8_01_1_2_Chlorophyll_A_001_phosphate_plate5.tif,1,784.000,784,784
11274,F8_01_1_2_Chlorophyll_A_001_phosphate_plate5.tif,1,880.000,880,880
11275,F8_01_1_2_Chlorophyll_A_001_phosphate_plate5.tif,1,784.000,784,784
11276,F8_01_1_2_Chlorophyll_A_001_phosphate_plate5.tif,1,768.000,768,768
11277,F8_01_1_2_Chlorophyll_A_001_phosphate_plate5.tif,1,800.000,800,800
11278,F8_01_1_2_Chlorophyll_A_001_phosphate_plate5.tif,3,858.667,784,928
11279,F8_01_1_2_Chlorophyll_A_001_phosphate_plate5.tif,2,784.000,768,800
11280,F8_01_1_2_Chlorophyll_A_001_phosphate_plate5.tif,1,848.000,848,848
11281,F8_01_1_2_Chlorophyll_A_001_phosphate_plate5.tif,1,832.000,832,832
11282,F8_01_1_2_Chlorophyll_A_001_phosphate_plate5.tif,1,816.000,816,816
11283,F8_01_1_2_Chlorophyll_A_001_phosphate_plate5.tif,3,800.000,784,816
11284,F8_01_1_2_Chlorophyll_A_001_phosphate_plate5.tif,2,784.000,768,800
11285,F8_01_1_2_Chlorophyll_A_001_phosphate_plate5.tif,1,960.000,960,960
11286,F8_01_1_2_Chlorophyll_A_001_phosphate_plate5.tif,1,864.000,864,864
11287,F8_01_1_2_Chlorophyll_A_001_phosphate_plate5.tif,3,805.333,768,848
11288,F8_01_1_2_Chlorophyll_A_001_phosphate_plate5.tif,1,832.000,832,832
11289,F8_01_1_2_Chlorophyll_A_001_phosphate_plate5.tif,1,848.000,848,848
11290,F8_01_1_2_Chlorophyll_A_001_phosphate_plate5.tif,1,784.000,784,784
11291,F8_01_1_2_Chlorophyll_A_001_phosphate_plate5.tif,1,768.000,768,768
11292,F8_01_1_2_Chlorophyll_A_001_phosphate_plate5.tif,4,776.000,768,784
11293,F8_01_1_2_Chlorophyll_A_001_phosphate_plate5.tif,2,800.000,768,832
11294,F8_01_1_2_Chlorophyll_A_001_phosphate_plate5.tif,1,864.000,864,864
11295,F8_01_1_2_Chlorophyll_A_001_phosphate_plate5.tif,1,880.000,880,880
11296,F8_01_1_2_Chlorophyll_A_001_phosphate_plate5.tif,1,800.000,800,800
11297,F8_01_1_2_Chlorophyll_A_001_phosphate_plate5.tif,12,934.667,800,1168
11298,F8_01_1_2_Chlorophyll_A_001_phosphate_plate5.tif,32,893.000,768,1120
11299,F8_01_1_2_Chlorophyll_A_001_phosphate_plate5.tif,47,879.660,768,1184
11300,F8_01_1_2_Chlorophyll_A_001_phosphate_plate5.tif,1,912.000,912,912
11301,F8_01_1_2_Chlorophyll_A_001_phosphate_plate5.tif,7,850.286,768,1024
11302,F8_01_1_2_Chlorophyll_A_001_phosphate_plate5.tif,8,826.000,768,896
11303,F8_01_1_2_Chlorophyll_A_001_phosphate_plate5.tif,1,784.000,784,784
11304,F8_01_1_2_Chlorophyll_A_001_phosphate_plate5.tif,1,848.000,848,848
11305,F8_01_1_2_Chlorophyll_A_001_phosphate_plate5.tif,4,848.000,800,896
11306,F8_01_1_2_Chlorophyll_A_001_phosphate_plate5.tif,18,861.333,768,1056
11307,F8_01_1_2_Chlorophyll_A_001_phosphate_plate5.tif,12,869.333,784,1008
11308,F8_01_1_2_Chlorophyll_A_001_phosphate_plate5.tif,1,816.000,816,816
11309,F8_01_1_2_Chlorophyll_A_001_phosphate_plate5.tif,1,880.000,880,880
11310,F8_01_1_2_Chlorophyll_A_001_phosphate_plate5.tif,2,816.000,784,848
11311,F8_01_1_2_Chlorophyll_A_001_phosphate_plate5.tif,7,841.143,768,912
11312,F8_01_1_2_Chlorophyll_A_001_phosphate_plate5.tif,4,832.000,784,944
11313,F8_01_1_2_Chlorophyll_A_001_phosphate_plate5.tif,4,824.000,784,864
11314,F8_01_1_2_Chlorophyll_A_001_phosphate_plate5.tif,5,825.600,768,944
11315,F8_01_1_2_Chlorophyll_A_001_phosphate_plate5.tif,3,784.000,768,800
11316,F8_01_1_2_Chlorophyll_A_001_phosphate_plate5.tif,3,826.667,800,848
11317,F8_01_1_2_Chlorophyll_A_001_phosphate_plate5.tif,5,867.200,768,992
11318,F8_01_1_2_Chlorophyll_A_001_phosphate_plate5.tif,4,856.000,832,896
11319,F8_01_1_2_Chlorophyll_A_001_phosphate_plate5.tif,1,800.000,800,800
11320,F8_01_1_2_Chlorophyll_A_001_phosphate_plate5.tif,241,2552.896,768,27136
11321,F8_01_1_2_Chlorophyll_A_001_phosphate_plate5.tif,4,796.000,784,800
11322,F8_01_1_2_Chlorophyll_A_001_phosphate_plate5.tif,1,848.000,848,848
11323,F8_01_1_2_Chlorophyll_A_001_phosphate_plate5.tif,2,832.000,784,880
11324,F8_01_1_2_Chlorophyll_A_001_phosphate_plate5.tif,1,768.000,768,768
11325,F8_01_1_2_Chlorophyll_A_001_phosphate_plate5.tif,2,904.000,864,944
11326,F8_01_1_2_Chlorophyll_A_001_phosphate_plate5.tif,2,784.000,768,800
11327,F8_01_1_2_Chlorophyll_A_001_phosphate_plate5.tif,1,800.000,800,800
11328,F8_01_1_2_Chlorophyll_A_001_phosphate_plate5.tif,1,880.000,880,880
11329,F8_01_1_2_Chlorophyll_A_001_phosphate_plate5.tif,3,789.333,768,800
11330,F8_01_1_2_Chlorophyll_A_001_phosphate_plate5.tif,1,864.000,864,864
11331,F8_01_1_2_Chlorophyll_A_001_phosphate_plate5.tif,2,872.000,864,880
11332,F8_01_1_2_Chlorophyll_A_001_phosphate_plate5.tif,4,812.000,768,896
11333,F8_01_1_2_Chlorophyll_A_001_phosphate_plate5.tif,2,824.000,768,880
11334,F8_01_1_2_Chlorophyll_A_001_phosphate_plate5.tif,1,832.000,832,832
11335,F8_01_1_2_Chlorophyll_A_001_phosphate_plate5.tif,2,896.000,784,1008
11336,F8_01_1_2_Chlorophyll_A_001_phosphate_plate5.tif,2,816.000,784,848
11337,F8_01_1_2_Chlorophyll_A_001_phosphate_plate5.tif,1,816.000,816,816
11338,F8_01_1_2_Chlorophyll_A_001_phosphate_plate5.tif,2,848.000,768,928
11339,F8_01_1_2_Chlorophyll_A_001_phosphate_plate5.tif,1,848.000,848,848
11340,F8_01_1_2_Chlorophyll_A_001_phosphate_plate5.tif,4,792.000,768,832
11341,F8_01_1_2_Chlorophyll_A_001_phosphate_plate5.tif,1,784.000,784,784
11342,F8_01_1_2_Chlorophyll_A_001_phosphate_plate5.tif,1,800.000,800,800
11343,F8_01_1_2_Chlorophyll_A_001_phosphate_plate5.tif,1,784.000,784,784
11344,F8_01_1_2_Chlorophyll_A_001_phosphate_plate5.tif,1,912.000,912,912
11345,F8_01_1_2_Chlorophyll_A_001_phosphate_plate5.tif,2,792.000,784,800
11346,F8_01_1_2_Chlorophyll_A_001_phosphate_plate5.tif,1,768.000,768,768
11347,F8_01_1_2_Chlorophyll_A_001_phosphate_plate5.tif,1,800.000,800,800
11348,F8_01_1_2_Chlorophyll_A_001_phosphate_plate5.tif,2,952.000,800,1104
11349,F8_01_1_2_Chlorophyll_A_001_phosphate_plate5.tif,2,872.000,816,928
11350,F8_01_1_2_Chlorophyll_A_001_phosphate_plate5.tif,4,836.000,784,912
11351,F8_01_1_2_Chlorophyll_A_001_phosphate_plate5.tif,1,864.000,864,864
11352,F8_01_1_2_Chlorophyll_A_001_phosphate_plate5.tif,4,836.000,768,880
11353,F8_01_1_2_Chlorophyll_A_001_phosphate_plate5.tif,39,883.692,768,1120
11354,F8_01_1_2_Chlorophyll_A_001_phosphate_plate5.tif,36,865.333,768,1008
11355,F8_01_1_2_Chlorophyll_A_001_phosphate_plate5.tif,1,896.000,896,896
11356,F8_01_1_2_Chlorophyll_A_001_phosphate_plate5.tif,1,928.000,928,928
11357,F8_01_1_2_Chlorophyll_A_001_phosphate_plate5.tif,7,886.857,768,1072
11358,F8_01_1_2_Chlorophyll_A_001_phosphate_plate5.tif,3,1056.000,1040,1072
11359,F8_01_1_2_Chlorophyll_A_001_phosphate_plate5.tif,1,912.000,912,912
11360,F8_01_1_2_Chlorophyll_A_001_phosphate_plate5.tif,2,816.000,800,832
11361,F8_01_1_2_Chlorophyll_A_001_phosphate_plate5.tif,8,830.000,768,912
11362,F8_01_1_2_Chlorophyll_A_001_phosphate_plate5.tif,2,856.000,800,912
11363,F8_01_1_2_Chlorophyll_A_001_phosphate_plate5.tif,1,784.000,784,784
11364,F8_01_1_2_Chlorophyll_A_001_phosphate_plate5.tif,3,805.333,768,832
11365,F8_01_1_2_Chlorophyll_A_001_phosphate_plate5.tif,1,896.000,896,896
11366,F8_01_1_2_Chlorophyll_A_001_phosphate_plate5.tif,2,864.000,784,944
11367,F8_01_1_2_Chlorophyll_A_001_phosphate_plate5.tif,2,768.000,768,768
11368,F8_01_1_2_Chlorophyll_A_001_phosphate_plate5.tif,3,794.667,768,848
11369,F8_01_1_2_Chlorophyll_A_001_phosphate_plate5.tif,1,784.000,784,784
11370,F8_01_1_2_Chlorophyll_A_001_phosphate_plate5.tif,1,800.000,800,800
11371,F8_01_1_2_Chlorophyll_A_001_phosphate_plate5.tif,1,880.000,880,880
11372,F8_01_1_2_Chlorophyll_A_001_phosphate_plate5.tif,1,896.000,896,896
11373,F8_01_1_2_Chlorophyll_A_001_phosphate_plate5.tif,1,912.000,912,912
11374,F8_01_1_2_Chlorophyll_A_001_phosphate_plate5.tif,2,776.000,768,784
11375,F8_01_1_2_Chlorophyll_A_001_phosphate_plate5.tif,1,848.000,848,848
11376,F8_01_1_2_Chlorophyll_A_001_phosphate_plate5.tif,1,816.000,816,816
11377,F8_01_1_2_Chlorophyll_A_001_phosphate_plate5.tif,1,912.000,912,912
11378,F8_01_1_2_Chlorophyll_A_001_phosphate_plate5.tif,2,880.000,848,912
11379,F8_01_1_2_Chlorophyll_A_001_phosphate_plate5.tif,92,2525.217,768,11136
11380,F8_01_1_2_Chlorophyll_A_001_phosphate_plate5.tif,2,848.000,800,896
11381,F8_01_1_2_Chlorophyll_A_001_phosphate_plate5.tif,3,821.333,800,848
11382,F8_01_1_2_Chlorophyll_A_001_phosphate_plate5.tif,3,832.000,816,864
11383,F8_01_1_2_Chlorophyll_A_001_phosphate_plate5.tif,2,832.000,800,864
11384,F8_01_1_2_Chlorophyll_A_001_phosphate_plate5.tif,1,880.000,880,880
11385,F8_01_1_2_Chlorophyll_A_001_phosphate_plate5.tif,1,832.000,832,832
11386,F8_01_1_2_Chlorophyll_A_001_phosphate_plate5.tif,1,880.000,880,880
11387,F8_01_1_2_Chlorophyll_A_001_phosphate_plate5.tif,1,784.000,784,784
11388,F8_01_1_2_Chlorophyll_A_001_phosphate_plate5.tif,1,960.000,960,960
11389,F8_01_1_2_Chlorophyll_A_001_phosphate_plate5.tif,1,800.000,800,800
11390,F8_01_1_2_Chlorophyll_A_001_phosphate_plate5.tif,1,816.000,816,816
11391,F8_01_1_2_Chlorophyll_A_001_phosphate_plate5.tif,4,860.000,768,1040
11392,F8_01_1_2_Chlorophyll_A_001_phosphate_plate5.tif,2,856.000,784,928
11393,F8_01_1_2_Chlorophyll_A_001_phosphate_plate5.tif,1,784.000,784,784
11394,F8_01_1_2_Chlorophyll_A_001_phosphate_plate5.tif,1,880.000,880,880
11395,F8_01_1_2_Chlorophyll_A_001_phosphate_plate5.tif,1,816.000,816,816
11396,F8_01_1_2_Chlorophyll_A_001_phosphate_plate5.tif,1,800.000,800,800
11397,F8_01_1_2_Chlorophyll_A_001_phosphate_plate5.tif,1,768.000,768,768
11398,F8_01_1_2_Chlorophyll_A_001_phosphate_plate5.tif,1,848.000,848,848
11399,F8_01_1_2_Chlorophyll_A_001_phosphate_plate5.tif,1,880.000,880,880
11400,F8_01_1_2_Chlorophyll_A_001_phosphate_plate5.tif,4,848.000,800,896
11401,F8_01_1_2_Chlorophyll_A_001_phosphate_plate5.tif,1,768.000,768,768
11402,F8_01_1_2_Chlorophyll_A_001_phosphate_plate5.tif,3,821.333,784,880
11403,F8_01_1_2_Chlorophyll_A_001_phosphate_plate5.tif,1,800.000,800,800
11404,F8_01_1_2_Chlorophyll_A_001_phosphate_plate5.tif,3,794.667,784,800
11405,F8_01_1_2_Chlorophyll_A_001_phosphate_plate5.tif,1,816.000,816,816
11406,F8_01_1_2_Chlorophyll_A_001_phosphate_plate5.tif,2,1024.000,928,1120
11407,F8_01_1_2_Chlorophyll_A_001_phosphate_plate5.tif,1,976.000,976,976
11408,F8_01_1_2_Chlorophyll_A_001_phosphate_plate5.tif,4,828.000,784,896
11409,F8_01_1_2_Chlorophyll_A_001_phosphate_plate5.tif,4,880.000,784,1024
11410,F8_01_1_2_Chlorophyll_A_001_phosphate_plate5.tif,2,776.000,768,784
11411,F8_01_1_2_Chlorophyll_A_001_phosphate_plate5.tif,2,864.000,832,896
11412,F8_01_1_2_Chlorophyll_A_001_phosphate_plate5.tif,82,894.244,768,1184
11413,F8_01_1_2_Chlorophyll_A_001_phosphate_plate5.tif,1,1184.000,1184,1184
11414,F8_01_1_2_Chlorophyll_A_001_phosphate_plate5.tif,29,887.724,768,1152
11415,F8_01_1_2_Chlorophyll_A_001_phosphate_plate5.tif,46,921.391,768,1216
11416,F8_01_1_2_Chlorophyll_A_001_phosphate_plate5.tif,5,819.200,784,864
11417,F8_01_1_2_Chlorophyll_A_001_phosphate_plate5.tif,1,880.000,880,880
11418,F8_01_1_2_Chlorophyll_A_001_phosphate_plate5.tif,9,839.111,784,896
11419,F8_01_1_2_Chlorophyll_A_001_phosphate_plate5.tif,1,800.000,800,800
11420,F8_01_1_2_Chlorophyll_A_001_phosphate_plate5.tif,1,768.000,768,768
11421,F8_01_1_2_Chlorophyll_A_001_phosphate_plate5.tif,24,845.333,768,1008
11422,F8_01_1_2_Chlorophyll_A_001_phosphate_plate5.tif,1,848.000,848,848
11423,F8_01_1_2_Chlorophyll_A_001_phosphate_plate5.tif,1,848.000,848,848
11424,F8_01_1_2_Chlorophyll_A_001_phosphate_plate5.tif,1,800.000,800,800
11425,F8_01_1_2_Chlorophyll_A_001_phosphate_plate5.tif,1,816.000,816,816
11426,F8_01_1_2_Chlorophyll_A_001_phosphate_plate5.tif,5,828.800,784,944
11427,F8_01_1_2_Chlorophyll_A_001_phosphate_plate5.tif,1,768.000,768,768
11428,F8_01_1_2_Chlorophyll_A_001_phosphate_plate5.tif,1,832.000,832,832
11429,F8_01_1_2_Chlorophyll_A_001_phosphate_plate5.tif,1,864.000,864,864
11430,F8_01_1_2_Chlorophyll_A_001_phosphate_plate5.tif,2,832.000,816,848
11431,F8_01_1_2_Chlorophyll_A_001_phosphate_plate5.tif,2,808.000,784,832
11432,F8_01_1_2_Chlorophyll_A_001_phosphate_plate5.tif,1,832.000,832,832
11433,F8_01_1_2_Chlorophyll_A_001_phosphate_plate5.tif,3,885.333,784,1008
11434,F8_01_1_2_Chlorophyll_A_001_phosphate_plate5.tif,1,912.000,912,912
11435,F8_01_1_2_Chlorophyll_A_001_phosphate_plate5.tif,3,837.333,784,944
11436,F8_01_1_2_Chlorophyll_A_001_phosphate_plate5.tif,1,784.000,784,784
11437,F8_01_1_2_Chlorophyll_A_001_phosphate_plate5.tif,1,784.000,784,784
11438,F8_01_1_2_Chlorophyll_A_001_phosphate_plate5.tif,2,864.000,800,928
11439,F8_01_1_2_Chlorophyll_A_001_phosphate_plate5.tif,1,784.000,784,784
11440,F8_01_1_2_Chlorophyll_A_001_phosphate_plate5.tif,1,848.000,848,848
11441,F8_01_1_2_Chlorophyll_A_001_phosphate_plate5.tif,2,776.000,768,784
11442,F8_01_1_2_Chlorophyll_A_001_phosphate_plate5.tif,3,800.000,768,848
11443,F8_01_1_2_Chlorophyll_A_001_phosphate_plate5.tif,1,768.000,768,768
11444,F8_01_1_2_Chlorophyll_A_001_phosphate_plate5.tif,1,784.000,784,784
11445,F8_01_1_2_Chlorophyll_A_001_phosphate_plate5.tif,1,848.000,848,848
11446,F8_01_1_2_Chlorophyll_A_001_phosphate_plate5.tif,1,784.000,784,784
11447,F8_01_1_2_Chlorophyll_A_001_phosphate_plate5.tif,1,768.000,768,768
11448,F8_01_1_2_Chlorophyll_A_001_phosphate_plate5.tif,1,832.000,832,832
11449,F8_01_1_2_Chlorophyll_A_001_phosphate_plate5.tif,1,768.000,768,768
11450,F8_01_1_2_Chlorophyll_A_001_phosphate_plate5.tif,2,848.000,768,928
11451,F8_01_1_2_Chlorophyll_A_001_phosphate_plate5.tif,8,812.000,768,880
11452,F8_01_1_2_Chlorophyll_A_001_phosphate_plate5.tif,1,832.000,832,832
11453,F8_01_1_2_Chlorophyll_A_001_phosphate_plate5.tif,1,816.000,816,816
11454,F8_01_1_2_Chlorophyll_A_001_phosphate_plate5.tif,1,832.000,832,832
11455,F8_01_1_2_Chlorophyll_A_001_phosphate_plate5.tif,5,790.400,768,816
11456,F8_01_1_2_Chlorophyll_A_001_phosphate_plate5.tif,1,864.000,864,864
11457,F8_01_1_2_Chlorophyll_A_001_phosphate_plate5.tif,1,880.000,880,880
11458,F8_01_1_2_Chlorophyll_A_001_phosphate_plate5.tif,53,873.358,768,1072
11459,F8_01_1_2_Chlorophyll_A_001_phosphate_plate5.tif,40,890.000,768,1152
11460,F8_01_1_2_Chlorophyll_A_001_phosphate_plate5.tif,5,864.000,768,1056
11461,F8_01_1_2_Chlorophyll_A_001_phosphate_plate5.tif,3,896.000,816,944
11462,F8_01_1_2_Chlorophyll_A_001_phosphate_plate5.tif,2,864.000,800,928
11463,F8_01_1_2_Chlorophyll_A_001_phosphate_plate5.tif,1,864.000,864,864
11464,F8_01_1_2_Chlorophyll_A_001_phosphate_plate5.tif,14,845.714,768,976
11465,F8_01_1_2_Chlorophyll_A_001_phosphate_plate5.tif,1,768.000,768,768
11466,F8_01_1_2_Chlorophyll_A_001_phosphate_plate5.tif,1,816.000,816,816
11467,F8_01_1_2_Chlorophyll_A_001_phosphate_plate5.tif,2,920.000,880,960
11468,F8_01_1_2_Chlorophyll_A_001_phosphate_plate5.tif,1,896.000,896,896
11469,F8_01_1_2_Chlorophyll_A_001_phosphate_plate5.tif,1,880.000,880,880
11470,F8_01_1_2_Chlorophyll_A_001_phosphate_plate5.tif,2,832.000,800,864
11471,F8_01_1_2_Chlorophyll_A_001_phosphate_plate5.tif,1,784.000,784,784
11472,F8_01_1_2_Chlorophyll_A_001_phosphate_plate5.tif,1,768.000,768,768
11473,F8_01_1_2_Chlorophyll_A_001_phosphate_plate5.tif,1,832.000,832,832
11474,F8_01_1_2_Chlorophyll_A_001_phosphate_plate5.tif,5,777.600,768,800
11475,F8_01_1_2_Chlorophyll_A_001_phosphate_plate5.tif,1,848.000,848,848
11476,F8_01_1_2_Chlorophyll_A_001_phosphate_plate5.tif,2,816.000,768,864
11477,F8_01_1_2_Chlorophyll_A_001_phosphate_plate5.tif,1,816.000,816,816
11478,F8_01_1_2_Chlorophyll_A_001_phosphate_plate5.tif,1,880.000,880,880
11479,F8_01_1_2_Chlorophyll_A_001_phosphate_plate5.tif,1,944.000,944,944
11480,F8_01_1_2_Chlorophyll_A_001_phosphate_plate5.tif,1,816.000,816,816
11481,F8_01_1_2_Chlorophyll_A_001_phosphate_plate5.tif,1,784.000,784,784
11482,F8_01_1_2_Chlorophyll_A_001_phosphate_plate5.tif,1,848.000,848,848
11483,F8_01_1_2_Chlorophyll_A_001_phosphate_plate5.tif,1,784.000,784,784
11484,F8_01_1_2_Chlorophyll_A_001_phosphate_plate5.tif,1,768.000,768,768
11485,F8_01_1_2_Chlorophyll_A_001_phosphate_plate5.tif,1,816.000,816,816
11486,F8_01_1_2_Chlorophyll_A_001_phosphate_plate5.tif,3,784.000,768,800
11487,F8_01_1_2_Chlorophyll_A_001_phosphate_plate5.tif,1,768.000,768,768
11488,F8_01_1_2_Chlorophyll_A_001_phosphate_plate5.tif,1,816.000,816,816
11489,F8_01_1_2_Chlorophyll_A_001_phosphate_plate5.tif,2,856.000,768,944
11490,F8_01_1_2_Chlorophyll_A_001_phosphate_plate5.tif,1,992.000,992,992
11491,F8_01_1_2_Chlorophyll_A_001_phosphate_plate5.tif,1,864.000,864,864
11492,F8_01_1_2_Chlorophyll_A_001_phosphate_plate5.tif,1,960.000,960,960
11493,F8_01_1_2_Chlorophyll_A_001_phosphate_plate5.tif,1,768.000,768,768
11494,F8_01_1_2_Chlorophyll_A_001_phosphate_plate5.tif,1,768.000,768,768
11495,F8_01_1_2_Chlorophyll_A_001_phosphate_plate5.tif,3,906.667,816,960
11496,F8_01_1_2_Chlorophyll_A_001_phosphate_plate5.tif,1,928.000,928,928
11497,F8_01_1_2_Chlorophyll_A_001_phosphate_plate5.tif,1,784.000,784,784
11498,F8_01_1_2_Chlorophyll_A_001_phosphate_plate5.tif,1,784.000,784,784
11499,F8_01_1_2_Chlorophyll_A_001_phosphate_plate5.tif,2,784.000,768,800
11500,F8_01_1_2_Chlorophyll_A_001_phosphate_plate5.tif,1,848.000,848,848
11501,F8_01_1_2_Chlorophyll_A_001_phosphate_plate5.tif,1,784.000,784,784
11502,F8_01_1_2_Chlorophyll_A_001_phosphate_plate5.tif,1,976.000,976,976
11503,F8_01_1_2_Chlorophyll_A_001_phosphate_plate5.tif,1,848.000,848,848
11504,F8_01_1_2_Chlorophyll_A_001_phosphate_plate5.tif,1,800.000,800,800
11505,F8_01_1_2_Chlorophyll_A_001_phosphate_plate5.tif,5,854.400,768,944
11506,F8_01_1_2_Chlorophyll_A_001_phosphate_plate5.tif,1,800.000,800,800
11507,F8_01_1_2_Chlorophyll_A_001_phosphate_plate5.tif,2,824.000,816,832
11508,F8_01_1_2_Chlorophyll_A_001_phosphate_plate5.tif,3,853.333,784,928
11509,F8_01_1_2_Chlorophyll_A_001_phosphate_plate5.tif,1,800.000,800,800
11510,F8_01_1_2_Chlorophyll_A_001_phosphate_plate5.tif,2,872.000,864,880
11511,F8_01_1_2_Chlorophyll_A_001_phosphate_plate5.tif,5,848.000,816,896
11512,F8_01_1_2_Chlorophyll_A_001_phosphate_plate5.tif,1,784.000,784,784
11513,F8_01_1_2_Chlorophyll_A_001_phosphate_plate5.tif,2,800.000,768,832
11514,F8_01_1_2_Chlorophyll_A_001_phosphate_plate5.tif,1,832.000,832,832
11515,F8_01_1_2_Chlorophyll_A_001_phosphate_plate5.tif,100,865.440,768,1104
11516,F8_01_1_2_Chlorophyll_A_001_phosphate_plate5.tif,180,1793.511,768,12480
11517,F8_01_1_2_Chlorophyll_A_001_phosphate_plate5.tif,1,800.000,800,800
11518,F8_01_1_2_Chlorophyll_A_001_phosphate_plate5.tif,1,944.000,944,944
11519,F8_01_1_2_Chlorophyll_A_001_phosphate_plate5.tif,1,816.000,816,816
11520,F8_01_1_2_Chlorophyll_A_001_phosphate_plate5.tif,1,816.000,816,816
11521,F8_01_1_2_Chlorophyll_A_001_phosphate_plate5.tif,2,856.000,848,864
11522,F8_01_1_2_Chlorophyll_A_001_phosphate_plate5.tif,1,832.000,832,832
11523,F8_01_1_2_Chlorophyll_A_001_phosphate_plate5.tif,10,881.600,800,1024
11524,F8_01_1_2_Chlorophyll_A_001_phosphate_plate5.tif,2,856.000,832,880
11525,F8_01_1_2_Chlorophyll_A_001_phosphate_plate5.tif,1,832.000,832,832
11526,F8_01_1_2_Chlorophyll_A_001_phosphate_plate5.tif,1,864.000,864,864
11527,F8_01_1_2_Chlorophyll_A_001_phosphate_plate5.tif,2,840.000,784,896
11528,F8_01_1_2_Chlorophyll_A_001_phosphate_plate5.tif,3,864.000,816,896
11529,F8_01_1_2_Chlorophyll_A_001_phosphate_plate5.tif,3,858.667,784,944
11530,F8_01_1_2_Chlorophyll_A_001_phosphate_plate5.tif,6,848.000,768,1040
11531,F8_01_1_2_Chlorophyll_A_001_phosphate_plate5.tif,1,768.000,768,768
11532,F8_01_1_2_Chlorophyll_A_001_phosphate_plate5.tif,1,880.000,880,880
11533,F8_01_1_2_Chlorophyll_A_001_phosphate_plate5.tif,1,784.000,784,784
11534,F8_01_1_2_Chlorophyll_A_001_phosphate_plate5.tif,1,864.000,864,864
11535,F8_01_1_2_Chlorophyll_A_001_phosphate_plate5.tif,1,1024.000,1024,1024
11536,F8_01_1_2_Chlorophyll_A_001_phosphate_plate5.tif,1,768.000,768,768
11537,F8_01_1_2_Chlorophyll_A_001_phosphate_plate5.tif,1,784.000,784,784
11538,F8_01_1_2_Chlorophyll_A_001_phosphate_plate5.tif,1,880.000,880,880
11539,F8_01_1_2_Chlorophyll_A_001_phosphate_plate5.tif,1,768.000,768,768
11540,F8_01_1_2_Chlorophyll_A_001_phosphate_plate5.tif,2,880.000,784,976
11541,F8_01_1_2_Chlorophyll_A_001_phosphate_plate5.tif,1,784.000,784,784
11542,F8_01_1_2_Chlorophyll_A_001_phosphate_plate5.tif,1,832.000,832,832
11543,F8_01_1_2_Chlorophyll_A_001_phosphate_plate5.tif,3,842.667,800,880
11544,F8_01_1_2_Chlorophyll_A_001_phosphate_plate5.tif,2,952.000,816,1088
11545,F8_01_1_2_Chlorophyll_A_001_phosphate_plate5.tif,2,808.000,768,848
11546,F8_01_1_2_Chlorophyll_A_001_phosphate_plate5.tif,3,906.667,880,960
11547,F8_01_1_2_Chlorophyll_A_001_phosphate_plate5.tif,1,800.000,800,800
11548,F8_01_1_2_Chlorophyll_A_001_phosphate_plate5.tif,1,768.000,768,768
11549,F8_01_1_2_Chlorophyll_A_001_phosphate_plate5.tif,1,784.000,784,784
11550,F8_01_1_2_Chlorophyll_A_001_phosphate_plate5.tif,1,832.000,832,832
11551,F8_01_1_2_Chlorophyll_A_001_phosphate_plate5.tif,1,864.000,864,864
11552,F8_01_1_2_Chlorophyll_A_001_phosphate_plate5.tif,1,816.000,816,816
11553,F8_01_1_2_Chlorophyll_A_001_phosphate_plate5.tif,1,784.000,784,784
11554,F8_01_1_2_Chlorophyll_A_001_phosphate_plate5.tif,2,888.000,864,912
11555,F8_01_1_2_Chlorophyll_A_001_phosphate_plate5.tif,3,789.333,784,800
11556,F8_01_1_2_Chlorophyll_A_001_phosphate_plate5.tif,33,881.455,768,1056
11557,F8_01_1_2_Chlorophyll_A_001_phosphate_plate5.tif,25,875.520,768,1072
11558,F8_01_1_2_Chlorophyll_A_001_phosphate_plate5.tif,18,871.111,768,1152
11559,F8_01_1_2_Chlorophyll_A_001_phosphate_plate5.tif,4,804.000,800,816
11560,F8_01_1_2_Chlorophyll_A_001_phosphate_plate5.tif,47,878.638,768,1072
11561,F8_01_1_2_Chlorophyll_A_001_phosphate_plate5.tif,3,832.000,784,880
11562,F8_01_1_2_Chlorophyll_A_001_phosphate_plate5.tif,1,768.000,768,768
11563,F8_01_1_2_Chlorophyll_A_001_phosphate_plate5.tif,1,896.000,896,896
11564,F8_01_1_2_Chlorophyll_A_001_phosphate_plate5.tif,15,827.733,768,960
11565,F8_01_1_2_Chlorophyll_A_001_phosphate_plate5.tif,2,880.000,848,912
11566,F8_01_1_2_Chlorophyll_A_001_phosphate_plate5.tif,1,800.000,800,800
11567,F8_01_1_2_Chlorophyll_A_001_phosphate_plate5.tif,4,804.000,768,896
11568,F8_01_1_2_Chlorophyll_A_001_phosphate_plate5.tif,3,832.000,768,880
11569,F8_01_1_2_Chlorophyll_A_001_phosphate_plate5.tif,4,848.000,816,896
11570,F8_01_1_2_Chlorophyll_A_001_phosphate_plate5.tif,2,792.000,784,800
11571,F8_01_1_2_Chlorophyll_A_001_phosphate_plate5.tif,2,896.000,864,928
11572,F8_01_1_2_Chlorophyll_A_001_phosphate_plate5.tif,8,848.000,768,1008
11573,F8_01_1_2_Chlorophyll_A_001_phosphate_plate5.tif,8,862.000,768,1008
11574,F8_01_1_2_Chlorophyll_A_001_phosphate_plate5.tif,1,800.000,800,800
11575,F8_01_1_2_Chlorophyll_A_001_phosphate_plate5.tif,1,880.000,880,880
11576,F8_01_1_2_Chlorophyll_A_001_phosphate_plate5.tif,2,808.000,784,832
11577,F8_01_1_2_Chlorophyll_A_001_phosphate_plate5.tif,1,848.000,848,848
11578,F8_01_1_2_Chlorophyll_A_001_phosphate_plate5.tif,2,848.000,816,880
11579,F8_01_1_2_Chlorophyll_A_001_phosphate_plate5.tif,2,824.000,800,848
11580,F8_01_1_2_Chlorophyll_A_001_phosphate_plate5.tif,1,832.000,832,832
11581,F8_01_1_2_Chlorophyll_A_001_phosphate_plate5.tif,4,796.000,768,848
11582,F8_01_1_2_Chlorophyll_A_001_phosphate_plate5.tif,1,768.000,768,768
11583,F8_01_1_2_Chlorophyll_A_001_phosphate_plate5.tif,2,776.000,768,784
11584,F8_01_1_2_Chlorophyll_A_001_phosphate_plate5.tif,1,848.000,848,848
11585,F8_01_1_2_Chlorophyll_A_001_phosphate_plate5.tif,2,792.000,784,800
11586,F8_01_1_2_Chlorophyll_A_001_phosphate_plate5.tif,2,856.000,848,864
11587,F8_01_1_2_Chlorophyll_A_001_phosphate_plate5.tif,1,896.000,896,896
11588,F8_01_1_2_Chlorophyll_A_001_phosphate_plate5.tif,2,776.000,768,784
11589,F8_01_1_2_Chlorophyll_A_001_phosphate_plate5.tif,1,768.000,768,768
11590,F8_01_1_2_Chlorophyll_A_001_phosphate_plate5.tif,1,928.000,928,928
11591,F8_01_1_2_Chlorophyll_A_001_phosphate_plate5.tif,1,800.000,800,800
11592,F8_01_1_2_Chlorophyll_A_001_phosphate_plate5.tif,1,816.000,816,816
11593,F8_01_1_2_Chlorophyll_A_001_phosphate_plate5.tif,1,768.000,768,768
11594,F8_01_1_2_Chlorophyll_A_001_phosphate_plate5.tif,3,805.333,768,864
11595,F8_01_1_2_Chlorophyll_A_001_phosphate_plate5.tif,4,848.000,800,912
11596,F8_01_1_2_Chlorophyll_A_001_phosphate_plate5.tif,2,848.000,816,880
11597,F8_01_1_2_Chlorophyll_A_001_phosphate_plate5.tif,7,841.143,768,928
11598,F8_01_1_2_Chlorophyll_A_001_phosphate_plate5.tif,17,861.176,768,1152
11599,F8_01_1_2_Chlorophyll_A_001_phosphate_plate5.tif,316,1889.924,768,18464
11600,F8_01_1_2_Chlorophyll_A_001_phosphate_plate5.tif,40,881.600,768,1104
11601,F8_01_1_2_Chlorophyll_A_001_phosphate_plate5.tif,25,881.280,768,1104
11602,F8_01_1_2_Chlorophyll_A_001_phosphate_plate5.tif,2,912.000,912,912
11603,F8_01_1_2_Chlorophyll_A_001_phosphate_plate5.tif,2,912.000,848,976
11604,F8_01_1_2_Chlorophyll_A_001_phosphate_plate5.tif,6,818.667,784,880
11605,F8_01_1_2_Chlorophyll_A_001_phosphate_plate5.tif,3,794.667,768,832
11606,F8_01_1_2_Chlorophyll_A_001_phosphate_plate5.tif,3,858.667,800,928
11607,F8_01_1_2_Chlorophyll_A_001_phosphate_plate5.tif,1,992.000,992,992
11608,F8_01_1_2_Chlorophyll_A_001_phosphate_plate5.tif,1,992.000,992,992
11609,F8_01_1_2_Chlorophyll_A_001_phosphate_plate5.tif,3,901.333,800,1024
11610,F8_01_1_2_Chlorophyll_A_001_phosphate_plate5.tif,1,864.000,864,864
11611,F8_01_1_2_Chlorophyll_A_001_phosphate_plate5.tif,3,864.000,768,960
11612,F8_01_1_2_Chlorophyll_A_001_phosphate_plate5.tif,1,784.000,784,784
11613,F8_01_1_2_Chlorophyll_A_001_phosphate_plate5.tif,1,944.000,944,944
11614,F8_01_1_2_Chlorophyll_A_001_phosphate_plate5.tif,4,844.000,768,880
11615,F8_01_1_2_Chlorophyll_A_001_phosphate_plate5.tif,1,912.000,912,912
11616,F8_01_1_2_Chlorophyll_A_001_phosphate_plate5.tif,1,816.000,816,816
11617,F8_01_1_2_Chlorophyll_A_001_phosphate_plate5.tif,2,776.000,768,784
11618,F8_01_1_2_Chlorophyll_A_001_phosphate_plate5.tif,1,800.000,800,800
11619,F8_01_1_2_Chlorophyll_A_001_phosphate_plate5.tif,3,805.333,768,832
11620,F8_01_1_2_Chlorophyll_A_001_phosphate_plate5.tif,2,984.000,912,1056
11621,F8_01_1_2_Chlorophyll_A_001_phosphate_plate5.tif,1,816.000,816,816
11622,F8_01_1_2_Chlorophyll_A_001_phosphate_plate5.tif,1,832.000,832,832
11623,F8_01_1_2_Chlorophyll_A_001_phosphate_plate5.tif,1,768.000,768,768
11624,F8_01_1_2_Chlorophyll_A_001_phosphate_plate5.tif,5,828.800,784,864
11625,F8_01_1_2_Chlorophyll_A_001_phosphate_plate5.tif,3,864.000,768,1040
11626,F8_01_1_2_Chlorophyll_A_001_phosphate_plate5.tif,1,768.000,768,768
11627,F8_01_1_2_Chlorophyll_A_001_phosphate_plate5.tif,15,813.867,768,928
11628,F8_01_1_2_Chlorophyll_A_001_phosphate_plate5.tif,3,864.000,816,960
11629,F8_01_1_2_Chlorophyll_A_001_phosphate_plate5.tif,2,792.000,784,800
11630,F8_01_1_2_Chlorophyll_A_001_phosphate_plate5.tif,1,784.000,784,784
11631,F8_01_1_2_Chlorophyll_A_001_phosphate_plate5.tif,1,848.000,848,848
11632,F8_01_1_2_Chlorophyll_A_001_phosphate_plate5.tif,1,848.000,848,848
11633,F8_01_1_2_Chlorophyll_A_001_phosphate_plate5.tif,1,800.000,800,800
11634,F8_01_1_2_Chlorophyll_A_001_phosphate_plate5.tif,1,864.000,864,864
11635,F8_01_1_2_Chlorophyll_A_001_phosphate_plate5.tif,1,768.000,768,768
11636,F8_01_1_2_Chlorophyll_A_001_phosphate_plate5.tif,1,784.000,784,784
11637,F8_01_1_2_Chlorophyll_A_001_phosphate_plate5.tif,1,784.000,784,784
11638,F8_01_1_2_Chlorophyll_A_001_phosphate_plate5.tif,2,768.000,768,768
11639,F8_01_1_2_Chlorophyll_A_001_phosphate_plate5.tif,1,784.000,784,784
11640,F8_01_1_2_Chlorophyll_A_001_phosphate_plate5.tif,1,896.000,896,896
11641,F8_01_1_2_Chlorophyll_A_001_phosphate_plate5.tif,1,864.000,864,864
11642,F8_01_1_2_Chlorophyll_A_001_phosphate_plate5.tif,2,792.000,784,800
11643,F8_01_1_2_Chlorophyll_A_001_phosphate_plate5.tif,3,965.333,880,1040
11644,F8_01_1_2_Chlorophyll_A_001_phosphate_plate5.tif,1,800.000,800,800
11645,F8_01_1_2_Chlorophyll_A_001_phosphate_plate5.tif,2,912.000,768,1056
11646,F8_01_1_2_Chlorophyll_A_001_phosphate_plate5.tif,1,784.000,784,784
11647,F8_01_1_2_Chlorophyll_A_001_phosphate_plate5.tif,1,848.000,848,848
11648,F8_01_1_2_Chlorophyll_A_001_phosphate_plate5.tif,1,768.000,768,768
11649,F8_01_1_2_Chlorophyll_A_001_phosphate_plate5.tif,3,832.000,800,864
11650,F8_01_1_2_Chlorophyll_A_001_phosphate_plate5.tif,1,800.000,800,800
11651,F8_01_1_2_Chlorophyll_A_001_phosphate_plate5.tif,28,841.143,768,1008
11652,F8_01_1_2_Chlorophyll_A_001_phosphate_plate5.tif,33,898.424,768,1152
11653,F8_01_1_2_Chlorophyll_A_001_phosphate_plate5.tif,17,890.353,784,1104
11654,F8_01_1_2_Chlorophyll_A_001_phosphate_plate5.tif,122,901.115,768,1168
11655,F8_01_1_2_Chlorophyll_A_001_phosphate_plate5.tif,35,935.771,768,1328
11656,F8_01_1_2_Chlorophyll_A_001_phosphate_plate5.tif,67,873.791,768,1136
11657,F8_01_1_2_Chlorophyll_A_001_phosphate_plate5.tif,12,845.333,768,960
11658,F8_01_1_2_Chlorophyll_A_001_phosphate_plate5.tif,35,858.057,768,1072
11659,F8_01_1_2_Chlorophyll_A_001_phosphate_plate5.tif,1,800.000,800,800
11660,F8_01_1_2_Chlorophyll_A_001_phosphate_plate5.tif,1,784.000,784,784
11661,F8_01_1_2_Chlorophyll_A_001_phosphate_plate5.tif,6,872.000,816,976
11662,F8_01_1_2_Chlorophyll_A_001_phosphate_plate5.tif,1,816.000,816,816
11663,F8_01_1_2_Chlorophyll_A_001_phosphate_plate5.tif,5,848.000,816,896
11664,F8_01_1_2_Chlorophyll_A_001_phosphate_plate5.tif,2,800.000,768,832
11665,F8_01_1_2_Chlorophyll_A_001_phosphate_plate5.tif,11,858.182,784,1008
11666,F8_01_1_2_Chlorophyll_A_001_phosphate_plate5.tif,1,848.000,848,848
11667,F8_01_1_2_Chlorophyll_A_001_phosphate_plate5.tif,8,842.000,768,912
11668,F8_01_1_2_Chlorophyll_A_001_phosphate_plate5.tif,127,2195.528,768,13424
11669,F8_01_1_2_Chlorophyll_A_001_phosphate_plate5.tif,3,906.667,768,992
11670,F8_01_1_2_Chlorophyll_A_001_phosphate_plate5.tif,1,832.000,832,832
11671,F8_01_1_2_Chlorophyll_A_001_phosphate_plate5.tif,1,784.000,784,784
11672,F8_01_1_2_Chlorophyll_A_001_phosphate_plate5.tif,1,896.000,896,896
11673,F8_01_1_2_Chlorophyll_A_001_phosphate_plate5.tif,1,816.000,816,816
11674,F8_01_1_2_Chlorophyll_A_001_phosphate_plate5.tif,3,826.667,768,912
11675,F8_01_1_2_Chlorophyll_A_001_phosphate_plate5.tif,2,872.000,864,880
11676,F8_01_1_2_Chlorophyll_A_001_phosphate_plate5.tif,2,832.000,800,864
11677,F8_01_1_2_Chlorophyll_A_001_phosphate_plate5.tif,1,784.000,784,784
11678,F8_01_1_2_Chlorophyll_A_001_phosphate_plate5.tif,1,816.000,816,816
11679,F8_01_1_2_Chlorophyll_A_001_phosphate_plate5.tif,1,864.000,864,864
11680,F8_01_1_2_Chlorophyll_A_001_phosphate_plate5.tif,1,784.000,784,784
11681,F8_01_1_2_Chlorophyll_A_001_phosphate_plate5.tif,1,800.000,800,800
11682,F8_01_1_2_Chlorophyll_A_001_phosphate_plate5.tif,1,768.000,768,768
11683,F8_01_1_2_Chlorophyll_A_001_phosphate_plate5.tif,1,864.000,864,864
11684,F8_01_1_2_Chlorophyll_A_001_phosphate_plate5.tif,1,800.000,800,800
11685,F8_01_1_2_Chlorophyll_A_001_phosphate_plate5.tif,1,768.000,768,768
11686,F8_01_1_2_Chlorophyll_A_001_phosphate_plate5.tif,1,800.000,800,800
11687,F8_01_1_2_Chlorophyll_A_001_phosphate_plate5.tif,1,880.000,880,880
11688,F8_01_1_2_Chlorophyll_A_001_phosphate_plate5.tif,1,976.000,976,976
11689,F8_01_1_2_Chlorophyll_A_001_phosphate_plate5.tif,1,880.000,880,880
11690,F8_01_1_2_Chlorophyll_A_001_phosphate_plate5.tif,1,784.000,784,784
11691,F8_01_1_2_Chlorophyll_A_001_phosphate_plate5.tif,2,848.000,784,912
11692,F8_01_1_2_Chlorophyll_A_001_phosphate_plate5.tif,2,800.000,800,800
11693,F8_01_1_2_Chlorophyll_A_001_phosphate_plate5.tif,1,832.000,832,832
11694,F8_01_1_2_Chlorophyll_A_001_phosphate_plate5.tif,2,872.000,864,880
11695,F8_01_1_2_Chlorophyll_A_001_phosphate_plate5.tif,1,864.000,864,864
11696,F8_01_1_2_Chlorophyll_A_001_phosphate_plate5.tif,1,784.000,784,784
11697,F8_01_1_2_Chlorophyll_A_001_phosphate_plate5.tif,1,944.000,944,944
11698,F8_01_1_2_Chlorophyll_A_001_phosphate_plate5.tif,3,794.667,768,816
11699,F8_01_1_2_Chlorophyll_A_001_phosphate_plate5.tif,1,816.000,816,816
11700,F8_01_1_2_Chlorophyll_A_001_phosphate_plate5.tif,2,816.000,800,832
11701,F8_01_1_2_Chlorophyll_A_001_phosphate_plate5.tif,2,960.000,880,1040
11702,F8_01_1_2_Chlorophyll_A_001_phosphate_plate5.tif,2,808.000,800,816
11703,F8_01_1_2_Chlorophyll_A_001_phosphate_plate5.tif,4,928.000,848,1040
11704,F8_01_1_2_Chlorophyll_A_001_phosphate_plate5.tif,7,822.857,768,960
11705,F8_01_1_2_Chlorophyll_A_001_phosphate_plate5.tif,21,894.476,768,1088
11706,F8_01_1_2_Chlorophyll_A_001_phosphate_plate5.tif,42,937.905,768,1232
11707,F8_01_1_2_Chlorophyll_A_001_phosphate_plate5.tif,3,896.000,848,976
11708,F8_01_1_2_Chlorophyll_A_001_phosphate_plate5.tif,1,768.000,768,768
11709,F8_01_1_2_Chlorophyll_A_001_phosphate_plate5.tif,7,820.571,768,880
11710,F8_01_1_2_Chlorophyll_A_001_phosphate_plate5.tif,4,876.000,800,976
11711,F8_01_1_2_Chlorophyll_A_001_phosphate_plate5.tif,1,784.000,784,784
11712,F8_01_1_2_Chlorophyll_A_001_phosphate_plate5.tif,3,869.333,800,928
11713,F8_01_1_2_Chlorophyll_A_001_phosphate_plate5.tif,10,825.600,768,928
11714,F8_01_1_2_Chlorophyll_A_001_phosphate_plate5.tif,4,836.000,800,880
11715,F8_01_1_2_Chlorophyll_A_001_phosphate_plate5.tif,2,824.000,816,832
11716,F8_01_1_2_Chlorophyll_A_001_phosphate_plate5.tif,2,848.000,784,912
11717,F8_01_1_2_Chlorophyll_A_001_phosphate_plate5.tif,7,820.571,784,896
11718,F8_01_1_2_Chlorophyll_A_001_phosphate_plate5.tif,1,896.000,896,896
11719,F8_01_1_2_Chlorophyll_A_001_phosphate_plate5.tif,3,832.000,784,880
11720,F8_01_1_2_Chlorophyll_A_001_phosphate_plate5.tif,1,880.000,880,880
11721,F8_01_1_2_Chlorophyll_A_001_phosphate_plate5.tif,3,794.667,768,816
11722,F8_01_1_2_Chlorophyll_A_001_phosphate_plate5.tif,1,896.000,896,896
11723,F8_01_1_2_Chlorophyll_A_001_phosphate_plate5.tif,2,776.000,768,784
11724,F8_01_1_2_Chlorophyll_A_001_phosphate_plate5.tif,1,768.000,768,768
11725,F8_01_1_2_Chlorophyll_A_001_phosphate_plate5.tif,1,912.000,912,912
11726,F8_01_1_2_Chlorophyll_A_001_phosphate_plate5.tif,1,800.000,800,800
11727,F8_01_1_2_Chlorophyll_A_001_phosphate_plate5.tif,5,806.400,768,944
11728,F8_01_1_2_Chlorophyll_A_001_phosphate_plate5.tif,1,896.000,896,896
11729,F8_01_1_2_Chlorophyll_A_001_phosphate_plate5.tif,1,784.000,784,784
11730,F8_01_1_2_Chlorophyll_A_001_phosphate_plate5.tif,2,784.000,784,784
11731,F8_01_1_2_Chlorophyll_A_001_phosphate_plate5.tif,3,832.000,784,912
11732,F8_01_1_2_Chlorophyll_A_001_phosphate_plate5.tif,1,816.000,816,816
11733,F8_01_1_2_Chlorophyll_A_001_phosphate_plate5.tif,2,944.000,768,1120
11734,F8_01_1_2_Chlorophyll_A_001_phosphate_plate5.tif,1,784.000,784,784
11735,F8_01_1_2_Chlorophyll_A_001_phosphate_plate5.tif,2,768.000,768,768
11736,F8_01_1_2_Chlorophyll_A_001_phosphate_plate5.tif,1,864.000,864,864
11737,F8_01_1_2_Chlorophyll_A_001_phosphate_plate5.tif,1,848.000,848,848
11738,F8_01_1_2_Chlorophyll_A_001_phosphate_plate5.tif,2,856.000,768,944
11739,F8_01_1_2_Chlorophyll_A_001_phosphate_plate5.tif,1,800.000,800,800
11740,F8_01_1_2_Chlorophyll_A_001_phosphate_plate5.tif,1,784.000,784,784
11741,F8_01_1_2_Chlorophyll_A_001_phosphate_plate5.tif,1,816.000,816,816
11742,F8_01_1_2_Chlorophyll_A_001_phosphate_plate5.tif,1,816.000,816,816
11743,F8_01_1_2_Chlorophyll_A_001_phosphate_plate5.tif,1,896.000,896,896
11744,F8_01_1_2_Chlorophyll_A_001_phosphate_plate5.tif,3,789.333,784,800
11745,F8_01_1_2_Chlorophyll_A_001_phosphate_plate5.tif,1,848.000,848,848
11746,F8_01_1_2_Chlorophyll_A_001_phosphate_plate5.tif,2,816.000,784,848
11747,F8_01_1_2_Chlorophyll_A_001_phosphate_plate5.tif,2,848.000,832,864
11748,F8_01_1_2_Chlorophyll_A_001_phosphate_plate5.tif,1,912.000,912,912
11749,F8_01_1_2_Chlorophyll_A_001_phosphate_plate5.tif,1,912.000,912,912
11750,F8_01_1_2_Chlorophyll_A_001_phosphate_plate5.tif,1,864.000,864,864
11751,F8_01_1_2_Chlorophyll_A_001_phosphate_plate5.tif,37,883.892,768,1088
11752,F8_01_1_2_Chlorophyll_A_001_phosphate_plate5.tif,44,886.545,768,1104
11753,F8_01_1_2_Chlorophyll_A_001_phosphate_plate5.tif,28,907.429,768,1136
11754,F8_01_1_2_Chlorophyll_A_001_phosphate_plate5.tif,74,926.054,768,1168
11755,F8_01_1_2_Chlorophyll_A_001_phosphate_plate5.tif,6,853.333,768,944
11756,F8_01_1_2_Chlorophyll_A_001_phosphate_plate5.tif,3,896.000,784,960
11757,F8_01_1_2_Chlorophyll_A_001_phosphate_plate5.tif,1,848.000,848,848
11758,F8_01_1_2_Chlorophyll_A_001_phosphate_plate5.tif,10,811.200,768,912
11759,F8_01_1_2_Chlorophyll_A_001_phosphate_plate5.tif,2,816.000,768,864
11760,F8_01_1_2_Chlorophyll_A_001_phosphate_plate5.tif,14,846.857,768,1072
11761,F8_01_1_2_Chlorophyll_A_001_phosphate_plate5.tif,3,821.333,800,848
11762,F8_01_1_2_Chlorophyll_A_001_phosphate_plate5.tif,1,816.000,816,816
11763,F8_01_1_2_Chlorophyll_A_001_phosphate_plate5.tif,1,896.000,896,896
11764,F8_01_1_2_Chlorophyll_A_001_phosphate_plate5.tif,8,832.000,768,912
11765,F8_01_1_2_Chlorophyll_A_001_phosphate_plate5.tif,3,874.667,768,944
11766,F8_01_1_2_Chlorophyll_A_001_phosphate_plate5.tif,2,880.000,768,992
11767,F8_01_1_2_Chlorophyll_A_001_phosphate_plate5.tif,3,821.333,784,848
11768,F8_01_1_2_Chlorophyll_A_001_phosphate_plate5.tif,3,874.667,848,912
11769,F8_01_1_2_Chlorophyll_A_001_phosphate_plate5.tif,4,852.000,784,944
11770,F8_01_1_2_Chlorophyll_A_001_phosphate_plate5.tif,1,864.000,864,864
11771,F8_01_1_2_Chlorophyll_A_001_phosphate_plate5.tif,2,848.000,768,928
11772,F8_01_1_2_Chlorophyll_A_001_phosphate_plate5.tif,1,944.000,944,944
11773,F8_01_1_2_Chlorophyll_A_001_phosphate_plate5.tif,2,816.000,784,848
11774,F8_01_1_2_Chlorophyll_A_001_phosphate_plate5.tif,1,848.000,848,848
11775,F8_01_1_2_Chlorophyll_A_001_phosphate_plate5.tif,2,848.000,848,848
11776,F8_01_1_2_Chlorophyll_A_001_phosphate_plate5.tif,1,928.000,928,928
11777,F8_01_1_2_Chlorophyll_A_001_phosphate_plate5.tif,1,800.000,800,800
11778,F8_01_1_2_Chlorophyll_A_001_phosphate_plate5.tif,1,800.000,800,800
11779,F8_01_1_2_Chlorophyll_A_001_phosphate_plate5.tif,1,848.000,848,848
11780,F8_01_1_2_Chlorophyll_A_001_phosphate_plate5.tif,1,960.000,960,960
11781,F8_01_1_2_Chlorophyll_A_001_phosphate_plate5.tif,111,2188.108,768,9664
11782,F8_01_1_2_Chlorophyll_A_001_phosphate_plate5.tif,1,784.000,784,784
11783,F8_01_1_2_Chlorophyll_A_001_phosphate_plate5.tif,1,944.000,944,944
11784,F8_01_1_2_Chlorophyll_A_001_phosphate_plate5.tif,1,912.000,912,912
11785,F8_01_1_2_Chlorophyll_A_001_phosphate_plate5.tif,1,784.000,784,784
11786,F8_01_1_2_Chlorophyll_A_001_phosphate_plate5.tif,1,816.000,816,816
11787,F8_01_1_2_Chlorophyll_A_001_phosphate_plate5.tif,2,856.000,816,896
11788,F8_01_1_2_Chlorophyll_A_001_phosphate_plate5.tif,1,784.000,784,784
11789,F8_01_1_2_Chlorophyll_A_001_phosphate_plate5.tif,1,816.000,816,816
11790,F8_01_1_2_Chlorophyll_A_001_phosphate_plate5.tif,1,768.000,768,768
11791,F8_01_1_2_Chlorophyll_A_001_phosphate_plate5.tif,1,816.000,816,816
11792,F8_01_1_2_Chlorophyll_A_001_phosphate_plate5.tif,1,784.000,784,784
11793,F8_01_1_2_Chlorophyll_A_001_phosphate_plate5.tif,2,856.000,800,912
11794,F8_01_1_2_Chlorophyll_A_001_phosphate_plate5.tif,1,800.000,800,800
11795,F8_01_1_2_Chlorophyll_A_001_phosphate_plate5.tif,1,800.000,800,800
11796,F8_01_1_2_Chlorophyll_A_001_phosphate_plate5.tif,4,828.000,784,864
11797,F8_01_1_2_Chlorophyll_A_001_phosphate_plate5.tif,2,808.000,800,816
11798,F8_01_1_2_Chlorophyll_A_001_phosphate_plate5.tif,2,824.000,784,864
11799,F8_01_1_2_Chlorophyll_A_001_phosphate_plate5.tif,2,856.000,832,880
11800,F8_01_1_2_Chlorophyll_A_001_phosphate_plate5.tif,69,867.942,768,1104
11801,F8_01_1_2_Chlorophyll_A_001_phosphate_plate5.tif,44,891.636,768,1104
11802,F8_01_1_2_Chlorophyll_A_001_phosphate_plate5.tif,31,880.516,768,1136
11803,F8_01_1_2_Chlorophyll_A_001_phosphate_plate5.tif,26,901.538,768,1088
11804,F8_01_1_2_Chlorophyll_A_001_phosphate_plate5.tif,254,1213.606,768,8144
11805,F8_01_1_2_Chlorophyll_A_001_phosphate_plate5.tif,3,805.333,800,816
11806,F8_01_1_2_Chlorophyll_A_001_phosphate_plate5.tif,1,896.000,896,896
11807,F8_01_1_2_Chlorophyll_A_001_phosphate_plate5.tif,2,888.000,816,960
11808,F8_01_1_2_Chlorophyll_A_001_phosphate_plate5.tif,2,880.000,800,960
11809,F8_01_1_2_Chlorophyll_A_001_phosphate_plate5.tif,2,872.000,848,896
11810,F8_01_1_2_Chlorophyll_A_001_phosphate_plate5.tif,15,834.133,768,976
11811,F8_01_1_2_Chlorophyll_A_001_phosphate_plate5.tif,2,824.000,784,864
11812,F8_01_1_2_Chlorophyll_A_001_phosphate_plate5.tif,1,800.000,800,800
11813,F8_01_1_2_Chlorophyll_A_001_phosphate_plate5.tif,1,832.000,832,832
11814,F8_01_1_2_Chlorophyll_A_001_phosphate_plate5.tif,1,976.000,976,976
11815,F8_01_1_2_Chlorophyll_A_001_phosphate_plate5.tif,1,928.000,928,928
11816,F8_01_1_2_Chlorophyll_A_001_phosphate_plate5.tif,2,776.000,768,784
11817,F8_01_1_2_Chlorophyll_A_001_phosphate_plate5.tif,3,906.667,800,1024
11818,F8_01_1_2_Chlorophyll_A_001_phosphate_plate5.tif,2,864.000,768,960
11819,F8_01_1_2_Chlorophyll_A_001_phosphate_plate5.tif,2,864.000,864,864
11820,F8_01_1_2_Chlorophyll_A_001_phosphate_plate5.tif,1,768.000,768,768
11821,F8_01_1_2_Chlorophyll_A_001_phosphate_plate5.tif,1,768.000,768,768
11822,F8_01_1_2_Chlorophyll_A_001_phosphate_plate5.tif,1,784.000,784,784
11823,F8_01_1_2_Chlorophyll_A_001_phosphate_plate5.tif,1,896.000,896,896
11824,F8_01_1_2_Chlorophyll_A_001_phosphate_plate5.tif,1,800.000,800,800
11825,F8_01_1_2_Chlorophyll_A_001_phosphate_plate5.tif,1,768.000,768,768
11826,F8_01_1_2_Chlorophyll_A_001_phosphate_plate5.tif,3,864.000,800,912
11827,F8_01_1_2_Chlorophyll_A_001_phosphate_plate5.tif,1,784.000,784,784
11828,F8_01_1_2_Chlorophyll_A_001_phosphate_plate5.tif,5,838.400,816,864
11829,F8_01_1_2_Chlorophyll_A_001_phosphate_plate5.tif,1,832.000,832,832
11830,F8_01_1_2_Chlorophyll_A_001_phosphate_plate5.tif,1,960.000,960,960
11831,F8_01_1_2_Chlorophyll_A_001_phosphate_plate5.tif,1,832.000,832,832
11832,F8_01_1_2_Chlorophyll_A_001_phosphate_plate5.tif,2,928.000,896,960
11833,F8_01_1_2_Chlorophyll_A_001_phosphate_plate5.tif,1,768.000,768,768
11834,F8_01_1_2_Chlorophyll_A_001_phosphate_plate5.tif,1,864.000,864,864
11835,F8_01_1_2_Chlorophyll_A_001_phosphate_plate5.tif,2,872.000,848,896
11836,F8_01_1_2_Chlorophyll_A_001_phosphate_plate5.tif,1,832.000,832,832
11837,F8_01_1_2_Chlorophyll_A_001_phosphate_plate5.tif,2,848.000,816,880
11838,F8_01_1_2_Chlorophyll_A_001_phosphate_plate5.tif,1,784.000,784,784
11839,F8_01_1_2_Chlorophyll_A_001_phosphate_plate5.tif,1,832.000,832,832
11840,F8_01_1_2_Chlorophyll_A_001_phosphate_plate5.tif,1,800.000,800,800
11841,F8_01_1_2_Chlorophyll_A_001_phosphate_plate5.tif,2,832.000,816,848
11842,F8_01_1_2_Chlorophyll_A_001_phosphate_plate5.tif,1,880.000,880,880
11843,F8_01_1_2_Chlorophyll_A_001_phosphate_plate5.tif,1,768.000,768,768
11844,F8_01_1_2_Chlorophyll_A_001_phosphate_plate5.tif,1,784.000,784,784
11845,F8_01_1_2_Chlorophyll_A_001_phosphate_plate5.tif,1,928.000,928,928
11846,F8_01_1_2_Chlorophyll_A_001_phosphate_plate5.tif,1,768.000,768,768
11847,F8_01_1_2_Chlorophyll_A_001_phosphate_plate5.tif,4,800.000,768,832
11848,F8_01_1_2_Chlorophyll_A_001_phosphate_plate5.tif,2,832.000,768,896
11849,F8_01_1_2_Chlorophyll_A_001_phosphate_plate5.tif,2,832.000,784,880
11850,F8_01_1_2_Chlorophyll_A_001_phosphate_plate5.tif,1,864.000,864,864
11851,F8_01_1_2_Chlorophyll_A_001_phosphate_plate5.tif,7,813.714,768,912
11852,F8_01_1_2_Chlorophyll_A_001_phosphate_plate5.tif,1,848.000,848,848
11853,F8_01_1_2_Chlorophyll_A_001_phosphate_plate5.tif,2,784.000,768,800
11854,F8_01_1_2_Chlorophyll_A_001_phosphate_plate5.tif,9,833.778,784,960
11855,F8_01_1_2_Chlorophyll_A_001_phosphate_plate5.tif,1,784.000,784,784
11856,F8_01_1_2_Chlorophyll_A_001_phosphate_plate5.tif,1,864.000,864,864
11857,F8_01_1_2_Chlorophyll_A_001_phosphate_plate5.tif,1,800.000,800,800
11858,F8_01_1_2_Chlorophyll_A_001_phosphate_plate5.tif,11,864.000,784,1008
11859,F8_01_1_2_Chlorophyll_A_001_phosphate_plate5.tif,1,832.000,832,832
11860,F8_01_1_2_Chlorophyll_A_001_phosphate_plate5.tif,1,928.000,928,928
11861,F8_01_1_2_Chlorophyll_A_001_phosphate_plate5.tif,5,860.800,784,1024
11862,F8_01_1_2_Chlorophyll_A_001_phosphate_plate5.tif,8,800.000,768,864
11863,F8_01_1_2_Chlorophyll_A_001_phosphate_plate5.tif,1,864.000,864,864
11864,F8_01_1_2_Chlorophyll_A_001_phosphate_plate5.tif,138,2425.739,768,21440
11865,F8_01_1_2_Chlorophyll_A_001_phosphate_plate5.tif,1,816.000,816,816
11866,F8_01_1_2_Chlorophyll_A_001_phosphate_plate5.tif,1,768.000,768,768
11867,F8_01_1_2_Chlorophyll_A_001_phosphate_plate5.tif,1,848.000,848,848
11868,F8_01_1_2_Chlorophyll_A_001_phosphate_plate5.tif,14,832.000,768,960
11869,F8_01_1_2_Chlorophyll_A_001_phosphate_plate5.tif,1,944.000,944,944
11870,F8_01_1_2_Chlorophyll_A_001_phosphate_plate5.tif,2,896.000,848,944
11871,F8_01_1_2_Chlorophyll_A_001_phosphate_plate5.tif,1,864.000,864,864
11872,F8_01_1_2_Chlorophyll_A_001_phosphate_plate5.tif,1,768.000,768,768
11873,F8_01_1_2_Chlorophyll_A_001_phosphate_plate5.tif,2,792.000,768,816
11874,F8_01_1_2_Chlorophyll_A_001_phosphate_plate5.tif,2,808.000,784,832
11875,F8_01_1_2_Chlorophyll_A_001_phosphate_plate5.tif,1,800.000,800,800
11876,F8_01_1_2_Chlorophyll_A_001_phosphate_plate5.tif,1,800.000,800,800
11877,F8_01_1_2_Chlorophyll_A_001_phosphate_plate5.tif,1,896.000,896,896
11878,F8_01_1_2_Chlorophyll_A_001_phosphate_plate5.tif,1,768.000,768,768
11879,F8_01_1_2_Chlorophyll_A_001_phosphate_plate5.tif,1,864.000,864,864
11880,F8_01_1_2_Chlorophyll_A_001_phosphate_plate5.tif,5,886.400,768,960
11881,F8_01_1_2_Chlorophyll_A_001_phosphate_plate5.tif,1,816.000,816,816
11882,F8_01_1_2_Chlorophyll_A_001_phosphate_plate5.tif,1,800.000,800,800
11883,F8_01_1_2_Chlorophyll_A_001_phosphate_plate5.tif,1,848.000,848,848
11884,F8_01_1_2_Chlorophyll_A_001_phosphate_plate5.tif,1,800.000,800,800
11885,F8_01_1_2_Chlorophyll_A_001_phosphate_plate5.tif,1,784.000,784,784
11886,F8_01_1_2_Chlorophyll_A_001_phosphate_plate5.tif,1,784.000,784,784
11887,F8_01_1_2_Chlorophyll_A_001_phosphate_plate5.tif,1,800.000,800,800
11888,F8_01_1_2_Chlorophyll_A_001_phosphate_plate5.tif,1,944.000,944,944
11889,F8_01_1_2_Chlorophyll_A_001_phosphate_plate5.tif,1,896.000,896,896
11890,F8_01_1_2_Chlorophyll_A_001_phosphate_plate5.tif,1,768.000,768,768
11891,F8_01_1_2_Chlorophyll_A_001_phosphate_plate5.tif,2,872.000,864,880
11892,F8_01_1_2_Chlorophyll_A_001_phosphate_plate5.tif,31,873.290,768,1024
11893,F8_01_1_2_Chlorophyll_A_001_phosphate_plate5.tif,16,912.000,800,1040
11894,F8_01_1_2_Chlorophyll_A_001_phosphate_plate5.tif,44,890.909,768,1056
11895,F8_01_1_2_Chlorophyll_A_001_phosphate_plate5.tif,45,892.800,768,1152
11896,F8_01_1_2_Chlorophyll_A_001_phosphate_plate5.tif,222,2002.955,768,16928
11897,F8_01_1_2_Chlorophyll_A_001_phosphate_plate5.tif,2,832.000,800,864
11898,F8_01_1_2_Chlorophyll_A_001_phosphate_plate5.tif,1,832.000,832,832
11899,F8_01_1_2_Chlorophyll_A_001_phosphate_plate5.tif,4,816.000,768,896
11900,F8_01_1_2_Chlorophyll_A_001_phosphate_plate5.tif,1,848.000,848,848
11901,F8_01_1_2_Chlorophyll_A_001_phosphate_plate5.tif,13,877.538,768,1104
11902,F8_01_1_2_Chlorophyll_A_001_phosphate_plate5.tif,22,856.000,768,928
11903,F8_01_1_2_Chlorophyll_A_001_phosphate_plate5.tif,2,824.000,800,848
11904,F8_01_1_2_Chlorophyll_A_001_phosphate_plate5.tif,186,2374.280,768,14416
11905,F8_01_1_2_Chlorophyll_A_001_phosphate_plate5.tif,1,768.000,768,768
11906,F8_01_1_2_Chlorophyll_A_001_phosphate_plate5.tif,1,816.000,816,816
11907,F8_01_1_2_Chlorophyll_A_001_phosphate_plate5.tif,5,796.800,768,848
11908,F8_01_1_2_Chlorophyll_A_001_phosphate_plate5.tif,1,944.000,944,944
11909,F8_01_1_2_Chlorophyll_A_001_phosphate_plate5.tif,1,832.000,832,832
11910,F8_01_1_2_Chlorophyll_A_001_phosphate_plate5.tif,1,784.000,784,784
11911,F8_01_1_2_Chlorophyll_A_001_phosphate_plate5.tif,1,816.000,816,816
11912,F8_01_1_2_Chlorophyll_A_001_phosphate_plate5.tif,1,864.000,864,864
11913,F8_01_1_2_Chlorophyll_A_001_phosphate_plate5.tif,2,880.000,816,944
11914,F8_01_1_2_Chlorophyll_A_001_phosphate_plate5.tif,1,912.000,912,912
11915,F8_01_1_2_Chlorophyll_A_001_phosphate_plate5.tif,3,816.000,768,848
11916,F8_01_1_2_Chlorophyll_A_001_phosphate_plate5.tif,3,832.000,784,896
11917,F8_01_1_2_Chlorophyll_A_001_phosphate_plate5.tif,2,848.000,784,912
11918,F8_01_1_2_Chlorophyll_A_001_phosphate_plate5.tif,1,960.000,960,960
11919,F8_01_1_2_Chlorophyll_A_001_phosphate_plate5.tif,1,816.000,816,816
11920,F8_01_1_2_Chlorophyll_A_001_phosphate_plate5.tif,1,864.000,864,864
11921,F8_01_1_2_Chlorophyll_A_001_phosphate_plate5.tif,2,824.000,784,864
11922,F8_01_1_2_Chlorophyll_A_001_phosphate_plate5.tif,4,784.000,768,800
11923,F8_01_1_2_Chlorophyll_A_001_phosphate_plate5.tif,1,800.000,800,800
11924,F8_01_1_2_Chlorophyll_A_001_phosphate_plate5.tif,1,880.000,880,880
11925,F8_01_1_2_Chlorophyll_A_001_phosphate_plate5.tif,3,778.667,768,784
11926,F8_01_1_2_Chlorophyll_A_001_phosphate_plate5.tif,1,768.000,768,768
11927,F8_01_1_2_Chlorophyll_A_001_phosphate_plate5.tif,1,864.000,864,864
11928,F8_01_1_2_Chlorophyll_A_001_phosphate_plate5.tif,2,808.000,784,832
11929,F8_01_1_2_Chlorophyll_A_001_phosphate_plate5.tif,3,805.333,768,848
11930,F8_01_1_2_Chlorophyll_A_001_phosphate_plate5.tif,1,800.000,800,800
11931,F8_01_1_2_Chlorophyll_A_001_phosphate_plate5.tif,1,832.000,832,832
11932,F8_01_1_2_Chlorophyll_A_001_phosphate_plate5.tif,1,768.000,768,768
11933,F8_01_1_2_Chlorophyll_A_001_phosphate_plate5.tif,1,848.000,848,848
11934,F8_01_1_2_Chlorophyll_A_001_phosphate_plate5.tif,2,792.000,768,816
11935,F8_01_1_2_Chlorophyll_A_001_phosphate_plate5.tif,5,832.000,784,912
11936,F8_01_1_2_Chlorophyll_A_001_phosphate_plate5.tif,17,894.118,768,1088
11937,F8_01_1_2_Chlorophyll_A_001_phosphate_plate5.tif,45,876.800,768,1232
11938,F8_01_1_2_Chlorophyll_A_001_phosphate_plate5.tif,32,863.000,768,1120
11939,F8_01_1_2_Chlorophyll_A_001_phosphate_plate5.tif,21,851.048,768,1024
11940,F8_01_1_2_Chlorophyll_A_001_phosphate_plate5.tif,1,800.000,800,800
11941,F8_01_1_2_Chlorophyll_A_001_phosphate_plate5.tif,33,849.455,768,1040
11942,F8_01_1_2_Chlorophyll_A_001_phosphate_plate5.tif,2,976.000,880,1072
11943,F8_01_1_2_Chlorophyll_A_001_phosphate_plate5.tif,5,835.200,768,944
11944,F8_01_1_2_Chlorophyll_A_001_phosphate_plate5.tif,1,928.000,928,928
11945,F8_01_1_2_Chlorophyll_A_001_phosphate_plate5.tif,1,800.000,800,800
11946,F8_01_1_2_Chlorophyll_A_001_phosphate_plate5.tif,3,805.333,784,816
11947,F8_01_1_2_Chlorophyll_A_001_phosphate_plate5.tif,1,912.000,912,912
11948,F8_01_1_2_Chlorophyll_A_001_phosphate_plate5.tif,1,848.000,848,848
11949,F8_01_1_2_Chlorophyll_A_001_phosphate_plate5.tif,1,864.000,864,864
11950,F8_01_1_2_Chlorophyll_A_001_phosphate_plate5.tif,2,832.000,768,896
11951,F8_01_1_2_Chlorophyll_A_001_phosphate_plate5.tif,3,896.000,768,960
11952,F8_01_1_2_Chlorophyll_A_001_phosphate_plate5.tif,2,848.000,768,928
11953,F8_01_1_2_Chlorophyll_A_001_phosphate_plate5.tif,1,864.000,864,864
11954,F8_01_1_2_Chlorophyll_A_001_phosphate_plate5.tif,2,776.000,768,784
11955,F8_01_1_2_Chlorophyll_A_001_phosphate_plate5.tif,4,792.000,768,816
11956,F8_01_1_2_Chlorophyll_A_001_phosphate_plate5.tif,1,832.000,832,832
11957,F8_01_1_2_Chlorophyll_A_001_phosphate_plate5.tif,1,784.000,784,784
11958,F8_01_1_2_Chlorophyll_A_001_phosphate_plate5.tif,1,864.000,864,864
11959,F8_01_1_2_Chlorophyll_A_001_phosphate_plate5.tif,3,896.000,848,928
11960,F8_01_1_2_Chlorophyll_A_001_phosphate_plate5.tif,1,784.000,784,784
11961,F8_01_1_2_Chlorophyll_A_001_phosphate_plate5.tif,1,768.000,768,768
11962,F8_01_1_2_Chlorophyll_A_001_phosphate_plate5.tif,1,832.000,832,832
11963,F8_01_1_2_Chlorophyll_A_001_phosphate_plate5.tif,1,784.000,784,784
11964,F8_01_1_2_Chlorophyll_A_001_phosphate_plate5.tif,3,826.667,768,912
11965,F8_01_1_2_Chlorophyll_A_001_phosphate_plate5.tif,5,825.600,768,928
11966,F8_01_1_2_Chlorophyll_A_001_phosphate_plate5.tif,1,768.000,768,768
11967,F8_01_1_2_Chlorophyll_A_001_phosphate_plate5.tif,2,856.000,848,864
11968,F8_01_1_2_Chlorophyll_A_001_phosphate_plate5.tif,1,816.000,816,816
11969,F8_01_1_2_Chlorophyll_A_001_phosphate_plate5.tif,1,896.000,896,896
11970,F8_01_1_2_Chlorophyll_A_001_phosphate_plate5.tif,3,896.000,864,944
11971,F8_01_1_2_Chlorophyll_A_001_phosphate_plate5.tif,3,794.667,768,832
11972,F8_01_1_2_Chlorophyll_A_001_phosphate_plate5.tif,2,832.000,768,896
11973,F8_01_1_2_Chlorophyll_A_001_phosphate_plate5.tif,2,848.000,768,928
11974,F8_01_1_2_Chlorophyll_A_001_phosphate_plate5.tif,3,853.333,832,880
11975,F8_01_1_2_Chlorophyll_A_001_phosphate_plate5.tif,4,888.000,800,960
11976,F8_01_1_2_Chlorophyll_A_001_phosphate_plate5.tif,1,912.000,912,912
11977,F8_01_1_2_Chlorophyll_A_001_phosphate_plate5.tif,1,784.000,784,784
11978,F8_01_1_2_Chlorophyll_A_001_phosphate_plate5.tif,3,901.333,848,960
11979,F8_01_1_2_Chlorophyll_A_001_phosphate_plate5.tif,1,848.000,848,848
11980,F8_01_1_2_Chlorophyll_A_001_phosphate_plate5.tif,1,816.000,816,816
11981,F8_01_1_2_Chlorophyll_A_001_phosphate_plate5.tif,1,768.000,768,768
11982,F8_01_1_2_Chlorophyll_A_001_phosphate_plate5.tif,4,856.000,784,928
11983,F8_01_1_2_Chlorophyll_A_001_phosphate_plate5.tif,1,880.000,880,880
11984,F8_01_1_2_Chlorophyll_A_001_phosphate_plate5.tif,5,825.600,768,896
11985,F8_01_1_2_Chlorophyll_A_001_phosphate_plate5.tif,1,816.000,816,816
11986,F8_01_1_2_Chlorophyll_A_001_phosphate_plate5.tif,1,816.000,816,816
11987,F8_01_1_2_Chlorophyll_A_001_phosphate_plate5.tif,1,880.000,880,880
11988,F8_01_1_2_Chlorophyll_A_001_phosphate_plate5.tif,2,808.000,784,832
11989,F8_01_1_2_Chlorophyll_A_001_phosphate_plate5.tif,1,768.000,768,768
11990,F8_01_1_2_Chlorophyll_A_001_phosphate_plate5.tif,1,960.000,960,960
11991,F8_01_1_2_Chlorophyll_A_001_phosphate_plate5.tif,4,824.000,768,880
11992,F8_01_1_2_Chlorophyll_A_001_phosphate_plate5.tif,2,768.000,768,768
11993,F8_01_1_2_Chlorophyll_A_001_phosphate_plate5.tif,1,896.000,896,896
11994,F8_01_1_2_Chlorophyll_A_001_phosphate_plate5.tif,1,912.000,912,912
11995,F8_01_1_2_Chlorophyll_A_001_phosphate_plate5.tif,14,886.857,768,1152
11996,F8_01_1_2_Chlorophyll_A_001_phosphate_plate5.tif,1,1056.000,1056,1056
11997,F8_01_1_2_Chlorophyll_A_001_phosphate_plate5.tif,2,824.000,768,880
11998,F8_01_1_2_Chlorophyll_A_001_phosphate_plate5.tif,16,853.000,768,960
11999,F8_01_1_2_Chlorophyll_A_001_phosphate_plate5.tif,2,824.000,784,864
12000,F8_01_1_2_Chlorophyll_A_001_phosphate_plate5.tif,6,821.333,784,880
12001,F8_01_1_2_Chlorophyll_A_001_phosphate_plate5.tif,2,832.000,800,864
12002,F8_01_1_2_Chlorophyll_A_001_phosphate_plate5.tif,1,784.000,784,784
12003,F8_01_1_2_Chlorophyll_A_001_phosphate_plate5.tif,4,844.000,768,880
12004,F8_01_1_2_Chlorophyll_A_001_phosphate_plate5.tif,3,816.000,800,832
12005,F8_01_1_2_Chlorophyll_A_001_phosphate_plate5.tif,6,856.000,768,928
12006,F8_01_1_2_Chlorophyll_A_001_phosphate_plate5.tif,7,818.286,768,848
12007,F8_01_1_2_Chlorophyll_A_001_phosphate_plate5.tif,3,826.667,800,880
12008,F8_01_1_2_Chlorophyll_A_001_phosphate_plate5.tif,7,848.000,800,896
12009,F8_01_1_2_Chlorophyll_A_001_phosphate_plate5.tif,1,880.000,880,880
12010,F8_01_1_2_Chlorophyll_A_001_phosphate_plate5.tif,1,816.000,816,816
12011,F8_01_1_2_Chlorophyll_A_001_phosphate_plate5.tif,1,816.000,816,816
12012,F8_01_1_2_Chlorophyll_A_001_phosphate_plate5.tif,4,804.000,784,848
12013,F8_01_1_2_Chlorophyll_A_001_phosphate_plate5.tif,1,928.000,928,928
12014,F8_01_1_2_Chlorophyll_A_001_phosphate_plate5.tif,1,864.000,864,864
12015,F8_01_1_2_Chlorophyll_A_001_phosphate_plate5.tif,1,832.000,832,832
12016,F8_01_1_2_Chlorophyll_A_001_phosphate_plate5.tif,2,784.000,768,800
12017,F8_01_1_2_Chlorophyll_A_001_phosphate_plate5.tif,1,800.000,800,800
12018,F8_01_1_2_Chlorophyll_A_001_phosphate_plate5.tif,1,832.000,832,832
12019,F8_01_1_2_Chlorophyll_A_001_phosphate_plate5.tif,2,784.000,768,800
12020,F8_01_1_2_Chlorophyll_A_001_phosphate_plate5.tif,2,800.000,800,800
12021,F8_01_1_2_Chlorophyll_A_001_phosphate_plate5.tif,1,816.000,816,816
12022,F8_01_1_2_Chlorophyll_A_001_phosphate_plate5.tif,1,816.000,816,816
12023,F8_01_1_2_Chlorophyll_A_001_phosphate_plate5.tif,1,864.000,864,864
12024,F8_01_1_2_Chlorophyll_A_001_phosphate_plate5.tif,1,784.000,784,784
12025,F8_01_1_2_Chlorophyll_A_001_phosphate_plate5.tif,6,834.667,768,992
12026,F8_01_1_2_Chlorophyll_A_001_phosphate_plate5.tif,1,768.000,768,768
12027,F8_01_1_2_Chlorophyll_A_001_phosphate_plate5.tif,1,768.000,768,768
12028,F8_01_1_2_Chlorophyll_A_001_phosphate_plate5.tif,1,768.000,768,768
12029,F8_01_1_2_Chlorophyll_A_001_phosphate_plate5.tif,1,864.000,864,864
12030,F8_01_1_2_Chlorophyll_A_001_phosphate_plate5.tif,3,821.333,768,912
12031,F8_01_1_2_Chlorophyll_A_001_phosphate_plate5.tif,1,832.000,832,832
12032,F8_01_1_2_Chlorophyll_A_001_phosphate_plate5.tif,1,768.000,768,768
12033,F8_01_1_2_Chlorophyll_A_001_phosphate_plate5.tif,1,976.000,976,976
12034,F8_01_1_2_Chlorophyll_A_001_phosphate_plate5.tif,1,768.000,768,768
12035,F8_01_1_2_Chlorophyll_A_001_phosphate_plate5.tif,2,840.000,784,896
12036,F8_01_1_2_Chlorophyll_A_001_phosphate_plate5.tif,2,936.000,816,1056
12037,F8_01_1_2_Chlorophyll_A_001_phosphate_plate5.tif,1,832.000,832,832
12038,F8_01_1_2_Chlorophyll_A_001_phosphate_plate5.tif,1,816.000,816,816
12039,F8_01_1_2_Chlorophyll_A_001_phosphate_plate5.tif,1,800.000,800,800
12040,F8_01_1_2_Chlorophyll_A_001_phosphate_plate5.tif,2,848.000,816,880
12041,F8_01_1_2_Chlorophyll_A_001_phosphate_plate5.tif,1,880.000,880,880
12042,F8_01_1_2_Chlorophyll_A_001_phosphate_plate5.tif,5,828.800,768,912
12043,F8_01_1_2_Chlorophyll_A_001_phosphate_plate5.tif,2,904.000,880,928
12044,F8_01_1_2_Chlorophyll_A_001_phosphate_plate5.tif,11,888.727,768,1072
12045,F8_01_1_2_Chlorophyll_A_001_phosphate_plate5.tif,65,854.154,768,1152
12046,F8_01_1_2_Chlorophyll_A_001_phosphate_plate5.tif,12,925.333,768,1216
12047,F8_01_1_2_Chlorophyll_A_001_phosphate_plate5.tif,1,960.000,960,960
12048,F8_01_1_2_Chlorophyll_A_001_phosphate_plate5.tif,2,856.000,768,944
12049,F8_01_1_2_Chlorophyll_A_001_phosphate_plate5.tif,1,768.000,768,768
12050,F8_01_1_2_Chlorophyll_A_001_phosphate_plate5.tif,2,976.000,928,1024
12051,F8_01_1_2_Chlorophyll_A_001_phosphate_plate5.tif,1,800.000,800,800
12052,F8_01_1_2_Chlorophyll_A_001_phosphate_plate5.tif,1,784.000,784,784
12053,F8_01_1_2_Chlorophyll_A_001_phosphate_plate5.tif,3,906.667,784,992
12054,F8_01_1_2_Chlorophyll_A_001_phosphate_plate5.tif,5,838.400,800,896
12055,F8_01_1_2_Chlorophyll_A_001_phosphate_plate5.tif,2,768.000,768,768
12056,F8_01_1_2_Chlorophyll_A_001_phosphate_plate5.tif,1,864.000,864,864
12057,F8_01_1_2_Chlorophyll_A_001_phosphate_plate5.tif,2,832.000,800,864
12058,F8_01_1_2_Chlorophyll_A_001_phosphate_plate5.tif,1,912.000,912,912
12059,F8_01_1_2_Chlorophyll_A_001_phosphate_plate5.tif,1,784.000,784,784
12060,F8_01_1_2_Chlorophyll_A_001_phosphate_plate5.tif,4,816.000,768,848
12061,F8_01_1_2_Chlorophyll_A_001_phosphate_plate5.tif,5,809.600,784,848
12062,F8_01_1_2_Chlorophyll_A_001_phosphate_plate5.tif,3,853.333,800,912
12063,F8_01_1_2_Chlorophyll_A_001_phosphate_plate5.tif,1,976.000,976,976
12064,F8_01_1_2_Chlorophyll_A_001_phosphate_plate5.tif,1,880.000,880,880
12065,F8_01_1_2_Chlorophyll_A_001_phosphate_plate5.tif,2,792.000,768,816
12066,F8_01_1_2_Chlorophyll_A_001_phosphate_plate5.tif,1,768.000,768,768
12067,F8_01_1_2_Chlorophyll_A_001_phosphate_plate5.tif,2,784.000,768,800
12068,F8_01_1_2_Chlorophyll_A_001_phosphate_plate5.tif,1,800.000,800,800
12069,F8_01_1_2_Chlorophyll_A_001_phosphate_plate5.tif,1,768.000,768,768
12070,F8_01_1_2_Chlorophyll_A_001_phosphate_plate5.tif,3,778.667,768,800
12071,F8_01_1_2_Chlorophyll_A_001_phosphate_plate5.tif,1,800.000,800,800
12072,F8_01_1_2_Chlorophyll_A_001_phosphate_plate5.tif,1,768.000,768,768
12073,F8_01_1_2_Chlorophyll_A_001_phosphate_plate5.tif,2,824.000,800,848
12074,F8_01_1_2_Chlorophyll_A_001_phosphate_plate5.tif,1,832.000,832,832
12075,F8_01_1_2_Chlorophyll_A_001_phosphate_plate5.tif,3,837.333,768,912
12076,F8_01_1_2_Chlorophyll_A_001_phosphate_plate5.tif,4,920.000,864,992
12077,F8_01_1_2_Chlorophyll_A_001_phosphate_plate5.tif,3,890.667,816,1024
12078,F8_01_1_2_Chlorophyll_A_001_phosphate_plate5.tif,1,784.000,784,784
12079,F8_01_1_2_Chlorophyll_A_001_phosphate_plate5.tif,1,848.000,848,848
12080,F8_01_1_2_Chlorophyll_A_001_phosphate_plate5.tif,1,976.000,976,976
12081,F8_01_1_2_Chlorophyll_A_001_phosphate_plate5.tif,1,800.000,800,800
12082,F8_01_1_2_Chlorophyll_A_001_phosphate_plate5.tif,1,896.000,896,896
12083,F8_01_1_2_Chlorophyll_A_001_phosphate_plate5.tif,1,848.000,848,848
12084,F8_01_1_2_Chlorophyll_A_001_phosphate_plate5.tif,1,960.000,960,960
12085,F8_01_1_2_Chlorophyll_A_001_phosphate_plate5.tif,1,800.000,800,800
12086,F8_01_1_2_Chlorophyll_A_001_phosphate_plate5.tif,1,784.000,784,784
12087,F8_01_1_2_Chlorophyll_A_001_phosphate_plate5.tif,2,840.000,768,912
12088,F8_01_1_2_Chlorophyll_A_001_phosphate_plate5.tif,1,784.000,784,784
12089,F8_01_1_2_Chlorophyll_A_001_phosphate_plate5.tif,2,792.000,768,816
12090,F8_01_1_2_Chlorophyll_A_001_phosphate_plate5.tif,1,784.000,784,784
12091,F8_01_1_2_Chlorophyll_A_001_phosphate_plate5.tif,1,1200.000,1200,1200
12092,F8_01_1_2_Chlorophyll_A_001_phosphate_plate5.tif,61,860.328,768,1104
12093,F8_01_1_2_Chlorophyll_A_001_phosphate_plate5.tif,37,880.432,768,1072
12094,F8_01_1_2_Chlorophyll_A_001_phosphate_plate5.tif,49,879.020,768,1152
12095,F8_01_1_2_Chlorophyll_A_001_phosphate_plate5.tif,31,874.323,768,1088
12096,F8_01_1_2_Chlorophyll_A_001_phosphate_plate5.tif,3,853.333,848,864
12097,F8_01_1_2_Chlorophyll_A_001_phosphate_plate5.tif,4,848.000,784,912
12098,F8_01_1_2_Chlorophyll_A_001_phosphate_plate5.tif,1,896.000,896,896
12099,F8_01_1_2_Chlorophyll_A_001_phosphate_plate5.tif,1,848.000,848,848
12100,F8_01_1_2_Chlorophyll_A_001_phosphate_plate5.tif,1,864.000,864,864
12101,F8_01_1_2_Chlorophyll_A_001_phosphate_plate5.tif,1,832.000,832,832
12102,F8_01_1_2_Chlorophyll_A_001_phosphate_plate5.tif,3,832.000,768,880
12103,F8_01_1_2_Chlorophyll_A_001_phosphate_plate5.tif,2,808.000,784,832
12104,F8_01_1_2_Chlorophyll_A_001_phosphate_plate5.tif,2,856.000,800,912
12105,F8_01_1_2_Chlorophyll_A_001_phosphate_plate5.tif,1,944.000,944,944
12106,F8_01_1_2_Chlorophyll_A_001_phosphate_plate5.tif,2,872.000,864,880
12107,F8_01_1_2_Chlorophyll_A_001_phosphate_plate5.tif,2,880.000,800,960
12108,F8_01_1_2_Chlorophyll_A_001_phosphate_plate5.tif,1,784.000,784,784
12109,F8_01_1_2_Chlorophyll_A_001_phosphate_plate5.tif,1,816.000,816,816
12110,F8_01_1_2_Chlorophyll_A_001_phosphate_plate5.tif,1,848.000,848,848
12111,F8_01_1_2_Chlorophyll_A_001_phosphate_plate5.tif,3,816.000,768,896
12112,F8_01_1_2_Chlorophyll_A_001_phosphate_plate5.tif,1,768.000,768,768
12113,F8_01_1_2_Chlorophyll_A_001_phosphate_plate5.tif,2,784.000,768,800
12114,F8_01_1_2_Chlorophyll_A_001_phosphate_plate5.tif,2,800.000,800,800
12115,F8_01_1_2_Chlorophyll_A_001_phosphate_plate5.tif,4,836.000,768,960
12116,F8_01_1_2_Chlorophyll_A_001_phosphate_plate5.tif,4,828.000,768,880
12117,F8_01_1_2_Chlorophyll_A_001_phosphate_plate5.tif,2,792.000,768,816
12118,F8_01_1_2_Chlorophyll_A_001_phosphate_plate5.tif,1,832.000,832,832
12119,F8_01_1_2_Chlorophyll_A_001_phosphate_plate5.tif,1,800.000,800,800
12120,F8_01_1_2_Chlorophyll_A_001_phosphate_plate5.tif,1,880.000,880,880
12121,F8_01_1_2_Chlorophyll_A_001_phosphate_plate5.tif,3,805.333,784,832
12122,F8_01_1_2_Chlorophyll_A_001_phosphate_plate5.tif,1,800.000,800,800
12123,F8_01_1_2_Chlorophyll_A_001_phosphate_plate5.tif,2,944.000,880,1008
12124,F8_01_1_2_Chlorophyll_A_001_phosphate_plate5.tif,1,832.000,832,832
12125,F8_01_1_2_Chlorophyll_A_001_phosphate_plate5.tif,3,826.667,800,880
12126,F8_01_1_2_Chlorophyll_A_001_phosphate_plate5.tif,1,784.000,784,784
12127,F8_01_1_2_Chlorophyll_A_001_phosphate_plate5.tif,3,842.667,816,864
12128,F8_01_1_2_Chlorophyll_A_001_phosphate_plate5.tif,1,880.000,880,880
12129,F8_01_1_2_Chlorophyll_A_001_phosphate_plate5.tif,1,784.000,784,784
12130,F8_01_1_2_Chlorophyll_A_001_phosphate_plate5.tif,1,816.000,816,816
12131,F8_01_1_2_Chlorophyll_A_001_phosphate_plate5.tif,2,832.000,784,880
12132,F8_01_1_2_Chlorophyll_A_001_phosphate_plate5.tif,1,768.000,768,768
12133,F8_01_1_2_Chlorophyll_A_001_phosphate_plate5.tif,1,784.000,784,784
12134,F8_01_1_2_Chlorophyll_A_001_phosphate_plate5.tif,3,853.333,832,880
12135,F8_01_1_2_Chlorophyll_A_001_phosphate_plate5.tif,1,832.000,832,832
12136,F8_01_1_2_Chlorophyll_A_001_phosphate_plate5.tif,1,784.000,784,784
12137,F8_01_1_2_Chlorophyll_A_001_phosphate_plate5.tif,4,796.000,768,832
12138,F8_01_1_2_Chlorophyll_A_001_phosphate_plate5.tif,1,864.000,864,864
12139,F8_01_1_2_Chlorophyll_A_001_phosphate_plate5.tif,2,968.000,928,1008
12140,F8_01_1_2_Chlorophyll_A_001_phosphate_plate5.tif,1,768.000,768,768
12141,F8_01_1_2_Chlorophyll_A_001_phosphate_plate5.tif,1,816.000,816,816
12142,F8_01_1_2_Chlorophyll_A_001_phosphate_plate5.tif,3,816.000,768,896
12143,F8_01_1_2_Chlorophyll_A_001_phosphate_plate5.tif,2,848.000,848,848
12144,F8_01_1_2_Chlorophyll_A_001_phosphate_plate5.tif,2,920.000,880,960
12145,F8_01_1_2_Chlorophyll_A_001_phosphate_plate5.tif,35,875.886,768,1072
12146,F8_01_1_2_Chlorophyll_A_001_phosphate_plate5.tif,24,903.333,800,1200
12147,F8_01_1_2_Chlorophyll_A_001_phosphate_plate5.tif,286,2059.301,768,22080
12148,F8_01_1_2_Chlorophyll_A_001_phosphate_plate5.tif,54,885.333,768,1248
12149,F8_01_1_2_Chlorophyll_A_001_phosphate_plate5.tif,30,901.333,768,1104
12150,F8_01_1_2_Chlorophyll_A_001_phosphate_plate5.tif,26,895.385,784,1056
12151,F8_01_1_2_Chlorophyll_A_001_phosphate_plate5.tif,1,816.000,816,816
12152,F8_01_1_2_Chlorophyll_A_001_phosphate_plate5.tif,2,864.000,864,864
12153,F8_01_1_2_Chlorophyll_A_001_phosphate_plate5.tif,14,820.571,768,912
12154,F8_01_1_2_Chlorophyll_A_001_phosphate_plate5.tif,5,825.600,768,896
12155,F8_01_1_2_Chlorophyll_A_001_phosphate_plate5.tif,1,816.000,816,816
12156,F8_01_1_2_Chlorophyll_A_001_phosphate_plate5.tif,7,850.286,768,1040
12157,F8_01_1_2_Chlorophyll_A_001_phosphate_plate5.tif,2,984.000,960,1008
12158,F8_01_1_2_Chlorophyll_A_001_phosphate_plate5.tif,1,768.000,768,768
12159,F8_01_1_2_Chlorophyll_A_001_phosphate_plate5.tif,1,784.000,784,784
12160,F8_01_1_2_Chlorophyll_A_001_phosphate_plate5.tif,1,944.000,944,944
12161,F8_01_1_2_Chlorophyll_A_001_phosphate_plate5.tif,1,816.000,816,816
12162,F8_01_1_2_Chlorophyll_A_001_phosphate_plate5.tif,1,816.000,816,816
12163,F8_01_1_2_Chlorophyll_A_001_phosphate_plate5.tif,1,832.000,832,832
12164,F8_01_1_2_Chlorophyll_A_001_phosphate_plate5.tif,4,860.000,784,928
12165,F8_01_1_2_Chlorophyll_A_001_phosphate_plate5.tif,5,835.200,768,944
12166,F8_01_1_2_Chlorophyll_A_001_phosphate_plate5.tif,1,864.000,864,864
12167,F8_01_1_2_Chlorophyll_A_001_phosphate_plate5.tif,1,880.000,880,880
12168,F8_01_1_2_Chlorophyll_A_001_phosphate_plate5.tif,1,896.000,896,896
12169,F8_01_1_2_Chlorophyll_A_001_phosphate_plate5.tif,1,768.000,768,768
12170,F8_01_1_2_Chlorophyll_A_001_phosphate_plate5.tif,1,768.000,768,768
12171,F8_01_1_2_Chlorophyll_A_001_phosphate_plate5.tif,2,800.000,800,800
12172,F8_01_1_2_Chlorophyll_A_001_phosphate_plate5.tif,1,832.000,832,832
12173,F8_01_1_2_Chlorophyll_A_001_phosphate_plate5.tif,1,832.000,832,832
12174,F8_01_1_2_Chlorophyll_A_001_phosphate_plate5.tif,1,896.000,896,896
12175,F8_01_1_2_Chlorophyll_A_001_phosphate_plate5.tif,1,832.000,832,832
12176,F8_01_1_2_Chlorophyll_A_001_phosphate_plate5.tif,3,789.333,768,816
12177,F8_01_1_2_Chlorophyll_A_001_phosphate_plate5.tif,1,768.000,768,768
12178,F8_01_1_2_Chlorophyll_A_001_phosphate_plate5.tif,1,848.000,848,848
12179,F8_01_1_2_Chlorophyll_A_001_phosphate_plate5.tif,1,816.000,816,816
12180,F8_01_1_2_Chlorophyll_A_001_phosphate_plate5.tif,1,768.000,768,768
12181,F8_01_1_2_Chlorophyll_A_001_phosphate_plate5.tif,1,864.000,864,864
12182,F8_01_1_2_Chlorophyll_A_001_phosphate_plate5.tif,1,784.000,784,784
12183,F8_01_1_2_Chlorophyll_A_001_phosphate_plate5.tif,1,880.000,880,880
12184,F8_01_1_2_Chlorophyll_A_001_phosphate_plate5.tif,2,896.000,880,912
12185,F8_01_1_2_Chlorophyll_A_001_phosphate_plate5.tif,1,768.000,768,768
12186,F8_01_1_2_Chlorophyll_A_001_phosphate_plate5.tif,2,824.000,768,880
12187,F8_01_1_2_Chlorophyll_A_001_phosphate_plate5.tif,4,800.000,768,832
12188,F8_01_1_2_Chlorophyll_A_001_phosphate_plate5.tif,1,896.000,896,896
12189,F8_01_1_2_Chlorophyll_A_001_phosphate_plate5.tif,1,1040.000,1040,1040
12190,F8_01_1_2_Chlorophyll_A_001_phosphate_plate5.tif,1,864.000,864,864
12191,F8_01_1_2_Chlorophyll_A_001_phosphate_plate5.tif,1,800.000,800,800
12192,F8_01_1_2_Chlorophyll_A_001_phosphate_plate5.tif,1,800.000,800,800
12193,F8_01_1_2_Chlorophyll_A_001_phosphate_plate5.tif,3,837.333,800,896
12194,F8_01_1_2_Chlorophyll_A_001_phosphate_plate5.tif,1,832.000,832,832
12195,F8_01_1_2_Chlorophyll_A_001_phosphate_plate5.tif,1,832.000,832,832
12196,F8_01_1_2_Chlorophyll_A_001_phosphate_plate5.tif,1,784.000,784,784
12197,F8_01_1_2_Chlorophyll_A_001_phosphate_plate5.tif,2,808.000,800,816
12198,F8_01_1_2_Chlorophyll_A_001_phosphate_plate5.tif,1,960.000,960,960
12199,F8_01_1_2_Chlorophyll_A_001_phosphate_plate5.tif,3,842.667,800,896
12200,F8_01_1_2_Chlorophyll_A_001_phosphate_plate5.tif,55,877.091,768,1168
12201,F8_01_1_2_Chlorophyll_A_001_phosphate_plate5.tif,44,924.364,768,1136
12202,F8_01_1_2_Chlorophyll_A_001_phosphate_plate5.tif,10,828.800,768,944
12203,F8_01_1_2_Chlorophyll_A_001_phosphate_plate5.tif,72,872.667,768,1136
12204,F8_01_1_2_Chlorophyll_A_001_phosphate_plate5.tif,40,870.000,768,1104
12205,F8_01_1_2_Chlorophyll_A_001_phosphate_plate5.tif,3,874.667,784,992
12206,F8_01_1_2_Chlorophyll_A_001_phosphate_plate5.tif,1,800.000,800,800
12207,F8_01_1_2_Chlorophyll_A_001_phosphate_plate5.tif,1,848.000,848,848
12208,F8_01_1_2_Chlorophyll_A_001_phosphate_plate5.tif,1,800.000,800,800
12209,F8_01_1_2_Chlorophyll_A_001_phosphate_plate5.tif,1,880.000,880,880
12210,F8_01_1_2_Chlorophyll_A_001_phosphate_plate5.tif,3,832.000,800,896
12211,F8_01_1_2_Chlorophyll_A_001_phosphate_plate5.tif,2,856.000,848,864
12212,F8_01_1_2_Chlorophyll_A_001_phosphate_plate5.tif,1,784.000,784,784
12213,F8_01_1_2_Chlorophyll_A_001_phosphate_plate5.tif,18,847.111,768,976
12214,F8_01_1_2_Chlorophyll_A_001_phosphate_plate5.tif,1,912.000,912,912
12215,F8_01_1_2_Chlorophyll_A_001_phosphate_plate5.tif,1,800.000,800,800
12216,F8_01_1_2_Chlorophyll_A_001_phosphate_plate5.tif,1,784.000,784,784
12217,F8_01_1_2_Chlorophyll_A_001_phosphate_plate5.tif,2,840.000,832,848
12218,F8_01_1_2_Chlorophyll_A_001_phosphate_plate5.tif,1,848.000,848,848
12219,F8_01_1_2_Chlorophyll_A_001_phosphate_plate5.tif,1,928.000,928,928
12220,F8_01_1_2_Chlorophyll_A_001_phosphate_plate5.tif,1,880.000,880,880
12221,F8_01_1_2_Chlorophyll_A_001_phosphate_plate5.tif,1,832.000,832,832
12222,F8_01_1_2_Chlorophyll_A_001_phosphate_plate5.tif,1,816.000,816,816
12223,F8_01_1_2_Chlorophyll_A_001_phosphate_plate5.tif,1,768.000,768,768
12224,F8_01_1_2_Chlorophyll_A_001_phosphate_plate5.tif,1,832.000,832,832
12225,F8_01_1_2_Chlorophyll_A_001_phosphate_plate5.tif,3,869.333,816,944
12226,F8_01_1_2_Chlorophyll_A_001_phosphate_plate5.tif,1,896.000,896,896
12227,F8_01_1_2_Chlorophyll_A_001_phosphate_plate5.tif,1,816.000,816,816
12228,F8_01_1_2_Chlorophyll_A_001_phosphate_plate5.tif,4,820.000,768,880
12229,F8_01_1_2_Chlorophyll_A_001_phosphate_plate5.tif,1,784.000,784,784
12230,F8_01_1_2_Chlorophyll_A_001_phosphate_plate5.tif,1,832.000,832,832
12231,F8_01_1_2_Chlorophyll_A_001_phosphate_plate5.tif,3,773.333,768,784
12232,F8_01_1_2_Chlorophyll_A_001_phosphate_plate5.tif,1,864.000,864,864
12233,F8_01_1_2_Chlorophyll_A_001_phosphate_plate5.tif,4,824.000,800,864
12234,F8_01_1_2_Chlorophyll_A_001_phosphate_plate5.tif,1,784.000,784,784
12235,F8_01_1_2_Chlorophyll_A_001_phosphate_plate5.tif,1,768.000,768,768
12236,F8_01_1_2_Chlorophyll_A_001_phosphate_plate5.tif,3,901.333,784,1104
12237,F8_01_1_2_Chlorophyll_A_001_phosphate_plate5.tif,2,792.000,784,800
12238,F8_01_1_2_Chlorophyll_A_001_phosphate_plate5.tif,1,800.000,800,800
12239,F8_01_1_2_Chlorophyll_A_001_phosphate_plate5.tif,1,800.000,800,800
12240,F8_01_1_2_Chlorophyll_A_001_phosphate_plate5.tif,1,816.000,816,816
12241,F8_01_1_2_Chlorophyll_A_001_phosphate_plate5.tif,2,800.000,784,816
12242,F8_01_1_2_Chlorophyll_A_001_phosphate_plate5.tif,1,832.000,832,832
12243,F8_01_1_2_Chlorophyll_A_001_phosphate_plate5.tif,1,816.000,816,816
12244,F8_01_1_2_Chlorophyll_A_001_phosphate_plate5.tif,1,800.000,800,800
12245,F8_01_1_2_Chlorophyll_A_001_phosphate_plate5.tif,1,832.000,832,832
12246,F8_01_1_2_Chlorophyll_A_001_phosphate_plate5.tif,2,800.000,784,816
12247,F8_01_1_2_Chlorophyll_A_001_phosphate_plate5.tif,1,832.000,832,832
12248,F8_01_1_2_Chlorophyll_A_001_phosphate_plate5.tif,228,3520.140,768,30576
12249,F8_01_1_2_Chlorophyll_A_001_phosphate_plate5.tif,9,823.111,768,880
12250,F8_01_1_2_Chlorophyll_A_001_phosphate_plate5.tif,1,816.000,816,816
12251,F8_01_1_2_Chlorophyll_A_001_phosphate_plate5.tif,1,784.000,784,784
12252,F8_01_1_2_Chlorophyll_A_001_phosphate_plate5.tif,2,832.000,768,896
12253,F8_01_1_2_Chlorophyll_A_001_phosphate_plate5.tif,1,864.000,864,864
12254,F8_01_1_2_Chlorophyll_A_001_phosphate_plate5.tif,5,848.000,768,992
12255,F8_01_1_2_Chlorophyll_A_001_phosphate_plate5.tif,1,768.000,768,768
12256,F8_01_1_2_Chlorophyll_A_001_phosphate_plate5.tif,30,887.467,768,1104
12257,F8_01_1_2_Chlorophyll_A_001_phosphate_plate5.tif,52,881.846,768,1152
12258,F8_01_1_2_Chlorophyll_A_001_phosphate_plate5.tif,35,880.000,768,1024
12259,F8_01_1_2_Chlorophyll_A_001_phosphate_plate5.tif,37,931.027,768,1296
12260,F8_01_1_2_Chlorophyll_A_001_phosphate_plate5.tif,1,992.000,992,992
12261,F8_01_1_2_Chlorophyll_A_001_phosphate_plate5.tif,1,768.000,768,768
12262,F8_01_1_2_Chlorophyll_A_001_phosphate_plate5.tif,1,784.000,784,784
12263,F8_01_1_2_Chlorophyll_A_001_phosphate_plate5.tif,1,816.000,816,816
12264,F8_01_1_2_Chlorophyll_A_001_phosphate_plate5.tif,1,784.000,784,784
12265,F8_01_1_2_Chlorophyll_A_001_phosphate_plate5.tif,13,881.231,784,1248
12266,F8_01_1_2_Chlorophyll_A_001_phosphate_plate5.tif,1,800.000,800,800
12267,F8_01_1_2_Chlorophyll_A_001_phosphate_plate5.tif,1,816.000,816,816
12268,F8_01_1_2_Chlorophyll_A_001_phosphate_plate5.tif,20,860.000,768,1120
12269,F8_01_1_2_Chlorophyll_A_001_phosphate_plate5.tif,1,928.000,928,928
12270,F8_01_1_2_Chlorophyll_A_001_phosphate_plate5.tif,5,896.000,800,992
12271,F8_01_1_2_Chlorophyll_A_001_phosphate_plate5.tif,1,912.000,912,912
12272,F8_01_1_2_Chlorophyll_A_001_phosphate_plate5.tif,2,880.000,816,944
12273,F8_01_1_2_Chlorophyll_A_001_phosphate_plate5.tif,4,848.000,784,976
12274,F8_01_1_2_Chlorophyll_A_001_phosphate_plate5.tif,1,800.000,800,800
12275,F8_01_1_2_Chlorophyll_A_001_phosphate_plate5.tif,1,768.000,768,768
12276,F8_01_1_2_Chlorophyll_A_001_phosphate_plate5.tif,1,816.000,816,816
12277,F8_01_1_2_Chlorophyll_A_001_phosphate_plate5.tif,3,805.333,784,832
12278,F8_01_1_2_Chlorophyll_A_001_phosphate_plate5.tif,2,776.000,768,784
12279,F8_01_1_2_Chlorophyll_A_001_phosphate_plate5.tif,1,816.000,816,816
12280,F8_01_1_2_Chlorophyll_A_001_phosphate_plate5.tif,2,784.000,768,800
12281,F8_01_1_2_Chlorophyll_A_001_phosphate_plate5.tif,1,1056.000,1056,1056
12282,F8_01_1_2_Chlorophyll_A_001_phosphate_plate5.tif,3,869.333,784,912
12283,F8_01_1_2_Chlorophyll_A_001_phosphate_plate5.tif,2,872.000,784,960
12284,F8_01_1_2_Chlorophyll_A_001_phosphate_plate5.tif,1,896.000,896,896
12285,F8_01_1_2_Chlorophyll_A_001_phosphate_plate5.tif,2,896.000,768,1024
12286,F8_01_1_2_Chlorophyll_A_001_phosphate_plate5.tif,5,796.800,768,848
12287,F8_01_1_2_Chlorophyll_A_001_phosphate_plate5.tif,1,848.000,848,848
12288,F8_01_1_2_Chlorophyll_A_001_phosphate_plate5.tif,1,816.000,816,816
12289,F8_01_1_2_Chlorophyll_A_001_phosphate_plate5.tif,1,768.000,768,768
12290,F8_01_1_2_Chlorophyll_A_001_phosphate_plate5.tif,1,816.000,816,816
12291,F8_01_1_2_Chlorophyll_A_001_phosphate_plate5.tif,1,768.000,768,768
12292,F8_01_1_2_Chlorophyll_A_001_phosphate_plate5.tif,1,912.000,912,912
12293,F8_01_1_2_Chlorophyll_A_001_phosphate_plate5.tif,1,768.000,768,768
12294,F8_01_1_2_Chlorophyll_A_001_phosphate_plate5.tif,1,800.000,800,800
12295,F8_01_1_2_Chlorophyll_A_001_phosphate_plate5.tif,2,768.000,768,768
12296,F8_01_1_2_Chlorophyll_A_001_phosphate_plate5.tif,3,874.667,784,960
12297,F8_01_1_2_Chlorophyll_A_001_phosphate_plate5.tif,1,880.000,880,880
12298,F8_01_1_2_Chlorophyll_A_001_phosphate_plate5.tif,1,864.000,864,864
12299,F8_01_1_2_Chlorophyll_A_001_phosphate_plate5.tif,1,960.000,960,960
12300,F8_01_1_2_Chlorophyll_A_001_phosphate_plate5.tif,3,842.667,768,912
12301,F8_01_1_2_Chlorophyll_A_001_phosphate_plate5.tif,1,816.000,816,816
12302,F8_01_1_2_Chlorophyll_A_001_phosphate_plate5.tif,4,832.000,768,928
12303,F8_01_1_2_Chlorophyll_A_001_phosphate_plate5.tif,1,864.000,864,864
12304,F8_01_1_2_Chlorophyll_A_001_phosphate_plate5.tif,27,878.222,768,1072
12305,F8_01_1_2_Chlorophyll_A_001_phosphate_plate5.tif,59,881.627,768,1216
12306,F8_01_1_2_Chlorophyll_A_001_phosphate_plate5.tif,13,893.538,784,1008
12307,F8_01_1_2_Chlorophyll_A_001_phosphate_plate5.tif,269,1603.033,768,11760
12308,F8_01_1_2_Chlorophyll_A_001_phosphate_plate5.tif,50,886.080,768,1104
12309,F8_01_1_2_Chlorophyll_A_001_phosphate_plate5.tif,85,945.694,768,1440
12310,F8_01_1_2_Chlorophyll_A_001_phosphate_plate5.tif,1,928.000,928,928
12311,F8_01_1_2_Chlorophyll_A_001_phosphate_plate5.tif,22,858.909,768,1040
12312,F8_01_1_2_Chlorophyll_A_001_phosphate_plate5.tif,2,912.000,896,928
12313,F8_01_1_2_Chlorophyll_A_001_phosphate_plate5.tif,8,814.000,768,1008
12314,F8_01_1_2_Chlorophyll_A_001_phosphate_plate5.tif,3,858.667,800,960
12315,F8_01_1_2_Chlorophyll_A_001_phosphate_plate5.tif,148,1069.081,768,1952
12316,F8_01_1_2_Chlorophyll_A_001_phosphate_plate5.tif,4,872.000,800,976
12317,F8_01_1_2_Chlorophyll_A_001_phosphate_plate5.tif,2,896.000,784,1008
12318,F8_01_1_2_Chlorophyll_A_001_phosphate_plate5.tif,1,800.000,800,800
12319,F8_01_1_2_Chlorophyll_A_001_phosphate_plate5.tif,5,812.800,800,864
12320,F8_01_1_2_Chlorophyll_A_001_phosphate_plate5.tif,1,848.000,848,848
12321,F8_01_1_2_Chlorophyll_A_001_phosphate_plate5.tif,1,864.000,864,864
12322,F8_01_1_2_Chlorophyll_A_001_phosphate_plate5.tif,5,793.600,768,832
12323,F8_01_1_2_Chlorophyll_A_001_phosphate_plate5.tif,4,816.000,800,848
12324,F8_01_1_2_Chlorophyll_A_001_phosphate_plate5.tif,3,784.000,768,800
12325,F8_01_1_2_Chlorophyll_A_001_phosphate_plate5.tif,2,992.000,928,1056
12326,F8_01_1_2_Chlorophyll_A_001_phosphate_plate5.tif,1,768.000,768,768
12327,F8_01_1_2_Chlorophyll_A_001_phosphate_plate5.tif,1,784.000,784,784
12328,F8_01_1_2_Chlorophyll_A_001_phosphate_plate5.tif,1,800.000,800,800
12329,F8_01_1_2_Chlorophyll_A_001_phosphate_plate5.tif,6,824.000,800,880
12330,F8_01_1_2_Chlorophyll_A_001_phosphate_plate5.tif,1,784.000,784,784
12331,F8_01_1_2_Chlorophyll_A_001_phosphate_plate5.tif,1,864.000,864,864
12332,F8_01_1_2_Chlorophyll_A_001_phosphate_plate5.tif,1,784.000,784,784
12333,F8_01_1_2_Chlorophyll_A_001_phosphate_plate5.tif,1,928.000,928,928
12334,F8_01_1_2_Chlorophyll_A_001_phosphate_plate5.tif,1,816.000,816,816
12335,F8_01_1_2_Chlorophyll_A_001_phosphate_plate5.tif,1,800.000,800,800
12336,F8_01_1_2_Chlorophyll_A_001_phosphate_plate5.tif,1,816.000,816,816
12337,F8_01_1_2_Chlorophyll_A_001_phosphate_plate5.tif,1,976.000,976,976
12338,F8_01_1_2_Chlorophyll_A_001_phosphate_plate5.tif,1,864.000,864,864
12339,F8_01_1_2_Chlorophyll_A_001_phosphate_plate5.tif,3,800.000,768,832
12340,F8_01_1_2_Chlorophyll_A_001_phosphate_plate5.tif,1,800.000,800,800
12341,F8_01_1_2_Chlorophyll_A_001_phosphate_plate5.tif,1,800.000,800,800
12342,F8_01_1_2_Chlorophyll_A_001_phosphate_plate5.tif,383,4631.937,768,42048
12343,F8_01_1_2_Chlorophyll_A_001_phosphate_plate5.tif,1,800.000,800,800
12344,F8_01_1_2_Chlorophyll_A_001_phosphate_plate5.tif,2,832.000,800,864
12345,F8_01_1_2_Chlorophyll_A_001_phosphate_plate5.tif,2,888.000,848,928
12346,F8_01_1_2_Chlorophyll_A_001_phosphate_plate5.tif,1,784.000,784,784
12347,F8_01_1_2_Chlorophyll_A_001_phosphate_plate5.tif,3,794.667,768,848
12348,F8_01_1_2_Chlorophyll_A_001_phosphate_plate5.tif,3,842.667,768,912
12349,F8_01_1_2_Chlorophyll_A_001_phosphate_plate5.tif,1,784.000,784,784
12350,F8_01_1_2_Chlorophyll_A_001_phosphate_plate5.tif,1,944.000,944,944
12351,F8_01_1_2_Chlorophyll_A_001_phosphate_plate5.tif,2,768.000,768,768
12352,F8_01_1_2_Chlorophyll_A_001_phosphate_plate5.tif,5,806.400,768,880
12353,F8_01_1_2_Chlorophyll_A_001_phosphate_plate5.tif,3,805.333,768,864
12354,F8_01_1_2_Chlorophyll_A_001_phosphate_plate5.tif,1,768.000,768,768
12355,F8_01_1_2_Chlorophyll_A_001_phosphate_plate5.tif,2,816.000,800,832
12356,F8_01_1_2_Chlorophyll_A_001_phosphate_plate5.tif,5,873.600,800,960
12357,F8_01_1_2_Chlorophyll_A_001_phosphate_plate5.tif,6,882.667,800,1104
12358,F8_01_1_2_Chlorophyll_A_001_phosphate_plate5.tif,1,864.000,864,864
12359,F8_01_1_2_Chlorophyll_A_001_phosphate_plate5.tif,2,832.000,800,864
12360,F8_01_1_2_Chlorophyll_A_001_phosphate_plate5.tif,2,856.000,800,912
12361,F8_01_1_2_Chlorophyll_A_001_phosphate_plate5.tif,3,837.333,784,896
12362,F8_01_1_2_Chlorophyll_A_001_phosphate_plate5.tif,1,800.000,800,800
12363,F8_01_1_2_Chlorophyll_A_001_phosphate_plate5.tif,1,768.000,768,768
12364,F8_01_1_2_Chlorophyll_A_001_phosphate_plate5.tif,4,848.000,800,880
12365,F8_01_1_2_Chlorophyll_A_001_phosphate_plate5.tif,1,848.000,848,848
12366,F8_01_1_2_Chlorophyll_A_001_phosphate_plate5.tif,9,819.556,768,912
12367,F8_01_1_2_Chlorophyll_A_001_phosphate_plate5.tif,2,848.000,816,880
12368,F8_01_1_2_Chlorophyll_A_001_phosphate_plate5.tif,1,848.000,848,848
12369,F8_01_1_2_Chlorophyll_A_001_phosphate_plate5.tif,1,800.000,800,800
12370,F8_01_1_2_Chlorophyll_A_001_phosphate_plate5.tif,1,768.000,768,768
12371,F8_01_1_2_Chlorophyll_A_001_phosphate_plate5.tif,2,896.000,832,960
12372,F8_01_1_2_Chlorophyll_A_001_phosphate_plate5.tif,1,848.000,848,848
12373,F8_01_1_2_Chlorophyll_A_001_phosphate_plate5.tif,1,768.000,768,768
12374,F8_01_1_2_Chlorophyll_A_001_phosphate_plate5.tif,1,800.000,800,800
12375,F8_01_1_2_Chlorophyll_A_001_phosphate_plate5.tif,3,880.000,784,992
12376,F8_01_1_2_Chlorophyll_A_001_phosphate_plate5.tif,4,856.000,784,928
12377,F8_01_1_2_Chlorophyll_A_001_phosphate_plate5.tif,2,824.000,800,848
12378,F8_01_1_2_Chlorophyll_A_001_phosphate_plate5.tif,3,874.667,800,944
12379,F8_01_1_2_Chlorophyll_A_001_phosphate_plate5.tif,4,792.000,768,816
12380,F8_01_1_2_Chlorophyll_A_001_phosphate_plate5.tif,3,869.333,768,1008
12381,F8_01_1_2_Chlorophyll_A_001_phosphate_plate5.tif,1,816.000,816,816
12382,F8_01_1_2_Chlorophyll_A_001_phosphate_plate5.tif,1,848.000,848,848
12383,F8_01_1_2_Chlorophyll_A_001_phosphate_plate5.tif,2,776.000,768,784
12384,F8_01_1_2_Chlorophyll_A_001_phosphate_plate5.tif,1,784.000,784,784
12385,F8_01_1_2_Chlorophyll_A_001_phosphate_plate5.tif,1,768.000,768,768
12386,F8_01_1_2_Chlorophyll_A_001_phosphate_plate5.tif,1,816.000,816,816
12387,F8_01_1_2_Chlorophyll_A_001_phosphate_plate5.tif,2,1040.000,976,1104
12388,F8_01_1_2_Chlorophyll_A_001_phosphate_plate5.tif,1,816.000,816,816
12389,F8_01_1_2_Chlorophyll_A_001_phosphate_plate5.tif,1,768.000,768,768
12390,F8_01_1_2_Chlorophyll_A_001_phosphate_plate5.tif,1,784.000,784,784
12391,F8_01_1_2_Chlorophyll_A_001_phosphate_plate5.tif,1,864.000,864,864
12392,F8_01_1_2_Chlorophyll_A_001_phosphate_plate5.tif,2,800.000,784,816
12393,F8_01_1_2_Chlorophyll_A_001_phosphate_plate5.tif,1,880.000,880,880
12394,F8_01_1_2_Chlorophyll_A_001_phosphate_plate5.tif,1,832.000,832,832
12395,F8_01_1_2_Chlorophyll_A_001_phosphate_plate5.tif,2,808.000,784,832
12396,F8_01_1_2_Chlorophyll_A_001_phosphate_plate5.tif,2,768.000,768,768
12397,F8_01_1_2_Chlorophyll_A_001_phosphate_plate5.tif,1,784.000,784,784
12398,F8_01_1_2_Chlorophyll_A_001_phosphate_plate5.tif,2,832.000,800,864
12399,F8_01_1_2_Chlorophyll_A_001_phosphate_plate5.tif,1,896.000,896,896
12400,F8_01_1_2_Chlorophyll_A_001_phosphate_plate5.tif,1,768.000,768,768
12401,F8_01_1_2_Chlorophyll_A_001_phosphate_plate5.tif,1,784.000,784,784
12402,F8_01_1_2_Chlorophyll_A_001_phosphate_plate5.tif,2,936.000,832,1040
12403,F8_01_1_2_Chlorophyll_A_001_phosphate_plate5.tif,5,828.800,768,896
12404,F8_01_1_2_Chlorophyll_A_001_phosphate_plate5.tif,6,832.000,768,960
12405,F8_01_1_2_Chlorophyll_A_001_phosphate_plate5.tif,1,800.000,800,800
12406,F8_01_1_2_Chlorophyll_A_001_phosphate_plate5.tif,1,928.000,928,928
12407,F8_01_1_2_Chlorophyll_A_001_phosphate_plate5.tif,1,896.000,896,896
12408,F8_01_1_2_Chlorophyll_A_001_phosphate_plate5.tif,56,865.714,768,1104
12409,F8_01_1_2_Chlorophyll_A_001_phosphate_plate5.tif,34,858.353,768,992
12410,F8_01_1_2_Chlorophyll_A_001_phosphate_plate5.tif,6,853.333,784,928
12411,F8_01_1_2_Chlorophyll_A_001_phosphate_plate5.tif,8,844.000,768,960
12412,F8_01_1_2_Chlorophyll_A_001_phosphate_plate5.tif,1,848.000,848,848
12413,F8_01_1_2_Chlorophyll_A_001_phosphate_plate5.tif,10,864.000,768,1024
12414,F8_01_1_2_Chlorophyll_A_001_phosphate_plate5.tif,9,849.778,768,976
12415,F8_01_1_2_Chlorophyll_A_001_phosphate_plate5.tif,1,800.000,800,800
12416,F8_01_1_2_Chlorophyll_A_001_phosphate_plate5.tif,2,864.000,864,864
12417,F8_01_1_2_Chlorophyll_A_001_phosphate_plate5.tif,1,816.000,816,816
12418,F8_01_1_2_Chlorophyll_A_001_phosphate_plate5.tif,3,848.000,816,880
12419,F8_01_1_2_Chlorophyll_A_001_phosphate_plate5.tif,2,824.000,768,880
12420,F8_01_1_2_Chlorophyll_A_001_phosphate_plate5.tif,1,928.000,928,928
12421,F8_01_1_2_Chlorophyll_A_001_phosphate_plate5.tif,4,800.000,768,864
12422,F8_01_1_2_Chlorophyll_A_001_phosphate_plate5.tif,1,768.000,768,768
12423,F8_01_1_2_Chlorophyll_A_001_phosphate_plate5.tif,2,808.000,784,832
12424,F8_01_1_2_Chlorophyll_A_001_phosphate_plate5.tif,8,806.000,768,864
12425,F8_01_1_2_Chlorophyll_A_001_phosphate_plate5.tif,3,890.667,784,1072
12426,F8_01_1_2_Chlorophyll_A_001_phosphate_plate5.tif,1,768.000,768,768
12427,F8_01_1_2_Chlorophyll_A_001_phosphate_plate5.tif,1,848.000,848,848
12428,F8_01_1_2_Chlorophyll_A_001_phosphate_plate5.tif,3,784.000,768,800
12429,F8_01_1_2_Chlorophyll_A_001_phosphate_plate5.tif,1,848.000,848,848
12430,F8_01_1_2_Chlorophyll_A_001_phosphate_plate5.tif,1,848.000,848,848
12431,F8_01_1_2_Chlorophyll_A_001_phosphate_plate5.tif,1,848.000,848,848
12432,F8_01_1_2_Chlorophyll_A_001_phosphate_plate5.tif,6,824.000,768,864
12433,F8_01_1_2_Chlorophyll_A_001_phosphate_plate5.tif,2,824.000,784,864
12434,F8_01_1_2_Chlorophyll_A_001_phosphate_plate5.tif,2,784.000,768,800
12435,F8_01_1_2_Chlorophyll_A_001_phosphate_plate5.tif,1,784.000,784,784
12436,F8_01_1_2_Chlorophyll_A_001_phosphate_plate5.tif,4,848.000,768,944
12437,F8_01_1_2_Chlorophyll_A_001_phosphate_plate5.tif,2,856.000,800,912
12438,F8_01_1_2_Chlorophyll_A_001_phosphate_plate5.tif,1,800.000,800,800
12439,F8_01_1_2_Chlorophyll_A_001_phosphate_plate5.tif,1,784.000,784,784
12440,F8_01_1_2_Chlorophyll_A_001_phosphate_plate5.tif,1,848.000,848,848
12441,F8_01_1_2_Chlorophyll_A_001_phosphate_plate5.tif,3,789.333,768,832
12442,F8_01_1_2_Chlorophyll_A_001_phosphate_plate5.tif,1,784.000,784,784
12443,F8_01_1_2_Chlorophyll_A_001_phosphate_plate5.tif,1,832.000,832,832
12444,F8_01_1_2_Chlorophyll_A_001_phosphate_plate5.tif,2,808.000,800,816
12445,F8_01_1_2_Chlorophyll_A_001_phosphate_plate5.tif,1,816.000,816,816
12446,F8_01_1_2_Chlorophyll_A_001_phosphate_plate5.tif,1,800.000,800,800
12447,F8_01_1_2_Chlorophyll_A_001_phosphate_plate5.tif,1,848.000,848,848
12448,F8_01_1_2_Chlorophyll_A_001_phosphate_plate5.tif,3,858.667,800,944
12449,F8_01_1_2_Chlorophyll_A_001_phosphate_plate5.tif,9,849.778,768,928
12450,F8_01_1_2_Chlorophyll_A_001_phosphate_plate5.tif,46,880.696,768,1136
12451,F8_01_1_2_Chlorophyll_A_001_phosphate_plate5.tif,31,888.774,768,1088
12452,F8_01_1_2_Chlorophyll_A_001_phosphate_plate5.tif,1,880.000,880,880
12453,F8_01_1_2_Chlorophyll_A_001_phosphate_plate5.tif,21,848.000,768,976
12454,F8_01_1_2_Chlorophyll_A_001_phosphate_plate5.tif,1,800.000,800,800
12455,F8_01_1_2_Chlorophyll_A_001_phosphate_plate5.tif,3,864.000,800,912
12456,F8_01_1_2_Chlorophyll_A_001_phosphate_plate5.tif,5,825.600,768,912
12457,F8_01_1_2_Chlorophyll_A_001_phosphate_plate5.tif,3,810.667,784,848
12458,F8_01_1_2_Chlorophyll_A_001_phosphate_plate5.tif,7,884.571,800,1136
12459,F8_01_1_2_Chlorophyll_A_001_phosphate_plate5.tif,1,768.000,768,768
12460,F8_01_1_2_Chlorophyll_A_001_phosphate_plate5.tif,11,827.636,768,960
12461,F8_01_1_2_Chlorophyll_A_001_phosphate_plate5.tif,2,816.000,816,816
12462,F8_01_1_2_Chlorophyll_A_001_phosphate_plate5.tif,1,912.000,912,912
12463,F8_01_1_2_Chlorophyll_A_001_phosphate_plate5.tif,5,838.400,768,928
12464,F8_01_1_2_Chlorophyll_A_001_phosphate_plate5.tif,7,804.571,768,864
12465,F8_01_1_2_Chlorophyll_A_001_phosphate_plate5.tif,2,816.000,768,864
12466,F8_01_1_2_Chlorophyll_A_001_phosphate_plate5.tif,1,800.000,800,800
12467,F8_01_1_2_Chlorophyll_A_001_phosphate_plate5.tif,22,847.273,768,1088
12468,F8_01_1_2_Chlorophyll_A_001_phosphate_plate5.tif,1,1008.000,1008,1008
12469,F8_01_1_2_Chlorophyll_A_001_phosphate_plate5.tif,5,825.600,784,912
12470,F8_01_1_2_Chlorophyll_A_001_phosphate_plate5.tif,1,768.000,768,768
12471,F8_01_1_2_Chlorophyll_A_001_phosphate_plate5.tif,9,819.556,768,864
12472,F8_01_1_2_Chlorophyll_A_001_phosphate_plate5.tif,7,857.143,784,1008
12473,F8_01_1_2_Chlorophyll_A_001_phosphate_plate5.tif,1,832.000,832,832
12474,F8_01_1_2_Chlorophyll_A_001_phosphate_plate5.tif,2,816.000,816,816
12475,F8_01_1_2_Chlorophyll_A_001_phosphate_plate5.tif,1,784.000,784,784
12476,F8_01_1_2_Chlorophyll_A_001_phosphate_plate5.tif,1,848.000,848,848
12477,F8_01_1_2_Chlorophyll_A_001_phosphate_plate5.tif,2,816.000,800,832
12478,F8_01_1_2_Chlorophyll_A_001_phosphate_plate5.tif,2,864.000,864,864
12479,F8_01_1_2_Chlorophyll_A_001_phosphate_plate5.tif,1,784.000,784,784
12480,F8_01_1_2_Chlorophyll_A_001_phosphate_plate5.tif,1,784.000,784,784
12481,F8_01_1_2_Chlorophyll_A_001_phosphate_plate5.tif,1,768.000,768,768
12482,F8_01_1_2_Chlorophyll_A_001_phosphate_plate5.tif,1,784.000,784,784
12483,F8_01_1_2_Chlorophyll_A_001_phosphate_plate5.tif,2,912.000,848,976
12484,F8_01_1_2_Chlorophyll_A_001_phosphate_plate5.tif,1,816.000,816,816
12485,F8_01_1_2_Chlorophyll_A_001_phosphate_plate5.tif,1,800.000,800,800
12486,F8_01_1_2_Chlorophyll_A_001_phosphate_plate5.tif,1,800.000,800,800
12487,F8_01_1_2_Chlorophyll_A_001_phosphate_plate5.tif,1,768.000,768,768
12488,F8_01_1_2_Chlorophyll_A_001_phosphate_plate5.tif,1,848.000,848,848
12489,F8_01_1_2_Chlorophyll_A_001_phosphate_plate5.tif,1,848.000,848,848
12490,F8_01_1_2_Chlorophyll_A_001_phosphate_plate5.tif,2,824.000,800,848
12491,F8_01_1_2_Chlorophyll_A_001_phosphate_plate5.tif,1,992.000,992,992
12492,F8_01_1_2_Chlorophyll_A_001_phosphate_plate5.tif,1,864.000,864,864
12493,F8_01_1_2_Chlorophyll_A_001_phosphate_plate5.tif,2,824.000,800,848
12494,F8_01_1_2_Chlorophyll_A_001_phosphate_plate5.tif,1,864.000,864,864
12495,F8_01_1_2_Chlorophyll_A_001_phosphate_plate5.tif,2,800.000,784,816
12496,F8_01_1_2_Chlorophyll_A_001_phosphate_plate5.tif,1,768.000,768,768
12497,F8_01_1_2_Chlorophyll_A_001_phosphate_plate5.tif,1,896.000,896,896
12498,F8_01_1_2_Chlorophyll_A_001_phosphate_plate5.tif,5,819.200,784,880
12499,F8_01_1_2_Chlorophyll_A_001_phosphate_plate5.tif,2,856.000,848,864
12500,F8_01_1_2_Chlorophyll_A_001_phosphate_plate5.tif,4,876.000,784,928
12501,F8_01_1_2_Chlorophyll_A_001_phosphate_plate5.tif,1,800.000,800,800
12502,F8_01_1_2_Chlorophyll_A_001_phosphate_plate5.tif,5,851.200,784,1008
12503,F8_01_1_2_Chlorophyll_A_001_phosphate_plate5.tif,1,768.000,768,768
12504,F8_01_1_2_Chlorophyll_A_001_phosphate_plate5.tif,1,1152.000,1152,1152
12505,F8_01_1_2_Chlorophyll_A_001_phosphate_plate5.tif,35,874.971,768,1040
12506,F8_01_1_2_Chlorophyll_A_001_phosphate_plate5.tif,21,861.714,768,1120
12507,F8_01_1_2_Chlorophyll_A_001_phosphate_plate5.tif,3,869.333,768,928
12508,F8_01_1_2_Chlorophyll_A_001_phosphate_plate5.tif,1,768.000,768,768
12509,F8_01_1_2_Chlorophyll_A_001_phosphate_plate5.tif,11,878.545,784,1008
12510,F8_01_1_2_Chlorophyll_A_001_phosphate_plate5.tif,10,832.000,768,1056
12511,F8_01_1_2_Chlorophyll_A_001_phosphate_plate5.tif,2,856.000,832,880
12512,F8_01_1_2_Chlorophyll_A_001_phosphate_plate5.tif,213,3182.648,768,22080
12513,F8_01_1_2_Chlorophyll_A_001_phosphate_plate5.tif,2,960.000,848,1072
12514,F8_01_1_2_Chlorophyll_A_001_phosphate_plate5.tif,1,864.000,864,864
12515,F8_01_1_2_Chlorophyll_A_001_phosphate_plate5.tif,1,768.000,768,768
12516,F8_01_1_2_Chlorophyll_A_001_phosphate_plate5.tif,4,840.000,768,944
12517,F8_01_1_2_Chlorophyll_A_001_phosphate_plate5.tif,1,928.000,928,928
12518,F8_01_1_2_Chlorophyll_A_001_phosphate_plate5.tif,3,837.333,784,880
12519,F8_01_1_2_Chlorophyll_A_001_phosphate_plate5.tif,1,864.000,864,864
12520,F8_01_1_2_Chlorophyll_A_001_phosphate_plate5.tif,2,776.000,768,784
12521,F8_01_1_2_Chlorophyll_A_001_phosphate_plate5.tif,4,820.000,784,848
12522,F8_01_1_2_Chlorophyll_A_001_phosphate_plate5.tif,2,776.000,768,784
12523,F8_01_1_2_Chlorophyll_A_001_phosphate_plate5.tif,1,768.000,768,768
12524,F8_01_1_2_Chlorophyll_A_001_phosphate_plate5.tif,1,784.000,784,784
12525,F8_01_1_2_Chlorophyll_A_001_phosphate_plate5.tif,1,816.000,816,816
12526,F8_01_1_2_Chlorophyll_A_001_phosphate_plate5.tif,1,800.000,800,800
12527,F8_01_1_2_Chlorophyll_A_001_phosphate_plate5.tif,1,848.000,848,848
12528,F8_01_1_2_Chlorophyll_A_001_phosphate_plate5.tif,2,776.000,768,784
12529,F8_01_1_2_Chlorophyll_A_001_phosphate_plate5.tif,1,784.000,784,784
12530,F8_01_1_2_Chlorophyll_A_001_phosphate_plate5.tif,1,768.000,768,768
12531,F8_01_1_2_Chlorophyll_A_001_phosphate_plate5.tif,1,864.000,864,864
12532,F8_01_1_2_Chlorophyll_A_001_phosphate_plate5.tif,1,784.000,784,784
12533,F8_01_1_2_Chlorophyll_A_001_phosphate_plate5.tif,2,776.000,768,784
12534,F8_01_1_2_Chlorophyll_A_001_phosphate_plate5.tif,3,810.667,800,832
12535,F8_01_1_2_Chlorophyll_A_001_phosphate_plate5.tif,2,816.000,800,832
12536,F8_01_1_2_Chlorophyll_A_001_phosphate_plate5.tif,1,768.000,768,768
12537,F8_01_1_2_Chlorophyll_A_001_phosphate_plate5.tif,1,800.000,800,800
12538,F8_01_1_2_Chlorophyll_A_001_phosphate_plate5.tif,1,832.000,832,832
12539,F8_01_1_2_Chlorophyll_A_001_phosphate_plate5.tif,2,792.000,768,816
12540,F8_01_1_2_Chlorophyll_A_001_phosphate_plate5.tif,1,864.000,864,864
12541,F8_01_1_2_Chlorophyll_A_001_phosphate_plate5.tif,2,888.000,816,960
12542,F8_01_1_2_Chlorophyll_A_001_phosphate_plate5.tif,3,826.667,768,880
12543,F8_01_1_2_Chlorophyll_A_001_phosphate_plate5.tif,3,842.667,816,864
12544,F8_01_1_2_Chlorophyll_A_001_phosphate_plate5.tif,1,784.000,784,784
12545,F8_01_1_2_Chlorophyll_A_001_phosphate_plate5.tif,1,848.000,848,848
12546,F8_01_1_2_Chlorophyll_A_001_phosphate_plate5.tif,3,794.667,768,832
12547,F8_01_1_2_Chlorophyll_A_001_phosphate_plate5.tif,73,852.822,768,1072
12548,F8_01_1_2_Chlorophyll_A_001_phosphate_plate5.tif,1,864.000,864,864
12549,F8_01_1_2_Chlorophyll_A_001_phosphate_plate5.tif,32,895.000,768,1168
12550,F8_01_1_2_Chlorophyll_A_001_phosphate_plate5.tif,556,2882.763,768,35376
12551,F8_01_1_2_Chlorophyll_A_001_phosphate_plate5.tif,2,816.000,784,848
12552,F8_01_1_2_Chlorophyll_A_001_phosphate_plate5.tif,1,816.000,816,816
12553,F8_01_1_2_Chlorophyll_A_001_phosphate_plate5.tif,1,800.000,800,800
12554,F8_01_1_2_Chlorophyll_A_001_phosphate_plate5.tif,8,806.000,768,864
12555,F8_01_1_2_Chlorophyll_A_001_phosphate_plate5.tif,13,862.769,768,1008
12556,F8_01_1_2_Chlorophyll_A_001_phosphate_plate5.tif,1,768.000,768,768
12557,F8_01_1_2_Chlorophyll_A_001_phosphate_plate5.tif,1,784.000,784,784
12558,F8_01_1_2_Chlorophyll_A_001_phosphate_plate5.tif,1,784.000,784,784
12559,F8_01_1_2_Chlorophyll_A_001_phosphate_plate5.tif,1,816.000,816,816
12560,F8_01_1_2_Chlorophyll_A_001_phosphate_plate5.tif,1,848.000,848,848
12561,F8_01_1_2_Chlorophyll_A_001_phosphate_plate5.tif,3,853.333,784,896
12562,F8_01_1_2_Chlorophyll_A_001_phosphate_plate5.tif,237,3292.962,768,30896
12563,F8_01_1_2_Chlorophyll_A_001_phosphate_plate5.tif,1,768.000,768,768
12564,F8_01_1_2_Chlorophyll_A_001_phosphate_plate5.tif,2,816.000,800,832
12565,F8_01_1_2_Chlorophyll_A_001_phosphate_plate5.tif,1,880.000,880,880
12566,F8_01_1_2_Chlorophyll_A_001_phosphate_plate5.tif,1,960.000,960,960
12567,F8_01_1_2_Chlorophyll_A_001_phosphate_plate5.tif,3,869.333,768,944
12568,F8_01_1_2_Chlorophyll_A_001_phosphate_plate5.tif,1,784.000,784,784
12569,F8_01_1_2_Chlorophyll_A_001_phosphate_plate5.tif,1,992.000,992,992
12570,F8_01_1_2_Chlorophyll_A_001_phosphate_plate5.tif,1,800.000,800,800
12571,F8_01_1_2_Chlorophyll_A_001_phosphate_plate5.tif,1,896.000,896,896
12572,F8_01_1_2_Chlorophyll_A_001_phosphate_plate5.tif,1,1088.000,1088,1088
12573,F8_01_1_2_Chlorophyll_A_001_phosphate_plate5.tif,2,920.000,896,944
12574,F8_01_1_2_Chlorophyll_A_001_phosphate_plate5.tif,1,960.000,960,960
12575,F8_01_1_2_Chlorophyll_A_001_phosphate_plate5.tif,1,800.000,800,800
12576,F8_01_1_2_Chlorophyll_A_001_phosphate_plate5.tif,1,800.000,800,800
12577,F8_01_1_2_Chlorophyll_A_001_phosphate_plate5.tif,132,3137.576,768,13872
12578,F8_01_1_2_Chlorophyll_A_001_phosphate_plate5.tif,1,768.000,768,768
12579,F8_01_1_2_Chlorophyll_A_001_phosphate_plate5.tif,2,800.000,768,832
12580,F8_01_1_2_Chlorophyll_A_001_phosphate_plate5.tif,1,928.000,928,928
12581,F8_01_1_2_Chlorophyll_A_001_phosphate_plate5.tif,1,832.000,832,832
12582,F8_01_1_2_Chlorophyll_A_001_phosphate_plate5.tif,1,864.000,864,864
12583,F8_01_1_2_Chlorophyll_A_001_phosphate_plate5.tif,1,816.000,816,816
12584,F8_01_1_2_Chlorophyll_A_001_phosphate_plate5.tif,1,864.000,864,864
12585,F8_01_1_2_Chlorophyll_A_001_phosphate_plate5.tif,2,992.000,944,1040
12586,F8_01_1_2_Chlorophyll_A_001_phosphate_plate5.tif,5,812.800,784,832
12587,F8_01_1_2_Chlorophyll_A_001_phosphate_plate5.tif,1,800.000,800,800
12588,F8_01_1_2_Chlorophyll_A_001_phosphate_plate5.tif,1,784.000,784,784
12589,F8_01_1_2_Chlorophyll_A_001_phosphate_plate5.tif,1,832.000,832,832
12590,F8_01_1_2_Chlorophyll_A_001_phosphate_plate5.tif,5,832.000,768,896
12591,F8_01_1_2_Chlorophyll_A_001_phosphate_plate5.tif,5,832.000,784,896
12592,F8_01_1_2_Chlorophyll_A_001_phosphate_plate5.tif,1,800.000,800,800
12593,F8_01_1_2_Chlorophyll_A_001_phosphate_plate5.tif,3,842.667,816,896
12594,F8_01_1_2_Chlorophyll_A_001_phosphate_plate5.tif,1,976.000,976,976
12595,F8_01_1_2_Chlorophyll_A_001_phosphate_plate5.tif,1,784.000,784,784
12596,F8_01_1_2_Chlorophyll_A_001_phosphate_plate5.tif,2,952.000,896,1008
12597,F8_01_1_2_Chlorophyll_A_001_phosphate_plate5.tif,1,848.000,848,848
12598,F8_01_1_2_Chlorophyll_A_001_phosphate_plate5.tif,1,864.000,864,864
12599,F8_01_1_2_Chlorophyll_A_001_phosphate_plate5.tif,1,848.000,848,848
12600,F8_01_1_2_Chlorophyll_A_001_phosphate_plate5.tif,1,768.000,768,768
12601,F8_01_1_2_Chlorophyll_A_001_phosphate_plate5.tif,3,826.667,800,864
12602,F8_01_1_2_Chlorophyll_A_001_phosphate_plate5.tif,1,816.000,816,816
12603,F8_01_1_2_Chlorophyll_A_001_phosphate_plate5.tif,1,832.000,832,832
12604,F8_01_1_2_Chlorophyll_A_001_phosphate_plate5.tif,4,876.000,768,1056
12605,F8_01_1_2_Chlorophyll_A_001_phosphate_plate5.tif,5,828.800,768,944
12606,F8_01_1_2_Chlorophyll_A_001_phosphate_plate5.tif,1,800.000,800,800
12607,F8_01_1_2_Chlorophyll_A_001_phosphate_plate5.tif,1,928.000,928,928
12608,F8_01_1_2_Chlorophyll_A_001_phosphate_plate5.tif,1,768.000,768,768
12609,F8_01_1_2_Chlorophyll_A_001_phosphate_plate5.tif,1,768.000,768,768
12610,F8_01_1_2_Chlorophyll_A_001_phosphate_plate5.tif,1,864.000,864,864
12611,F8_01_1_2_Chlorophyll_A_001_phosphate_plate5.tif,2,840.000,832,848
12612,F8_01_1_2_Chlorophyll_A_001_phosphate_plate5.tif,1,784.000,784,784
12613,F8_01_1_2_Chlorophyll_A_001_phosphate_plate5.tif,8,820.000,768,864
12614,F8_01_1_2_Chlorophyll_A_001_phosphate_plate5.tif,2,800.000,784,816
12615,F8_01_1_2_Chlorophyll_A_001_phosphate_plate5.tif,1,768.000,768,768
12616,F8_01_1_2_Chlorophyll_A_001_phosphate_plate5.tif,1,784.000,784,784
12617,F8_01_1_2_Chlorophyll_A_001_phosphate_plate5.tif,1,784.000,784,784
12618,F8_01_1_2_Chlorophyll_A_001_phosphate_plate5.tif,1,768.000,768,768
12619,F8_01_1_2_Chlorophyll_A_001_phosphate_plate5.tif,1,864.000,864,864
12620,F8_01_1_2_Chlorophyll_A_001_phosphate_plate5.tif,1,768.000,768,768
12621,F8_01_1_2_Chlorophyll_A_001_phosphate_plate5.tif,1,784.000,784,784
12622,F8_01_1_2_Chlorophyll_A_001_phosphate_plate5.tif,1,784.000,784,784
12623,F8_01_1_2_Chlorophyll_A_001_phosphate_plate5.tif,1,784.000,784,784
12624,F8_01_1_2_Chlorophyll_A_001_phosphate_plate5.tif,1,800.000,800,800
12625,F8_01_1_2_Chlorophyll_A_001_phosphate_plate5.tif,1,816.000,816,816
12626,F8_01_1_2_Chlorophyll_A_001_phosphate_plate5.tif,1,784.000,784,784
12627,F8_01_1_2_Chlorophyll_A_001_phosphate_plate5.tif,2,840.000,832,848
12628,F8_01_1_2_Chlorophyll_A_001_phosphate_plate5.tif,1,784.000,784,784
12629,F8_01_1_2_Chlorophyll_A_001_phosphate_plate5.tif,1,800.000,800,800
12630,F8_01_1_2_Chlorophyll_A_001_phosphate_plate5.tif,1,848.000,848,848
12631,F8_01_1_2_Chlorophyll_A_001_phosphate_plate5.tif,3,869.333,768,960
12632,F8_01_1_2_Chlorophyll_A_001_phosphate_plate5.tif,1,800.000,800,800
12633,F8_01_1_2_Chlorophyll_A_001_phosphate_plate5.tif,1,880.000,880,880
12634,F8_01_1_2_Chlorophyll_A_001_phosphate_plate5.tif,8,824.000,768,976
12635,F8_01_1_2_Chlorophyll_A_001_phosphate_plate5.tif,1,800.000,800,800
12636,F8_01_1_2_Chlorophyll_A_001_phosphate_plate5.tif,47,868.426,768,1088
12637,F8_01_1_2_Chlorophyll_A_001_phosphate_plate5.tif,55,849.164,768,1024
12638,F8_01_1_2_Chlorophyll_A_001_phosphate_plate5.tif,1,880.000,880,880
12639,F8_01_1_2_Chlorophyll_A_001_phosphate_plate5.tif,2,776.000,768,784
12640,F8_01_1_2_Chlorophyll_A_001_phosphate_plate5.tif,1,768.000,768,768
12641,F8_01_1_2_Chlorophyll_A_001_phosphate_plate5.tif,15,842.667,768,1152
12642,F8_01_1_2_Chlorophyll_A_001_phosphate_plate5.tif,1,864.000,864,864
12643,F8_01_1_2_Chlorophyll_A_001_phosphate_plate5.tif,10,856.000,768,928
12644,F8_01_1_2_Chlorophyll_A_001_phosphate_plate5.tif,5,902.400,768,992
12645,F8_01_1_2_Chlorophyll_A_001_phosphate_plate5.tif,4,804.000,768,896
12646,F8_01_1_2_Chlorophyll_A_001_phosphate_plate5.tif,1,832.000,832,832
12647,F8_01_1_2_Chlorophyll_A_001_phosphate_plate5.tif,1,800.000,800,800
12648,F8_01_1_2_Chlorophyll_A_001_phosphate_plate5.tif,1,976.000,976,976
12649,F8_01_1_2_Chlorophyll_A_001_phosphate_plate5.tif,1,832.000,832,832
12650,F8_01_1_2_Chlorophyll_A_001_phosphate_plate5.tif,2,824.000,800,848
12651,F8_01_1_2_Chlorophyll_A_001_phosphate_plate5.tif,4,828.000,784,880
12652,F8_01_1_2_Chlorophyll_A_001_phosphate_plate5.tif,2,808.000,768,848
12653,F8_01_1_2_Chlorophyll_A_001_phosphate_plate5.tif,1,816.000,816,816
12654,F8_01_1_2_Chlorophyll_A_001_phosphate_plate5.tif,1,800.000,800,800
12655,F8_01_1_2_Chlorophyll_A_001_phosphate_plate5.tif,1,816.000,816,816
12656,F8_01_1_2_Chlorophyll_A_001_phosphate_plate5.tif,1,800.000,800,800
12657,F8_01_1_2_Chlorophyll_A_001_phosphate_plate5.tif,7,880.000,768,1040
12658,F8_01_1_2_Chlorophyll_A_001_phosphate_plate5.tif,1,1152.000,1152,1152
12659,F8_01_1_2_Chlorophyll_A_001_phosphate_plate5.tif,1,800.000,800,800
12660,F8_01_1_2_Chlorophyll_A_001_phosphate_plate5.tif,5,816.000,768,848
12661,F8_01_1_2_Chlorophyll_A_001_phosphate_plate5.tif,1,896.000,896,896
12662,F8_01_1_2_Chlorophyll_A_001_phosphate_plate5.tif,1,1072.000,1072,1072
12663,F8_01_1_2_Chlorophyll_A_001_phosphate_plate5.tif,1,768.000,768,768
12664,F8_01_1_2_Chlorophyll_A_001_phosphate_plate5.tif,1,800.000,800,800
12665,F8_01_1_2_Chlorophyll_A_001_phosphate_plate5.tif,2,856.000,848,864
12666,F8_01_1_2_Chlorophyll_A_001_phosphate_plate5.tif,1,864.000,864,864
12667,F8_01_1_2_Chlorophyll_A_001_phosphate_plate5.tif,2,800.000,784,816
12668,F8_01_1_2_Chlorophyll_A_001_phosphate_plate5.tif,1,784.000,784,784
12669,F8_01_1_2_Chlorophyll_A_001_phosphate_plate5.tif,2,872.000,848,896
12670,F8_01_1_2_Chlorophyll_A_001_phosphate_plate5.tif,1,864.000,864,864
12671,F8_01_1_2_Chlorophyll_A_001_phosphate_plate5.tif,2,792.000,784,800
12672,F8_01_1_2_Chlorophyll_A_001_phosphate_plate5.tif,1,800.000,800,800
12673,F8_01_1_2_Chlorophyll_A_001_phosphate_plate5.tif,1,784.000,784,784
12674,F8_01_1_2_Chlorophyll_A_001_phosphate_plate5.tif,1,784.000,784,784
12675,F8_01_1_2_Chlorophyll_A_001_phosphate_plate5.tif,1,928.000,928,928
12676,F8_01_1_2_Chlorophyll_A_001_phosphate_plate5.tif,2,784.000,768,800
12677,F8_01_1_2_Chlorophyll_A_001_phosphate_plate5.tif,1,880.000,880,880
12678,F8_01_1_2_Chlorophyll_A_001_phosphate_plate5.tif,2,800.000,784,816
12679,F8_01_1_2_Chlorophyll_A_001_phosphate_plate5.tif,1,864.000,864,864
12680,F8_01_1_2_Chlorophyll_A_001_phosphate_plate5.tif,2,784.000,768,800
12681,F8_01_1_2_Chlorophyll_A_001_phosphate_plate5.tif,1,864.000,864,864
12682,F8_01_1_2_Chlorophyll_A_001_phosphate_plate5.tif,3,837.333,800,896
12683,F8_01_1_2_Chlorophyll_A_001_phosphate_plate5.tif,1,800.000,800,800
12684,F8_01_1_2_Chlorophyll_A_001_phosphate_plate5.tif,1,848.000,848,848
12685,F8_01_1_2_Chlorophyll_A_001_phosphate_plate5.tif,1,784.000,784,784
12686,F8_01_1_2_Chlorophyll_A_001_phosphate_plate5.tif,1,800.000,800,800
12687,F8_01_1_2_Chlorophyll_A_001_phosphate_plate5.tif,1,768.000,768,768
12688,F8_01_1_2_Chlorophyll_A_001_phosphate_plate5.tif,1,784.000,784,784
12689,F8_01_1_2_Chlorophyll_A_001_phosphate_plate5.tif,1,880.000,880,880
12690,F8_01_1_2_Chlorophyll_A_001_phosphate_plate5.tif,1,896.000,896,896
12691,F8_01_1_2_Chlorophyll_A_001_phosphate_plate5.tif,4,952.000,832,1056
12692,F8_01_1_2_Chlorophyll_A_001_phosphate_plate5.tif,1,848.000,848,848
12693,F8_01_1_2_Chlorophyll_A_001_phosphate_plate5.tif,1,800.000,800,800
12694,F8_01_1_2_Chlorophyll_A_001_phosphate_plate5.tif,1,784.000,784,784
12695,F8_01_1_2_Chlorophyll_A_001_phosphate_plate5.tif,80,892.200,768,1280
12696,F8_01_1_2_Chlorophyll_A_001_phosphate_plate5.tif,147,884.463,768,1200
12697,F8_01_1_2_Chlorophyll_A_001_phosphate_plate5.tif,13,894.769,768,1056
12698,F8_01_1_2_Chlorophyll_A_001_phosphate_plate5.tif,12,838.667,768,992
12699,F8_01_1_2_Chlorophyll_A_001_phosphate_plate5.tif,4,824.000,800,848
12700,F8_01_1_2_Chlorophyll_A_001_phosphate_plate5.tif,2,864.000,816,912
12701,F8_01_1_2_Chlorophyll_A_001_phosphate_plate5.tif,10,830.400,768,896
12702,F8_01_1_2_Chlorophyll_A_001_phosphate_plate5.tif,300,2046.453,768,23504
12703,F8_01_1_2_Chlorophyll_A_001_phosphate_plate5.tif,1,768.000,768,768
12704,F8_01_1_2_Chlorophyll_A_001_phosphate_plate5.tif,1,864.000,864,864
12705,F8_01_1_2_Chlorophyll_A_001_phosphate_plate5.tif,1,816.000,816,816
12706,F8_01_1_2_Chlorophyll_A_001_phosphate_plate5.tif,5,844.800,800,912
12707,F8_01_1_2_Chlorophyll_A_001_phosphate_plate5.tif,2,920.000,912,928
12708,F8_01_1_2_Chlorophyll_A_001_phosphate_plate5.tif,5,822.400,768,864
12709,F8_01_1_2_Chlorophyll_A_001_phosphate_plate5.tif,4,824.000,768,864
12710,F8_01_1_2_Chlorophyll_A_001_phosphate_plate5.tif,1,880.000,880,880
12711,F8_01_1_2_Chlorophyll_A_001_phosphate_plate5.tif,1,848.000,848,848
12712,F8_01_1_2_Chlorophyll_A_001_phosphate_plate5.tif,4,836.000,784,880
12713,F8_01_1_2_Chlorophyll_A_001_phosphate_plate5.tif,1,784.000,784,784
12714,F8_01_1_2_Chlorophyll_A_001_phosphate_plate5.tif,1,848.000,848,848
12715,F8_01_1_2_Chlorophyll_A_001_phosphate_plate5.tif,1,768.000,768,768
12716,F8_01_1_2_Chlorophyll_A_001_phosphate_plate5.tif,3,869.333,848,896
12717,F8_01_1_2_Chlorophyll_A_001_phosphate_plate5.tif,3,832.000,768,880
12718,F8_01_1_2_Chlorophyll_A_001_phosphate_plate5.tif,3,869.333,832,944
12719,F8_01_1_2_Chlorophyll_A_001_phosphate_plate5.tif,1,784.000,784,784
12720,F8_01_1_2_Chlorophyll_A_001_phosphate_plate5.tif,2,784.000,784,784
12721,F8_01_1_2_Chlorophyll_A_001_phosphate_plate5.tif,1,880.000,880,880
12722,F8_01_1_2_Chlorophyll_A_001_phosphate_plate5.tif,1,848.000,848,848
12723,F8_01_1_2_Chlorophyll_A_001_phosphate_plate5.tif,1,880.000,880,880
12724,F8_01_1_2_Chlorophyll_A_001_phosphate_plate5.tif,3,794.667,784,800
12725,F8_01_1_2_Chlorophyll_A_001_phosphate_plate5.tif,1,800.000,800,800
12726,F8_01_1_2_Chlorophyll_A_001_phosphate_plate5.tif,1,784.000,784,784
12727,F8_01_1_2_Chlorophyll_A_001_phosphate_plate5.tif,1,864.000,864,864
12728,F8_01_1_2_Chlorophyll_A_001_phosphate_plate5.tif,1,816.000,816,816
12729,F8_01_1_2_Chlorophyll_A_001_phosphate_plate5.tif,1,864.000,864,864
12730,F8_01_1_2_Chlorophyll_A_001_phosphate_plate5.tif,1,800.000,800,800
12731,F8_01_1_2_Chlorophyll_A_001_phosphate_plate5.tif,1,832.000,832,832
12732,F8_01_1_2_Chlorophyll_A_001_phosphate_plate5.tif,1,880.000,880,880
12733,F8_01_1_2_Chlorophyll_A_001_phosphate_plate5.tif,1,832.000,832,832
12734,F8_01_1_2_Chlorophyll_A_001_phosphate_plate5.tif,1,864.000,864,864
12735,F8_01_1_2_Chlorophyll_A_001_phosphate_plate5.tif,1,784.000,784,784
12736,F8_01_1_2_Chlorophyll_A_001_phosphate_plate5.tif,1,864.000,864,864
12737,F8_01_1_2_Chlorophyll_A_001_phosphate_plate5.tif,1,912.000,912,912
12738,F8_01_1_2_Chlorophyll_A_001_phosphate_plate5.tif,1,832.000,832,832
12739,F8_01_1_2_Chlorophyll_A_001_phosphate_plate5.tif,1,768.000,768,768
12740,F8_01_1_2_Chlorophyll_A_001_phosphate_plate5.tif,1,768.000,768,768
12741,F8_01_1_2_Chlorophyll_A_001_phosphate_plate5.tif,1,768.000,768,768
12742,F8_01_1_2_Chlorophyll_A_001_phosphate_plate5.tif,1,768.000,768,768
12743,F8_01_1_2_Chlorophyll_A_001_phosphate_plate5.tif,3,874.667,816,912
12744,F8_01_1_2_Chlorophyll_A_001_phosphate_plate5.tif,2,840.000,832,848
12745,F8_01_1_2_Chlorophyll_A_001_phosphate_plate5.tif,1,800.000,800,800
12746,F8_01_1_2_Chlorophyll_A_001_phosphate_plate5.tif,1,784.000,784,784
12747,F8_01_1_2_Chlorophyll_A_001_phosphate_plate5.tif,1,784.000,784,784
12748,F8_01_1_2_Chlorophyll_A_001_phosphate_plate5.tif,3,821.333,784,880
12749,F8_01_1_2_Chlorophyll_A_001_phosphate_plate5.tif,62,858.065,768,1168
12750,F8_01_1_2_Chlorophyll_A_001_phosphate_plate5.tif,40,887.600,768,1152
12751,F8_01_1_2_Chlorophyll_A_001_phosphate_plate5.tif,39,868.513,768,1072
12752,F8_01_1_2_Chlorophyll_A_001_phosphate_plate5.tif,16,882.000,768,1104
12753,F8_01_1_2_Chlorophyll_A_001_phosphate_plate5.tif,47,871.149,768,1152
12754,F8_01_1_2_Chlorophyll_A_001_phosphate_plate5.tif,74,886.054,768,1200
12755,F8_01_1_2_Chlorophyll_A_001_phosphate_plate5.tif,162,861.037,768,1168
12756,F8_01_1_2_Chlorophyll_A_001_phosphate_plate5.tif,1,912.000,912,912
12757,F8_01_1_2_Chlorophyll_A_001_phosphate_plate5.tif,49,861.061,768,1024
12758,F8_01_1_2_Chlorophyll_A_001_phosphate_plate5.tif,2,912.000,880,944
12759,F8_01_1_2_Chlorophyll_A_001_phosphate_plate5.tif,3,784.000,768,800
12760,F8_01_1_2_Chlorophyll_A_001_phosphate_plate5.tif,2,768.000,768,768
12761,F8_01_1_2_Chlorophyll_A_001_phosphate_plate5.tif,17,851.765,768,1040
12762,F8_01_1_2_Chlorophyll_A_001_phosphate_plate5.tif,6,845.333,768,928
12763,F8_01_1_2_Chlorophyll_A_001_phosphate_plate5.tif,2,816.000,800,832
12764,F8_01_1_2_Chlorophyll_A_001_phosphate_plate5.tif,1,880.000,880,880
12765,F8_01_1_2_Chlorophyll_A_001_phosphate_plate5.tif,3,885.333,768,1056
12766,F8_01_1_2_Chlorophyll_A_001_phosphate_plate5.tif,2,944.000,944,944
12767,F8_01_1_2_Chlorophyll_A_001_phosphate_plate5.tif,1,848.000,848,848
12768,F8_01_1_2_Chlorophyll_A_001_phosphate_plate5.tif,1,768.000,768,768
12769,F8_01_1_2_Chlorophyll_A_001_phosphate_plate5.tif,1,800.000,800,800
12770,F8_01_1_2_Chlorophyll_A_001_phosphate_plate5.tif,1,800.000,800,800
12771,F8_01_1_2_Chlorophyll_A_001_phosphate_plate5.tif,1,832.000,832,832
12772,F8_01_1_2_Chlorophyll_A_001_phosphate_plate5.tif,3,864.000,816,896
12773,F8_01_1_2_Chlorophyll_A_001_phosphate_plate5.tif,2,808.000,784,832
12774,F8_01_1_2_Chlorophyll_A_001_phosphate_plate5.tif,1,768.000,768,768
12775,F8_01_1_2_Chlorophyll_A_001_phosphate_plate5.tif,1,784.000,784,784
12776,F8_01_1_2_Chlorophyll_A_001_phosphate_plate5.tif,1,768.000,768,768
12777,F8_01_1_2_Chlorophyll_A_001_phosphate_plate5.tif,3,890.667,816,944
12778,F8_01_1_2_Chlorophyll_A_001_phosphate_plate5.tif,1,928.000,928,928
12779,F8_01_1_2_Chlorophyll_A_001_phosphate_plate5.tif,1,800.000,800,800
12780,F8_01_1_2_Chlorophyll_A_001_phosphate_plate5.tif,1,800.000,800,800
12781,F8_01_1_2_Chlorophyll_A_001_phosphate_plate5.tif,1,768.000,768,768
12782,F8_01_1_2_Chlorophyll_A_001_phosphate_plate5.tif,1,800.000,800,800
12783,F8_01_1_2_Chlorophyll_A_001_phosphate_plate5.tif,1,800.000,800,800
12784,F8_01_1_2_Chlorophyll_A_001_phosphate_plate5.tif,1,816.000,816,816
12785,F8_01_1_2_Chlorophyll_A_001_phosphate_plate5.tif,1,800.000,800,800
12786,F8_01_1_2_Chlorophyll_A_001_phosphate_plate5.tif,4,868.000,832,944
12787,F8_01_1_2_Chlorophyll_A_001_phosphate_plate5.tif,2,800.000,768,832
12788,F8_01_1_2_Chlorophyll_A_001_phosphate_plate5.tif,3,805.333,768,864
12789,F8_01_1_2_Chlorophyll_A_001_phosphate_plate5.tif,21,851.048,768,1008
12790,F8_01_1_2_Chlorophyll_A_001_phosphate_plate5.tif,11,839.273,768,960
12791,F8_01_1_2_Chlorophyll_A_001_phosphate_plate5.tif,1,944.000,944,944
12792,F8_01_1_2_Chlorophyll_A_001_phosphate_plate5.tif,1,848.000,848,848
12793,F8_01_1_2_Chlorophyll_A_001_phosphate_plate5.tif,11,890.182,800,1152
12794,F8_01_1_2_Chlorophyll_A_001_phosphate_plate5.tif,1,864.000,864,864
12795,F8_01_1_2_Chlorophyll_A_001_phosphate_plate5.tif,2,912.000,880,944
12796,F8_01_1_2_Chlorophyll_A_001_phosphate_plate5.tif,1,976.000,976,976
12797,F8_01_1_2_Chlorophyll_A_001_phosphate_plate5.tif,1,816.000,816,816
12798,F8_01_1_2_Chlorophyll_A_001_phosphate_plate5.tif,3,832.000,768,880
12799,F8_01_1_2_Chlorophyll_A_001_phosphate_plate5.tif,1,848.000,848,848
12800,F8_01_1_2_Chlorophyll_A_001_phosphate_plate5.tif,2,888.000,864,912
12801,F8_01_1_2_Chlorophyll_A_001_phosphate_plate5.tif,1,992.000,992,992
12802,F8_01_1_2_Chlorophyll_A_001_phosphate_plate5.tif,2,792.000,768,816
12803,F8_01_1_2_Chlorophyll_A_001_phosphate_plate5.tif,7,836.571,784,1040
12804,F8_01_1_2_Chlorophyll_A_001_phosphate_plate5.tif,1,896.000,896,896
12805,F8_01_1_2_Chlorophyll_A_001_phosphate_plate5.tif,1,816.000,816,816
12806,F8_01_1_2_Chlorophyll_A_001_phosphate_plate5.tif,1,768.000,768,768
12807,F8_01_1_2_Chlorophyll_A_001_phosphate_plate5.tif,1,944.000,944,944
12808,F8_01_1_2_Chlorophyll_A_001_phosphate_plate5.tif,1,864.000,864,864
12809,F8_01_1_2_Chlorophyll_A_001_phosphate_plate5.tif,1,864.000,864,864
12810,F8_01_1_2_Chlorophyll_A_001_phosphate_plate5.tif,2,768.000,768,768
12811,F8_01_1_2_Chlorophyll_A_001_phosphate_plate5.tif,4,840.000,768,944
12812,F8_01_1_2_Chlorophyll_A_001_phosphate_plate5.tif,1,912.000,912,912
12813,F8_01_1_2_Chlorophyll_A_001_phosphate_plate5.tif,1,768.000,768,768
12814,F8_01_1_2_Chlorophyll_A_001_phosphate_plate5.tif,2,808.000,800,816
12815,F8_01_1_2_Chlorophyll_A_001_phosphate_plate5.tif,4,784.000,768,800
12816,F8_01_1_2_Chlorophyll_A_001_phosphate_plate5.tif,1,800.000,800,800
12817,F8_01_1_2_Chlorophyll_A_001_phosphate_plate5.tif,2,824.000,800,848
12818,F8_01_1_2_Chlorophyll_A_001_phosphate_plate5.tif,1,784.000,784,784
12819,F8_01_1_2_Chlorophyll_A_001_phosphate_plate5.tif,3,864.000,864,864
12820,F8_01_1_2_Chlorophyll_A_001_phosphate_plate5.tif,3,821.333,768,896
12821,F8_01_1_2_Chlorophyll_A_001_phosphate_plate5.tif,2,792.000,768,816
12822,F8_01_1_2_Chlorophyll_A_001_phosphate_plate5.tif,1,848.000,848,848
12823,F8_01_1_2_Chlorophyll_A_001_phosphate_plate5.tif,1,800.000,800,800
12824,F8_01_1_2_Chlorophyll_A_001_phosphate_plate5.tif,1,880.000,880,880
12825,F8_01_1_2_Chlorophyll_A_001_phosphate_plate5.tif,1,800.000,800,800
12826,F8_01_1_2_Chlorophyll_A_001_phosphate_plate5.tif,1,800.000,800,800
12827,F8_01_1_2_Chlorophyll_A_001_phosphate_plate5.tif,1,768.000,768,768
12828,F8_01_1_2_Chlorophyll_A_001_phosphate_plate5.tif,2,768.000,768,768
12829,F8_01_1_2_Chlorophyll_A_001_phosphate_plate5.tif,1,832.000,832,832
12830,F8_01_1_2_Chlorophyll_A_001_phosphate_plate5.tif,1,912.000,912,912
12831,F8_01_1_2_Chlorophyll_A_001_phosphate_plate5.tif,1,768.000,768,768
12832,F8_01_1_2_Chlorophyll_A_001_phosphate_plate5.tif,2,824.000,800,848
12833,F8_01_1_2_Chlorophyll_A_001_phosphate_plate5.tif,1,784.000,784,784
12834,F8_01_1_2_Chlorophyll_A_001_phosphate_plate5.tif,1,928.000,928,928
12835,F8_01_1_2_Chlorophyll_A_001_phosphate_plate5.tif,1,848.000,848,848
12836,F8_01_1_2_Chlorophyll_A_001_phosphate_plate5.tif,2,928.000,784,1072
12837,F8_01_1_2_Chlorophyll_A_001_phosphate_plate5.tif,1,768.000,768,768
12838,F8_01_1_2_Chlorophyll_A_001_phosphate_plate5.tif,1,1008.000,1008,1008
12839,F8_01_1_2_Chlorophyll_A_001_phosphate_plate5.tif,2,792.000,784,800
12840,F8_01_1_2_Chlorophyll_A_001_phosphate_plate5.tif,1,816.000,816,816
12841,F8_01_1_2_Chlorophyll_A_001_phosphate_plate5.tif,28,850.857,768,976
12842,F8_01_1_2_Chlorophyll_A_001_phosphate_plate5.tif,4,840.000,784,896
12843,F8_01_1_2_Chlorophyll_A_001_phosphate_plate5.tif,27,892.444,784,1136
12844,F8_01_1_2_Chlorophyll_A_001_phosphate_plate5.tif,79,886.481,768,1200
12845,F8_01_1_2_Chlorophyll_A_001_phosphate_plate5.tif,9,844.444,768,928
12846,F8_01_1_2_Chlorophyll_A_001_phosphate_plate5.tif,1,800.000,800,800
12847,F8_01_1_2_Chlorophyll_A_001_phosphate_plate5.tif,1,768.000,768,768
12848,F8_01_1_2_Chlorophyll_A_001_phosphate_plate5.tif,4,876.000,816,992
12849,F8_01_1_2_Chlorophyll_A_001_phosphate_plate5.tif,8,878.000,768,1040
12850,F8_01_1_2_Chlorophyll_A_001_phosphate_plate5.tif,2,808.000,784,832
12851,F8_01_1_2_Chlorophyll_A_001_phosphate_plate5.tif,1,800.000,800,800
12852,F8_01_1_2_Chlorophyll_A_001_phosphate_plate5.tif,1,768.000,768,768
12853,F8_01_1_2_Chlorophyll_A_001_phosphate_plate5.tif,1,944.000,944,944
12854,F8_01_1_2_Chlorophyll_A_001_phosphate_plate5.tif,4,864.000,768,1056
12855,F8_01_1_2_Chlorophyll_A_001_phosphate_plate5.tif,2,888.000,816,960
12856,F8_01_1_2_Chlorophyll_A_001_phosphate_plate5.tif,4,828.000,800,864
12857,F8_01_1_2_Chlorophyll_A_001_phosphate_plate5.tif,1,768.000,768,768
12858,F8_01_1_2_Chlorophyll_A_001_phosphate_plate5.tif,1,800.000,800,800
12859,F8_01_1_2_Chlorophyll_A_001_phosphate_plate5.tif,2,776.000,768,784
12860,F8_01_1_2_Chlorophyll_A_001_phosphate_plate5.tif,1,800.000,800,800
12861,F8_01_1_2_Chlorophyll_A_001_phosphate_plate5.tif,4,808.000,784,864
12862,F8_01_1_2_Chlorophyll_A_001_phosphate_plate5.tif,1,864.000,864,864
12863,F8_01_1_2_Chlorophyll_A_001_phosphate_plate5.tif,1,800.000,800,800
12864,F8_01_1_2_Chlorophyll_A_001_phosphate_plate5.tif,1,832.000,832,832
12865,F8_01_1_2_Chlorophyll_A_001_phosphate_plate5.tif,1,928.000,928,928
12866,F8_01_1_2_Chlorophyll_A_001_phosphate_plate5.tif,1,768.000,768,768
12867,F8_01_1_2_Chlorophyll_A_001_phosphate_plate5.tif,1,944.000,944,944
12868,F8_01_1_2_Chlorophyll_A_001_phosphate_plate5.tif,1,800.000,800,800
12869,F8_01_1_2_Chlorophyll_A_001_phosphate_plate5.tif,1,800.000,800,800
12870,F8_01_1_2_Chlorophyll_A_001_phosphate_plate5.tif,2,856.000,832,880
12871,F8_01_1_2_Chlorophyll_A_001_phosphate_plate5.tif,1,784.000,784,784
12872,F8_01_1_2_Chlorophyll_A_001_phosphate_plate5.tif,1,784.000,784,784
12873,F8_01_1_2_Chlorophyll_A_001_phosphate_plate5.tif,1,864.000,864,864
12874,F8_01_1_2_Chlorophyll_A_001_phosphate_plate5.tif,1,832.000,832,832
12875,F8_01_1_2_Chlorophyll_A_001_phosphate_plate5.tif,1,784.000,784,784
12876,F8_01_1_2_Chlorophyll_A_001_phosphate_plate5.tif,2,800.000,768,832
12877,F8_01_1_2_Chlorophyll_A_001_phosphate_plate5.tif,2,808.000,784,832
12878,F8_01_1_2_Chlorophyll_A_001_phosphate_plate5.tif,1,928.000,928,928
12879,F8_01_1_2_Chlorophyll_A_001_phosphate_plate5.tif,3,794.667,784,816
12880,F8_01_1_2_Chlorophyll_A_001_phosphate_plate5.tif,2,816.000,768,864
12881,F8_01_1_2_Chlorophyll_A_001_phosphate_plate5.tif,1,832.000,832,832
12882,F8_01_1_2_Chlorophyll_A_001_phosphate_plate5.tif,1,848.000,848,848
12883,F8_01_1_2_Chlorophyll_A_001_phosphate_plate5.tif,2,776.000,768,784
12884,F8_01_1_2_Chlorophyll_A_001_phosphate_plate5.tif,1,992.000,992,992
12885,F8_01_1_2_Chlorophyll_A_001_phosphate_plate5.tif,4,876.000,800,992
12886,F8_01_1_2_Chlorophyll_A_001_phosphate_plate5.tif,1,944.000,944,944
12887,F8_01_1_2_Chlorophyll_A_001_phosphate_plate5.tif,2,896.000,896,896
12888,F8_01_1_2_Chlorophyll_A_001_phosphate_plate5.tif,65,876.308,768,1168
12889,F8_01_1_2_Chlorophyll_A_001_phosphate_plate5.tif,1,864.000,864,864
12890,F8_01_1_2_Chlorophyll_A_001_phosphate_plate5.tif,2,840.000,816,864
12891,F8_01_1_2_Chlorophyll_A_001_phosphate_plate5.tif,2,864.000,800,928
12892,F8_01_1_2_Chlorophyll_A_001_phosphate_plate5.tif,2,840.000,784,896
12893,F8_01_1_2_Chlorophyll_A_001_phosphate_plate5.tif,8,874.000,768,960
12894,F8_01_1_2_Chlorophyll_A_001_phosphate_plate5.tif,1,928.000,928,928
12895,F8_01_1_2_Chlorophyll_A_001_phosphate_plate5.tif,30,875.200,768,1024
12896,F8_01_1_2_Chlorophyll_A_001_phosphate_plate5.tif,6,826.667,768,944
12897,F8_01_1_2_Chlorophyll_A_001_phosphate_plate5.tif,2,896.000,832,960
12898,F8_01_1_2_Chlorophyll_A_001_phosphate_plate5.tif,1,800.000,800,800
12899,F8_01_1_2_Chlorophyll_A_001_phosphate_plate5.tif,3,842.667,768,880
12900,F8_01_1_2_Chlorophyll_A_001_phosphate_plate5.tif,24,844.000,768,1088
12901,F8_01_1_2_Chlorophyll_A_001_phosphate_plate5.tif,1,912.000,912,912
12902,F8_01_1_2_Chlorophyll_A_001_phosphate_plate5.tif,5,844.800,800,864
12903,F8_01_1_2_Chlorophyll_A_001_phosphate_plate5.tif,2,776.000,768,784
12904,F8_01_1_2_Chlorophyll_A_001_phosphate_plate5.tif,3,922.667,800,1040
12905,F8_01_1_2_Chlorophyll_A_001_phosphate_plate5.tif,1,912.000,912,912
12906,F8_01_1_2_Chlorophyll_A_001_phosphate_plate5.tif,1,816.000,816,816
12907,F8_01_1_2_Chlorophyll_A_001_phosphate_plate5.tif,1,784.000,784,784
12908,F8_01_1_2_Chlorophyll_A_001_phosphate_plate5.tif,6,858.667,800,976
12909,F8_01_1_2_Chlorophyll_A_001_phosphate_plate5.tif,1,816.000,816,816
12910,F8_01_1_2_Chlorophyll_A_001_phosphate_plate5.tif,2,768.000,768,768
12911,F8_01_1_2_Chlorophyll_A_001_phosphate_plate5.tif,1,800.000,800,800
12912,F8_01_1_2_Chlorophyll_A_001_phosphate_plate5.tif,1,800.000,800,800
12913,F8_01_1_2_Chlorophyll_A_001_phosphate_plate5.tif,1,768.000,768,768
12914,F8_01_1_2_Chlorophyll_A_001_phosphate_plate5.tif,1,768.000,768,768
12915,F8_01_1_2_Chlorophyll_A_001_phosphate_plate5.tif,2,800.000,800,800
12916,F8_01_1_2_Chlorophyll_A_001_phosphate_plate5.tif,1,848.000,848,848
12917,F8_01_1_2_Chlorophyll_A_001_phosphate_plate5.tif,3,837.333,800,864
12918,F8_01_1_2_Chlorophyll_A_001_phosphate_plate5.tif,1,784.000,784,784
12919,F8_01_1_2_Chlorophyll_A_001_phosphate_plate5.tif,1,800.000,800,800
12920,F8_01_1_2_Chlorophyll_A_001_phosphate_plate5.tif,1,800.000,800,800
12921,F8_01_1_2_Chlorophyll_A_001_phosphate_plate5.tif,2,792.000,768,816
12922,F8_01_1_2_Chlorophyll_A_001_phosphate_plate5.tif,1,944.000,944,944
12923,F8_01_1_2_Chlorophyll_A_001_phosphate_plate5.tif,1,864.000,864,864
12924,F8_01_1_2_Chlorophyll_A_001_phosphate_plate5.tif,2,832.000,784,880
12925,F8_01_1_2_Chlorophyll_A_001_phosphate_plate5.tif,1,800.000,800,800
12926,F8_01_1_2_Chlorophyll_A_001_phosphate_plate5.tif,1,848.000,848,848
12927,F8_01_1_2_Chlorophyll_A_001_phosphate_plate5.tif,1,784.000,784,784
12928,F8_01_1_2_Chlorophyll_A_001_phosphate_plate5.tif,2,776.000,768,784
12929,F8_01_1_2_Chlorophyll_A_001_phosphate_plate5.tif,1,848.000,848,848
12930,F8_01_1_2_Chlorophyll_A_001_phosphate_plate5.tif,1,768.000,768,768
12931,F8_01_1_2_Chlorophyll_A_001_phosphate_plate5.tif,2,904.000,896,912
12932,F8_01_1_2_Chlorophyll_A_001_phosphate_plate5.tif,2,880.000,784,976
12933,F8_01_1_2_Chlorophyll_A_001_phosphate_plate5.tif,1,768.000,768,768
12934,F8_01_1_2_Chlorophyll_A_001_phosphate_plate5.tif,1,768.000,768,768
12935,F8_01_1_2_Chlorophyll_A_001_phosphate_plate5.tif,1,880.000,880,880
12936,F8_01_1_2_Chlorophyll_A_001_phosphate_plate5.tif,2,896.000,864,928
12937,F8_01_1_2_Chlorophyll_A_001_phosphate_plate5.tif,2,816.000,800,832
12938,F8_01_1_2_Chlorophyll_A_001_phosphate_plate5.tif,1,768.000,768,768
12939,F8_01_1_2_Chlorophyll_A_001_phosphate_plate5.tif,26,830.154,768,992
12940,F8_01_1_2_Chlorophyll_A_001_phosphate_plate5.tif,2,784.000,768,800
12941,F8_01_1_2_Chlorophyll_A_001_phosphate_plate5.tif,99,872.404,768,1216
12942,F8_01_1_2_Chlorophyll_A_001_phosphate_plate5.tif,1,832.000,832,832
12943,F8_01_1_2_Chlorophyll_A_001_phosphate_plate5.tif,6,890.667,832,960
12944,F8_01_1_2_Chlorophyll_A_001_phosphate_plate5.tif,1,800.000,800,800
12945,F8_01_1_2_Chlorophyll_A_001_phosphate_plate5.tif,1,816.000,816,816
12946,F8_01_1_2_Chlorophyll_A_001_phosphate_plate5.tif,1,848.000,848,848
12947,F8_01_1_2_Chlorophyll_A_001_phosphate_plate5.tif,1,800.000,800,800
12948,F8_01_1_2_Chlorophyll_A_001_phosphate_plate5.tif,2,800.000,784,816
12949,F8_01_1_2_Chlorophyll_A_001_phosphate_plate5.tif,1,912.000,912,912
12950,F8_01_1_2_Chlorophyll_A_001_phosphate_plate5.tif,1,912.000,912,912
12951,F8_01_1_2_Chlorophyll_A_001_phosphate_plate5.tif,1,784.000,784,784
12952,F8_01_1_2_Chlorophyll_A_001_phosphate_plate5.tif,1,848.000,848,848
12953,F8_01_1_2_Chlorophyll_A_001_phosphate_plate5.tif,1,768.000,768,768
12954,F8_01_1_2_Chlorophyll_A_001_phosphate_plate5.tif,1,832.000,832,832
12955,F8_01_1_2_Chlorophyll_A_001_phosphate_plate5.tif,1,816.000,816,816
12956,F8_01_1_2_Chlorophyll_A_001_phosphate_plate5.tif,1,784.000,784,784
12957,F8_01_1_2_Chlorophyll_A_001_phosphate_plate5.tif,1,784.000,784,784
12958,F8_01_1_2_Chlorophyll_A_001_phosphate_plate5.tif,1,848.000,848,848
12959,F8_01_1_2_Chlorophyll_A_001_phosphate_plate5.tif,1,896.000,896,896
12960,F8_01_1_2_Chlorophyll_A_001_phosphate_plate5.tif,1,848.000,848,848
12961,F8_01_1_2_Chlorophyll_A_001_phosphate_plate5.tif,1,912.000,912,912
12962,F8_01_1_2_Chlorophyll_A_001_phosphate_plate5.tif,1,768.000,768,768
12963,F8_01_1_2_Chlorophyll_A_001_phosphate_plate5.tif,1,880.000,880,880
12964,F8_01_1_2_Chlorophyll_A_001_phosphate_plate5.tif,1,832.000,832,832
12965,F8_01_1_2_Chlorophyll_A_001_phosphate_plate5.tif,1,832.000,832,832
12966,F8_01_1_2_Chlorophyll_A_001_phosphate_plate5.tif,1,768.000,768,768
12967,F8_01_1_2_Chlorophyll_A_001_phosphate_plate5.tif,3,821.333,768,880
12968,F8_01_1_2_Chlorophyll_A_001_phosphate_plate5.tif,1,832.000,832,832
12969,F8_01_1_2_Chlorophyll_A_001_phosphate_plate5.tif,1,800.000,800,800
12970,F8_01_1_2_Chlorophyll_A_001_phosphate_plate5.tif,2,888.000,832,944
12971,F8_01_1_2_Chlorophyll_A_001_phosphate_plate5.tif,3,837.333,816,864
12972,F8_01_1_2_Chlorophyll_A_001_phosphate_plate5.tif,1,768.000,768,768
12973,F8_01_1_2_Chlorophyll_A_001_phosphate_plate5.tif,146,872.000,768,1168
12974,F8_01_1_2_Chlorophyll_A_001_phosphate_plate5.tif,1,768.000,768,768
12975,F8_01_1_2_Chlorophyll_A_001_phosphate_plate5.tif,103,865.709,768,1120
12976,F8_01_1_2_Chlorophyll_A_001_phosphate_plate5.tif,3,848.000,768,928
12977,F8_01_1_2_Chlorophyll_A_001_phosphate_plate5.tif,1,976.000,976,976
12978,F8_01_1_2_Chlorophyll_A_001_phosphate_plate5.tif,2,800.000,800,800
12979,F8_01_1_2_Chlorophyll_A_001_phosphate_plate5.tif,6,834.667,800,928
12980,F8_01_1_2_Chlorophyll_A_001_phosphate_plate5.tif,3,805.333,784,816
12981,F8_01_1_2_Chlorophyll_A_001_phosphate_plate5.tif,35,865.371,768,1024
12982,F8_01_1_2_Chlorophyll_A_001_phosphate_plate5.tif,3,885.333,832,976
12983,F8_01_1_2_Chlorophyll_A_001_phosphate_plate5.tif,9,846.222,784,992
12984,F8_01_1_2_Chlorophyll_A_001_phosphate_plate5.tif,2,800.000,800,800
12985,F8_01_1_2_Chlorophyll_A_001_phosphate_plate5.tif,2,792.000,784,800
12986,F8_01_1_2_Chlorophyll_A_001_phosphate_plate5.tif,1,768.000,768,768
12987,F8_01_1_2_Chlorophyll_A_001_phosphate_plate5.tif,2,784.000,768,800
12988,F8_01_1_2_Chlorophyll_A_001_phosphate_plate5.tif,1,896.000,896,896
12989,F8_01_1_2_Chlorophyll_A_001_phosphate_plate5.tif,1,864.000,864,864
12990,F8_01_1_2_Chlorophyll_A_001_phosphate_plate5.tif,1,768.000,768,768
12991,F8_01_1_2_Chlorophyll_A_001_phosphate_plate5.tif,1,864.000,864,864
12992,F8_01_1_2_Chlorophyll_A_001_phosphate_plate5.tif,1,800.000,800,800
12993,F8_01_1_2_Chlorophyll_A_001_phosphate_plate5.tif,1,784.000,784,784
12994,F8_01_1_2_Chlorophyll_A_001_phosphate_plate5.tif,1,816.000,816,816
12995,F8_01_1_2_Chlorophyll_A_001_phosphate_plate5.tif,1,768.000,768,768
12996,F8_01_1_2_Chlorophyll_A_001_phosphate_plate5.tif,1,816.000,816,816
12997,F8_01_1_2_Chlorophyll_A_001_phosphate_plate5.tif,2,808.000,800,816
12998,F8_01_1_2_Chlorophyll_A_001_phosphate_plate5.tif,1,928.000,928,928
12999,F8_01_1_2_Chlorophyll_A_001_phosphate_plate5.tif,1,848.000,848,848
13000,F8_01_1_2_Chlorophyll_A_001_phosphate_plate5.tif,1,848.000,848,848
13001,F8_01_1_2_Chlorophyll_A_001_phosphate_plate5.tif,1,800.000,800,800
13002,F8_01_1_2_Chlorophyll_A_001_phosphate_plate5.tif,2,880.000,832,928
13003,F8_01_1_2_Chlorophyll_A_001_phosphate_plate5.tif,1,880.000,880,880
13004,F8_01_1_2_Chlorophyll_A_001_phosphate_plate5.tif,1,880.000,880,880
13005,F8_01_1_2_Chlorophyll_A_001_phosphate_plate5.tif,1,800.000,800,800
13006,F8_01_1_2_Chlorophyll_A_001_phosphate_plate5.tif,1,784.000,784,784
13007,F8_01_1_2_Chlorophyll_A_001_phosphate_plate5.tif,1,768.000,768,768
13008,F8_01_1_2_Chlorophyll_A_001_phosphate_plate5.tif,1,928.000,928,928
13009,F8_01_1_2_Chlorophyll_A_001_phosphate_plate5.tif,1,800.000,800,800
13010,F8_01_1_2_Chlorophyll_A_001_phosphate_plate5.tif,1,848.000,848,848
13011,F8_01_1_2_Chlorophyll_A_001_phosphate_plate5.tif,1,768.000,768,768
13012,F8_01_1_2_Chlorophyll_A_001_phosphate_plate5.tif,1,928.000,928,928
13013,F8_01_1_2_Chlorophyll_A_001_phosphate_plate5.tif,9,808.889,768,848
13014,F8_01_1_2_Chlorophyll_A_001_phosphate_plate5.tif,1,832.000,832,832
13015,F8_01_1_2_Chlorophyll_A_001_phosphate_plate5.tif,1,912.000,912,912
13016,F8_01_1_2_Chlorophyll_A_001_phosphate_plate5.tif,1,848.000,848,848
13017,F8_01_1_2_Chlorophyll_A_001_phosphate_plate5.tif,140,868.914,768,1120
13018,F8_01_1_2_Chlorophyll_A_001_phosphate_plate5.tif,30,885.867,768,1120
13019,F8_01_1_2_Chlorophyll_A_001_phosphate_plate5.tif,29,873.931,768,1088
13020,F8_01_1_2_Chlorophyll_A_001_phosphate_plate5.tif,34,889.412,768,1120
13021,F8_01_1_2_Chlorophyll_A_001_phosphate_plate5.tif,1,832.000,832,832
13022,F8_01_1_2_Chlorophyll_A_001_phosphate_plate5.tif,1,960.000,960,960
13023,F8_01_1_2_Chlorophyll_A_001_phosphate_plate5.tif,2,784.000,768,800
13024,F8_01_1_2_Chlorophyll_A_001_phosphate_plate5.tif,1,896.000,896,896
13025,F8_01_1_2_Chlorophyll_A_001_phosphate_plate5.tif,4,916.000,832,992
13026,F8_01_1_2_Chlorophyll_A_001_phosphate_plate5.tif,2,880.000,880,880
13027,F8_01_1_2_Chlorophyll_A_001_phosphate_plate5.tif,1,768.000,768,768
13028,F8_01_1_2_Chlorophyll_A_001_phosphate_plate5.tif,1,1024.000,1024,1024
13029,F8_01_1_2_Chlorophyll_A_001_phosphate_plate5.tif,1,880.000,880,880
13030,F8_01_1_2_Chlorophyll_A_001_phosphate_plate5.tif,84,1091.238,768,2000
13031,F8_01_1_2_Chlorophyll_A_001_phosphate_plate5.tif,1,784.000,784,784
13032,F8_01_1_2_Chlorophyll_A_001_phosphate_plate5.tif,2,816.000,800,832
13033,F8_01_1_2_Chlorophyll_A_001_phosphate_plate5.tif,2,768.000,768,768
13034,F8_01_1_2_Chlorophyll_A_001_phosphate_plate5.tif,2,920.000,912,928
13035,F8_01_1_2_Chlorophyll_A_001_phosphate_plate5.tif,1,880.000,880,880
13036,F8_01_1_2_Chlorophyll_A_001_phosphate_plate5.tif,1,800.000,800,800
13037,F8_01_1_2_Chlorophyll_A_001_phosphate_plate5.tif,1,896.000,896,896
13038,F8_01_1_2_Chlorophyll_A_001_phosphate_plate5.tif,3,826.667,800,880
13039,F8_01_1_2_Chlorophyll_A_001_phosphate_plate5.tif,1,864.000,864,864
13040,F8_01_1_2_Chlorophyll_A_001_phosphate_plate5.tif,2,800.000,784,816
13041,F8_01_1_2_Chlorophyll_A_001_phosphate_plate5.tif,1,768.000,768,768
13042,F8_01_1_2_Chlorophyll_A_001_phosphate_plate5.tif,8,860.000,768,960
13043,F8_01_1_2_Chlorophyll_A_001_phosphate_plate5.tif,1,784.000,784,784
13044,F8_01_1_2_Chlorophyll_A_001_phosphate_plate5.tif,1,768.000,768,768
13045,F8_01_1_2_Chlorophyll_A_001_phosphate_plate5.tif,1,864.000,864,864
13046,F8_01_1_2_Chlorophyll_A_001_phosphate_plate5.tif,2,888.000,832,944
13047,F8_01_1_2_Chlorophyll_A_001_phosphate_plate5.tif,2,808.000,784,832
13048,F8_01_1_2_Chlorophyll_A_001_phosphate_plate5.tif,1,784.000,784,784
13049,F8_01_1_2_Chlorophyll_A_001_phosphate_plate5.tif,1,816.000,816,816
13050,F8_01_1_2_Chlorophyll_A_001_phosphate_plate5.tif,1,800.000,800,800
13051,F8_01_1_2_Chlorophyll_A_001_phosphate_plate5.tif,1,768.000,768,768
13052,F8_01_1_2_Chlorophyll_A_001_phosphate_plate5.tif,1,816.000,816,816
13053,F8_01_1_2_Chlorophyll_A_001_phosphate_plate5.tif,1,784.000,784,784
13054,F8_01_1_2_Chlorophyll_A_001_phosphate_plate5.tif,1,832.000,832,832
13055,F8_01_1_2_Chlorophyll_A_001_phosphate_plate5.tif,1,896.000,896,896
13056,F8_01_1_2_Chlorophyll_A_001_phosphate_plate5.tif,3,805.333,768,864
13057,F8_01_1_2_Chlorophyll_A_001_phosphate_plate5.tif,1,784.000,784,784
13058,F8_01_1_2_Chlorophyll_A_001_phosphate_plate5.tif,1,944.000,944,944
13059,F8_01_1_2_Chlorophyll_A_001_phosphate_plate5.tif,1,800.000,800,800
13060,F8_01_1_2_Chlorophyll_A_001_phosphate_plate5.tif,1,768.000,768,768
13061,F8_01_1_2_Chlorophyll_A_001_phosphate_plate5.tif,1,768.000,768,768
13062,F8_01_1_2_Chlorophyll_A_001_phosphate_plate5.tif,1,768.000,768,768
13063,F8_01_1_2_Chlorophyll_A_001_phosphate_plate5.tif,1,800.000,800,800
13064,F8_01_1_2_Chlorophyll_A_001_phosphate_plate5.tif,3,826.667,768,944
13065,F8_01_1_2_Chlorophyll_A_001_phosphate_plate5.tif,1,832.000,832,832
13066,F8_01_1_2_Chlorophyll_A_001_phosphate_plate5.tif,7,873.143,784,1104
13067,F8_01_1_2_Chlorophyll_A_001_phosphate_plate5.tif,1,816.000,816,816
13068,F8_01_1_2_Chlorophyll_A_001_phosphate_plate5.tif,1,816.000,816,816
13069,F8_01_1_2_Chlorophyll_A_001_phosphate_plate5.tif,1,784.000,784,784
13070,F8_01_1_2_Chlorophyll_A_001_phosphate_plate5.tif,1,864.000,864,864
13071,F8_01_1_2_Chlorophyll_A_001_phosphate_plate5.tif,1,864.000,864,864
13072,F8_01_1_2_Chlorophyll_A_001_phosphate_plate5.tif,2,904.000,848,960
13073,F8_01_1_2_Chlorophyll_A_001_phosphate_plate5.tif,2,784.000,768,800
13074,F8_01_1_2_Chlorophyll_A_001_phosphate_plate5.tif,6,866.667,784,1136
13075,F8_01_1_2_Chlorophyll_A_001_phosphate_plate5.tif,61,858.754,768,1120
13076,F8_01_1_2_Chlorophyll_A_001_phosphate_plate5.tif,4,892.000,784,1072
13077,F8_01_1_2_Chlorophyll_A_001_phosphate_plate5.tif,1,768.000,768,768
13078,F8_01_1_2_Chlorophyll_A_001_phosphate_plate5.tif,46,893.217,768,1056
13079,F8_01_1_2_Chlorophyll_A_001_phosphate_plate5.tif,60,858.933,768,1072
13080,F8_01_1_2_Chlorophyll_A_001_phosphate_plate5.tif,24,844.000,784,944
13081,F8_01_1_2_Chlorophyll_A_001_phosphate_plate5.tif,1,768.000,768,768
13082,F8_01_1_2_Chlorophyll_A_001_phosphate_plate5.tif,1,832.000,832,832
13083,F8_01_1_2_Chlorophyll_A_001_phosphate_plate5.tif,2,776.000,768,784
13084,F8_01_1_2_Chlorophyll_A_001_phosphate_plate5.tif,5,841.600,768,960
13085,F8_01_1_2_Chlorophyll_A_001_phosphate_plate5.tif,1,800.000,800,800
13086,F8_01_1_2_Chlorophyll_A_001_phosphate_plate5.tif,4,828.000,768,928
13087,F8_01_1_2_Chlorophyll_A_001_phosphate_plate5.tif,1,816.000,816,816
13088,F8_01_1_2_Chlorophyll_A_001_phosphate_plate5.tif,2,832.000,784,880
13089,F8_01_1_2_Chlorophyll_A_001_phosphate_plate5.tif,2,776.000,768,784
13090,F8_01_1_2_Chlorophyll_A_001_phosphate_plate5.tif,1,976.000,976,976
13091,F8_01_1_2_Chlorophyll_A_001_phosphate_plate5.tif,2,784.000,768,800
13092,F8_01_1_2_Chlorophyll_A_001_phosphate_plate5.tif,1,848.000,848,848
13093,F8_01_1_2_Chlorophyll_A_001_phosphate_plate5.tif,1,896.000,896,896
13094,F8_01_1_2_Chlorophyll_A_001_phosphate_plate5.tif,1,816.000,816,816
13095,F8_01_1_2_Chlorophyll_A_001_phosphate_plate5.tif,1,784.000,784,784
13096,F8_01_1_2_Chlorophyll_A_001_phosphate_plate5.tif,1,896.000,896,896
13097,F8_01_1_2_Chlorophyll_A_001_phosphate_plate5.tif,2,792.000,768,816
13098,F8_01_1_2_Chlorophyll_A_001_phosphate_plate5.tif,2,832.000,816,848
13099,F8_01_1_2_Chlorophyll_A_001_phosphate_plate5.tif,1,784.000,784,784
13100,F8_01_1_2_Chlorophyll_A_001_phosphate_plate5.tif,1,768.000,768,768
13101,F8_01_1_2_Chlorophyll_A_001_phosphate_plate5.tif,1,784.000,784,784
13102,F8_01_1_2_Chlorophyll_A_001_phosphate_plate5.tif,2,784.000,784,784
13103,F8_01_1_2_Chlorophyll_A_001_phosphate_plate5.tif,1,864.000,864,864
13104,F8_01_1_2_Chlorophyll_A_001_phosphate_plate5.tif,1,848.000,848,848
13105,F8_01_1_2_Chlorophyll_A_001_phosphate_plate5.tif,1,976.000,976,976
13106,F8_01_1_2_Chlorophyll_A_001_phosphate_plate5.tif,3,810.667,784,832
13107,F8_01_1_2_Chlorophyll_A_001_phosphate_plate5.tif,1,784.000,784,784
13108,F8_01_1_2_Chlorophyll_A_001_phosphate_plate5.tif,1,784.000,784,784
13109,F8_01_1_2_Chlorophyll_A_001_phosphate_plate5.tif,1,816.000,816,816
13110,F8_01_1_2_Chlorophyll_A_001_phosphate_plate5.tif,1,864.000,864,864
13111,F8_01_1_2_Chlorophyll_A_001_phosphate_plate5.tif,2,832.000,800,864
13112,F8_01_1_2_Chlorophyll_A_001_phosphate_plate5.tif,2,864.000,800,928
13113,F8_01_1_2_Chlorophyll_A_001_phosphate_plate5.tif,1,800.000,800,800
13114,F8_01_1_2_Chlorophyll_A_001_phosphate_plate5.tif,24,876.667,768,1056
13115,F8_01_1_2_Chlorophyll_A_001_phosphate_plate5.tif,4,896.000,784,992
13116,F8_01_1_2_Chlorophyll_A_001_phosphate_plate5.tif,1,848.000,848,848
13117,F8_01_1_2_Chlorophyll_A_001_phosphate_plate5.tif,19,841.263,768,960
13118,F8_01_1_2_Chlorophyll_A_001_phosphate_plate5.tif,1,848.000,848,848
13119,F8_01_1_2_Chlorophyll_A_001_phosphate_plate5.tif,1,800.000,800,800
13120,F8_01_1_2_Chlorophyll_A_001_phosphate_plate5.tif,5,832.000,768,912
13121,F8_01_1_2_Chlorophyll_A_001_phosphate_plate5.tif,1,848.000,848,848
13122,F8_01_1_2_Chlorophyll_A_001_phosphate_plate5.tif,1,784.000,784,784
13123,F8_01_1_2_Chlorophyll_A_001_phosphate_plate5.tif,3,837.333,768,880
13124,F8_01_1_2_Chlorophyll_A_001_phosphate_plate5.tif,1,880.000,880,880
13125,F8_01_1_2_Chlorophyll_A_001_phosphate_plate5.tif,2,832.000,800,864
13126,F8_01_1_2_Chlorophyll_A_001_phosphate_plate5.tif,2,824.000,784,864
13127,F8_01_1_2_Chlorophyll_A_001_phosphate_plate5.tif,1,864.000,864,864
13128,F8_01_1_2_Chlorophyll_A_001_phosphate_plate5.tif,3,794.667,784,816
13129,F8_01_1_2_Chlorophyll_A_001_phosphate_plate5.tif,1,800.000,800,800
13130,F8_01_1_2_Chlorophyll_A_001_phosphate_plate5.tif,5,838.400,768,896
13131,F8_01_1_2_Chlorophyll_A_001_phosphate_plate5.tif,1,800.000,800,800
13132,F8_01_1_2_Chlorophyll_A_001_phosphate_plate5.tif,2,776.000,768,784
13133,F8_01_1_2_Chlorophyll_A_001_phosphate_plate5.tif,4,816.000,768,864
13134,F8_01_1_2_Chlorophyll_A_001_phosphate_plate5.tif,3,858.667,768,992
13135,F8_01_1_2_Chlorophyll_A_001_phosphate_plate5.tif,5,796.800,768,848
13136,F8_01_1_2_Chlorophyll_A_001_phosphate_plate5.tif,2,776.000,768,784
13137,F8_01_1_2_Chlorophyll_A_001_phosphate_plate5.tif,1,784.000,784,784
13138,F8_01_1_2_Chlorophyll_A_001_phosphate_plate5.tif,1,928.000,928,928
13139,F8_01_1_2_Chlorophyll_A_001_phosphate_plate5.tif,1,768.000,768,768
13140,F8_01_1_2_Chlorophyll_A_001_phosphate_plate5.tif,1,848.000,848,848
13141,F8_01_1_2_Chlorophyll_A_001_phosphate_plate5.tif,1,816.000,816,816
13142,F8_01_1_2_Chlorophyll_A_001_phosphate_plate5.tif,2,776.000,768,784
13143,F8_01_1_2_Chlorophyll_A_001_phosphate_plate5.tif,2,776.000,768,784
13144,F8_01_1_2_Chlorophyll_A_001_phosphate_plate5.tif,1,864.000,864,864
13145,F8_01_1_2_Chlorophyll_A_001_phosphate_plate5.tif,2,784.000,784,784
13146,F8_01_1_2_Chlorophyll_A_001_phosphate_plate5.tif,1,848.000,848,848
13147,F8_01_1_2_Chlorophyll_A_001_phosphate_plate5.tif,1,768.000,768,768
13148,F8_01_1_2_Chlorophyll_A_001_phosphate_plate5.tif,1,848.000,848,848
13149,F8_01_1_2_Chlorophyll_A_001_phosphate_plate5.tif,1,784.000,784,784
13150,F8_01_1_2_Chlorophyll_A_001_phosphate_plate5.tif,2,824.000,784,864
13151,F8_01_1_2_Chlorophyll_A_001_phosphate_plate5.tif,1,816.000,816,816
13152,F8_01_1_2_Chlorophyll_A_001_phosphate_plate5.tif,1,768.000,768,768
13153,F8_01_1_2_Chlorophyll_A_001_phosphate_plate5.tif,1,848.000,848,848
13154,F8_01_1_2_Chlorophyll_A_001_phosphate_plate5.tif,1,848.000,848,848
13155,F8_01_1_2_Chlorophyll_A_001_phosphate_plate5.tif,1,800.000,800,800
13156,F8_01_1_2_Chlorophyll_A_001_phosphate_plate5.tif,4,864.000,768,976
13157,F8_01_1_2_Chlorophyll_A_001_phosphate_plate5.tif,6,914.667,848,960
13158,F8_01_1_2_Chlorophyll_A_001_phosphate_plate5.tif,2,848.000,784,912
13159,F8_01_1_2_Chlorophyll_A_001_phosphate_plate5.tif,52,885.538,768,1120
13160,F8_01_1_2_Chlorophyll_A_001_phosphate_plate5.tif,21,894.476,768,1136
13161,F8_01_1_2_Chlorophyll_A_001_phosphate_plate5.tif,59,895.729,768,1104
13162,F8_01_1_2_Chlorophyll_A_001_phosphate_plate5.tif,373,1789.083,768,17952
13163,F8_01_1_2_Chlorophyll_A_001_phosphate_plate5.tif,4,828.000,784,880
13164,F8_01_1_2_Chlorophyll_A_001_phosphate_plate5.tif,1,1056.000,1056,1056
13165,F8_01_1_2_Chlorophyll_A_001_phosphate_plate5.tif,3,864.000,784,960
13166,F8_01_1_2_Chlorophyll_A_001_phosphate_plate5.tif,1,960.000,960,960
13167,F8_01_1_2_Chlorophyll_A_001_phosphate_plate5.tif,4,804.000,768,848
13168,F8_01_1_2_Chlorophyll_A_001_phosphate_plate5.tif,3,906.667,800,1088
13169,F8_01_1_2_Chlorophyll_A_001_phosphate_plate5.tif,1,784.000,784,784
13170,F8_01_1_2_Chlorophyll_A_001_phosphate_plate5.tif,5,838.400,768,928
13171,F8_01_1_2_Chlorophyll_A_001_phosphate_plate5.tif,1,800.000,800,800
13172,F8_01_1_2_Chlorophyll_A_001_phosphate_plate5.tif,1,848.000,848,848
13173,F8_01_1_2_Chlorophyll_A_001_phosphate_plate5.tif,189,2580.487,768,22704
13174,F8_01_1_2_Chlorophyll_A_001_phosphate_plate5.tif,1,784.000,784,784
13175,F8_01_1_2_Chlorophyll_A_001_phosphate_plate5.tif,1,896.000,896,896
13176,F8_01_1_2_Chlorophyll_A_001_phosphate_plate5.tif,1,1040.000,1040,1040
13177,F8_01_1_2_Chlorophyll_A_001_phosphate_plate5.tif,3,784.000,768,800
13178,F8_01_1_2_Chlorophyll_A_001_phosphate_plate5.tif,3,810.667,784,848
13179,F8_01_1_2_Chlorophyll_A_001_phosphate_plate5.tif,2,952.000,848,1056
13180,F8_01_1_2_Chlorophyll_A_001_phosphate_plate5.tif,1,784.000,784,784
13181,F8_01_1_2_Chlorophyll_A_001_phosphate_plate5.tif,1,864.000,864,864
13182,F8_01_1_2_Chlorophyll_A_001_phosphate_plate5.tif,3,805.333,768,880
13183,F8_01_1_2_Chlorophyll_A_001_phosphate_plate5.tif,1,768.000,768,768
13184,F8_01_1_2_Chlorophyll_A_001_phosphate_plate5.tif,6,842.667,768,976
13185,F8_01_1_2_Chlorophyll_A_001_phosphate_plate5.tif,1,784.000,784,784
13186,F8_01_1_2_Chlorophyll_A_001_phosphate_plate5.tif,2,872.000,784,960
13187,F8_01_1_2_Chlorophyll_A_001_phosphate_plate5.tif,1,928.000,928,928
13188,F8_01_1_2_Chlorophyll_A_001_phosphate_plate5.tif,2,824.000,768,880
13189,F8_01_1_2_Chlorophyll_A_001_phosphate_plate5.tif,3,800.000,768,832
13190,F8_01_1_2_Chlorophyll_A_001_phosphate_plate5.tif,1,800.000,800,800
13191,F8_01_1_2_Chlorophyll_A_001_phosphate_plate5.tif,1,768.000,768,768
13192,F8_01_1_2_Chlorophyll_A_001_phosphate_plate5.tif,1,800.000,800,800
13193,F8_01_1_2_Chlorophyll_A_001_phosphate_plate5.tif,1,832.000,832,832
13194,F8_01_1_2_Chlorophyll_A_001_phosphate_plate5.tif,1,800.000,800,800
13195,F8_01_1_2_Chlorophyll_A_001_phosphate_plate5.tif,1,800.000,800,800
13196,F8_01_1_2_Chlorophyll_A_001_phosphate_plate5.tif,2,816.000,784,848
13197,F8_01_1_2_Chlorophyll_A_001_phosphate_plate5.tif,1,880.000,880,880
13198,F8_01_1_2_Chlorophyll_A_001_phosphate_plate5.tif,1,816.000,816,816
13199,F8_01_1_2_Chlorophyll_A_001_phosphate_plate5.tif,1,784.000,784,784
13200,F8_01_1_2_Chlorophyll_A_001_phosphate_plate5.tif,1,784.000,784,784
13201,F8_01_1_2_Chlorophyll_A_001_phosphate_plate5.tif,1,928.000,928,928
13202,F8_01_1_2_Chlorophyll_A_001_phosphate_plate5.tif,1,880.000,880,880
13203,F8_01_1_2_Chlorophyll_A_001_phosphate_plate5.tif,3,832.000,768,912
13204,F8_01_1_2_Chlorophyll_A_001_phosphate_plate5.tif,1,912.000,912,912
13205,F8_01_1_2_Chlorophyll_A_001_phosphate_plate5.tif,1,912.000,912,912
13206,F8_01_1_2_Chlorophyll_A_001_phosphate_plate5.tif,2,840.000,816,864
13207,F8_01_1_2_Chlorophyll_A_001_phosphate_plate5.tif,1,848.000,848,848
13208,F8_01_1_2_Chlorophyll_A_001_phosphate_plate5.tif,3,869.333,784,960
13209,F8_01_1_2_Chlorophyll_A_001_phosphate_plate5.tif,9,858.667,768,944
13210,F8_01_1_2_Chlorophyll_A_001_phosphate_plate5.tif,1,768.000,768,768
13211,F8_01_1_2_Chlorophyll_A_001_phosphate_plate5.tif,1,992.000,992,992
13212,F8_01_1_2_Chlorophyll_A_001_phosphate_plate5.tif,1,928.000,928,928
13213,F8_01_1_2_Chlorophyll_A_001_phosphate_plate5.tif,53,885.434,768,1152
13214,F8_01_1_2_Chlorophyll_A_001_phosphate_plate5.tif,28,894.286,768,1072
13215,F8_01_1_2_Chlorophyll_A_001_phosphate_plate5.tif,226,2099.611,768,15024
13216,F8_01_1_2_Chlorophyll_A_001_phosphate_plate5.tif,3,874.667,816,928
13217,F8_01_1_2_Chlorophyll_A_001_phosphate_plate5.tif,1,896.000,896,896
13218,F8_01_1_2_Chlorophyll_A_001_phosphate_plate5.tif,1,768.000,768,768
13219,F8_01_1_2_Chlorophyll_A_001_phosphate_plate5.tif,8,864.000,768,1104
13220,F8_01_1_2_Chlorophyll_A_001_phosphate_plate5.tif,2,832.000,816,848
13221,F8_01_1_2_Chlorophyll_A_001_phosphate_plate5.tif,1,784.000,784,784
13222,F8_01_1_2_Chlorophyll_A_001_phosphate_plate5.tif,1,784.000,784,784
13223,F8_01_1_2_Chlorophyll_A_001_phosphate_plate5.tif,4,840.000,784,896
13224,F8_01_1_2_Chlorophyll_A_001_phosphate_plate5.tif,6,829.333,768,928
13225,F8_01_1_2_Chlorophyll_A_001_phosphate_plate5.tif,2,848.000,832,864
13226,F8_01_1_2_Chlorophyll_A_001_phosphate_plate5.tif,2,824.000,800,848
13227,F8_01_1_2_Chlorophyll_A_001_phosphate_plate5.tif,1,832.000,832,832
13228,F8_01_1_2_Chlorophyll_A_001_phosphate_plate5.tif,1,784.000,784,784
13229,F8_01_1_2_Chlorophyll_A_001_phosphate_plate5.tif,1,848.000,848,848
13230,F8_01_1_2_Chlorophyll_A_001_phosphate_plate5.tif,1,800.000,800,800
13231,F8_01_1_2_Chlorophyll_A_001_phosphate_plate5.tif,1,848.000,848,848
13232,F8_01_1_2_Chlorophyll_A_001_phosphate_plate5.tif,1,816.000,816,816
13233,F8_01_1_2_Chlorophyll_A_001_phosphate_plate5.tif,1,784.000,784,784
13234,F8_01_1_2_Chlorophyll_A_001_phosphate_plate5.tif,1,928.000,928,928
13235,F8_01_1_2_Chlorophyll_A_001_phosphate_plate5.tif,1,912.000,912,912
13236,F8_01_1_2_Chlorophyll_A_001_phosphate_plate5.tif,1,960.000,960,960
13237,F8_01_1_2_Chlorophyll_A_001_phosphate_plate5.tif,1,768.000,768,768
13238,F8_01_1_2_Chlorophyll_A_001_phosphate_plate5.tif,2,856.000,768,944
13239,F8_01_1_2_Chlorophyll_A_001_phosphate_plate5.tif,1,912.000,912,912
13240,F8_01_1_2_Chlorophyll_A_001_phosphate_plate5.tif,1,832.000,832,832
13241,F8_01_1_2_Chlorophyll_A_001_phosphate_plate5.tif,1,944.000,944,944
13242,F8_01_1_2_Chlorophyll_A_001_phosphate_plate5.tif,1,960.000,960,960
13243,F8_01_1_2_Chlorophyll_A_001_phosphate_plate5.tif,1,784.000,784,784
13244,F8_01_1_2_Chlorophyll_A_001_phosphate_plate5.tif,2,840.000,832,848
13245,F8_01_1_2_Chlorophyll_A_001_phosphate_plate5.tif,1,800.000,800,800
13246,F8_01_1_2_Chlorophyll_A_001_phosphate_plate5.tif,2,848.000,784,912
13247,F8_01_1_2_Chlorophyll_A_001_phosphate_plate5.tif,1,784.000,784,784
13248,F8_01_1_2_Chlorophyll_A_001_phosphate_plate5.tif,1,784.000,784,784
13249,F8_01_1_2_Chlorophyll_A_001_phosphate_plate5.tif,1,768.000,768,768
13250,F8_01_1_2_Chlorophyll_A_001_phosphate_plate5.tif,1,784.000,784,784
13251,F8_01_1_2_Chlorophyll_A_001_phosphate_plate5.tif,1,928.000,928,928
13252,F8_01_1_2_Chlorophyll_A_001_phosphate_plate5.tif,1,832.000,832,832
13253,F8_01_1_2_Chlorophyll_A_001_phosphate_plate5.tif,1,880.000,880,880
13254,F8_01_1_2_Chlorophyll_A_001_phosphate_plate5.tif,1,896.000,896,896
13255,F8_01_1_2_Chlorophyll_A_001_phosphate_plate5.tif,1,992.000,992,992
13256,F8_01_1_2_Chlorophyll_A_001_phosphate_plate5.tif,1,912.000,912,912
13257,F8_01_1_2_Chlorophyll_A_001_phosphate_plate5.tif,4,836.000,768,912
13258,F8_01_1_2_Chlorophyll_A_001_phosphate_plate5.tif,1,944.000,944,944
13259,F8_01_1_2_Chlorophyll_A_001_phosphate_plate5.tif,39,873.026,768,1008
13260,F8_01_1_2_Chlorophyll_A_001_phosphate_plate5.tif,36,880.889,768,1072
13261,F8_01_1_2_Chlorophyll_A_001_phosphate_plate5.tif,2,808.000,800,816
13262,F8_01_1_2_Chlorophyll_A_001_phosphate_plate5.tif,3,869.333,784,960
13263,F8_01_1_2_Chlorophyll_A_001_phosphate_plate5.tif,1,864.000,864,864
13264,F8_01_1_2_Chlorophyll_A_001_phosphate_plate5.tif,1,816.000,816,816
13265,F8_01_1_2_Chlorophyll_A_001_phosphate_plate5.tif,9,853.333,768,976
13266,F8_01_1_2_Chlorophyll_A_001_phosphate_plate5.tif,1,928.000,928,928
13267,F8_01_1_2_Chlorophyll_A_001_phosphate_plate5.tif,1,768.000,768,768
13268,F8_01_1_2_Chlorophyll_A_001_phosphate_plate5.tif,1,944.000,944,944
13269,F8_01_1_2_Chlorophyll_A_001_phosphate_plate5.tif,1,768.000,768,768
13270,F8_01_1_2_Chlorophyll_A_001_phosphate_plate5.tif,115,2644.174,768,14256
13271,F8_01_1_2_Chlorophyll_A_001_phosphate_plate5.tif,3,906.667,880,928
13272,F8_01_1_2_Chlorophyll_A_001_phosphate_plate5.tif,3,858.667,768,1024
13273,F8_01_1_2_Chlorophyll_A_001_phosphate_plate5.tif,2,848.000,816,880
13274,F8_01_1_2_Chlorophyll_A_001_phosphate_plate5.tif,1,880.000,880,880
13275,F8_01_1_2_Chlorophyll_A_001_phosphate_plate5.tif,3,810.667,800,816
13276,F8_01_1_2_Chlorophyll_A_001_phosphate_plate5.tif,1,992.000,992,992
13277,F8_01_1_2_Chlorophyll_A_001_phosphate_plate5.tif,2,792.000,784,800
13278,F8_01_1_2_Chlorophyll_A_001_phosphate_plate5.tif,2,840.000,784,896
13279,F8_01_1_2_Chlorophyll_A_001_phosphate_plate5.tif,2,816.000,800,832
13280,F8_01_1_2_Chlorophyll_A_001_phosphate_plate5.tif,1,912.000,912,912
13281,F8_01_1_2_Chlorophyll_A_001_phosphate_plate5.tif,1,848.000,848,848
13282,F8_01_1_2_Chlorophyll_A_001_phosphate_plate5.tif,2,808.000,784,832
13283,F8_01_1_2_Chlorophyll_A_001_phosphate_plate5.tif,1,848.000,848,848
13284,F8_01_1_2_Chlorophyll_A_001_phosphate_plate5.tif,4,828.000,784,880
13285,F8_01_1_2_Chlorophyll_A_001_phosphate_plate5.tif,160,2791.000,768,29664
13286,F8_01_1_2_Chlorophyll_A_001_phosphate_plate5.tif,1,768.000,768,768
13287,F8_01_1_2_Chlorophyll_A_001_phosphate_plate5.tif,1,816.000,816,816
13288,F8_01_1_2_Chlorophyll_A_001_phosphate_plate5.tif,1,880.000,880,880
13289,F8_01_1_2_Chlorophyll_A_001_phosphate_plate5.tif,1,896.000,896,896
13290,F8_01_1_2_Chlorophyll_A_001_phosphate_plate5.tif,1,768.000,768,768
13291,F8_01_1_2_Chlorophyll_A_001_phosphate_plate5.tif,1,912.000,912,912
13292,F8_01_1_2_Chlorophyll_A_001_phosphate_plate5.tif,1,832.000,832,832
13293,F8_01_1_2_Chlorophyll_A_001_phosphate_plate5.tif,2,888.000,768,1008
13294,F8_01_1_2_Chlorophyll_A_001_phosphate_plate5.tif,2,768.000,768,768
13295,F8_01_1_2_Chlorophyll_A_001_phosphate_plate5.tif,1,768.000,768,768
13296,F8_01_1_2_Chlorophyll_A_001_phosphate_plate5.tif,3,826.667,768,880
13297,F8_01_1_2_Chlorophyll_A_001_phosphate_plate5.tif,1,768.000,768,768
13298,F8_01_1_2_Chlorophyll_A_001_phosphate_plate5.tif,1,784.000,784,784
13299,F8_01_1_2_Chlorophyll_A_001_phosphate_plate5.tif,1,800.000,800,800
13300,F8_01_1_2_Chlorophyll_A_001_phosphate_plate5.tif,1,784.000,784,784
13301,F8_01_1_2_Chlorophyll_A_001_phosphate_plate5.tif,2,816.000,816,816
13302,F8_01_1_2_Chlorophyll_A_001_phosphate_plate5.tif,2,792.000,784,800
13303,F8_01_1_2_Chlorophyll_A_001_phosphate_plate5.tif,3,794.667,768,848
13304,F8_01_1_2_Chlorophyll_A_001_phosphate_plate5.tif,2,792.000,768,816
13305,F8_01_1_2_Chlorophyll_A_001_phosphate_plate5.tif,5,812.800,784,880
13306,F8_01_1_2_Chlorophyll_A_001_phosphate_plate5.tif,8,910.000,768,1024
13307,F8_01_1_2_Chlorophyll_A_001_phosphate_plate5.tif,8,882.000,784,1056
13308,F8_01_1_2_Chlorophyll_A_001_phosphate_plate5.tif,2,848.000,832,864
13309,F8_01_1_2_Chlorophyll_A_001_phosphate_plate5.tif,1,784.000,784,784
13310,F8_01_1_2_Chlorophyll_A_001_phosphate_plate5.tif,4,800.000,768,816
13311,F8_01_1_2_Chlorophyll_A_001_phosphate_plate5.tif,1,800.000,800,800
13312,F8_01_1_2_Chlorophyll_A_001_phosphate_plate5.tif,1,832.000,832,832
13313,F8_01_1_2_Chlorophyll_A_001_phosphate_plate5.tif,1,832.000,832,832
13314,F8_01_1_2_Chlorophyll_A_001_phosphate_plate5.tif,1,768.000,768,768
13315,F8_01_1_2_Chlorophyll_A_001_phosphate_plate5.tif,3,864.000,800,896
13316,F8_01_1_2_Chlorophyll_A_001_phosphate_plate5.tif,1,880.000,880,880
13317,F8_01_1_2_Chlorophyll_A_001_phosphate_plate5.tif,36,963.111,784,1712
13318,F8_01_1_2_Chlorophyll_A_001_phosphate_plate5.tif,1,784.000,784,784
13319,F8_01_1_2_Chlorophyll_A_001_phosphate_plate5.tif,3,885.333,816,944
13320,F8_01_1_2_Chlorophyll_A_001_phosphate_plate5.tif,1,960.000,960,960
13321,F8_01_1_2_Chlorophyll_A_001_phosphate_plate5.tif,1,768.000,768,768
13322,F8_01_1_2_Chlorophyll_A_001_phosphate_plate5.tif,1,864.000,864,864
13323,F8_01_1_2_Chlorophyll_A_001_phosphate_plate5.tif,1,784.000,784,784
13324,F8_01_1_2_Chlorophyll_A_001_phosphate_plate5.tif,1,976.000,976,976
13325,F8_01_1_2_Chlorophyll_A_001_phosphate_plate5.tif,1,768.000,768,768
13326,F8_01_1_2_Chlorophyll_A_001_phosphate_plate5.tif,1,832.000,832,832
13327,F8_01_1_2_Chlorophyll_A_001_phosphate_plate5.tif,2,912.000,816,1008
13328,F8_01_1_2_Chlorophyll_A_001_phosphate_plate5.tif,1,832.000,832,832
13329,F8_01_1_2_Chlorophyll_A_001_phosphate_plate5.tif,1,768.000,768,768
13330,F8_01_1_2_Chlorophyll_A_001_phosphate_plate5.tif,2,824.000,784,864
13331,F8_01_1_2_Chlorophyll_A_001_phosphate_plate5.tif,1,768.000,768,768
13332,F8_01_1_2_Chlorophyll_A_001_phosphate_plate5.tif,1,880.000,880,880
13333,F8_01_1_2_Chlorophyll_A_001_phosphate_plate5.tif,1,848.000,848,848
13334,F8_01_1_2_Chlorophyll_A_001_phosphate_plate5.tif,1,960.000,960,960
13335,F8_01_1_2_Chlorophyll_A_001_phosphate_plate5.tif,2,880.000,784,976
13336,F8_01_1_2_Chlorophyll_A_001_phosphate_plate5.tif,1,880.000,880,880
13337,F8_01_1_2_Chlorophyll_A_001_phosphate_plate5.tif,1,832.000,832,832
13338,F8_01_1_2_Chlorophyll_A_001_phosphate_plate5.tif,1,784.000,784,784
13339,F8_01_1_2_Chlorophyll_A_001_phosphate_plate5.tif,1,896.000,896,896
13340,F8_01_1_2_Chlorophyll_A_001_phosphate_plate5.tif,1,784.000,784,784
13341,F8_01_1_2_Chlorophyll_A_001_phosphate_plate5.tif,1,848.000,848,848
13342,F8_01_1_2_Chlorophyll_A_001_phosphate_plate5.tif,1,832.000,832,832
13343,F8_01_1_2_Chlorophyll_A_001_phosphate_plate5.tif,1,848.000,848,848
13344,F8_01_1_2_Chlorophyll_A_001_phosphate_plate5.tif,2,816.000,768,864
13345,F8_01_1_2_Chlorophyll_A_001_phosphate_plate5.tif,2,840.000,832,848
13346,F8_01_1_2_Chlorophyll_A_001_phosphate_plate5.tif,1,864.000,864,864
13347,F8_01_1_2_Chlorophyll_A_001_phosphate_plate5.tif,1,816.000,816,816
13348,F8_01_1_2_Chlorophyll_A_001_phosphate_plate5.tif,1,800.000,800,800
13349,F8_01_1_2_Chlorophyll_A_001_phosphate_plate5.tif,1,784.000,784,784
13350,F8_01_1_2_Chlorophyll_A_001_phosphate_plate5.tif,3,826.667,768,896
13351,F8_01_1_2_Chlorophyll_A_001_phosphate_plate5.tif,1,800.000,800,800
13352,F8_01_1_2_Chlorophyll_A_001_phosphate_plate5.tif,1,896.000,896,896
13353,F8_01_1_2_Chlorophyll_A_001_phosphate_plate5.tif,3,837.333,768,896
13354,F8_01_1_2_Chlorophyll_A_001_phosphate_plate5.tif,1,784.000,784,784
13355,F8_01_1_2_Chlorophyll_A_001_phosphate_plate5.tif,1,816.000,816,816
13356,F8_01_1_2_Chlorophyll_A_001_phosphate_plate5.tif,2,864.000,784,944
13357,F8_01_1_2_Chlorophyll_A_001_phosphate_plate5.tif,1,912.000,912,912
13358,F8_01_1_2_Chlorophyll_A_001_phosphate_plate5.tif,3,858.667,784,944
13359,F8_01_1_2_Chlorophyll_A_001_phosphate_plate5.tif,46,868.870,768,1104
13360,F8_01_1_2_Chlorophyll_A_001_phosphate_plate5.tif,13,844.308,768,1056
13361,F8_01_1_2_Chlorophyll_A_001_phosphate_plate5.tif,7,859.429,800,976
13362,F8_01_1_2_Chlorophyll_A_001_phosphate_plate5.tif,7,848.000,768,960
13363,F8_01_1_2_Chlorophyll_A_001_phosphate_plate5.tif,4,820.000,784,912
13364,F8_01_1_2_Chlorophyll_A_001_phosphate_plate5.tif,2,840.000,816,864
13365,F8_01_1_2_Chlorophyll_A_001_phosphate_plate5.tif,4,912.000,848,1008
13366,F8_01_1_2_Chlorophyll_A_001_phosphate_plate5.tif,2,816.000,768,864
13367,F8_01_1_2_Chlorophyll_A_001_phosphate_plate5.tif,9,819.556,768,912
13368,F8_01_1_2_Chlorophyll_A_001_phosphate_plate5.tif,4,876.000,768,1024
13369,F8_01_1_2_Chlorophyll_A_001_phosphate_plate5.tif,1,816.000,816,816
13370,F8_01_1_2_Chlorophyll_A_001_phosphate_plate5.tif,14,830.857,768,976
13371,F8_01_1_2_Chlorophyll_A_001_phosphate_plate5.tif,7,838.857,784,896
13372,F8_01_1_2_Chlorophyll_A_001_phosphate_plate5.tif,1,784.000,784,784
13373,F8_01_1_2_Chlorophyll_A_001_phosphate_plate5.tif,2,816.000,784,848
13374,F8_01_1_2_Chlorophyll_A_001_phosphate_plate5.tif,5,848.000,816,928
13375,F8_01_1_2_Chlorophyll_A_001_phosphate_plate5.tif,2,840.000,768,912
13376,F8_01_1_2_Chlorophyll_A_001_phosphate_plate5.tif,129,2394.171,768,14560
13377,F8_01_1_2_Chlorophyll_A_001_phosphate_plate5.tif,1,800.000,800,800
13378,F8_01_1_2_Chlorophyll_A_001_phosphate_plate5.tif,1,816.000,816,816
13379,F8_01_1_2_Chlorophyll_A_001_phosphate_plate5.tif,1,784.000,784,784
13380,F8_01_1_2_Chlorophyll_A_001_phosphate_plate5.tif,2,888.000,864,912
13381,F8_01_1_2_Chlorophyll_A_001_phosphate_plate5.tif,1,768.000,768,768
13382,F8_01_1_2_Chlorophyll_A_001_phosphate_plate5.tif,1,848.000,848,848
13383,F8_01_1_2_Chlorophyll_A_001_phosphate_plate5.tif,1,816.000,816,816
13384,F8_01_1_2_Chlorophyll_A_001_phosphate_plate5.tif,1,768.000,768,768
13385,F8_01_1_2_Chlorophyll_A_001_phosphate_plate5.tif,1,784.000,784,784
13386,F8_01_1_2_Chlorophyll_A_001_phosphate_plate5.tif,3,816.000,768,864
13387,F8_01_1_2_Chlorophyll_A_001_phosphate_plate5.tif,1,784.000,784,784
13388,F8_01_1_2_Chlorophyll_A_001_phosphate_plate5.tif,1,768.000,768,768
13389,F8_01_1_2_Chlorophyll_A_001_phosphate_plate5.tif,2,808.000,800,816
13390,F8_01_1_2_Chlorophyll_A_001_phosphate_plate5.tif,1,880.000,880,880
13391,F8_01_1_2_Chlorophyll_A_001_phosphate_plate5.tif,1,832.000,832,832
13392,F8_01_1_2_Chlorophyll_A_001_phosphate_plate5.tif,1,944.000,944,944
13393,F8_01_1_2_Chlorophyll_A_001_phosphate_plate5.tif,1,832.000,832,832
13394,F8_01_1_2_Chlorophyll_A_001_phosphate_plate5.tif,1,848.000,848,848
13395,F8_01_1_2_Chlorophyll_A_001_phosphate_plate5.tif,1,832.000,832,832
13396,F8_01_1_2_Chlorophyll_A_001_phosphate_plate5.tif,1,832.000,832,832
13397,F8_01_1_2_Chlorophyll_A_001_phosphate_plate5.tif,2,832.000,816,848
13398,F8_01_1_2_Chlorophyll_A_001_phosphate_plate5.tif,1,784.000,784,784
13399,F8_01_1_2_Chlorophyll_A_001_phosphate_plate5.tif,3,810.667,800,832
13400,F8_01_1_2_Chlorophyll_A_001_phosphate_plate5.tif,1,848.000,848,848
13401,F8_01_1_2_Chlorophyll_A_001_phosphate_plate5.tif,1,848.000,848,848
13402,F8_01_1_2_Chlorophyll_A_001_phosphate_plate5.tif,12,848.000,768,1008
13403,F8_01_1_2_Chlorophyll_A_001_phosphate_plate5.tif,1,800.000,800,800
13404,F8_01_1_2_Chlorophyll_A_001_phosphate_plate5.tif,4,968.000,896,1008
13405,F8_01_1_2_Chlorophyll_A_001_phosphate_plate5.tif,21,845.714,768,992
13406,F8_01_1_2_Chlorophyll_A_001_phosphate_plate5.tif,1,816.000,816,816
13407,F8_01_1_2_Chlorophyll_A_001_phosphate_plate5.tif,2,944.000,864,1024
13408,F8_01_1_2_Chlorophyll_A_001_phosphate_plate5.tif,2,848.000,800,896
13409,F8_01_1_2_Chlorophyll_A_001_phosphate_plate5.tif,1,800.000,800,800
13410,F8_01_1_2_Chlorophyll_A_001_phosphate_plate5.tif,7,854.857,784,912
13411,F8_01_1_2_Chlorophyll_A_001_phosphate_plate5.tif,1,768.000,768,768
13412,F8_01_1_2_Chlorophyll_A_001_phosphate_plate5.tif,1,784.000,784,784
13413,F8_01_1_2_Chlorophyll_A_001_phosphate_plate5.tif,3,816.000,800,848
13414,F8_01_1_2_Chlorophyll_A_001_phosphate_plate5.tif,2,784.000,768,800
13415,F8_01_1_2_Chlorophyll_A_001_phosphate_plate5.tif,1,1024.000,1024,1024
13416,F8_01_1_2_Chlorophyll_A_001_phosphate_plate5.tif,2,880.000,800,960
13417,F8_01_1_2_Chlorophyll_A_001_phosphate_plate5.tif,4,816.000,768,880
13418,F8_01_1_2_Chlorophyll_A_001_phosphate_plate5.tif,1,768.000,768,768
13419,F8_01_1_2_Chlorophyll_A_001_phosphate_plate5.tif,1,928.000,928,928
13420,F8_01_1_2_Chlorophyll_A_001_phosphate_plate5.tif,1,816.000,816,816
13421,F8_01_1_2_Chlorophyll_A_001_phosphate_plate5.tif,1,880.000,880,880
13422,F8_01_1_2_Chlorophyll_A_001_phosphate_plate5.tif,1,880.000,880,880
13423,F8_01_1_2_Chlorophyll_A_001_phosphate_plate5.tif,1,864.000,864,864
13424,F8_01_1_2_Chlorophyll_A_001_phosphate_plate5.tif,3,826.667,768,864
13425,F8_01_1_2_Chlorophyll_A_001_phosphate_plate5.tif,1,896.000,896,896
13426,F8_01_1_2_Chlorophyll_A_001_phosphate_plate5.tif,1,768.000,768,768
13427,F8_01_1_2_Chlorophyll_A_001_phosphate_plate5.tif,1,864.000,864,864
13428,F8_01_1_2_Chlorophyll_A_001_phosphate_plate5.tif,1,800.000,800,800
13429,F8_01_1_2_Chlorophyll_A_001_phosphate_plate5.tif,1,768.000,768,768
13430,F8_01_1_2_Chlorophyll_A_001_phosphate_plate5.tif,1,816.000,816,816
13431,F8_01_1_2_Chlorophyll_A_001_phosphate_plate5.tif,1,960.000,960,960
13432,F8_01_1_2_Chlorophyll_A_001_phosphate_plate5.tif,2,808.000,768,848
13433,F8_01_1_2_Chlorophyll_A_001_phosphate_plate5.tif,1,848.000,848,848
13434,F8_01_1_2_Chlorophyll_A_001_phosphate_plate5.tif,1,768.000,768,768
13435,F8_01_1_2_Chlorophyll_A_001_phosphate_plate5.tif,1,768.000,768,768
13436,F8_01_1_2_Chlorophyll_A_001_phosphate_plate5.tif,4,880.000,800,928
13437,F8_01_1_2_Chlorophyll_A_001_phosphate_plate5.tif,1,784.000,784,784
13438,F8_01_1_2_Chlorophyll_A_001_phosphate_plate5.tif,3,853.333,816,896
13439,F8_01_1_2_Chlorophyll_A_001_phosphate_plate5.tif,1,784.000,784,784
13440,F8_01_1_2_Chlorophyll_A_001_phosphate_plate5.tif,1,768.000,768,768
13441,F8_01_1_2_Chlorophyll_A_001_phosphate_plate5.tif,1,784.000,784,784
13442,F8_01_1_2_Chlorophyll_A_001_phosphate_plate5.tif,1,784.000,784,784
13443,F8_01_1_2_Chlorophyll_A_001_phosphate_plate5.tif,1,832.000,832,832
13444,F8_01_1_2_Chlorophyll_A_001_phosphate_plate5.tif,1,880.000,880,880
13445,F8_01_1_2_Chlorophyll_A_001_phosphate_plate5.tif,1,768.000,768,768
13446,F8_01_1_2_Chlorophyll_A_001_phosphate_plate5.tif,1,864.000,864,864
13447,F8_01_1_2_Chlorophyll_A_001_phosphate_plate5.tif,1,800.000,800,800
13448,F8_01_1_2_Chlorophyll_A_001_phosphate_plate5.tif,1,784.000,784,784
13449,F8_01_1_2_Chlorophyll_A_001_phosphate_plate5.tif,1,768.000,768,768
13450,F8_01_1_2_Chlorophyll_A_001_phosphate_plate5.tif,3,821.333,784,848
13451,F8_01_1_2_Chlorophyll_A_001_phosphate_plate5.tif,1,880.000,880,880
13452,F8_01_1_2_Chlorophyll_A_001_phosphate_plate5.tif,5,873.600,768,1008
13453,F8_01_1_2_Chlorophyll_A_001_phosphate_plate5.tif,1,784.000,784,784
13454,F8_01_1_2_Chlorophyll_A_001_phosphate_plate5.tif,1,928.000,928,928
13455,F8_01_1_2_Chlorophyll_A_001_phosphate_plate5.tif,3,901.333,864,944
13456,F8_01_1_2_Chlorophyll_A_001_phosphate_plate5.tif,90,891.556,768,1088
13457,F8_01_1_2_Chlorophyll_A_001_phosphate_plate5.tif,27,888.296,784,1136
13458,F8_01_1_2_Chlorophyll_A_001_phosphate_plate5.tif,45,887.467,768,1120
13459,F8_01_1_2_Chlorophyll_A_001_phosphate_plate5.tif,2,872.000,864,880
13460,F8_01_1_2_Chlorophyll_A_001_phosphate_plate5.tif,229,860.087,768,1104
13461,F8_01_1_2_Chlorophyll_A_001_phosphate_plate5.tif,6,866.667,768,1056
13462,F8_01_1_2_Chlorophyll_A_001_phosphate_plate5.tif,1,768.000,768,768
13463,F8_01_1_2_Chlorophyll_A_001_phosphate_plate5.tif,1,768.000,768,768
13464,F8_01_1_2_Chlorophyll_A_001_phosphate_plate5.tif,1,832.000,832,832
13465,F8_01_1_2_Chlorophyll_A_001_phosphate_plate5.tif,1,848.000,848,848
13466,F8_01_1_2_Chlorophyll_A_001_phosphate_plate5.tif,1,784.000,784,784
13467,F8_01_1_2_Chlorophyll_A_001_phosphate_plate5.tif,1,800.000,800,800
13468,F8_01_1_2_Chlorophyll_A_001_phosphate_plate5.tif,2,776.000,768,784
13469,F8_01_1_2_Chlorophyll_A_001_phosphate_plate5.tif,5,864.000,768,944
13470,F8_01_1_2_Chlorophyll_A_001_phosphate_plate5.tif,1,784.000,784,784
13471,F8_01_1_2_Chlorophyll_A_001_phosphate_plate5.tif,1,800.000,800,800
13472,F8_01_1_2_Chlorophyll_A_001_phosphate_plate5.tif,1,832.000,832,832
13473,F8_01_1_2_Chlorophyll_A_001_phosphate_plate5.tif,1,768.000,768,768
13474,F8_01_1_2_Chlorophyll_A_001_phosphate_plate5.tif,1,832.000,832,832
13475,F8_01_1_2_Chlorophyll_A_001_phosphate_plate5.tif,2,816.000,768,864
13476,F8_01_1_2_Chlorophyll_A_001_phosphate_plate5.tif,2,832.000,784,880
13477,F8_01_1_2_Chlorophyll_A_001_phosphate_plate5.tif,1,768.000,768,768
13478,F8_01_1_2_Chlorophyll_A_001_phosphate_plate5.tif,1,800.000,800,800
13479,F8_01_1_2_Chlorophyll_A_001_phosphate_plate5.tif,1,816.000,816,816
13480,F8_01_1_2_Chlorophyll_A_001_phosphate_plate5.tif,3,784.000,768,800
13481,F8_01_1_2_Chlorophyll_A_001_phosphate_plate5.tif,1,784.000,784,784
13482,F8_01_1_2_Chlorophyll_A_001_phosphate_plate5.tif,1,896.000,896,896
13483,F8_01_1_2_Chlorophyll_A_001_phosphate_plate5.tif,1,816.000,816,816
13484,F8_01_1_2_Chlorophyll_A_001_phosphate_plate5.tif,1,816.000,816,816
13485,F8_01_1_2_Chlorophyll_A_001_phosphate_plate5.tif,1,816.000,816,816
13486,F8_01_1_2_Chlorophyll_A_001_phosphate_plate5.tif,1,816.000,816,816
13487,F8_01_1_2_Chlorophyll_A_001_phosphate_plate5.tif,1,768.000,768,768
13488,F8_01_1_2_Chlorophyll_A_001_phosphate_plate5.tif,1,928.000,928,928
13489,F8_01_1_2_Chlorophyll_A_001_phosphate_plate5.tif,1,784.000,784,784
13490,F8_01_1_2_Chlorophyll_A_001_phosphate_plate5.tif,1,768.000,768,768
13491,F8_01_1_2_Chlorophyll_A_001_phosphate_plate5.tif,25,869.120,768,1280
13492,F8_01_1_2_Chlorophyll_A_001_phosphate_plate5.tif,87,896.736,768,1136
13493,F8_01_1_2_Chlorophyll_A_001_phosphate_plate5.tif,57,890.947,768,1168
13494,F8_01_1_2_Chlorophyll_A_001_phosphate_plate5.tif,37,887.784,768,1120
13495,F8_01_1_2_Chlorophyll_A_001_phosphate_plate5.tif,198,1958.141,768,13456
13496,F8_01_1_2_Chlorophyll_A_001_phosphate_plate5.tif,58,880.828,768,1152
13497,F8_01_1_2_Chlorophyll_A_001_phosphate_plate5.tif,1,768.000,768,768
13498,F8_01_1_2_Chlorophyll_A_001_phosphate_plate5.tif,3,821.333,800,848
13499,F8_01_1_2_Chlorophyll_A_001_phosphate_plate5.tif,2,792.000,784,800
13500,F8_01_1_2_Chlorophyll_A_001_phosphate_plate5.tif,2,816.000,768,864
13501,F8_01_1_2_Chlorophyll_A_001_phosphate_plate5.tif,1,768.000,768,768
13502,F8_01_1_2_Chlorophyll_A_001_phosphate_plate5.tif,2,784.000,784,784
13503,F8_01_1_2_Chlorophyll_A_001_phosphate_plate5.tif,1,848.000,848,848
13504,F8_01_1_2_Chlorophyll_A_001_phosphate_plate5.tif,2,832.000,832,832
13505,F8_01_1_2_Chlorophyll_A_001_phosphate_plate5.tif,4,864.000,816,896
13506,F8_01_1_2_Chlorophyll_A_001_phosphate_plate5.tif,1,768.000,768,768
13507,F8_01_1_2_Chlorophyll_A_001_phosphate_plate5.tif,4,800.000,768,848
13508,F8_01_1_2_Chlorophyll_A_001_phosphate_plate5.tif,2,808.000,800,816
13509,F8_01_1_2_Chlorophyll_A_001_phosphate_plate5.tif,1,848.000,848,848
13510,F8_01_1_2_Chlorophyll_A_001_phosphate_plate5.tif,1,768.000,768,768
13511,F8_01_1_2_Chlorophyll_A_001_phosphate_plate5.tif,1,800.000,800,800
13512,F8_01_1_2_Chlorophyll_A_001_phosphate_plate5.tif,2,840.000,832,848
13513,F8_01_1_2_Chlorophyll_A_001_phosphate_plate5.tif,1,800.000,800,800
13514,F8_01_1_2_Chlorophyll_A_001_phosphate_plate5.tif,1,768.000,768,768
13515,F8_01_1_2_Chlorophyll_A_001_phosphate_plate5.tif,1,832.000,832,832
13516,F8_01_1_2_Chlorophyll_A_001_phosphate_plate5.tif,1,944.000,944,944
13517,F8_01_1_2_Chlorophyll_A_001_phosphate_plate5.tif,1,896.000,896,896
13518,F8_01_1_2_Chlorophyll_A_001_phosphate_plate5.tif,3,869.333,800,928
13519,F8_01_1_2_Chlorophyll_A_001_phosphate_plate5.tif,1,896.000,896,896
13520,F8_01_1_2_Chlorophyll_A_001_phosphate_plate5.tif,5,860.800,800,960
13521,F8_01_1_2_Chlorophyll_A_001_phosphate_plate5.tif,2,920.000,800,1040
13522,F8_01_1_2_Chlorophyll_A_001_phosphate_plate5.tif,2,800.000,800,800
13523,F8_01_1_2_Chlorophyll_A_001_phosphate_plate5.tif,5,819.200,768,880
13524,F8_01_1_2_Chlorophyll_A_001_phosphate_plate5.tif,2,872.000,832,912
13525,F8_01_1_2_Chlorophyll_A_001_phosphate_plate5.tif,2,800.000,768,832
13526,F8_01_1_2_Chlorophyll_A_001_phosphate_plate5.tif,1,784.000,784,784
13527,F8_01_1_2_Chlorophyll_A_001_phosphate_plate5.tif,2,768.000,768,768
13528,F8_01_1_2_Chlorophyll_A_001_phosphate_plate5.tif,1,800.000,800,800
13529,F8_01_1_2_Chlorophyll_A_001_phosphate_plate5.tif,1,816.000,816,816
13530,F8_01_1_2_Chlorophyll_A_001_phosphate_plate5.tif,1,880.000,880,880
13531,F8_01_1_2_Chlorophyll_A_001_phosphate_plate5.tif,2,808.000,800,816
13532,F8_01_1_2_Chlorophyll_A_001_phosphate_plate5.tif,1,912.000,912,912
13533,F8_01_1_2_Chlorophyll_A_001_phosphate_plate5.tif,1,880.000,880,880
13534,F8_01_1_2_Chlorophyll_A_001_phosphate_plate5.tif,1,864.000,864,864
13535,F8_01_1_2_Chlorophyll_A_001_phosphate_plate5.tif,1,800.000,800,800
13536,F8_01_1_2_Chlorophyll_A_001_phosphate_plate5.tif,1,864.000,864,864
13537,F8_01_1_2_Chlorophyll_A_001_phosphate_plate5.tif,9,885.333,784,1056
13538,F8_01_1_2_Chlorophyll_A_001_phosphate_plate5.tif,2,872.000,848,896
13539,F8_01_1_2_Chlorophyll_A_001_phosphate_plate5.tif,1,816.000,816,816
13540,F8_01_1_2_Chlorophyll_A_001_phosphate_plate5.tif,1,944.000,944,944
13541,F8_01_1_2_Chlorophyll_A_001_phosphate_plate5.tif,6,826.667,768,944
13542,F8_01_1_2_Chlorophyll_A_001_phosphate_plate5.tif,1,1072.000,1072,1072
13543,F8_01_1_2_Chlorophyll_A_001_phosphate_plate5.tif,45,867.200,768,1104
13544,F8_01_1_2_Chlorophyll_A_001_phosphate_plate5.tif,1,784.000,784,784
13545,F8_01_1_2_Chlorophyll_A_001_phosphate_plate5.tif,9,816.000,768,864
13546,F8_01_1_2_Chlorophyll_A_001_phosphate_plate5.tif,1,768.000,768,768
13547,F8_01_1_2_Chlorophyll_A_001_phosphate_plate5.tif,1,800.000,800,800
13548,F8_01_1_2_Chlorophyll_A_001_phosphate_plate5.tif,3,832.000,800,864
13549,F8_01_1_2_Chlorophyll_A_001_phosphate_plate5.tif,1,880.000,880,880
13550,F8_01_1_2_Chlorophyll_A_001_phosphate_plate5.tif,1,816.000,816,816
13551,F8_01_1_2_Chlorophyll_A_001_phosphate_plate5.tif,1,800.000,800,800
13552,F8_01_1_2_Chlorophyll_A_001_phosphate_plate5.tif,1,832.000,832,832
13553,F8_01_1_2_Chlorophyll_A_001_phosphate_plate5.tif,1,816.000,816,816
13554,F8_01_1_2_Chlorophyll_A_001_phosphate_plate5.tif,2,904.000,880,928
13555,F8_01_1_2_Chlorophyll_A_001_phosphate_plate5.tif,1,768.000,768,768
13556,F8_01_1_2_Chlorophyll_A_001_phosphate_plate5.tif,7,886.857,784,1024
13557,F8_01_1_2_Chlorophyll_A_001_phosphate_plate5.tif,2,792.000,784,800
13558,F8_01_1_2_Chlorophyll_A_001_phosphate_plate5.tif,6,802.667,768,864
13559,F8_01_1_2_Chlorophyll_A_001_phosphate_plate5.tif,1,832.000,832,832
13560,F8_01_1_2_Chlorophyll_A_001_phosphate_plate5.tif,2,888.000,864,912
13561,F8_01_1_2_Chlorophyll_A_001_phosphate_plate5.tif,1,800.000,800,800
13562,F8_01_1_2_Chlorophyll_A_001_phosphate_plate5.tif,1,896.000,896,896
13563,F8_01_1_2_Chlorophyll_A_001_phosphate_plate5.tif,3,826.667,784,880
13564,F8_01_1_2_Chlorophyll_A_001_phosphate_plate5.tif,1,864.000,864,864
13565,F8_01_1_2_Chlorophyll_A_001_phosphate_plate5.tif,1,800.000,800,800
13566,F8_01_1_2_Chlorophyll_A_001_phosphate_plate5.tif,1,944.000,944,944
13567,F8_01_1_2_Chlorophyll_A_001_phosphate_plate5.tif,1,848.000,848,848
13568,F8_01_1_2_Chlorophyll_A_001_phosphate_plate5.tif,6,858.667,768,1088
13569,F8_01_1_2_Chlorophyll_A_001_phosphate_plate5.tif,1,848.000,848,848
13570,F8_01_1_2_Chlorophyll_A_001_phosphate_plate5.tif,1,832.000,832,832
13571,F8_01_1_2_Chlorophyll_A_001_phosphate_plate5.tif,1,784.000,784,784
13572,F8_01_1_2_Chlorophyll_A_001_phosphate_plate5.tif,1,896.000,896,896
13573,F8_01_1_2_Chlorophyll_A_001_phosphate_plate5.tif,1,800.000,800,800
13574,F8_01_1_2_Chlorophyll_A_001_phosphate_plate5.tif,1,768.000,768,768
13575,F8_01_1_2_Chlorophyll_A_001_phosphate_plate5.tif,1,768.000,768,768
13576,F8_01_1_2_Chlorophyll_A_001_phosphate_plate5.tif,1,912.000,912,912
13577,F8_01_1_2_Chlorophyll_A_001_phosphate_plate5.tif,3,778.667,768,800
13578,F8_01_1_2_Chlorophyll_A_001_phosphate_plate5.tif,2,792.000,768,816
13579,F8_01_1_2_Chlorophyll_A_001_phosphate_plate5.tif,1,784.000,784,784
13580,F8_01_1_2_Chlorophyll_A_001_phosphate_plate5.tif,1,832.000,832,832
13581,F8_01_1_2_Chlorophyll_A_001_phosphate_plate5.tif,3,864.000,768,1024
13582,F8_01_1_2_Chlorophyll_A_001_phosphate_plate5.tif,4,860.000,784,960
13583,F8_01_1_2_Chlorophyll_A_001_phosphate_plate5.tif,1,848.000,848,848
13584,F8_01_1_2_Chlorophyll_A_001_phosphate_plate5.tif,5,896.000,800,1056
13585,F8_01_1_2_Chlorophyll_A_001_phosphate_plate5.tif,2,808.000,768,848
13586,F8_01_1_2_Chlorophyll_A_001_phosphate_plate5.tif,19,861.474,768,960
13587,F8_01_1_2_Chlorophyll_A_001_phosphate_plate5.tif,70,881.371,768,1184
13588,F8_01_1_2_Chlorophyll_A_001_phosphate_plate5.tif,112,861.714,768,1120
13589,F8_01_1_2_Chlorophyll_A_001_phosphate_plate5.tif,61,860.590,768,1120
13590,F8_01_1_2_Chlorophyll_A_001_phosphate_plate5.tif,1,864.000,864,864
13591,F8_01_1_2_Chlorophyll_A_001_phosphate_plate5.tif,3,837.333,816,848
13592,F8_01_1_2_Chlorophyll_A_001_phosphate_plate5.tif,3,832.000,784,912
13593,F8_01_1_2_Chlorophyll_A_001_phosphate_plate5.tif,1,816.000,816,816
13594,F8_01_1_2_Chlorophyll_A_001_phosphate_plate5.tif,1,944.000,944,944
13595,F8_01_1_2_Chlorophyll_A_001_phosphate_plate5.tif,1,800.000,800,800
13596,F8_01_1_2_Chlorophyll_A_001_phosphate_plate5.tif,2,856.000,832,880
13597,F8_01_1_2_Chlorophyll_A_001_phosphate_plate5.tif,5,896.000,816,944
13598,F8_01_1_2_Chlorophyll_A_001_phosphate_plate5.tif,1,784.000,784,784
13599,F8_01_1_2_Chlorophyll_A_001_phosphate_plate5.tif,7,864.000,784,1040
13600,F8_01_1_2_Chlorophyll_A_001_phosphate_plate5.tif,6,856.000,768,1024
13601,F8_01_1_2_Chlorophyll_A_001_phosphate_plate5.tif,1,832.000,832,832
13602,F8_01_1_2_Chlorophyll_A_001_phosphate_plate5.tif,2,832.000,784,880
13603,F8_01_1_2_Chlorophyll_A_001_phosphate_plate5.tif,1,880.000,880,880
13604,F8_01_1_2_Chlorophyll_A_001_phosphate_plate5.tif,2,792.000,768,816
13605,F8_01_1_2_Chlorophyll_A_001_phosphate_plate5.tif,2,864.000,768,960
13606,F8_01_1_2_Chlorophyll_A_001_phosphate_plate5.tif,1,832.000,832,832
13607,F8_01_1_2_Chlorophyll_A_001_phosphate_plate5.tif,3,805.333,768,864
13608,F8_01_1_2_Chlorophyll_A_001_phosphate_plate5.tif,14,826.286,768,1104
13609,F8_01_1_2_Chlorophyll_A_001_phosphate_plate5.tif,2,896.000,848,944
13610,F8_01_1_2_Chlorophyll_A_001_phosphate_plate5.tif,8,850.000,768,976
13611,F8_01_1_2_Chlorophyll_A_001_phosphate_plate5.tif,1,864.000,864,864
13612,F8_01_1_2_Chlorophyll_A_001_phosphate_plate5.tif,12,846.667,768,1072
13613,F8_01_1_2_Chlorophyll_A_001_phosphate_plate5.tif,1,768.000,768,768
13614,F8_01_1_2_Chlorophyll_A_001_phosphate_plate5.tif,1,784.000,784,784
13615,F8_01_1_2_Chlorophyll_A_001_phosphate_plate5.tif,1,784.000,784,784
13616,F8_01_1_2_Chlorophyll_A_001_phosphate_plate5.tif,1,800.000,800,800
13617,F8_01_1_2_Chlorophyll_A_001_phosphate_plate5.tif,1,784.000,784,784
13618,F8_01_1_2_Chlorophyll_A_001_phosphate_plate5.tif,1,784.000,784,784
13619,F8_01_1_2_Chlorophyll_A_001_phosphate_plate5.tif,1,848.000,848,848
13620,F8_01_1_2_Chlorophyll_A_001_phosphate_plate5.tif,1,864.000,864,864
13621,F8_01_1_2_Chlorophyll_A_001_phosphate_plate5.tif,1,880.000,880,880
13622,F8_01_1_2_Chlorophyll_A_001_phosphate_plate5.tif,1,848.000,848,848
13623,F8_01_1_2_Chlorophyll_A_001_phosphate_plate5.tif,2,792.000,784,800
13624,F8_01_1_2_Chlorophyll_A_001_phosphate_plate5.tif,1,816.000,816,816
13625,F8_01_1_2_Chlorophyll_A_001_phosphate_plate5.tif,3,853.333,816,912
13626,F8_01_1_2_Chlorophyll_A_001_phosphate_plate5.tif,1,768.000,768,768
13627,F8_01_1_2_Chlorophyll_A_001_phosphate_plate5.tif,1,768.000,768,768
13628,F8_01_1_2_Chlorophyll_A_001_phosphate_plate5.tif,2,864.000,816,912
13629,F8_01_1_2_Chlorophyll_A_001_phosphate_plate5.tif,2,800.000,768,832
13630,F8_01_1_2_Chlorophyll_A_001_phosphate_plate5.tif,1,800.000,800,800
13631,F8_01_1_2_Chlorophyll_A_001_phosphate_plate5.tif,1,784.000,784,784
13632,F8_01_1_2_Chlorophyll_A_001_phosphate_plate5.tif,1,864.000,864,864
13633,F8_01_1_2_Chlorophyll_A_001_phosphate_plate5.tif,1,800.000,800,800
13634,F8_01_1_2_Chlorophyll_A_001_phosphate_plate5.tif,1,768.000,768,768
13635,F8_01_1_2_Chlorophyll_A_001_phosphate_plate5.tif,1,800.000,800,800
13636,F8_01_1_2_Chlorophyll_A_001_phosphate_plate5.tif,1,944.000,944,944
13637,F8_01_1_2_Chlorophyll_A_001_phosphate_plate5.tif,3,805.333,784,832
13638,F8_01_1_2_Chlorophyll_A_001_phosphate_plate5.tif,2,800.000,784,816
13639,F8_01_1_2_Chlorophyll_A_001_phosphate_plate5.tif,2,784.000,768,800
13640,F8_01_1_2_Chlorophyll_A_001_phosphate_plate5.tif,1,928.000,928,928
13641,F8_01_1_2_Chlorophyll_A_001_phosphate_plate5.tif,10,872.000,768,1024
13642,F8_01_1_2_Chlorophyll_A_001_phosphate_plate5.tif,1,880.000,880,880
13643,F8_01_1_2_Chlorophyll_A_001_phosphate_plate5.tif,1,768.000,768,768
13644,F8_01_1_2_Chlorophyll_A_001_phosphate_plate5.tif,3,901.333,768,992
13645,F8_01_1_2_Chlorophyll_A_001_phosphate_plate5.tif,3,826.667,768,880
13646,F8_01_1_2_Chlorophyll_A_001_phosphate_plate5.tif,4,796.000,768,832
13647,F8_01_1_2_Chlorophyll_A_001_phosphate_plate5.tif,11,813.091,768,992
13648,F8_01_1_2_Chlorophyll_A_001_phosphate_plate5.tif,1,832.000,832,832
13649,F8_01_1_2_Chlorophyll_A_001_phosphate_plate5.tif,1,800.000,800,800
13650,F8_01_1_2_Chlorophyll_A_001_phosphate_plate5.tif,1,880.000,880,880
13651,F8_01_1_2_Chlorophyll_A_001_phosphate_plate5.tif,1,912.000,912,912
13652,F8_01_1_2_Chlorophyll_A_001_phosphate_plate5.tif,5,864.000,768,944
13653,F8_01_1_2_Chlorophyll_A_001_phosphate_plate5.tif,1,896.000,896,896
13654,F8_01_1_2_Chlorophyll_A_001_phosphate_plate5.tif,1,768.000,768,768
13655,F8_01_1_2_Chlorophyll_A_001_phosphate_plate5.tif,11,824.727,768,912
13656,F8_01_1_2_Chlorophyll_A_001_phosphate_plate5.tif,1,832.000,832,832
13657,F8_01_1_2_Chlorophyll_A_001_phosphate_plate5.tif,2,848.000,816,880
13658,F8_01_1_2_Chlorophyll_A_001_phosphate_plate5.tif,1,800.000,800,800
13659,F8_01_1_2_Chlorophyll_A_001_phosphate_plate5.tif,1,832.000,832,832
13660,F8_01_1_2_Chlorophyll_A_001_phosphate_plate5.tif,1,944.000,944,944
13661,F8_01_1_2_Chlorophyll_A_001_phosphate_plate5.tif,1,784.000,784,784
13662,F8_01_1_2_Chlorophyll_A_001_phosphate_plate5.tif,2,832.000,800,864
13663,F8_01_1_2_Chlorophyll_A_001_phosphate_plate5.tif,1,960.000,960,960
13664,F8_01_1_2_Chlorophyll_A_001_phosphate_plate5.tif,1,896.000,896,896
13665,F8_01_1_2_Chlorophyll_A_001_phosphate_plate5.tif,1,768.000,768,768
13666,F8_01_1_2_Chlorophyll_A_001_phosphate_plate5.tif,1,800.000,800,800
13667,F8_01_1_2_Chlorophyll_A_001_phosphate_plate5.tif,3,805.333,784,848
13668,F8_01_1_2_Chlorophyll_A_001_phosphate_plate5.tif,6,826.667,768,960
13669,F8_01_1_2_Chlorophyll_A_001_phosphate_plate5.tif,3,805.333,768,880
13670,F8_01_1_2_Chlorophyll_A_001_phosphate_plate5.tif,1,768.000,768,768
13671,F8_01_1_2_Chlorophyll_A_001_phosphate_plate5.tif,1,864.000,864,864
13672,F8_01_1_2_Chlorophyll_A_001_phosphate_plate5.tif,1,768.000,768,768
13673,F8_01_1_2_Chlorophyll_A_001_phosphate_plate5.tif,1,784.000,784,784
13674,F8_01_1_2_Chlorophyll_A_001_phosphate_plate5.tif,1,784.000,784,784
13675,F8_01_1_2_Chlorophyll_A_001_phosphate_plate5.tif,1,912.000,912,912
13676,F8_01_1_2_Chlorophyll_A_001_phosphate_plate5.tif,1,816.000,816,816
13677,F8_01_1_2_Chlorophyll_A_001_phosphate_plate5.tif,1,800.000,800,800
13678,F8_01_1_2_Chlorophyll_A_001_phosphate_plate5.tif,1,784.000,784,784
13679,F8_01_1_2_Chlorophyll_A_001_phosphate_plate5.tif,1,784.000,784,784
13680,F8_01_1_2_Chlorophyll_A_001_phosphate_plate5.tif,1,800.000,800,800
13681,F8_01_1_2_Chlorophyll_A_001_phosphate_plate5.tif,2,832.000,784,880
13682,F8_01_1_2_Chlorophyll_A_001_phosphate_plate5.tif,1,864.000,864,864
13683,F8_01_1_2_Chlorophyll_A_001_phosphate_plate5.tif,1,800.000,800,800
13684,F8_01_1_2_Chlorophyll_A_001_phosphate_plate5.tif,176,2247.636,768,16752
13685,F8_01_1_2_Chlorophyll_A_001_phosphate_plate5.tif,14,861.714,768,1008
13686,F8_01_1_2_Chlorophyll_A_001_phosphate_plate5.tif,32,901.500,784,1120
13687,F8_01_1_2_Chlorophyll_A_001_phosphate_plate5.tif,22,890.182,768,1088
13688,F8_01_1_2_Chlorophyll_A_001_phosphate_plate5.tif,27,872.296,768,1072
13689,F8_01_1_2_Chlorophyll_A_001_phosphate_plate5.tif,1,864.000,864,864
13690,F8_01_1_2_Chlorophyll_A_001_phosphate_plate5.tif,1,832.000,832,832
13691,F8_01_1_2_Chlorophyll_A_001_phosphate_plate5.tif,2,896.000,864,928
13692,F8_01_1_2_Chlorophyll_A_001_phosphate_plate5.tif,3,800.000,784,816
13693,F8_01_1_2_Chlorophyll_A_001_phosphate_plate5.tif,5,867.200,768,1104
13694,F8_01_1_2_Chlorophyll_A_001_phosphate_plate5.tif,2,792.000,768,816
13695,F8_01_1_2_Chlorophyll_A_001_phosphate_plate5.tif,2,776.000,768,784
13696,F8_01_1_2_Chlorophyll_A_001_phosphate_plate5.tif,6,808.000,768,880
13697,F8_01_1_2_Chlorophyll_A_001_phosphate_plate5.tif,1,912.000,912,912
13698,F8_01_1_2_Chlorophyll_A_001_phosphate_plate5.tif,6,808.000,768,848
13699,F8_01_1_2_Chlorophyll_A_001_phosphate_plate5.tif,9,842.667,784,976
13700,F8_01_1_2_Chlorophyll_A_001_phosphate_plate5.tif,1,768.000,768,768
13701,F8_01_1_2_Chlorophyll_A_001_phosphate_plate5.tif,1,848.000,848,848
13702,F8_01_1_2_Chlorophyll_A_001_phosphate_plate5.tif,2,912.000,912,912
13703,F8_01_1_2_Chlorophyll_A_001_phosphate_plate5.tif,2,896.000,784,1008
13704,F8_01_1_2_Chlorophyll_A_001_phosphate_plate5.tif,1,896.000,896,896
13705,F8_01_1_2_Chlorophyll_A_001_phosphate_plate5.tif,1,944.000,944,944
13706,F8_01_1_2_Chlorophyll_A_001_phosphate_plate5.tif,1,768.000,768,768
13707,F8_01_1_2_Chlorophyll_A_001_phosphate_plate5.tif,1,768.000,768,768
13708,F8_01_1_2_Chlorophyll_A_001_phosphate_plate5.tif,4,836.000,784,880
13709,F8_01_1_2_Chlorophyll_A_001_phosphate_plate5.tif,1,784.000,784,784
13710,F8_01_1_2_Chlorophyll_A_001_phosphate_plate5.tif,1,768.000,768,768
13711,F8_01_1_2_Chlorophyll_A_001_phosphate_plate5.tif,4,808.000,800,832
13712,F8_01_1_2_Chlorophyll_A_001_phosphate_plate5.tif,1,784.000,784,784
13713,F8_01_1_2_Chlorophyll_A_001_phosphate_plate5.tif,1,768.000,768,768
13714,F8_01_1_2_Chlorophyll_A_001_phosphate_plate5.tif,2,816.000,768,864
13715,F8_01_1_2_Chlorophyll_A_001_phosphate_plate5.tif,1,768.000,768,768
13716,F8_01_1_2_Chlorophyll_A_001_phosphate_plate5.tif,1,768.000,768,768
13717,F8_01_1_2_Chlorophyll_A_001_phosphate_plate5.tif,3,794.667,768,816
13718,F8_01_1_2_Chlorophyll_A_001_phosphate_plate5.tif,4,784.000,784,784
13719,F8_01_1_2_Chlorophyll_A_001_phosphate_plate5.tif,3,848.000,800,896
13720,F8_01_1_2_Chlorophyll_A_001_phosphate_plate5.tif,4,864.000,784,1024
13721,F8_01_1_2_Chlorophyll_A_001_phosphate_plate5.tif,1,832.000,832,832
13722,F8_01_1_2_Chlorophyll_A_001_phosphate_plate5.tif,2,784.000,768,800
13723,F8_01_1_2_Chlorophyll_A_001_phosphate_plate5.tif,1,896.000,896,896
13724,F8_01_1_2_Chlorophyll_A_001_phosphate_plate5.tif,1,960.000,960,960
13725,F8_01_1_2_Chlorophyll_A_001_phosphate_plate5.tif,1,848.000,848,848
13726,F8_01_1_2_Chlorophyll_A_001_phosphate_plate5.tif,1,928.000,928,928
13727,F8_01_1_2_Chlorophyll_A_001_phosphate_plate5.tif,1,768.000,768,768
13728,F8_01_1_2_Chlorophyll_A_001_phosphate_plate5.tif,1,768.000,768,768
13729,F8_01_1_2_Chlorophyll_A_001_phosphate_plate5.tif,1,832.000,832,832
13730,F8_01_1_2_Chlorophyll_A_001_phosphate_plate5.tif,1,848.000,848,848
13731,F8_01_1_2_Chlorophyll_A_001_phosphate_plate5.tif,3,800.000,768,832
13732,F8_01_1_2_Chlorophyll_A_001_phosphate_plate5.tif,2,840.000,784,896
13733,F8_01_1_2_Chlorophyll_A_001_phosphate_plate5.tif,1,848.000,848,848
13734,F8_01_1_2_Chlorophyll_A_001_phosphate_plate5.tif,1,768.000,768,768
13735,F8_01_1_2_Chlorophyll_A_001_phosphate_plate5.tif,1,768.000,768,768
13736,F8_01_1_2_Chlorophyll_A_001_phosphate_plate5.tif,2,808.000,784,832
13737,F8_01_1_2_Chlorophyll_A_001_phosphate_plate5.tif,1,880.000,880,880
13738,F8_01_1_2_Chlorophyll_A_001_phosphate_plate5.tif,118,855.186,768,1072
13739,F8_01_1_2_Chlorophyll_A_001_phosphate_plate5.tif,2,840.000,816,864
13740,F8_01_1_2_Chlorophyll_A_001_phosphate_plate5.tif,2,792.000,784,800
13741,F8_01_1_2_Chlorophyll_A_001_phosphate_plate5.tif,99,871.273,768,1072
13742,F8_01_1_2_Chlorophyll_A_001_phosphate_plate5.tif,50,875.200,768,1120
13743,F8_01_1_2_Chlorophyll_A_001_phosphate_plate5.tif,92,871.304,768,1088
13744,F8_01_1_2_Chlorophyll_A_001_phosphate_plate5.tif,20,891.200,800,1120
13745,F8_01_1_2_Chlorophyll_A_001_phosphate_plate5.tif,35,896.000,768,1088
13746,F8_01_1_2_Chlorophyll_A_001_phosphate_plate5.tif,1,960.000,960,960
13747,F8_01_1_2_Chlorophyll_A_001_phosphate_plate5.tif,3,832.000,768,912
13748,F8_01_1_2_Chlorophyll_A_001_phosphate_plate5.tif,32,845.000,768,1088
13749,F8_01_1_2_Chlorophyll_A_001_phosphate_plate5.tif,5,873.600,816,976
13750,F8_01_1_2_Chlorophyll_A_001_phosphate_plate5.tif,1,832.000,832,832
13751,F8_01_1_2_Chlorophyll_A_001_phosphate_plate5.tif,1,784.000,784,784
13752,F8_01_1_2_Chlorophyll_A_001_phosphate_plate5.tif,4,880.000,800,1056
13753,F8_01_1_2_Chlorophyll_A_001_phosphate_plate5.tif,4,816.000,800,848
13754,F8_01_1_2_Chlorophyll_A_001_phosphate_plate5.tif,2,848.000,848,848
13755,F8_01_1_2_Chlorophyll_A_001_phosphate_plate5.tif,1,1088.000,1088,1088
13756,F8_01_1_2_Chlorophyll_A_001_phosphate_plate5.tif,2,824.000,800,848
13757,F8_01_1_2_Chlorophyll_A_001_phosphate_plate5.tif,6,866.667,768,1056
13758,F8_01_1_2_Chlorophyll_A_001_phosphate_plate5.tif,1,864.000,864,864
13759,F8_01_1_2_Chlorophyll_A_001_phosphate_plate5.tif,4,848.000,768,928
13760,F8_01_1_2_Chlorophyll_A_001_phosphate_plate5.tif,4,776.000,768,784
13761,F8_01_1_2_Chlorophyll_A_001_phosphate_plate5.tif,2,792.000,784,800
13762,F8_01_1_2_Chlorophyll_A_001_phosphate_plate5.tif,12,824.000,768,864
13763,F8_01_1_2_Chlorophyll_A_001_phosphate_plate5.tif,1,896.000,896,896
13764,F8_01_1_2_Chlorophyll_A_001_phosphate_plate5.tif,3,821.333,800,864
13765,F8_01_1_2_Chlorophyll_A_001_phosphate_plate5.tif,1,768.000,768,768
13766,F8_01_1_2_Chlorophyll_A_001_phosphate_plate5.tif,2,864.000,816,912
13767,F8_01_1_2_Chlorophyll_A_001_phosphate_plate5.tif,1,864.000,864,864
13768,F8_01_1_2_Chlorophyll_A_001_phosphate_plate5.tif,1,864.000,864,864
13769,F8_01_1_2_Chlorophyll_A_001_phosphate_plate5.tif,2,784.000,768,800
13770,F8_01_1_2_Chlorophyll_A_001_phosphate_plate5.tif,3,816.000,784,864
13771,F8_01_1_2_Chlorophyll_A_001_phosphate_plate5.tif,1,880.000,880,880
13772,F8_01_1_2_Chlorophyll_A_001_phosphate_plate5.tif,1,848.000,848,848
13773,F8_01_1_2_Chlorophyll_A_001_phosphate_plate5.tif,1,768.000,768,768
13774,F8_01_1_2_Chlorophyll_A_001_phosphate_plate5.tif,3,778.667,768,800
13775,F8_01_1_2_Chlorophyll_A_001_phosphate_plate5.tif,1,864.000,864,864
13776,F8_01_1_2_Chlorophyll_A_001_phosphate_plate5.tif,5,860.800,800,928
13777,F8_01_1_2_Chlorophyll_A_001_phosphate_plate5.tif,2,856.000,784,928
13778,F8_01_1_2_Chlorophyll_A_001_phosphate_plate5.tif,2,824.000,800,848
13779,F8_01_1_2_Chlorophyll_A_001_phosphate_plate5.tif,1,800.000,800,800
13780,F8_01_1_2_Chlorophyll_A_001_phosphate_plate5.tif,2,792.000,768,816
13781,F8_01_1_2_Chlorophyll_A_001_phosphate_plate5.tif,1,816.000,816,816
13782,F8_01_1_2_Chlorophyll_A_001_phosphate_plate5.tif,1,800.000,800,800
13783,F8_01_1_2_Chlorophyll_A_001_phosphate_plate5.tif,1,784.000,784,784
13784,F8_01_1_2_Chlorophyll_A_001_phosphate_plate5.tif,1,768.000,768,768
13785,F8_01_1_2_Chlorophyll_A_001_phosphate_plate5.tif,3,800.000,768,848
13786,F8_01_1_2_Chlorophyll_A_001_phosphate_plate5.tif,2,776.000,768,784
13787,F8_01_1_2_Chlorophyll_A_001_phosphate_plate5.tif,1,784.000,784,784
13788,F8_01_1_2_Chlorophyll_A_001_phosphate_plate5.tif,1,880.000,880,880
13789,F8_01_1_2_Chlorophyll_A_001_phosphate_plate5.tif,1,832.000,832,832
13790,F8_01_1_2_Chlorophyll_A_001_phosphate_plate5.tif,1,816.000,816,816
13791,F8_01_1_2_Chlorophyll_A_001_phosphate_plate5.tif,1,768.000,768,768
13792,F8_01_1_2_Chlorophyll_A_001_phosphate_plate5.tif,1,1072.000,1072,1072
13793,F8_01_1_2_Chlorophyll_A_001_phosphate_plate5.tif,3,949.333,768,1216
13794,F8_01_1_2_Chlorophyll_A_001_phosphate_plate5.tif,31,922.323,784,1264
13795,F8_01_1_2_Chlorophyll_A_001_phosphate_plate5.tif,2,904.000,800,1008
13796,F8_01_1_2_Chlorophyll_A_001_phosphate_plate5.tif,1,784.000,784,784
13797,F8_01_1_2_Chlorophyll_A_001_phosphate_plate5.tif,16,839.000,768,1008
13798,F8_01_1_2_Chlorophyll_A_001_phosphate_plate5.tif,1,912.000,912,912
13799,F8_01_1_2_Chlorophyll_A_001_phosphate_plate5.tif,1,864.000,864,864
13800,F8_01_1_2_Chlorophyll_A_001_phosphate_plate5.tif,1,864.000,864,864
13801,F8_01_1_2_Chlorophyll_A_001_phosphate_plate5.tif,8,808.000,768,864
13802,F8_01_1_2_Chlorophyll_A_001_phosphate_plate5.tif,10,822.400,768,896
13803,F8_01_1_2_Chlorophyll_A_001_phosphate_plate5.tif,1,784.000,784,784
13804,F8_01_1_2_Chlorophyll_A_001_phosphate_plate5.tif,9,816.000,768,880
13805,F8_01_1_2_Chlorophyll_A_001_phosphate_plate5.tif,1,800.000,800,800
13806,F8_01_1_2_Chlorophyll_A_001_phosphate_plate5.tif,7,864.000,768,976
13807,F8_01_1_2_Chlorophyll_A_001_phosphate_plate5.tif,1,816.000,816,816
13808,F8_01_1_2_Chlorophyll_A_001_phosphate_plate5.tif,1,1056.000,1056,1056
13809,F8_01_1_2_Chlorophyll_A_001_phosphate_plate5.tif,4,848.000,768,944
13810,F8_01_1_2_Chlorophyll_A_001_phosphate_plate5.tif,1,896.000,896,896
13811,F8_01_1_2_Chlorophyll_A_001_phosphate_plate5.tif,1,848.000,848,848
13812,F8_01_1_2_Chlorophyll_A_001_phosphate_plate5.tif,5,880.000,832,928
13813,F8_01_1_2_Chlorophyll_A_001_phosphate_plate5.tif,1,944.000,944,944
13814,F8_01_1_2_Chlorophyll_A_001_phosphate_plate5.tif,5,819.200,768,880
13815,F8_01_1_2_Chlorophyll_A_001_phosphate_plate5.tif,4,856.000,784,976
13816,F8_01_1_2_Chlorophyll_A_001_phosphate_plate5.tif,1,816.000,816,816
13817,F8_01_1_2_Chlorophyll_A_001_phosphate_plate5.tif,1,800.000,800,800
13818,F8_01_1_2_Chlorophyll_A_001_phosphate_plate5.tif,1,928.000,928,928
13819,F8_01_1_2_Chlorophyll_A_001_phosphate_plate5.tif,1,912.000,912,912
13820,F8_01_1_2_Chlorophyll_A_001_phosphate_plate5.tif,1,912.000,912,912
13821,F8_01_1_2_Chlorophyll_A_001_phosphate_plate5.tif,1,832.000,832,832
13822,F8_01_1_2_Chlorophyll_A_001_phosphate_plate5.tif,2,768.000,768,768
13823,F8_01_1_2_Chlorophyll_A_001_phosphate_plate5.tif,1,800.000,800,800
13824,F8_01_1_2_Chlorophyll_A_001_phosphate_plate5.tif,2,840.000,768,912
13825,F8_01_1_2_Chlorophyll_A_001_phosphate_plate5.tif,1,800.000,800,800
13826,F8_01_1_2_Chlorophyll_A_001_phosphate_plate5.tif,2,816.000,816,816
13827,F8_01_1_2_Chlorophyll_A_001_phosphate_plate5.tif,2,816.000,800,832
13828,F8_01_1_2_Chlorophyll_A_001_phosphate_plate5.tif,1,848.000,848,848
13829,F8_01_1_2_Chlorophyll_A_001_phosphate_plate5.tif,1,896.000,896,896
13830,F8_01_1_2_Chlorophyll_A_001_phosphate_plate5.tif,1,800.000,800,800
13831,F8_01_1_2_Chlorophyll_A_001_phosphate_plate5.tif,2,904.000,880,928
13832,F8_01_1_2_Chlorophyll_A_001_phosphate_plate5.tif,3,848.000,768,960
13833,F8_01_1_2_Chlorophyll_A_001_phosphate_plate5.tif,2,824.000,800,848
13834,F8_01_1_2_Chlorophyll_A_001_phosphate_plate5.tif,1,832.000,832,832
13835,F8_01_1_2_Chlorophyll_A_001_phosphate_plate5.tif,1,816.000,816,816
13836,F8_01_1_2_Chlorophyll_A_001_phosphate_plate5.tif,1,896.000,896,896
13837,F8_01_1_2_Chlorophyll_A_001_phosphate_plate5.tif,2,832.000,784,880
13838,F8_01_1_2_Chlorophyll_A_001_phosphate_plate5.tif,1,768.000,768,768
13839,F8_01_1_2_Chlorophyll_A_001_phosphate_plate5.tif,1,800.000,800,800
13840,F8_01_1_2_Chlorophyll_A_001_phosphate_plate5.tif,1,800.000,800,800
13841,F8_01_1_2_Chlorophyll_A_001_phosphate_plate5.tif,1,976.000,976,976
13842,F8_01_1_2_Chlorophyll_A_001_phosphate_plate5.tif,1,976.000,976,976
13843,F8_01_1_2_Chlorophyll_A_001_phosphate_plate5.tif,1,768.000,768,768
13844,F8_01_1_2_Chlorophyll_A_001_phosphate_plate5.tif,1,816.000,816,816
13845,F8_01_1_2_Chlorophyll_A_001_phosphate_plate5.tif,2,896.000,896,896
13846,F8_01_1_2_Chlorophyll_A_001_phosphate_plate5.tif,1,768.000,768,768
13847,F8_01_1_2_Chlorophyll_A_001_phosphate_plate5.tif,1,768.000,768,768
13848,F8_01_1_2_Chlorophyll_A_001_phosphate_plate5.tif,1,1024.000,1024,1024
13849,F8_01_1_2_Chlorophyll_A_001_phosphate_plate5.tif,1,768.000,768,768
13850,F8_01_1_2_Chlorophyll_A_001_phosphate_plate5.tif,1,864.000,864,864
13851,F8_01_1_2_Chlorophyll_A_001_phosphate_plate5.tif,2,816.000,768,864
13852,F8_01_1_2_Chlorophyll_A_001_phosphate_plate5.tif,1,896.000,896,896
13853,F8_01_1_2_Chlorophyll_A_001_phosphate_plate5.tif,1,768.000,768,768
13854,F8_01_1_2_Chlorophyll_A_001_phosphate_plate5.tif,1,800.000,800,800
13855,F8_01_1_2_Chlorophyll_A_001_phosphate_plate5.tif,18,883.556,768,1088
13856,F8_01_1_2_Chlorophyll_A_001_phosphate_plate5.tif,44,873.091,768,1072
13857,F8_01_1_2_Chlorophyll_A_001_phosphate_plate5.tif,1,944.000,944,944
13858,F8_01_1_2_Chlorophyll_A_001_phosphate_plate5.tif,24,871.333,768,1024
13859,F8_01_1_2_Chlorophyll_A_001_phosphate_plate5.tif,34,933.647,768,1184
13860,F8_01_1_2_Chlorophyll_A_001_phosphate_plate5.tif,1,864.000,864,864
13861,F8_01_1_2_Chlorophyll_A_001_phosphate_plate5.tif,2,824.000,768,880
13862,F8_01_1_2_Chlorophyll_A_001_phosphate_plate5.tif,4,876.000,800,976
13863,F8_01_1_2_Chlorophyll_A_001_phosphate_plate5.tif,1,912.000,912,912
13864,F8_01_1_2_Chlorophyll_A_001_phosphate_plate5.tif,2,944.000,768,1120
13865,F8_01_1_2_Chlorophyll_A_001_phosphate_plate5.tif,1,880.000,880,880
13866,F8_01_1_2_Chlorophyll_A_001_phosphate_plate5.tif,2,888.000,800,976
13867,F8_01_1_2_Chlorophyll_A_001_phosphate_plate5.tif,3,821.333,800,864
13868,F8_01_1_2_Chlorophyll_A_001_phosphate_plate5.tif,2,952.000,768,1136
13869,F8_01_1_2_Chlorophyll_A_001_phosphate_plate5.tif,1,768.000,768,768
13870,F8_01_1_2_Chlorophyll_A_001_phosphate_plate5.tif,1,784.000,784,784
13871,F8_01_1_2_Chlorophyll_A_001_phosphate_plate5.tif,6,834.667,784,960
13872,F8_01_1_2_Chlorophyll_A_001_phosphate_plate5.tif,1,800.000,800,800
13873,F8_01_1_2_Chlorophyll_A_001_phosphate_plate5.tif,3,810.667,800,832
13874,F8_01_1_2_Chlorophyll_A_001_phosphate_plate5.tif,1,768.000,768,768
13875,F8_01_1_2_Chlorophyll_A_001_phosphate_plate5.tif,3,821.333,768,848
13876,F8_01_1_2_Chlorophyll_A_001_phosphate_plate5.tif,1,944.000,944,944
13877,F8_01_1_2_Chlorophyll_A_001_phosphate_plate5.tif,1,912.000,912,912
13878,F8_01_1_2_Chlorophyll_A_001_phosphate_plate5.tif,3,810.667,768,864
13879,F8_01_1_2_Chlorophyll_A_001_phosphate_plate5.tif,1,896.000,896,896
13880,F8_01_1_2_Chlorophyll_A_001_phosphate_plate5.tif,1,784.000,784,784
13881,F8_01_1_2_Chlorophyll_A_001_phosphate_plate5.tif,1,768.000,768,768
13882,F8_01_1_2_Chlorophyll_A_001_phosphate_plate5.tif,1,848.000,848,848
13883,F8_01_1_2_Chlorophyll_A_001_phosphate_plate5.tif,1,880.000,880,880
13884,F8_01_1_2_Chlorophyll_A_001_phosphate_plate5.tif,1,800.000,800,800
13885,F8_01_1_2_Chlorophyll_A_001_phosphate_plate5.tif,1,800.000,800,800
13886,F8_01_1_2_Chlorophyll_A_001_phosphate_plate5.tif,1,784.000,784,784
13887,F8_01_1_2_Chlorophyll_A_001_phosphate_plate5.tif,2,824.000,800,848
13888,F8_01_1_2_Chlorophyll_A_001_phosphate_plate5.tif,1,960.000,960,960
13889,F8_01_1_2_Chlorophyll_A_001_phosphate_plate5.tif,1,784.000,784,784
13890,F8_01_1_2_Chlorophyll_A_001_phosphate_plate5.tif,3,778.667,768,784
13891,F8_01_1_2_Chlorophyll_A_001_phosphate_plate5.tif,2,824.000,784,864
13892,F8_01_1_2_Chlorophyll_A_001_phosphate_plate5.tif,1,864.000,864,864
13893,F8_01_1_2_Chlorophyll_A_001_phosphate_plate5.tif,1,832.000,832,832
13894,F8_01_1_2_Chlorophyll_A_001_phosphate_plate5.tif,1,784.000,784,784
13895,F8_01_1_2_Chlorophyll_A_001_phosphate_plate5.tif,1,896.000,896,896
13896,F8_01_1_2_Chlorophyll_A_001_phosphate_plate5.tif,1,816.000,816,816
13897,F8_01_1_2_Chlorophyll_A_001_phosphate_plate5.tif,1,768.000,768,768
13898,F8_01_1_2_Chlorophyll_A_001_phosphate_plate5.tif,1,880.000,880,880
13899,F8_01_1_2_Chlorophyll_A_001_phosphate_plate5.tif,1,784.000,784,784
13900,F8_01_1_2_Chlorophyll_A_001_phosphate_plate5.tif,6,856.000,816,912
13901,F8_01_1_2_Chlorophyll_A_001_phosphate_plate5.tif,3,832.000,784,912
13902,F8_01_1_2_Chlorophyll_A_001_phosphate_plate5.tif,4,852.000,800,896
13903,F8_01_1_2_Chlorophyll_A_001_phosphate_plate5.tif,111,865.730,768,1056
13904,F8_01_1_2_Chlorophyll_A_001_phosphate_plate5.tif,13,881.231,800,1024
13905,F8_01_1_2_Chlorophyll_A_001_phosphate_plate5.tif,1,912.000,912,912
13906,F8_01_1_2_Chlorophyll_A_001_phosphate_plate5.tif,5,883.200,800,960
13907,F8_01_1_2_Chlorophyll_A_001_phosphate_plate5.tif,7,893.714,784,1104
13908,F8_01_1_2_Chlorophyll_A_001_phosphate_plate5.tif,1,800.000,800,800
13909,F8_01_1_2_Chlorophyll_A_001_phosphate_plate5.tif,19,846.316,768,1088
13910,F8_01_1_2_Chlorophyll_A_001_phosphate_plate5.tif,12,864.000,768,1152
13911,F8_01_1_2_Chlorophyll_A_001_phosphate_plate5.tif,1,864.000,864,864
13912,F8_01_1_2_Chlorophyll_A_001_phosphate_plate5.tif,1,800.000,800,800
13913,F8_01_1_2_Chlorophyll_A_001_phosphate_plate5.tif,1,784.000,784,784
13914,F8_01_1_2_Chlorophyll_A_001_phosphate_plate5.tif,1,848.000,848,848
13915,F8_01_1_2_Chlorophyll_A_001_phosphate_plate5.tif,6,848.000,768,976
13916,F8_01_1_2_Chlorophyll_A_001_phosphate_plate5.tif,1,864.000,864,864
13917,F8_01_1_2_Chlorophyll_A_001_phosphate_plate5.tif,1,800.000,800,800
13918,F8_01_1_2_Chlorophyll_A_001_phosphate_plate5.tif,1,944.000,944,944
13919,F8_01_1_2_Chlorophyll_A_001_phosphate_plate5.tif,1,816.000,816,816
13920,F8_01_1_2_Chlorophyll_A_001_phosphate_plate5.tif,1,816.000,816,816
13921,F8_01_1_2_Chlorophyll_A_001_phosphate_plate5.tif,1,768.000,768,768
13922,F8_01_1_2_Chlorophyll_A_001_phosphate_plate5.tif,1,864.000,864,864
13923,F8_01_1_2_Chlorophyll_A_001_phosphate_plate5.tif,1,816.000,816,816
13924,F8_01_1_2_Chlorophyll_A_001_phosphate_plate5.tif,3,821.333,768,896
13925,F8_01_1_2_Chlorophyll_A_001_phosphate_plate5.tif,1,784.000,784,784
13926,F8_01_1_2_Chlorophyll_A_001_phosphate_plate5.tif,1,912.000,912,912
13927,F8_01_1_2_Chlorophyll_A_001_phosphate_plate5.tif,1,784.000,784,784
13928,F8_01_1_2_Chlorophyll_A_001_phosphate_plate5.tif,1,768.000,768,768
13929,F8_01_1_2_Chlorophyll_A_001_phosphate_plate5.tif,1,784.000,784,784
13930,F8_01_1_2_Chlorophyll_A_001_phosphate_plate5.tif,1,880.000,880,880
13931,F8_01_1_2_Chlorophyll_A_001_phosphate_plate5.tif,2,776.000,768,784
13932,F8_01_1_2_Chlorophyll_A_001_phosphate_plate5.tif,1,816.000,816,816
13933,F8_01_1_2_Chlorophyll_A_001_phosphate_plate5.tif,3,869.333,800,928
13934,F8_01_1_2_Chlorophyll_A_001_phosphate_plate5.tif,2,840.000,768,912
13935,F8_01_1_2_Chlorophyll_A_001_phosphate_plate5.tif,1,944.000,944,944
13936,F8_01_1_2_Chlorophyll_A_001_phosphate_plate5.tif,1,768.000,768,768
13937,F8_01_1_2_Chlorophyll_A_001_phosphate_plate5.tif,2,888.000,768,1008
13938,F8_01_1_2_Chlorophyll_A_001_phosphate_plate5.tif,3,800.000,768,864
13939,F8_01_1_2_Chlorophyll_A_001_phosphate_plate5.tif,1,848.000,848,848
13940,F8_01_1_2_Chlorophyll_A_001_phosphate_plate5.tif,1,832.000,832,832
13941,F8_01_1_2_Chlorophyll_A_001_phosphate_plate5.tif,4,836.000,784,880
13942,F8_01_1_2_Chlorophyll_A_001_phosphate_plate5.tif,2,784.000,784,784
13943,F8_01_1_2_Chlorophyll_A_001_phosphate_plate5.tif,139,3451.511,768,15888
13944,F8_01_1_2_Chlorophyll_A_001_phosphate_plate5.tif,4,840.000,800,896
13945,F8_01_1_2_Chlorophyll_A_001_phosphate_plate5.tif,1,784.000,784,784
13946,F8_01_1_2_Chlorophyll_A_001_phosphate_plate5.tif,1,832.000,832,832
13947,F8_01_1_2_Chlorophyll_A_001_phosphate_plate5.tif,1,816.000,816,816
13948,F8_01_1_2_Chlorophyll_A_001_phosphate_plate5.tif,1,816.000,816,816
13949,F8_01_1_2_Chlorophyll_A_001_phosphate_plate5.tif,1,848.000,848,848
13950,F8_01_1_2_Chlorophyll_A_001_phosphate_plate5.tif,1,800.000,800,800
13951,F8_01_1_2_Chlorophyll_A_001_phosphate_plate5.tif,3,821.333,784,880
13952,F8_01_1_2_Chlorophyll_A_001_phosphate_plate5.tif,1,800.000,800,800
13953,F8_01_1_2_Chlorophyll_A_001_phosphate_plate5.tif,1,768.000,768,768
13954,F8_01_1_2_Chlorophyll_A_001_phosphate_plate5.tif,1,816.000,816,816
13955,F8_01_1_2_Chlorophyll_A_001_phosphate_plate5.tif,1,800.000,800,800
13956,F8_01_1_2_Chlorophyll_A_001_phosphate_plate5.tif,1,816.000,816,816
13957,F8_01_1_2_Chlorophyll_A_001_phosphate_plate5.tif,2,880.000,816,944
13958,F8_01_1_2_Chlorophyll_A_001_phosphate_plate5.tif,1,784.000,784,784
13959,F8_01_1_2_Chlorophyll_A_001_phosphate_plate5.tif,2,816.000,800,832
13960,F8_01_1_2_Chlorophyll_A_001_phosphate_plate5.tif,1,848.000,848,848
13961,F8_01_1_2_Chlorophyll_A_001_phosphate_plate5.tif,1,864.000,864,864
13962,F8_01_1_2_Chlorophyll_A_001_phosphate_plate5.tif,1,960.000,960,960
13963,F8_01_1_2_Chlorophyll_A_001_phosphate_plate5.tif,75,870.400,768,1216
13964,F8_01_1_2_Chlorophyll_A_001_phosphate_plate5.tif,31,893.935,768,1136
13965,F8_01_1_2_Chlorophyll_A_001_phosphate_plate5.tif,7,916.571,768,1168
13966,F8_01_1_2_Chlorophyll_A_001_phosphate_plate5.tif,203,1867.665,768,13472
13967,F8_01_1_2_Chlorophyll_A_001_phosphate_plate5.tif,6,864.000,768,928
13968,F8_01_1_2_Chlorophyll_A_001_phosphate_plate5.tif,4,784.000,768,832
13969,F8_01_1_2_Chlorophyll_A_001_phosphate_plate5.tif,3,880.000,800,928
13970,F8_01_1_2_Chlorophyll_A_001_phosphate_plate5.tif,4,828.000,768,944
13971,F8_01_1_2_Chlorophyll_A_001_phosphate_plate5.tif,1,928.000,928,928
13972,F8_01_1_2_Chlorophyll_A_001_phosphate_plate5.tif,2,840.000,768,912
13973,F8_01_1_2_Chlorophyll_A_001_phosphate_plate5.tif,1,768.000,768,768
13974,F8_01_1_2_Chlorophyll_A_001_phosphate_plate5.tif,1,832.000,832,832
13975,F8_01_1_2_Chlorophyll_A_001_phosphate_plate5.tif,1,912.000,912,912
13976,F8_01_1_2_Chlorophyll_A_001_phosphate_plate5.tif,1,848.000,848,848
13977,F8_01_1_2_Chlorophyll_A_001_phosphate_plate5.tif,1,768.000,768,768
13978,F8_01_1_2_Chlorophyll_A_001_phosphate_plate5.tif,4,792.000,784,800
13979,F8_01_1_2_Chlorophyll_A_001_phosphate_plate5.tif,3,976.000,944,1024
13980,F8_01_1_2_Chlorophyll_A_001_phosphate_plate5.tif,2,824.000,800,848
13981,F8_01_1_2_Chlorophyll_A_001_phosphate_plate5.tif,1,944.000,944,944
13982,F8_01_1_2_Chlorophyll_A_001_phosphate_plate5.tif,1,864.000,864,864
13983,F8_01_1_2_Chlorophyll_A_001_phosphate_plate5.tif,2,832.000,768,896
13984,F8_01_1_2_Chlorophyll_A_001_phosphate_plate5.tif,3,832.000,784,912
13985,F8_01_1_2_Chlorophyll_A_001_phosphate_plate5.tif,1,800.000,800,800
13986,F8_01_1_2_Chlorophyll_A_001_phosphate_plate5.tif,1,768.000,768,768
13987,F8_01_1_2_Chlorophyll_A_001_phosphate_plate5.tif,1,864.000,864,864
13988,F8_01_1_2_Chlorophyll_A_001_phosphate_plate5.tif,1,816.000,816,816
13989,F8_01_1_2_Chlorophyll_A_001_phosphate_plate5.tif,3,869.333,832,928
13990,F8_01_1_2_Chlorophyll_A_001_phosphate_plate5.tif,3,869.333,816,912
13991,F8_01_1_2_Chlorophyll_A_001_phosphate_plate5.tif,1,784.000,784,784
13992,F8_01_1_2_Chlorophyll_A_001_phosphate_plate5.tif,2,816.000,784,848
13993,F8_01_1_2_Chlorophyll_A_001_phosphate_plate5.tif,1,768.000,768,768
13994,F8_01_1_2_Chlorophyll_A_001_phosphate_plate5.tif,1,816.000,816,816
13995,F8_01_1_2_Chlorophyll_A_001_phosphate_plate5.tif,1,768.000,768,768
13996,F8_01_1_2_Chlorophyll_A_001_phosphate_plate5.tif,2,848.000,768,928
13997,F8_01_1_2_Chlorophyll_A_001_phosphate_plate5.tif,1,832.000,832,832
13998,F8_01_1_2_Chlorophyll_A_001_phosphate_plate5.tif,1,896.000,896,896
13999,F8_01_1_2_Chlorophyll_A_001_phosphate_plate5.tif,1,800.000,800,800
14000,F8_01_1_2_Chlorophyll_A_001_phosphate_plate5.tif,1,816.000,816,816
14001,F8_01_1_2_Chlorophyll_A_001_phosphate_plate5.tif,1,832.000,832,832
14002,F8_01_1_2_Chlorophyll_A_001_phosphate_plate5.tif,1,784.000,784,784
14003,F8_01_1_2_Chlorophyll_A_001_phosphate_plate5.tif,1,784.000,784,784
14004,F8_01_1_2_Chlorophyll_A_001_phosphate_plate5.tif,1,768.000,768,768
14005,F8_01_1_2_Chlorophyll_A_001_phosphate_plate5.tif,5,921.600,832,1024
14006,F8_01_1_2_Chlorophyll_A_001_phosphate_plate5.tif,1,800.000,800,800
14007,F8_01_1_2_Chlorophyll_A_001_phosphate_plate5.tif,2,832.000,816,848
14008,F8_01_1_2_Chlorophyll_A_001_phosphate_plate5.tif,1,784.000,784,784
14009,F8_01_1_2_Chlorophyll_A_001_phosphate_plate5.tif,1,848.000,848,848
14010,F8_01_1_2_Chlorophyll_A_001_phosphate_plate5.tif,69,870.029,768,1168
14011,F8_01_1_2_Chlorophyll_A_001_phosphate_plate5.tif,181,1930.608,768,11360
14012,F8_01_1_2_Chlorophyll_A_001_phosphate_plate5.tif,17,932.706,784,1104
14013,F8_01_1_2_Chlorophyll_A_001_phosphate_plate5.tif,21,874.667,768,1056
14014,F8_01_1_2_Chlorophyll_A_001_phosphate_plate5.tif,3,869.333,784,960
14015,F8_01_1_2_Chlorophyll_A_001_phosphate_plate5.tif,1,992.000,992,992
14016,F8_01_1_2_Chlorophyll_A_001_phosphate_plate5.tif,5,854.400,768,944
14017,F8_01_1_2_Chlorophyll_A_001_phosphate_plate5.tif,1,864.000,864,864
14018,F8_01_1_2_Chlorophyll_A_001_phosphate_plate5.tif,3,906.667,864,960
14019,F8_01_1_2_Chlorophyll_A_001_phosphate_plate5.tif,13,824.615,768,944
14020,F8_01_1_2_Chlorophyll_A_001_phosphate_plate5.tif,6,866.667,768,1056
14021,F8_01_1_2_Chlorophyll_A_001_phosphate_plate5.tif,3,832.000,768,912
14022,F8_01_1_2_Chlorophyll_A_001_phosphate_plate5.tif,1,816.000,816,816
14023,F8_01_1_2_Chlorophyll_A_001_phosphate_plate5.tif,1,768.000,768,768
14024,F8_01_1_2_Chlorophyll_A_001_phosphate_plate5.tif,1,912.000,912,912
14025,F8_01_1_2_Chlorophyll_A_001_phosphate_plate5.tif,2,912.000,848,976
14026,F8_01_1_2_Chlorophyll_A_001_phosphate_plate5.tif,1,800.000,800,800
14027,F8_01_1_2_Chlorophyll_A_001_phosphate_plate5.tif,1,880.000,880,880
14028,F8_01_1_2_Chlorophyll_A_001_phosphate_plate5.tif,1,800.000,800,800
14029,F8_01_1_2_Chlorophyll_A_001_phosphate_plate5.tif,1,800.000,800,800
14030,F8_01_1_2_Chlorophyll_A_001_phosphate_plate5.tif,1,768.000,768,768
14031,F8_01_1_2_Chlorophyll_A_001_phosphate_plate5.tif,1,784.000,784,784
14032,F8_01_1_2_Chlorophyll_A_001_phosphate_plate5.tif,2,800.000,784,816
14033,F8_01_1_2_Chlorophyll_A_001_phosphate_plate5.tif,1,800.000,800,800
14034,F8_01_1_2_Chlorophyll_A_001_phosphate_plate5.tif,1,864.000,864,864
14035,F8_01_1_2_Chlorophyll_A_001_phosphate_plate5.tif,1,784.000,784,784
14036,F8_01_1_2_Chlorophyll_A_001_phosphate_plate5.tif,2,816.000,800,832
14037,F8_01_1_2_Chlorophyll_A_001_phosphate_plate5.tif,1,848.000,848,848
14038,F8_01_1_2_Chlorophyll_A_001_phosphate_plate5.tif,2,904.000,880,928
14039,F8_01_1_2_Chlorophyll_A_001_phosphate_plate5.tif,6,802.667,768,864
14040,F8_01_1_2_Chlorophyll_A_001_phosphate_plate5.tif,2,968.000,864,1072
14041,F8_01_1_2_Chlorophyll_A_001_phosphate_plate5.tif,1,784.000,784,784
14042,F8_01_1_2_Chlorophyll_A_001_phosphate_plate5.tif,94,2628.596,768,15760
14043,F8_01_1_2_Chlorophyll_A_001_phosphate_plate5.tif,3,917.333,832,1040
14044,F8_01_1_2_Chlorophyll_A_001_phosphate_plate5.tif,1,768.000,768,768
14045,F8_01_1_2_Chlorophyll_A_001_phosphate_plate5.tif,4,852.000,768,992
14046,F8_01_1_2_Chlorophyll_A_001_phosphate_plate5.tif,1,832.000,832,832
14047,F8_01_1_2_Chlorophyll_A_001_phosphate_plate5.tif,1,864.000,864,864
14048,F8_01_1_2_Chlorophyll_A_001_phosphate_plate5.tif,3,890.667,768,1104
14049,F8_01_1_2_Chlorophyll_A_001_phosphate_plate5.tif,1,816.000,816,816
14050,F8_01_1_2_Chlorophyll_A_001_phosphate_plate5.tif,1,880.000,880,880
14051,F8_01_1_2_Chlorophyll_A_001_phosphate_plate5.tif,1,960.000,960,960
14052,F8_01_1_2_Chlorophyll_A_001_phosphate_plate5.tif,1,800.000,800,800
14053,F8_01_1_2_Chlorophyll_A_001_phosphate_plate5.tif,1,768.000,768,768
14054,F8_01_1_2_Chlorophyll_A_001_phosphate_plate5.tif,2,816.000,768,864
14055,F8_01_1_2_Chlorophyll_A_001_phosphate_plate5.tif,1,1008.000,1008,1008
14056,F8_01_1_2_Chlorophyll_A_001_phosphate_plate5.tif,1,912.000,912,912
14057,F8_01_1_2_Chlorophyll_A_001_phosphate_plate5.tif,1,992.000,992,992
14058,F8_01_1_2_Chlorophyll_A_001_phosphate_plate5.tif,1,912.000,912,912
14059,F8_01_1_2_Chlorophyll_A_001_phosphate_plate5.tif,2,800.000,784,816
14060,F8_01_1_2_Chlorophyll_A_001_phosphate_plate5.tif,9,816.000,768,880
14061,F8_01_1_2_Chlorophyll_A_001_phosphate_plate5.tif,3,842.667,800,880
14062,F8_01_1_2_Chlorophyll_A_001_phosphate_plate5.tif,2,768.000,768,768
14063,F8_01_1_2_Chlorophyll_A_001_phosphate_plate5.tif,1,800.000,800,800
14064,F8_01_1_2_Chlorophyll_A_001_phosphate_plate5.tif,2,864.000,832,896
14065,F8_01_1_2_Chlorophyll_A_001_phosphate_plate5.tif,7,832.000,768,896
14066,F8_01_1_2_Chlorophyll_A_001_phosphate_plate5.tif,1,880.000,880,880
14067,F8_01_1_2_Chlorophyll_A_001_phosphate_plate5.tif,1,784.000,784,784
14068,F8_01_1_2_Chlorophyll_A_001_phosphate_plate5.tif,1,784.000,784,784
14069,F8_01_1_2_Chlorophyll_A_001_phosphate_plate5.tif,2,792.000,784,800
14070,F8_01_1_2_Chlorophyll_A_001_phosphate_plate5.tif,1,768.000,768,768
14071,F8_01_1_2_Chlorophyll_A_001_phosphate_plate5.tif,2,776.000,768,784
14072,F8_01_1_2_Chlorophyll_A_001_phosphate_plate5.tif,3,928.000,896,944
14073,F8_01_1_2_Chlorophyll_A_001_phosphate_plate5.tif,11,880.000,784,992
14074,F8_01_1_2_Chlorophyll_A_001_phosphate_plate5.tif,1,848.000,848,848
14075,F8_01_1_2_Chlorophyll_A_001_phosphate_plate5.tif,2,920.000,800,1040
14076,F8_01_1_2_Chlorophyll_A_001_phosphate_plate5.tif,1,784.000,784,784
14077,F8_01_1_2_Chlorophyll_A_001_phosphate_plate5.tif,2,776.000,768,784
14078,F8_01_1_2_Chlorophyll_A_001_phosphate_plate5.tif,1,832.000,832,832
14079,F8_01_1_2_Chlorophyll_A_001_phosphate_plate5.tif,1,944.000,944,944
14080,F8_01_1_2_Chlorophyll_A_001_phosphate_plate5.tif,1,832.000,832,832
14081,F8_01_1_2_Chlorophyll_A_001_phosphate_plate5.tif,5,835.200,800,896
14082,F8_01_1_2_Chlorophyll_A_001_phosphate_plate5.tif,1,864.000,864,864
14083,F8_01_1_2_Chlorophyll_A_001_phosphate_plate5.tif,2,832.000,832,832
14084,F8_01_1_2_Chlorophyll_A_001_phosphate_plate5.tif,4,812.000,768,848
14085,F8_01_1_2_Chlorophyll_A_001_phosphate_plate5.tif,1,784.000,784,784
14086,F8_01_1_2_Chlorophyll_A_001_phosphate_plate5.tif,2,816.000,800,832
14087,F8_01_1_2_Chlorophyll_A_001_phosphate_plate5.tif,5,854.400,816,944
14088,F8_01_1_2_Chlorophyll_A_001_phosphate_plate5.tif,1,768.000,768,768
14089,F8_01_1_2_Chlorophyll_A_001_phosphate_plate5.tif,1,816.000,816,816
14090,F8_01_1_2_Chlorophyll_A_001_phosphate_plate5.tif,1,768.000,768,768
14091,F8_01_1_2_Chlorophyll_A_001_phosphate_plate5.tif,1,784.000,784,784
14092,F8_01_1_2_Chlorophyll_A_001_phosphate_plate5.tif,1,880.000,880,880
14093,F8_01_1_2_Chlorophyll_A_001_phosphate_plate5.tif,2,920.000,912,928
14094,F8_01_1_2_Chlorophyll_A_001_phosphate_plate5.tif,3,794.667,784,800
14095,F8_01_1_2_Chlorophyll_A_001_phosphate_plate5.tif,1,768.000,768,768
14096,F8_01_1_2_Chlorophyll_A_001_phosphate_plate5.tif,3,816.000,768,896
14097,F8_01_1_2_Chlorophyll_A_001_phosphate_plate5.tif,1,816.000,816,816
14098,F8_01_1_2_Chlorophyll_A_001_phosphate_plate5.tif,2,816.000,768,864
14099,F8_01_1_2_Chlorophyll_A_001_phosphate_plate5.tif,1,800.000,800,800
14100,F8_01_1_2_Chlorophyll_A_001_phosphate_plate5.tif,4,832.000,768,928
14101,F8_01_1_2_Chlorophyll_A_001_phosphate_plate5.tif,2,896.000,848,944
14102,F8_01_1_2_Chlorophyll_A_001_phosphate_plate5.tif,468,2211.863,768,27200
14103,F8_01_1_2_Chlorophyll_A_001_phosphate_plate5.tif,347,2380.588,768,26048
14104,F8_01_1_2_Chlorophyll_A_001_phosphate_plate5.tif,9,846.222,768,960
14105,F8_01_1_2_Chlorophyll_A_001_phosphate_plate5.tif,9,817.778,768,944
14106,F8_01_1_2_Chlorophyll_A_001_phosphate_plate5.tif,3,848.000,784,912
14107,F8_01_1_2_Chlorophyll_A_001_phosphate_plate5.tif,3,832.000,784,912
14108,F8_01_1_2_Chlorophyll_A_001_phosphate_plate5.tif,1,928.000,928,928
14109,F8_01_1_2_Chlorophyll_A_001_phosphate_plate5.tif,4,836.000,768,880
14110,F8_01_1_2_Chlorophyll_A_001_phosphate_plate5.tif,2,840.000,800,880
14111,F8_01_1_2_Chlorophyll_A_001_phosphate_plate5.tif,2,808.000,768,848
14112,F8_01_1_2_Chlorophyll_A_001_phosphate_plate5.tif,3,784.000,768,816
14113,F8_01_1_2_Chlorophyll_A_001_phosphate_plate5.tif,2,832.000,784,880
14114,F8_01_1_2_Chlorophyll_A_001_phosphate_plate5.tif,1,784.000,784,784
14115,F8_01_1_2_Chlorophyll_A_001_phosphate_plate5.tif,1,768.000,768,768
14116,F8_01_1_2_Chlorophyll_A_001_phosphate_plate5.tif,1,784.000,784,784
14117,F8_01_1_2_Chlorophyll_A_001_phosphate_plate5.tif,5,812.800,768,944
14118,F8_01_1_2_Chlorophyll_A_001_phosphate_plate5.tif,1,864.000,864,864
14119,F8_01_1_2_Chlorophyll_A_001_phosphate_plate5.tif,3,885.333,784,1072
14120,F8_01_1_2_Chlorophyll_A_001_phosphate_plate5.tif,6,832.000,768,928
14121,F8_01_1_2_Chlorophyll_A_001_phosphate_plate5.tif,1,896.000,896,896
14122,F8_01_1_2_Chlorophyll_A_001_phosphate_plate5.tif,1,816.000,816,816
14123,F8_01_1_2_Chlorophyll_A_001_phosphate_plate5.tif,1,784.000,784,784
14124,F8_01_1_2_Chlorophyll_A_001_phosphate_plate5.tif,4,848.000,784,976
14125,F8_01_1_2_Chlorophyll_A_001_phosphate_plate5.tif,1,784.000,784,784
14126,F8_01_1_2_Chlorophyll_A_001_phosphate_plate5.tif,1,784.000,784,784
14127,F8_01_1_2_Chlorophyll_A_001_phosphate_plate5.tif,1,768.000,768,768
14128,F8_01_1_2_Chlorophyll_A_001_phosphate_plate5.tif,2,768.000,768,768
14129,F8_01_1_2_Chlorophyll_A_001_phosphate_plate5.tif,1,880.000,880,880
14130,F8_01_1_2_Chlorophyll_A_001_phosphate_plate5.tif,1,880.000,880,880
14131,F8_01_1_2_Chlorophyll_A_001_phosphate_plate5.tif,1,1072.000,1072,1072
14132,F8_01_1_2_Chlorophyll_A_001_phosphate_plate5.tif,1,800.000,800,800
14133,F8_01_1_2_Chlorophyll_A_001_phosphate_plate5.tif,4,832.000,784,880
14134,F8_01_1_2_Chlorophyll_A_001_phosphate_plate5.tif,4,884.000,768,1056
14135,F8_01_1_2_Chlorophyll_A_001_phosphate_plate5.tif,1,768.000,768,768
14136,F8_01_1_2_Chlorophyll_A_001_phosphate_plate5.tif,102,2829.490,768,12640
14137,F8_01_1_2_Chlorophyll_A_001_phosphate_plate5.tif,1,784.000,784,784
14138,F8_01_1_2_Chlorophyll_A_001_phosphate_plate5.tif,2,880.000,848,912
14139,F8_01_1_2_Chlorophyll_A_001_phosphate_plate5.tif,2,800.000,784,816
14140,F8_01_1_2_Chlorophyll_A_001_phosphate_plate5.tif,1,992.000,992,992
14141,F8_01_1_2_Chlorophyll_A_001_phosphate_plate5.tif,1,928.000,928,928
14142,F8_01_1_2_Chlorophyll_A_001_phosphate_plate5.tif,1,784.000,784,784
14143,F8_01_1_2_Chlorophyll_A_001_phosphate_plate5.tif,1,832.000,832,832
14144,F8_01_1_2_Chlorophyll_A_001_phosphate_plate5.tif,1,768.000,768,768
14145,F8_01_1_2_Chlorophyll_A_001_phosphate_plate5.tif,1,768.000,768,768
14146,F8_01_1_2_Chlorophyll_A_001_phosphate_plate5.tif,1,768.000,768,768
14147,F8_01_1_2_Chlorophyll_A_001_phosphate_plate5.tif,2,808.000,784,832
14148,F8_01_1_2_Chlorophyll_A_001_phosphate_plate5.tif,1,784.000,784,784
14149,F8_01_1_2_Chlorophyll_A_001_phosphate_plate5.tif,27,864.000,768,1168
14150,F8_01_1_2_Chlorophyll_A_001_phosphate_plate5.tif,31,876.387,768,1120
14151,F8_01_1_2_Chlorophyll_A_001_phosphate_plate5.tif,48,876.333,768,1120
14152,F8_01_1_2_Chlorophyll_A_001_phosphate_plate5.tif,51,906.667,768,1152
14153,F8_01_1_2_Chlorophyll_A_001_phosphate_plate5.tif,61,899.672,768,1136
14154,F8_01_1_2_Chlorophyll_A_001_phosphate_plate5.tif,1,848.000,848,848
14155,F8_01_1_2_Chlorophyll_A_001_phosphate_plate5.tif,63,853.079,768,1152
14156,F8_01_1_2_Chlorophyll_A_001_phosphate_plate5.tif,8,886.000,784,1024
14157,F8_01_1_2_Chlorophyll_A_001_phosphate_plate5.tif,3,901.333,784,960
14158,F8_01_1_2_Chlorophyll_A_001_phosphate_plate5.tif,1,768.000,768,768
14159,F8_01_1_2_Chlorophyll_A_001_phosphate_plate5.tif,1,784.000,784,784
14160,F8_01_1_2_Chlorophyll_A_001_phosphate_plate5.tif,5,918.400,832,1024
14161,F8_01_1_2_Chlorophyll_A_001_phosphate_plate5.tif,9,881.778,768,1056
14162,F8_01_1_2_Chlorophyll_A_001_phosphate_plate5.tif,5,841.600,768,944
14163,F8_01_1_2_Chlorophyll_A_001_phosphate_plate5.tif,6,794.667,768,848
14164,F8_01_1_2_Chlorophyll_A_001_phosphate_plate5.tif,2,976.000,832,1120
14165,F8_01_1_2_Chlorophyll_A_001_phosphate_plate5.tif,4,836.000,784,976
14166,F8_01_1_2_Chlorophyll_A_001_phosphate_plate5.tif,1,912.000,912,912
14167,F8_01_1_2_Chlorophyll_A_001_phosphate_plate5.tif,1,768.000,768,768
14168,F8_01_1_2_Chlorophyll_A_001_phosphate_plate5.tif,4,820.000,800,848
14169,F8_01_1_2_Chlorophyll_A_001_phosphate_plate5.tif,5,886.400,768,1040
14170,F8_01_1_2_Chlorophyll_A_001_phosphate_plate5.tif,1,832.000,832,832
14171,F8_01_1_2_Chlorophyll_A_001_phosphate_plate5.tif,2,816.000,784,848
14172,F8_01_1_2_Chlorophyll_A_001_phosphate_plate5.tif,1,848.000,848,848
14173,F8_01_1_2_Chlorophyll_A_001_phosphate_plate5.tif,1,784.000,784,784
14174,F8_01_1_2_Chlorophyll_A_001_phosphate_plate5.tif,2,848.000,816,880
14175,F8_01_1_2_Chlorophyll_A_001_phosphate_plate5.tif,3,880.000,768,1008
14176,F8_01_1_2_Chlorophyll_A_001_phosphate_plate5.tif,3,869.333,816,912
14177,F8_01_1_2_Chlorophyll_A_001_phosphate_plate5.tif,2,864.000,784,944
14178,F8_01_1_2_Chlorophyll_A_001_phosphate_plate5.tif,1,768.000,768,768
14179,F8_01_1_2_Chlorophyll_A_001_phosphate_plate5.tif,1,848.000,848,848
14180,F8_01_1_2_Chlorophyll_A_001_phosphate_plate5.tif,1,784.000,784,784
14181,F8_01_1_2_Chlorophyll_A_001_phosphate_plate5.tif,4,804.000,768,864
14182,F8_01_1_2_Chlorophyll_A_001_phosphate_plate5.tif,1,976.000,976,976
14183,F8_01_1_2_Chlorophyll_A_001_phosphate_plate5.tif,1,832.000,832,832
14184,F8_01_1_2_Chlorophyll_A_001_phosphate_plate5.tif,1,768.000,768,768
14185,F8_01_1_2_Chlorophyll_A_001_phosphate_plate5.tif,1,960.000,960,960
14186,F8_01_1_2_Chlorophyll_A_001_phosphate_plate5.tif,4,800.000,768,832
14187,F8_01_1_2_Chlorophyll_A_001_phosphate_plate5.tif,4,808.000,768,864
14188,F8_01_1_2_Chlorophyll_A_001_phosphate_plate5.tif,1,768.000,768,768
14189,F8_01_1_2_Chlorophyll_A_001_phosphate_plate5.tif,3,848.000,816,880
14190,F8_01_1_2_Chlorophyll_A_001_phosphate_plate5.tif,1,896.000,896,896
14191,F8_01_1_2_Chlorophyll_A_001_phosphate_plate5.tif,2,856.000,832,880
14192,F8_01_1_2_Chlorophyll_A_001_phosphate_plate5.tif,2,864.000,784,944
14193,F8_01_1_2_Chlorophyll_A_001_phosphate_plate5.tif,1,816.000,816,816
14194,F8_01_1_2_Chlorophyll_A_001_phosphate_plate5.tif,8,824.000,768,944
14195,F8_01_1_2_Chlorophyll_A_001_phosphate_plate5.tif,1,832.000,832,832
14196,F8_01_1_2_Chlorophyll_A_001_phosphate_plate5.tif,3,885.333,784,992
14197,F8_01_1_2_Chlorophyll_A_001_phosphate_plate5.tif,1,800.000,800,800
14198,F8_01_1_2_Chlorophyll_A_001_phosphate_plate5.tif,3,789.333,768,800
14199,F8_01_1_2_Chlorophyll_A_001_phosphate_plate5.tif,10,814.400,768,896
14200,F8_01_1_2_Chlorophyll_A_001_phosphate_plate5.tif,1,912.000,912,912
14201,F8_01_1_2_Chlorophyll_A_001_phosphate_plate5.tif,1,768.000,768,768
14202,F8_01_1_2_Chlorophyll_A_001_phosphate_plate5.tif,1,848.000,848,848
14203,F8_01_1_2_Chlorophyll_A_001_phosphate_plate5.tif,1,800.000,800,800
14204,F8_01_1_2_Chlorophyll_A_001_phosphate_plate5.tif,1,800.000,800,800
14205,F8_01_1_2_Chlorophyll_A_001_phosphate_plate5.tif,1,816.000,816,816
14206,F8_01_1_2_Chlorophyll_A_001_phosphate_plate5.tif,1,832.000,832,832
14207,F8_01_1_2_Chlorophyll_A_001_phosphate_plate5.tif,1,832.000,832,832
14208,F8_01_1_2_Chlorophyll_A_001_phosphate_plate5.tif,1,880.000,880,880
14209,F8_01_1_2_Chlorophyll_A_001_phosphate_plate5.tif,1,768.000,768,768
14210,F8_01_1_2_Chlorophyll_A_001_phosphate_plate5.tif,1,768.000,768,768
14211,F8_01_1_2_Chlorophyll_A_001_phosphate_plate5.tif,1,768.000,768,768
14212,F8_01_1_2_Chlorophyll_A_001_phosphate_plate5.tif,1,784.000,784,784
14213,F8_01_1_2_Chlorophyll_A_001_phosphate_plate5.tif,1,976.000,976,976
14214,F8_01_1_2_Chlorophyll_A_001_phosphate_plate5.tif,86,857.674,768,1088
14215,F8_01_1_2_Chlorophyll_A_001_phosphate_plate5.tif,1,768.000,768,768
14216,F8_01_1_2_Chlorophyll_A_001_phosphate_plate5.tif,2,792.000,784,800
14217,F8_01_1_2_Chlorophyll_A_001_phosphate_plate5.tif,2,880.000,848,912
14218,F8_01_1_2_Chlorophyll_A_001_phosphate_plate5.tif,10,828.800,768,928
14219,F8_01_1_2_Chlorophyll_A_001_phosphate_plate5.tif,2,848.000,784,912
14220,F8_01_1_2_Chlorophyll_A_001_phosphate_plate5.tif,3,842.667,768,928
14221,F8_01_1_2_Chlorophyll_A_001_phosphate_plate5.tif,1,784.000,784,784
14222,F8_01_1_2_Chlorophyll_A_001_phosphate_plate5.tif,2,776.000,768,784
14223,F8_01_1_2_Chlorophyll_A_001_phosphate_plate5.tif,3,800.000,768,816
14224,F8_01_1_2_Chlorophyll_A_001_phosphate_plate5.tif,1,800.000,800,800
14225,F8_01_1_2_Chlorophyll_A_001_phosphate_plate5.tif,1,768.000,768,768
14226,F8_01_1_2_Chlorophyll_A_001_phosphate_plate5.tif,7,834.286,768,896
14227,F8_01_1_2_Chlorophyll_A_001_phosphate_plate5.tif,2,864.000,768,960
14228,F8_01_1_2_Chlorophyll_A_001_phosphate_plate5.tif,2,872.000,848,896
14229,F8_01_1_2_Chlorophyll_A_001_phosphate_plate5.tif,6,877.333,768,1024
14230,F8_01_1_2_Chlorophyll_A_001_phosphate_plate5.tif,1,816.000,816,816
14231,F8_01_1_2_Chlorophyll_A_001_phosphate_plate5.tif,1,816.000,816,816
14232,F8_01_1_2_Chlorophyll_A_001_phosphate_plate5.tif,1,768.000,768,768
14233,F8_01_1_2_Chlorophyll_A_001_phosphate_plate5.tif,1,816.000,816,816
14234,F8_01_1_2_Chlorophyll_A_001_phosphate_plate5.tif,1,768.000,768,768
14235,F8_01_1_2_Chlorophyll_A_001_phosphate_plate5.tif,2,800.000,768,832
14236,F8_01_1_2_Chlorophyll_A_001_phosphate_plate5.tif,1,976.000,976,976
14237,F8_01_1_2_Chlorophyll_A_001_phosphate_plate5.tif,2,872.000,864,880
14238,F8_01_1_2_Chlorophyll_A_001_phosphate_plate5.tif,2,840.000,816,864
14239,F8_01_1_2_Chlorophyll_A_001_phosphate_plate5.tif,1,800.000,800,800
14240,F8_01_1_2_Chlorophyll_A_001_phosphate_plate5.tif,1,768.000,768,768
14241,F8_01_1_2_Chlorophyll_A_001_phosphate_plate5.tif,1,800.000,800,800
14242,F8_01_1_2_Chlorophyll_A_001_phosphate_plate5.tif,1,864.000,864,864
14243,F8_01_1_2_Chlorophyll_A_001_phosphate_plate5.tif,1,800.000,800,800
14244,F8_01_1_2_Chlorophyll_A_001_phosphate_plate5.tif,1,816.000,816,816
14245,F8_01_1_2_Chlorophyll_A_001_phosphate_plate5.tif,2,768.000,768,768
14246,F8_01_1_2_Chlorophyll_A_001_phosphate_plate5.tif,1,768.000,768,768
14247,F8_01_1_2_Chlorophyll_A_001_phosphate_plate5.tif,1,784.000,784,784
14248,F8_01_1_2_Chlorophyll_A_001_phosphate_plate5.tif,1,768.000,768,768
14249,F8_01_1_2_Chlorophyll_A_001_phosphate_plate5.tif,1,784.000,784,784
14250,F8_01_1_2_Chlorophyll_A_001_phosphate_plate5.tif,1,784.000,784,784
14251,F8_01_1_2_Chlorophyll_A_001_phosphate_plate5.tif,1,800.000,800,800
14252,F8_01_1_2_Chlorophyll_A_001_phosphate_plate5.tif,1,800.000,800,800
14253,F8_01_1_2_Chlorophyll_A_001_phosphate_plate5.tif,1,800.000,800,800
14254,F8_01_1_2_Chlorophyll_A_001_phosphate_plate5.tif,6,826.667,768,944
14255,F8_01_1_2_Chlorophyll_A_001_phosphate_plate5.tif,2,784.000,768,800
14256,F8_01_1_2_Chlorophyll_A_001_phosphate_plate5.tif,63,889.143,768,1088
14257,F8_01_1_2_Chlorophyll_A_001_phosphate_plate5.tif,62,880.516,768,1136
14258,F8_01_1_2_Chlorophyll_A_001_phosphate_plate5.tif,42,902.095,768,1168
14259,F8_01_1_2_Chlorophyll_A_001_phosphate_plate5.tif,24,882.000,768,1072
14260,F8_01_1_2_Chlorophyll_A_001_phosphate_plate5.tif,1,880.000,880,880
14261,F8_01_1_2_Chlorophyll_A_001_phosphate_plate5.tif,1,816.000,816,816
14262,F8_01_1_2_Chlorophyll_A_001_phosphate_plate5.tif,14,829.714,768,1120
14263,F8_01_1_2_Chlorophyll_A_001_phosphate_plate5.tif,1,1104.000,1104,1104
14264,F8_01_1_2_Chlorophyll_A_001_phosphate_plate5.tif,1,848.000,848,848
14265,F8_01_1_2_Chlorophyll_A_001_phosphate_plate5.tif,1,784.000,784,784
14266,F8_01_1_2_Chlorophyll_A_001_phosphate_plate5.tif,5,825.600,784,896
14267,F8_01_1_2_Chlorophyll_A_001_phosphate_plate5.tif,3,848.000,768,896
14268,F8_01_1_2_Chlorophyll_A_001_phosphate_plate5.tif,1,912.000,912,912
14269,F8_01_1_2_Chlorophyll_A_001_phosphate_plate5.tif,2,800.000,800,800
14270,F8_01_1_2_Chlorophyll_A_001_phosphate_plate5.tif,3,800.000,768,832
14271,F8_01_1_2_Chlorophyll_A_001_phosphate_plate5.tif,1,976.000,976,976
14272,F8_01_1_2_Chlorophyll_A_001_phosphate_plate5.tif,2,800.000,800,800
14273,F8_01_1_2_Chlorophyll_A_001_phosphate_plate5.tif,1,832.000,832,832
14274,F8_01_1_2_Chlorophyll_A_001_phosphate_plate5.tif,1,816.000,816,816
14275,F8_01_1_2_Chlorophyll_A_001_phosphate_plate5.tif,1,800.000,800,800
14276,F8_01_1_2_Chlorophyll_A_001_phosphate_plate5.tif,3,832.000,784,864
14277,F8_01_1_2_Chlorophyll_A_001_phosphate_plate5.tif,1,768.000,768,768
14278,F8_01_1_2_Chlorophyll_A_001_phosphate_plate5.tif,1,768.000,768,768
14279,F8_01_1_2_Chlorophyll_A_001_phosphate_plate5.tif,1,880.000,880,880
14280,F8_01_1_2_Chlorophyll_A_001_phosphate_plate5.tif,1,992.000,992,992
14281,F8_01_1_2_Chlorophyll_A_001_phosphate_plate5.tif,1,768.000,768,768
14282,F8_01_1_2_Chlorophyll_A_001_phosphate_plate5.tif,1,768.000,768,768
14283,F8_01_1_2_Chlorophyll_A_001_phosphate_plate5.tif,3,800.000,768,848
14284,F8_01_1_2_Chlorophyll_A_001_phosphate_plate5.tif,2,848.000,768,928
14285,F8_01_1_2_Chlorophyll_A_001_phosphate_plate5.tif,2,824.000,768,880
14286,F8_01_1_2_Chlorophyll_A_001_phosphate_plate5.tif,1,896.000,896,896
14287,F8_01_1_2_Chlorophyll_A_001_phosphate_plate5.tif,1,896.000,896,896
14288,F8_01_1_2_Chlorophyll_A_001_phosphate_plate5.tif,1,784.000,784,784
14289,F8_01_1_2_Chlorophyll_A_001_phosphate_plate5.tif,1,848.000,848,848
14290,F8_01_1_2_Chlorophyll_A_001_phosphate_plate5.tif,1,768.000,768,768
14291,F8_01_1_2_Chlorophyll_A_001_phosphate_plate5.tif,3,832.000,768,960
14292,F8_01_1_2_Chlorophyll_A_001_phosphate_plate5.tif,3,805.333,768,848
14293,F8_01_1_2_Chlorophyll_A_001_phosphate_plate5.tif,1,768.000,768,768
14294,F8_01_1_2_Chlorophyll_A_001_phosphate_plate5.tif,1,816.000,816,816
14295,F8_01_1_2_Chlorophyll_A_001_phosphate_plate5.tif,1,896.000,896,896
14296,F8_01_1_2_Chlorophyll_A_001_phosphate_plate5.tif,2,816.000,800,832
14297,F8_01_1_2_Chlorophyll_A_001_phosphate_plate5.tif,1,800.000,800,800
14298,F8_01_1_2_Chlorophyll_A_001_phosphate_plate5.tif,1,832.000,832,832
14299,F8_01_1_2_Chlorophyll_A_001_phosphate_plate5.tif,2,808.000,784,832
14300,F8_01_1_2_Chlorophyll_A_001_phosphate_plate5.tif,2,776.000,768,784
14301,F8_01_1_2_Chlorophyll_A_001_phosphate_plate5.tif,3,805.333,784,832
14302,F8_01_1_2_Chlorophyll_A_001_phosphate_plate5.tif,1,832.000,832,832
14303,F8_01_1_2_Chlorophyll_A_001_phosphate_plate5.tif,1,848.000,848,848
14304,F8_01_1_2_Chlorophyll_A_001_phosphate_plate5.tif,1,832.000,832,832
14305,F8_01_1_2_Chlorophyll_A_001_phosphate_plate5.tif,2,800.000,800,800
14306,F8_01_1_2_Chlorophyll_A_001_phosphate_plate5.tif,1,800.000,800,800
14307,F8_01_1_2_Chlorophyll_A_001_phosphate_plate5.tif,1,784.000,784,784
14308,F8_01_1_2_Chlorophyll_A_001_phosphate_plate5.tif,1,784.000,784,784
14309,F8_01_1_2_Chlorophyll_A_001_phosphate_plate5.tif,2,816.000,768,864
14310,F8_01_1_2_Chlorophyll_A_001_phosphate_plate5.tif,1,784.000,784,784
14311,F8_01_1_2_Chlorophyll_A_001_phosphate_plate5.tif,1,768.000,768,768
14312,F8_01_1_2_Chlorophyll_A_001_phosphate_plate5.tif,2,784.000,768,800
14313,F8_01_1_2_Chlorophyll_A_001_phosphate_plate5.tif,1,848.000,848,848
14314,F8_01_1_2_Chlorophyll_A_001_phosphate_plate5.tif,2,888.000,800,976
14315,F8_01_1_2_Chlorophyll_A_001_phosphate_plate5.tif,4,816.000,784,880
14316,F8_01_1_2_Chlorophyll_A_001_phosphate_plate5.tif,1,992.000,992,992
14317,F8_01_1_2_Chlorophyll_A_001_phosphate_plate5.tif,2,816.000,800,832
14318,F8_01_1_2_Chlorophyll_A_001_phosphate_plate5.tif,1,960.000,960,960
14319,F8_01_1_2_Chlorophyll_A_001_phosphate_plate5.tif,1,960.000,960,960
14320,F8_01_1_2_Chlorophyll_A_001_phosphate_plate5.tif,1,832.000,832,832
14321,F8_01_1_2_Chlorophyll_A_001_phosphate_plate5.tif,11,842.182,768,1024
14322,F8_01_1_2_Chlorophyll_A_001_phosphate_plate5.tif,2,784.000,768,800
14323,F8_01_1_2_Chlorophyll_A_001_phosphate_plate5.tif,3,901.333,864,960
14324,F8_01_1_2_Chlorophyll_A_001_phosphate_plate5.tif,2,920.000,880,960
14325,F8_01_1_2_Chlorophyll_A_001_phosphate_plate5.tif,44,889.455,768,1088
14326,F8_01_1_2_Chlorophyll_A_001_phosphate_plate5.tif,2,816.000,816,816
14327,F8_01_1_2_Chlorophyll_A_001_phosphate_plate5.tif,16,826.000,768,880
14328,F8_01_1_2_Chlorophyll_A_001_phosphate_plate5.tif,13,832.000,768,1024
14329,F8_01_1_2_Chlorophyll_A_001_phosphate_plate5.tif,7,843.429,784,960
14330,F8_01_1_2_Chlorophyll_A_001_phosphate_plate5.tif,1,768.000,768,768
14331,F8_01_1_2_Chlorophyll_A_001_phosphate_plate5.tif,1,768.000,768,768
14332,F8_01_1_2_Chlorophyll_A_001_phosphate_plate5.tif,2,816.000,784,848
14333,F8_01_1_2_Chlorophyll_A_001_phosphate_plate5.tif,2,856.000,832,880
14334,F8_01_1_2_Chlorophyll_A_001_phosphate_plate5.tif,4,852.000,784,896
14335,F8_01_1_2_Chlorophyll_A_001_phosphate_plate5.tif,1,800.000,800,800
14336,F8_01_1_2_Chlorophyll_A_001_phosphate_plate5.tif,3,853.333,768,944
14337,F8_01_1_2_Chlorophyll_A_001_phosphate_plate5.tif,1,768.000,768,768
14338,F8_01_1_2_Chlorophyll_A_001_phosphate_plate5.tif,2,792.000,784,800
14339,F8_01_1_2_Chlorophyll_A_001_phosphate_plate5.tif,2,864.000,816,912
14340,F8_01_1_2_Chlorophyll_A_001_phosphate_plate5.tif,4,792.000,768,816
14341,F8_01_1_2_Chlorophyll_A_001_phosphate_plate5.tif,2,872.000,832,912
14342,F8_01_1_2_Chlorophyll_A_001_phosphate_plate5.tif,1,816.000,816,816
14343,F8_01_1_2_Chlorophyll_A_001_phosphate_plate5.tif,1,800.000,800,800
14344,F8_01_1_2_Chlorophyll_A_001_phosphate_plate5.tif,1,768.000,768,768
14345,F8_01_1_2_Chlorophyll_A_001_phosphate_plate5.tif,1,800.000,800,800
14346,F8_01_1_2_Chlorophyll_A_001_phosphate_plate5.tif,2,864.000,768,960
14347,F8_01_1_2_Chlorophyll_A_001_phosphate_plate5.tif,1,800.000,800,800
14348,F8_01_1_2_Chlorophyll_A_001_phosphate_plate5.tif,2,864.000,848,880
14349,F8_01_1_2_Chlorophyll_A_001_phosphate_plate5.tif,1,768.000,768,768
14350,F8_01_1_2_Chlorophyll_A_001_phosphate_plate5.tif,1,832.000,832,832
14351,F8_01_1_2_Chlorophyll_A_001_phosphate_plate5.tif,3,784.000,784,784
14352,F8_01_1_2_Chlorophyll_A_001_phosphate_plate5.tif,1,768.000,768,768
14353,F8_01_1_2_Chlorophyll_A_001_phosphate_plate5.tif,2,808.000,784,832
14354,F8_01_1_2_Chlorophyll_A_001_phosphate_plate5.tif,2,800.000,784,816
14355,F8_01_1_2_Chlorophyll_A_001_phosphate_plate5.tif,1,800.000,800,800
14356,F8_01_1_2_Chlorophyll_A_001_phosphate_plate5.tif,1,848.000,848,848
14357,F8_01_1_2_Chlorophyll_A_001_phosphate_plate5.tif,1,784.000,784,784
14358,F8_01_1_2_Chlorophyll_A_001_phosphate_plate5.tif,1,832.000,832,832
14359,F8_01_1_2_Chlorophyll_A_001_phosphate_plate5.tif,1,768.000,768,768
14360,F8_01_1_2_Chlorophyll_A_001_phosphate_plate5.tif,1,800.000,800,800
14361,F8_01_1_2_Chlorophyll_A_001_phosphate_plate5.tif,1,800.000,800,800
14362,F8_01_1_2_Chlorophyll_A_001_phosphate_plate5.tif,38,874.105,768,1120
14363,F8_01_1_2_Chlorophyll_A_001_phosphate_plate5.tif,2,864.000,800,928
14364,F8_01_1_2_Chlorophyll_A_001_phosphate_plate5.tif,1,848.000,848,848
14365,F8_01_1_2_Chlorophyll_A_001_phosphate_plate5.tif,1,960.000,960,960
14366,F8_01_1_2_Chlorophyll_A_001_phosphate_plate5.tif,2,824.000,784,864
14367,F8_01_1_2_Chlorophyll_A_001_phosphate_plate5.tif,1,800.000,800,800
14368,F8_01_1_2_Chlorophyll_A_001_phosphate_plate5.tif,1,832.000,832,832
14369,F8_01_1_2_Chlorophyll_A_001_phosphate_plate5.tif,1,1056.000,1056,1056
14370,F8_01_1_2_Chlorophyll_A_001_phosphate_plate5.tif,5,857.600,768,960
14371,F8_01_1_2_Chlorophyll_A_001_phosphate_plate5.tif,5,825.600,784,896
14372,F8_01_1_2_Chlorophyll_A_001_phosphate_plate5.tif,1,848.000,848,848
14373,F8_01_1_2_Chlorophyll_A_001_phosphate_plate5.tif,2,880.000,800,960
14374,F8_01_1_2_Chlorophyll_A_001_phosphate_plate5.tif,5,832.000,784,944
14375,F8_01_1_2_Chlorophyll_A_001_phosphate_plate5.tif,1,912.000,912,912
14376,F8_01_1_2_Chlorophyll_A_001_phosphate_plate5.tif,1,800.000,800,800
14377,F8_01_1_2_Chlorophyll_A_001_phosphate_plate5.tif,3,906.667,880,960
14378,F8_01_1_2_Chlorophyll_A_001_phosphate_plate5.tif,1,816.000,816,816
14379,F8_01_1_2_Chlorophyll_A_001_phosphate_plate5.tif,2,816.000,784,848
14380,F8_01_1_2_Chlorophyll_A_001_phosphate_plate5.tif,2,888.000,848,928
14381,F8_01_1_2_Chlorophyll_A_001_phosphate_plate5.tif,2,872.000,848,896
14382,F8_01_1_2_Chlorophyll_A_001_phosphate_plate5.tif,3,869.333,816,944
14383,F8_01_1_2_Chlorophyll_A_001_phosphate_plate5.tif,1,768.000,768,768
14384,F8_01_1_2_Chlorophyll_A_001_phosphate_plate5.tif,1,832.000,832,832
14385,F8_01_1_2_Chlorophyll_A_001_phosphate_plate5.tif,1,800.000,800,800
14386,F8_01_1_2_Chlorophyll_A_001_phosphate_plate5.tif,1,896.000,896,896
14387,F8_01_1_2_Chlorophyll_A_001_phosphate_plate5.tif,3,842.667,784,880
14388,F8_01_1_2_Chlorophyll_A_001_phosphate_plate5.tif,2,776.000,768,784
14389,F8_01_1_2_Chlorophyll_A_001_phosphate_plate5.tif,1,832.000,832,832
14390,F8_01_1_2_Chlorophyll_A_001_phosphate_plate5.tif,1,768.000,768,768
14391,F8_01_1_2_Chlorophyll_A_001_phosphate_plate5.tif,1,976.000,976,976
14392,F8_01_1_2_Chlorophyll_A_001_phosphate_plate5.tif,2,832.000,800,864
14393,F8_01_1_2_Chlorophyll_A_001_phosphate_plate5.tif,1,784.000,784,784
14394,F8_01_1_2_Chlorophyll_A_001_phosphate_plate5.tif,5,883.200,784,1040
14395,F8_01_1_2_Chlorophyll_A_001_phosphate_plate5.tif,1,768.000,768,768
14396,F8_01_1_2_Chlorophyll_A_001_phosphate_plate5.tif,1,816.000,816,816
14397,F8_01_1_2_Chlorophyll_A_001_phosphate_plate5.tif,2,840.000,768,912
14398,F8_01_1_2_Chlorophyll_A_001_phosphate_plate5.tif,10,811.200,768,928
14399,F8_01_1_2_Chlorophyll_A_001_phosphate_plate5.tif,1,784.000,784,784
14400,F8_01_1_2_Chlorophyll_A_001_phosphate_plate5.tif,2,824.000,816,832
14401,F8_01_1_2_Chlorophyll_A_001_phosphate_plate5.tif,2,816.000,784,848
14402,F8_01_1_2_Chlorophyll_A_001_phosphate_plate5.tif,1,768.000,768,768
14403,F8_01_1_2_Chlorophyll_A_001_phosphate_plate5.tif,1,800.000,800,800
14404,F8_01_1_2_Chlorophyll_A_001_phosphate_plate5.tif,2,864.000,784,944
14405,F8_01_1_2_Chlorophyll_A_001_phosphate_plate5.tif,2,840.000,784,896
14406,F8_01_1_2_Chlorophyll_A_001_phosphate_plate5.tif,1,992.000,992,992
14407,F8_01_1_2_Chlorophyll_A_001_phosphate_plate5.tif,1,832.000,832,832
14408,F8_01_1_2_Chlorophyll_A_001_phosphate_plate5.tif,2,800.000,784,816
14409,F8_01_1_2_Chlorophyll_A_001_phosphate_plate5.tif,1,784.000,784,784
14410,F8_01_1_2_Chlorophyll_A_001_phosphate_plate5.tif,1,768.000,768,768
14411,F8_01_1_2_Chlorophyll_A_001_phosphate_plate5.tif,1,912.000,912,912
14412,F8_01_1_2_Chlorophyll_A_001_phosphate_plate5.tif,2,800.000,800,800
14413,F8_01_1_2_Chlorophyll_A_001_phosphate_plate5.tif,1,896.000,896,896
14414,F8_01_1_2_Chlorophyll_A_001_phosphate_plate5.tif,2,768.000,768,768
14415,F8_01_1_2_Chlorophyll_A_001_phosphate_plate5.tif,1,864.000,864,864
14416,F8_01_1_2_Chlorophyll_A_001_phosphate_plate5.tif,165,853.624,768,1088
14417,F8_01_1_2_Chlorophyll_A_001_phosphate_plate5.tif,42,872.000,768,1136
14418,F8_01_1_2_Chlorophyll_A_001_phosphate_plate5.tif,23,885.565,768,1040
14419,F8_01_1_2_Chlorophyll_A_001_phosphate_plate5.tif,2,808.000,784,832
14420,F8_01_1_2_Chlorophyll_A_001_phosphate_plate5.tif,20,831.200,768,928
14421,F8_01_1_2_Chlorophyll_A_001_phosphate_plate5.tif,3,837.333,784,896
14422,F8_01_1_2_Chlorophyll_A_001_phosphate_plate5.tif,5,806.400,768,848
14423,F8_01_1_2_Chlorophyll_A_001_phosphate_plate5.tif,18,859.556,784,992
14424,F8_01_1_2_Chlorophyll_A_001_phosphate_plate5.tif,4,888.000,768,1008
14425,F8_01_1_2_Chlorophyll_A_001_phosphate_plate5.tif,8,852.000,784,928
14426,F8_01_1_2_Chlorophyll_A_001_phosphate_plate5.tif,2,832.000,832,832
14427,F8_01_1_2_Chlorophyll_A_001_phosphate_plate5.tif,1,896.000,896,896
14428,F8_01_1_2_Chlorophyll_A_001_phosphate_plate5.tif,2,880.000,800,960
14429,F8_01_1_2_Chlorophyll_A_001_phosphate_plate5.tif,1,800.000,800,800
14430,F8_01_1_2_Chlorophyll_A_001_phosphate_plate5.tif,2,792.000,768,816
14431,F8_01_1_2_Chlorophyll_A_001_phosphate_plate5.tif,1,784.000,784,784
14432,F8_01_1_2_Chlorophyll_A_001_phosphate_plate5.tif,1,800.000,800,800
14433,F8_01_1_2_Chlorophyll_A_001_phosphate_plate5.tif,1,784.000,784,784
14434,F8_01_1_2_Chlorophyll_A_001_phosphate_plate5.tif,1,848.000,848,848
14435,F8_01_1_2_Chlorophyll_A_001_phosphate_plate5.tif,1,848.000,848,848
14436,F8_01_1_2_Chlorophyll_A_001_phosphate_plate5.tif,1,800.000,800,800
14437,F8_01_1_2_Chlorophyll_A_001_phosphate_plate5.tif,1,912.000,912,912
14438,F8_01_1_2_Chlorophyll_A_001_phosphate_plate5.tif,3,810.667,768,880
14439,F8_01_1_2_Chlorophyll_A_001_phosphate_plate5.tif,1,864.000,864,864
14440,F8_01_1_2_Chlorophyll_A_001_phosphate_plate5.tif,3,784.000,768,800
14441,F8_01_1_2_Chlorophyll_A_001_phosphate_plate5.tif,1,800.000,800,800
14442,F8_01_1_2_Chlorophyll_A_001_phosphate_plate5.tif,1,864.000,864,864
14443,F8_01_1_2_Chlorophyll_A_001_phosphate_plate5.tif,1,768.000,768,768
14444,F8_01_1_2_Chlorophyll_A_001_phosphate_plate5.tif,2,800.000,784,816
14445,F8_01_1_2_Chlorophyll_A_001_phosphate_plate5.tif,3,810.667,768,864
14446,F8_01_1_2_Chlorophyll_A_001_phosphate_plate5.tif,2,880.000,768,992
14447,F8_01_1_2_Chlorophyll_A_001_phosphate_plate5.tif,1,784.000,784,784
14448,F8_01_1_2_Chlorophyll_A_001_phosphate_plate5.tif,1,960.000,960,960
14449,F8_01_1_2_Chlorophyll_A_001_phosphate_plate5.tif,2,808.000,800,816
14450,F8_01_1_2_Chlorophyll_A_001_phosphate_plate5.tif,1,800.000,800,800
14451,F8_01_1_2_Chlorophyll_A_001_phosphate_plate5.tif,2,848.000,800,896
14452,F8_01_1_2_Chlorophyll_A_001_phosphate_plate5.tif,1,896.000,896,896
14453,F8_01_1_2_Chlorophyll_A_001_phosphate_plate5.tif,1,832.000,832,832
14454,F8_01_1_2_Chlorophyll_A_001_phosphate_plate5.tif,1,768.000,768,768
14455,F8_01_1_2_Chlorophyll_A_001_phosphate_plate5.tif,2,776.000,768,784
14456,F8_01_1_2_Chlorophyll_A_001_phosphate_plate5.tif,2,824.000,784,864
14457,F8_01_1_2_Chlorophyll_A_001_phosphate_plate5.tif,1,800.000,800,800
14458,F8_01_1_2_Chlorophyll_A_001_phosphate_plate5.tif,1,848.000,848,848
14459,F8_01_1_2_Chlorophyll_A_001_phosphate_plate5.tif,3,789.333,768,832
14460,F8_01_1_2_Chlorophyll_A_001_phosphate_plate5.tif,1,912.000,912,912
14461,F8_01_1_2_Chlorophyll_A_001_phosphate_plate5.tif,2,800.000,768,832
14462,F8_01_1_2_Chlorophyll_A_001_phosphate_plate5.tif,1,768.000,768,768
14463,F8_01_1_2_Chlorophyll_A_001_phosphate_plate5.tif,1,800.000,800,800
14464,F8_01_1_2_Chlorophyll_A_001_phosphate_plate5.tif,5,867.200,784,1008
14465,F8_01_1_2_Chlorophyll_A_001_phosphate_plate5.tif,2,816.000,800,832
14466,F8_01_1_2_Chlorophyll_A_001_phosphate_plate5.tif,3,864.000,832,880
14467,F8_01_1_2_Chlorophyll_A_001_phosphate_plate5.tif,4,808.000,768,928
14468,F8_01_1_2_Chlorophyll_A_001_phosphate_plate5.tif,2,872.000,832,912
14469,F8_01_1_2_Chlorophyll_A_001_phosphate_plate5.tif,1,944.000,944,944
14470,F8_01_1_2_Chlorophyll_A_001_phosphate_plate5.tif,39,897.231,768,1152
14471,F8_01_1_2_Chlorophyll_A_001_phosphate_plate5.tif,2,872.000,800,944
14472,F8_01_1_2_Chlorophyll_A_001_phosphate_plate5.tif,1,816.000,816,816
14473,F8_01_1_2_Chlorophyll_A_001_phosphate_plate5.tif,5,790.400,768,832
14474,F8_01_1_2_Chlorophyll_A_001_phosphate_plate5.tif,1,816.000,816,816
14475,F8_01_1_2_Chlorophyll_A_001_phosphate_plate5.tif,7,822.857,768,880
14476,F8_01_1_2_Chlorophyll_A_001_phosphate_plate5.tif,3,832.000,800,864
14477,F8_01_1_2_Chlorophyll_A_001_phosphate_plate5.tif,1,880.000,880,880
14478,F8_01_1_2_Chlorophyll_A_001_phosphate_plate5.tif,7,854.857,784,1008
14479,F8_01_1_2_Chlorophyll_A_001_phosphate_plate5.tif,1,768.000,768,768
14480,F8_01_1_2_Chlorophyll_A_001_phosphate_plate5.tif,1,768.000,768,768
14481,F8_01_1_2_Chlorophyll_A_001_phosphate_plate5.tif,1,976.000,976,976
14482,F8_01_1_2_Chlorophyll_A_001_phosphate_plate5.tif,2,848.000,848,848
14483,F8_01_1_2_Chlorophyll_A_001_phosphate_plate5.tif,3,901.333,848,976
14484,F8_01_1_2_Chlorophyll_A_001_phosphate_plate5.tif,1,864.000,864,864
14485,F8_01_1_2_Chlorophyll_A_001_phosphate_plate5.tif,2,800.000,784,816
14486,F8_01_1_2_Chlorophyll_A_001_phosphate_plate5.tif,1,848.000,848,848
14487,F8_01_1_2_Chlorophyll_A_001_phosphate_plate5.tif,3,826.667,768,880
14488,F8_01_1_2_Chlorophyll_A_001_phosphate_plate5.tif,1,784.000,784,784
14489,F8_01_1_2_Chlorophyll_A_001_phosphate_plate5.tif,1,784.000,784,784
14490,F8_01_1_2_Chlorophyll_A_001_phosphate_plate5.tif,7,836.571,768,880
14491,F8_01_1_2_Chlorophyll_A_001_phosphate_plate5.tif,1,768.000,768,768
14492,F8_01_1_2_Chlorophyll_A_001_phosphate_plate5.tif,1,832.000,832,832
14493,F8_01_1_2_Chlorophyll_A_001_phosphate_plate5.tif,2,784.000,768,800
14494,F8_01_1_2_Chlorophyll_A_001_phosphate_plate5.tif,1,800.000,800,800
14495,F8_01_1_2_Chlorophyll_A_001_phosphate_plate5.tif,1,848.000,848,848
14496,F8_01_1_2_Chlorophyll_A_001_phosphate_plate5.tif,2,808.000,768,848
14497,F8_01_1_2_Chlorophyll_A_001_phosphate_plate5.tif,1,800.000,800,800
14498,F8_01_1_2_Chlorophyll_A_001_phosphate_plate5.tif,1,768.000,768,768
14499,F8_01_1_2_Chlorophyll_A_001_phosphate_plate5.tif,1,912.000,912,912
14500,F8_01_1_2_Chlorophyll_A_001_phosphate_plate5.tif,1,800.000,800,800
14501,F8_01_1_2_Chlorophyll_A_001_phosphate_plate5.tif,6,829.333,784,912
14502,F8_01_1_2_Chlorophyll_A_001_phosphate_plate5.tif,1,784.000,784,784
14503,F8_01_1_2_Chlorophyll_A_001_phosphate_plate5.tif,1,800.000,800,800
14504,F8_01_1_2_Chlorophyll_A_001_phosphate_plate5.tif,1,816.000,816,816
14505,F8_01_1_2_Chlorophyll_A_001_phosphate_plate5.tif,1,768.000,768,768
14506,F8_01_1_2_Chlorophyll_A_001_phosphate_plate5.tif,1,784.000,784,784
14507,F8_01_1_2_Chlorophyll_A_001_phosphate_plate5.tif,2,800.000,800,800
14508,F8_01_1_2_Chlorophyll_A_001_phosphate_plate5.tif,7,800.000,768,896
14509,F8_01_1_2_Chlorophyll_A_001_phosphate_plate5.tif,1,832.000,832,832
14510,F8_01_1_2_Chlorophyll_A_001_phosphate_plate5.tif,1,832.000,832,832
14511,F8_01_1_2_Chlorophyll_A_001_phosphate_plate5.tif,1,896.000,896,896
14512,F8_01_1_2_Chlorophyll_A_001_phosphate_plate5.tif,1,864.000,864,864
14513,F8_01_1_2_Chlorophyll_A_001_phosphate_plate5.tif,1,768.000,768,768
14514,F8_01_1_2_Chlorophyll_A_001_phosphate_plate5.tif,1,960.000,960,960
14515,F8_01_1_2_Chlorophyll_A_001_phosphate_plate5.tif,1,768.000,768,768
14516,F8_01_1_2_Chlorophyll_A_001_phosphate_plate5.tif,1,768.000,768,768
14517,F8_01_1_2_Chlorophyll_A_001_phosphate_plate5.tif,2,848.000,784,912
14518,F8_01_1_2_Chlorophyll_A_001_phosphate_plate5.tif,1,784.000,784,784
14519,F8_01_1_2_Chlorophyll_A_001_phosphate_plate5.tif,2,856.000,832,880
14520,F8_01_1_2_Chlorophyll_A_001_phosphate_plate5.tif,1,832.000,832,832
14521,F8_01_1_2_Chlorophyll_A_001_phosphate_plate5.tif,1,928.000,928,928
14522,F8_01_1_2_Chlorophyll_A_001_phosphate_plate5.tif,1,912.000,912,912
14523,F8_01_1_2_Chlorophyll_A_001_phosphate_plate5.tif,1,784.000,784,784
14524,F8_01_1_2_Chlorophyll_A_001_phosphate_plate5.tif,2,824.000,800,848
14525,F8_01_1_2_Chlorophyll_A_001_phosphate_plate5.tif,1,848.000,848,848
14526,F8_01_1_2_Chlorophyll_A_001_phosphate_plate5.tif,1,800.000,800,800
14527,F8_01_1_2_Chlorophyll_A_001_phosphate_plate5.tif,4,832.000,768,912
14528,F8_01_1_2_Chlorophyll_A_001_phosphate_plate5.tif,1,832.000,832,832
14529,F8_01_1_2_Chlorophyll_A_001_phosphate_plate5.tif,1,816.000,816,816
14530,F8_01_1_2_Chlorophyll_A_001_phosphate_plate5.tif,42,870.476,768,1120
14531,F8_01_1_2_Chlorophyll_A_001_phosphate_plate5.tif,534,2163.715,768,19568
14532,F8_01_1_2_Chlorophyll_A_001_phosphate_plate5.tif,1,864.000,864,864
14533,F8_01_1_2_Chlorophyll_A_001_phosphate_plate5.tif,1,880.000,880,880
14534,F8_01_1_2_Chlorophyll_A_001_phosphate_plate5.tif,5,835.200,800,848
14535,F8_01_1_2_Chlorophyll_A_001_phosphate_plate5.tif,5,841.600,768,928
14536,F8_01_1_2_Chlorophyll_A_001_phosphate_plate5.tif,5,819.200,768,864
14537,F8_01_1_2_Chlorophyll_A_001_phosphate_plate5.tif,2,816.000,784,848
14538,F8_01_1_2_Chlorophyll_A_001_phosphate_plate5.tif,3,810.667,768,864
14539,F8_01_1_2_Chlorophyll_A_001_phosphate_plate5.tif,4,804.000,784,848
14540,F8_01_1_2_Chlorophyll_A_001_phosphate_plate5.tif,2,808.000,800,816
14541,F8_01_1_2_Chlorophyll_A_001_phosphate_plate5.tif,3,885.333,768,1104
14542,F8_01_1_2_Chlorophyll_A_001_phosphate_plate5.tif,1,992.000,992,992
14543,F8_01_1_2_Chlorophyll_A_001_phosphate_plate5.tif,2,784.000,784,784
14544,F8_01_1_2_Chlorophyll_A_001_phosphate_plate5.tif,4,876.000,816,960
14545,F8_01_1_2_Chlorophyll_A_001_phosphate_plate5.tif,1,848.000,848,848
14546,F8_01_1_2_Chlorophyll_A_001_phosphate_plate5.tif,1,768.000,768,768
14547,F8_01_1_2_Chlorophyll_A_001_phosphate_plate5.tif,3,842.667,768,960
14548,F8_01_1_2_Chlorophyll_A_001_phosphate_plate5.tif,1,880.000,880,880
14549,F8_01_1_2_Chlorophyll_A_001_phosphate_plate5.tif,4,836.000,800,928
14550,F8_01_1_2_Chlorophyll_A_001_phosphate_plate5.tif,1,912.000,912,912
14551,F8_01_1_2_Chlorophyll_A_001_phosphate_plate5.tif,1,800.000,800,800
14552,F8_01_1_2_Chlorophyll_A_001_phosphate_plate5.tif,1,944.000,944,944
14553,F8_01_1_2_Chlorophyll_A_001_phosphate_plate5.tif,3,832.000,768,864
14554,F8_01_1_2_Chlorophyll_A_001_phosphate_plate5.tif,1,784.000,784,784
14555,F8_01_1_2_Chlorophyll_A_001_phosphate_plate5.tif,4,888.000,800,976
14556,F8_01_1_2_Chlorophyll_A_001_phosphate_plate5.tif,1,832.000,832,832
14557,F8_01_1_2_Chlorophyll_A_001_phosphate_plate5.tif,2,816.000,800,832
14558,F8_01_1_2_Chlorophyll_A_001_phosphate_plate5.tif,1,896.000,896,896
14559,F8_01_1_2_Chlorophyll_A_001_phosphate_plate5.tif,2,784.000,768,800
14560,F8_01_1_2_Chlorophyll_A_001_phosphate_plate5.tif,3,848.000,816,896
14561,F8_01_1_2_Chlorophyll_A_001_phosphate_plate5.tif,1,1008.000,1008,1008
14562,F8_01_1_2_Chlorophyll_A_001_phosphate_plate5.tif,1,880.000,880,880
14563,F8_01_1_2_Chlorophyll_A_001_phosphate_plate5.tif,1,832.000,832,832
14564,F8_01_1_2_Chlorophyll_A_001_phosphate_plate5.tif,1,784.000,784,784
14565,F8_01_1_2_Chlorophyll_A_001_phosphate_plate5.tif,1,768.000,768,768
14566,F8_01_1_2_Chlorophyll_A_001_phosphate_plate5.tif,3,794.667,784,816
14567,F8_01_1_2_Chlorophyll_A_001_phosphate_plate5.tif,3,858.667,816,880
14568,F8_01_1_2_Chlorophyll_A_001_phosphate_plate5.tif,1,864.000,864,864
14569,F8_01_1_2_Chlorophyll_A_001_phosphate_plate5.tif,1,832.000,832,832
14570,F8_01_1_2_Chlorophyll_A_001_phosphate_plate5.tif,4,848.000,784,896
14571,F8_01_1_2_Chlorophyll_A_001_phosphate_plate5.tif,2,792.000,784,800
14572,F8_01_1_2_Chlorophyll_A_001_phosphate_plate5.tif,1,816.000,816,816
14573,F8_01_1_2_Chlorophyll_A_001_phosphate_plate5.tif,1,768.000,768,768
14574,F8_01_1_2_Chlorophyll_A_001_phosphate_plate5.tif,1,816.000,816,816
14575,F8_01_1_2_Chlorophyll_A_001_phosphate_plate5.tif,2,816.000,784,848
14576,F8_01_1_2_Chlorophyll_A_001_phosphate_plate5.tif,1,800.000,800,800
14577,F8_01_1_2_Chlorophyll_A_001_phosphate_plate5.tif,2,824.000,800,848
14578,F8_01_1_2_Chlorophyll_A_001_phosphate_plate5.tif,1,800.000,800,800
14579,F8_01_1_2_Chlorophyll_A_001_phosphate_plate5.tif,1,816.000,816,816
14580,F8_01_1_2_Chlorophyll_A_001_phosphate_plate5.tif,3,816.000,768,848
14581,F8_01_1_2_Chlorophyll_A_001_phosphate_plate5.tif,3,816.000,800,832
14582,F8_01_1_2_Chlorophyll_A_001_phosphate_plate5.tif,37,866.595,768,1088
14583,F8_01_1_2_Chlorophyll_A_001_phosphate_plate5.tif,23,881.391,768,1040
14584,F8_01_1_2_Chlorophyll_A_001_phosphate_plate5.tif,1,912.000,912,912
14585,F8_01_1_2_Chlorophyll_A_001_phosphate_plate5.tif,1,848.000,848,848
14586,F8_01_1_2_Chlorophyll_A_001_phosphate_plate5.tif,8,884.000,768,1120
14587,F8_01_1_2_Chlorophyll_A_001_phosphate_plate5.tif,1,784.000,784,784
14588,F8_01_1_2_Chlorophyll_A_001_phosphate_plate5.tif,2,808.000,768,848
14589,F8_01_1_2_Chlorophyll_A_001_phosphate_plate5.tif,1,864.000,864,864
14590,F8_01_1_2_Chlorophyll_A_001_phosphate_plate5.tif,1,784.000,784,784
14591,F8_01_1_2_Chlorophyll_A_001_phosphate_plate5.tif,3,821.333,768,896
14592,F8_01_1_2_Chlorophyll_A_001_phosphate_plate5.tif,2,968.000,944,992
14593,F8_01_1_2_Chlorophyll_A_001_phosphate_plate5.tif,3,794.667,768,816
14594,F8_01_1_2_Chlorophyll_A_001_phosphate_plate5.tif,1,864.000,864,864
14595,F8_01_1_2_Chlorophyll_A_001_phosphate_plate5.tif,3,837.333,816,848
14596,F8_01_1_2_Chlorophyll_A_001_phosphate_plate5.tif,6,821.333,768,944
14597,F8_01_1_2_Chlorophyll_A_001_phosphate_plate5.tif,1,784.000,784,784
14598,F8_01_1_2_Chlorophyll_A_001_phosphate_plate5.tif,1,784.000,784,784
14599,F8_01_1_2_Chlorophyll_A_001_phosphate_plate5.tif,4,840.000,832,848
14600,F8_01_1_2_Chlorophyll_A_001_phosphate_plate5.tif,1,848.000,848,848
14601,F8_01_1_2_Chlorophyll_A_001_phosphate_plate5.tif,1,832.000,832,832
14602,F8_01_1_2_Chlorophyll_A_001_phosphate_plate5.tif,1,896.000,896,896
14603,F8_01_1_2_Chlorophyll_A_001_phosphate_plate5.tif,1,768.000,768,768
14604,F8_01_1_2_Chlorophyll_A_001_phosphate_plate5.tif,1,768.000,768,768
14605,F8_01_1_2_Chlorophyll_A_001_phosphate_plate5.tif,1,800.000,800,800
14606,F8_01_1_2_Chlorophyll_A_001_phosphate_plate5.tif,3,816.000,768,896
14607,F8_01_1_2_Chlorophyll_A_001_phosphate_plate5.tif,1,768.000,768,768
14608,F8_01_1_2_Chlorophyll_A_001_phosphate_plate5.tif,1,880.000,880,880
14609,F8_01_1_2_Chlorophyll_A_001_phosphate_plate5.tif,2,816.000,768,864
14610,F8_01_1_2_Chlorophyll_A_001_phosphate_plate5.tif,1,848.000,848,848
14611,F8_01_1_2_Chlorophyll_A_001_phosphate_plate5.tif,1,912.000,912,912
14612,F8_01_1_2_Chlorophyll_A_001_phosphate_plate5.tif,1,784.000,784,784
14613,F8_01_1_2_Chlorophyll_A_001_phosphate_plate5.tif,1,784.000,784,784
14614,F8_01_1_2_Chlorophyll_A_001_phosphate_plate5.tif,1,800.000,800,800
14615,F8_01_1_2_Chlorophyll_A_001_phosphate_plate5.tif,1,784.000,784,784
14616,F8_01_1_2_Chlorophyll_A_001_phosphate_plate5.tif,4,908.000,800,1056
14617,F8_01_1_2_Chlorophyll_A_001_phosphate_plate5.tif,4,824.000,800,864
14618,F8_01_1_2_Chlorophyll_A_001_phosphate_plate5.tif,1,768.000,768,768
14619,F8_01_1_2_Chlorophyll_A_001_phosphate_plate5.tif,1,768.000,768,768
14620,F8_01_1_2_Chlorophyll_A_001_phosphate_plate5.tif,2,832.000,784,880
14621,F8_01_1_2_Chlorophyll_A_001_phosphate_plate5.tif,1,848.000,848,848
14622,F8_01_1_2_Chlorophyll_A_001_phosphate_plate5.tif,1,784.000,784,784
14623,F8_01_1_2_Chlorophyll_A_001_phosphate_plate5.tif,1,800.000,800,800
14624,F8_01_1_2_Chlorophyll_A_001_phosphate_plate5.tif,1,816.000,816,816
14625,F8_01_1_2_Chlorophyll_A_001_phosphate_plate5.tif,1,784.000,784,784
14626,F8_01_1_2_Chlorophyll_A_001_phosphate_plate5.tif,1,800.000,800,800
14627,F8_01_1_2_Chlorophyll_A_001_phosphate_plate5.tif,1,864.000,864,864
14628,F8_01_1_2_Chlorophyll_A_001_phosphate_plate5.tif,1,784.000,784,784
14629,F8_01_1_2_Chlorophyll_A_001_phosphate_plate5.tif,1,816.000,816,816
14630,F8_01_1_2_Chlorophyll_A_001_phosphate_plate5.tif,1,880.000,880,880
14631,F8_01_1_2_Chlorophyll_A_001_phosphate_plate5.tif,1,784.000,784,784
14632,F8_01_1_2_Chlorophyll_A_001_phosphate_plate5.tif,1,800.000,800,800
14633,F8_01_1_2_Chlorophyll_A_001_phosphate_plate5.tif,1,784.000,784,784
14634,F8_01_1_2_Chlorophyll_A_001_phosphate_plate5.tif,2,808.000,784,832
14635,F8_01_1_2_Chlorophyll_A_001_phosphate_plate5.tif,1,784.000,784,784
14636,F8_01_1_2_Chlorophyll_A_001_phosphate_plate5.tif,2,784.000,768,800
14637,F8_01_1_2_Chlorophyll_A_001_phosphate_plate5.tif,3,837.333,784,944
14638,F8_01_1_2_Chlorophyll_A_001_phosphate_plate5.tif,2,792.000,768,816
14639,F8_01_1_2_Chlorophyll_A_001_phosphate_plate5.tif,2,824.000,800,848
14640,F8_01_1_2_Chlorophyll_A_001_phosphate_plate5.tif,12,882.667,784,1056
14641,F8_01_1_2_Chlorophyll_A_001_phosphate_plate5.tif,37,866.162,768,1040
14642,F8_01_1_2_Chlorophyll_A_001_phosphate_plate5.tif,14,858.286,768,1008
14643,F8_01_1_2_Chlorophyll_A_001_phosphate_plate5.tif,6,882.667,784,1008
14644,F8_01_1_2_Chlorophyll_A_001_phosphate_plate5.tif,29,852.966,768,1072
14645,F8_01_1_2_Chlorophyll_A_001_phosphate_plate5.tif,3,837.333,768,928
14646,F8_01_1_2_Chlorophyll_A_001_phosphate_plate5.tif,1,848.000,848,848
14647,F8_01_1_2_Chlorophyll_A_001_phosphate_plate5.tif,1,864.000,864,864
14648,F8_01_1_2_Chlorophyll_A_001_phosphate_plate5.tif,3,906.667,784,1024
14649,F8_01_1_2_Chlorophyll_A_001_phosphate_plate5.tif,1,800.000,800,800
14650,F8_01_1_2_Chlorophyll_A_001_phosphate_plate5.tif,1,848.000,848,848
14651,F8_01_1_2_Chlorophyll_A_001_phosphate_plate5.tif,1,848.000,848,848
14652,F8_01_1_2_Chlorophyll_A_001_phosphate_plate5.tif,1,880.000,880,880
14653,F8_01_1_2_Chlorophyll_A_001_phosphate_plate5.tif,7,822.857,768,880
14654,F8_01_1_2_Chlorophyll_A_001_phosphate_plate5.tif,2,864.000,768,960
14655,F8_01_1_2_Chlorophyll_A_001_phosphate_plate5.tif,2,808.000,768,848
14656,F8_01_1_2_Chlorophyll_A_001_phosphate_plate5.tif,2,824.000,800,848
14657,F8_01_1_2_Chlorophyll_A_001_phosphate_plate5.tif,2,824.000,784,864
14658,F8_01_1_2_Chlorophyll_A_001_phosphate_plate5.tif,1,784.000,784,784
14659,F8_01_1_2_Chlorophyll_A_001_phosphate_plate5.tif,1,768.000,768,768
14660,F8_01_1_2_Chlorophyll_A_001_phosphate_plate5.tif,4,836.000,768,880
14661,F8_01_1_2_Chlorophyll_A_001_phosphate_plate5.tif,2,832.000,768,896
14662,F8_01_1_2_Chlorophyll_A_001_phosphate_plate5.tif,1,880.000,880,880
14663,F8_01_1_2_Chlorophyll_A_001_phosphate_plate5.tif,1,768.000,768,768
14664,F8_01_1_2_Chlorophyll_A_001_phosphate_plate5.tif,2,824.000,768,880
14665,F8_01_1_2_Chlorophyll_A_001_phosphate_plate5.tif,1,864.000,864,864
14666,F8_01_1_2_Chlorophyll_A_001_phosphate_plate5.tif,1,800.000,800,800
14667,F8_01_1_2_Chlorophyll_A_001_phosphate_plate5.tif,1,800.000,800,800
14668,F8_01_1_2_Chlorophyll_A_001_phosphate_plate5.tif,2,848.000,832,864
14669,F8_01_1_2_Chlorophyll_A_001_phosphate_plate5.tif,1,800.000,800,800
14670,F8_01_1_2_Chlorophyll_A_001_phosphate_plate5.tif,4,788.000,768,816
14671,F8_01_1_2_Chlorophyll_A_001_phosphate_plate5.tif,1,800.000,800,800
14672,F8_01_1_2_Chlorophyll_A_001_phosphate_plate5.tif,1,880.000,880,880
14673,F8_01_1_2_Chlorophyll_A_001_phosphate_plate5.tif,1,768.000,768,768
14674,F8_01_1_2_Chlorophyll_A_001_phosphate_plate5.tif,3,816.000,800,832
14675,F8_01_1_2_Chlorophyll_A_001_phosphate_plate5.tif,1,976.000,976,976
14676,F8_01_1_2_Chlorophyll_A_001_phosphate_plate5.tif,3,832.000,768,880
14677,F8_01_1_2_Chlorophyll_A_001_phosphate_plate5.tif,2,808.000,800,816
14678,F8_01_1_2_Chlorophyll_A_001_phosphate_plate5.tif,5,812.800,768,880
14679,F8_01_1_2_Chlorophyll_A_001_phosphate_plate5.tif,1,912.000,912,912
14680,F8_01_1_2_Chlorophyll_A_001_phosphate_plate5.tif,1,768.000,768,768
14681,F8_01_1_2_Chlorophyll_A_001_phosphate_plate5.tif,1,800.000,800,800
14682,F8_01_1_2_Chlorophyll_A_001_phosphate_plate5.tif,2,904.000,848,960
14683,F8_01_1_2_Chlorophyll_A_001_phosphate_plate5.tif,1,960.000,960,960
14684,F8_01_1_2_Chlorophyll_A_001_phosphate_plate5.tif,1,784.000,784,784
14685,F8_01_1_2_Chlorophyll_A_001_phosphate_plate5.tif,1,1024.000,1024,1024
14686,F8_01_1_2_Chlorophyll_A_001_phosphate_plate5.tif,1,864.000,864,864
14687,F8_01_1_2_Chlorophyll_A_001_phosphate_plate5.tif,1,784.000,784,784
14688,F8_01_1_2_Chlorophyll_A_001_phosphate_plate5.tif,1,768.000,768,768
14689,F8_01_1_2_Chlorophyll_A_001_phosphate_plate5.tif,1,864.000,864,864
14690,F8_01_1_2_Chlorophyll_A_001_phosphate_plate5.tif,1,880.000,880,880
14691,F8_01_1_2_Chlorophyll_A_001_phosphate_plate5.tif,1,784.000,784,784
14692,F8_01_1_2_Chlorophyll_A_001_phosphate_plate5.tif,1,864.000,864,864
14693,F8_01_1_2_Chlorophyll_A_001_phosphate_plate5.tif,2,800.000,768,832
14694,F8_01_1_2_Chlorophyll_A_001_phosphate_plate5.tif,1,912.000,912,912
14695,F8_01_1_2_Chlorophyll_A_001_phosphate_plate5.tif,1,912.000,912,912
14696,F8_01_1_2_Chlorophyll_A_001_phosphate_plate5.tif,2,856.000,768,944
14697,F8_01_1_2_Chlorophyll_A_001_phosphate_plate5.tif,1,1088.000,1088,1088
14698,F8_01_1_2_Chlorophyll_A_001_phosphate_plate5.tif,13,860.308,768,1072
14699,F8_01_1_2_Chlorophyll_A_001_phosphate_plate5.tif,4,800.000,768,864
14700,F8_01_1_2_Chlorophyll_A_001_phosphate_plate5.tif,1,944.000,944,944
14701,F8_01_1_2_Chlorophyll_A_001_phosphate_plate5.tif,1,784.000,784,784
14702,F8_01_1_2_Chlorophyll_A_001_phosphate_plate5.tif,1,848.000,848,848
14703,F8_01_1_2_Chlorophyll_A_001_phosphate_plate5.tif,1,864.000,864,864
14704,F8_01_1_2_Chlorophyll_A_001_phosphate_plate5.tif,1,848.000,848,848
14705,F8_01_1_2_Chlorophyll_A_001_phosphate_plate5.tif,8,826.000,768,944
14706,F8_01_1_2_Chlorophyll_A_001_phosphate_plate5.tif,3,874.667,784,960
14707,F8_01_1_2_Chlorophyll_A_001_phosphate_plate5.tif,1,992.000,992,992
14708,F8_01_1_2_Chlorophyll_A_001_phosphate_plate5.tif,2,792.000,768,816
14709,F8_01_1_2_Chlorophyll_A_001_phosphate_plate5.tif,3,858.667,784,896
14710,F8_01_1_2_Chlorophyll_A_001_phosphate_plate5.tif,3,826.667,800,864
14711,F8_01_1_2_Chlorophyll_A_001_phosphate_plate5.tif,6,829.333,768,976
14712,F8_01_1_2_Chlorophyll_A_001_phosphate_plate5.tif,3,789.333,768,832
14713,F8_01_1_2_Chlorophyll_A_001_phosphate_plate5.tif,1,768.000,768,768
14714,F8_01_1_2_Chlorophyll_A_001_phosphate_plate5.tif,1,768.000,768,768
14715,F8_01_1_2_Chlorophyll_A_001_phosphate_plate5.tif,1,784.000,784,784
14716,F8_01_1_2_Chlorophyll_A_001_phosphate_plate5.tif,1,896.000,896,896
14717,F8_01_1_2_Chlorophyll_A_001_phosphate_plate5.tif,1,784.000,784,784
14718,F8_01_1_2_Chlorophyll_A_001_phosphate_plate5.tif,2,784.000,768,800
14719,F8_01_1_2_Chlorophyll_A_001_phosphate_plate5.tif,2,880.000,848,912
14720,F8_01_1_2_Chlorophyll_A_001_phosphate_plate5.tif,2,864.000,848,880
14721,F8_01_1_2_Chlorophyll_A_001_phosphate_plate5.tif,1,800.000,800,800
14722,F8_01_1_2_Chlorophyll_A_001_phosphate_plate5.tif,1,816.000,816,816
14723,F8_01_1_2_Chlorophyll_A_001_phosphate_plate5.tif,2,856.000,832,880
14724,F8_01_1_2_Chlorophyll_A_001_phosphate_plate5.tif,1,784.000,784,784
14725,F8_01_1_2_Chlorophyll_A_001_phosphate_plate5.tif,1,784.000,784,784
14726,F8_01_1_2_Chlorophyll_A_001_phosphate_plate5.tif,1,816.000,816,816
14727,F8_01_1_2_Chlorophyll_A_001_phosphate_plate5.tif,1,896.000,896,896
14728,F8_01_1_2_Chlorophyll_A_001_phosphate_plate5.tif,1,800.000,800,800
14729,F8_01_1_2_Chlorophyll_A_001_phosphate_plate5.tif,2,808.000,768,848
14730,F8_01_1_2_Chlorophyll_A_001_phosphate_plate5.tif,1,784.000,784,784
14731,F8_01_1_2_Chlorophyll_A_001_phosphate_plate5.tif,5,819.200,784,864
14732,F8_01_1_2_Chlorophyll_A_001_phosphate_plate5.tif,1,800.000,800,800
14733,F8_01_1_2_Chlorophyll_A_001_phosphate_plate5.tif,1,768.000,768,768
14734,F8_01_1_2_Chlorophyll_A_001_phosphate_plate5.tif,1,848.000,848,848
14735,F8_01_1_2_Chlorophyll_A_001_phosphate_plate5.tif,1,784.000,784,784
14736,F8_01_1_2_Chlorophyll_A_001_phosphate_plate5.tif,4,836.000,768,976
14737,F8_01_1_2_Chlorophyll_A_001_phosphate_plate5.tif,1,848.000,848,848
14738,F8_01_1_2_Chlorophyll_A_001_phosphate_plate5.tif,1,928.000,928,928
14739,F8_01_1_2_Chlorophyll_A_001_phosphate_plate5.tif,1,848.000,848,848
14740,F8_01_1_2_Chlorophyll_A_001_phosphate_plate5.tif,1,864.000,864,864
14741,F8_01_1_2_Chlorophyll_A_001_phosphate_plate5.tif,1,816.000,816,816
14742,F8_01_1_2_Chlorophyll_A_001_phosphate_plate5.tif,1,768.000,768,768
14743,F8_01_1_2_Chlorophyll_A_001_phosphate_plate5.tif,1,768.000,768,768
14744,F8_01_1_2_Chlorophyll_A_001_phosphate_plate5.tif,1,800.000,800,800
14745,F8_01_1_2_Chlorophyll_A_001_phosphate_plate5.tif,1,896.000,896,896
14746,F8_01_1_2_Chlorophyll_A_001_phosphate_plate5.tif,1,816.000,816,816
14747,F8_01_1_2_Chlorophyll_A_001_phosphate_plate5.tif,2,784.000,784,784
14748,F8_01_1_2_Chlorophyll_A_001_phosphate_plate5.tif,1,896.000,896,896
14749,F8_01_1_2_Chlorophyll_A_001_phosphate_plate5.tif,3,810.667,768,880
14750,F8_01_1_2_Chlorophyll_A_001_phosphate_plate5.tif,1,832.000,832,832
14751,F8_01_1_2_Chlorophyll_A_001_phosphate_plate5.tif,2,848.000,832,864
14752,F8_01_1_2_Chlorophyll_A_001_phosphate_plate5.tif,1,912.000,912,912
14753,F8_01_1_2_Chlorophyll_A_001_phosphate_plate5.tif,18,851.556,768,992
14754,F8_01_1_2_Chlorophyll_A_001_phosphate_plate5.tif,1,928.000,928,928
14755,F8_01_1_2_Chlorophyll_A_001_phosphate_plate5.tif,1,976.000,976,976
14756,F8_01_1_2_Chlorophyll_A_001_phosphate_plate5.tif,33,878.061,768,1072
14757,F8_01_1_2_Chlorophyll_A_001_phosphate_plate5.tif,74,892.973,768,1152
14758,F8_01_1_2_Chlorophyll_A_001_phosphate_plate5.tif,30,892.800,768,1008
14759,F8_01_1_2_Chlorophyll_A_001_phosphate_plate5.tif,1,832.000,832,832
14760,F8_01_1_2_Chlorophyll_A_001_phosphate_plate5.tif,1,912.000,912,912
14761,F8_01_1_2_Chlorophyll_A_001_phosphate_plate5.tif,4,820.000,768,880
14762,F8_01_1_2_Chlorophyll_A_001_phosphate_plate5.tif,2,872.000,784,960
14763,F8_01_1_2_Chlorophyll_A_001_phosphate_plate5.tif,1,848.000,848,848
14764,F8_01_1_2_Chlorophyll_A_001_phosphate_plate5.tif,8,802.000,768,880
14765,F8_01_1_2_Chlorophyll_A_001_phosphate_plate5.tif,3,896.000,832,976
14766,F8_01_1_2_Chlorophyll_A_001_phosphate_plate5.tif,4,812.000,784,848
14767,F8_01_1_2_Chlorophyll_A_001_phosphate_plate5.tif,1,864.000,864,864
14768,F8_01_1_2_Chlorophyll_A_001_phosphate_plate5.tif,10,832.000,768,992
14769,F8_01_1_2_Chlorophyll_A_001_phosphate_plate5.tif,1,848.000,848,848
14770,F8_01_1_2_Chlorophyll_A_001_phosphate_plate5.tif,3,858.667,832,896
14771,F8_01_1_2_Chlorophyll_A_001_phosphate_plate5.tif,1,800.000,800,800
14772,F8_01_1_2_Chlorophyll_A_001_phosphate_plate5.tif,2,840.000,784,896
14773,F8_01_1_2_Chlorophyll_A_001_phosphate_plate5.tif,1,800.000,800,800
14774,F8_01_1_2_Chlorophyll_A_001_phosphate_plate5.tif,3,896.000,864,928
14775,F8_01_1_2_Chlorophyll_A_001_phosphate_plate5.tif,2,768.000,768,768
14776,F8_01_1_2_Chlorophyll_A_001_phosphate_plate5.tif,1,784.000,784,784
14777,F8_01_1_2_Chlorophyll_A_001_phosphate_plate5.tif,1,784.000,784,784
14778,F8_01_1_2_Chlorophyll_A_001_phosphate_plate5.tif,1,864.000,864,864
14779,F8_01_1_2_Chlorophyll_A_001_phosphate_plate5.tif,1,800.000,800,800
14780,F8_01_1_2_Chlorophyll_A_001_phosphate_plate5.tif,4,872.000,800,1040
14781,F8_01_1_2_Chlorophyll_A_001_phosphate_plate5.tif,2,832.000,768,896
14782,F8_01_1_2_Chlorophyll_A_001_phosphate_plate5.tif,1,800.000,800,800
14783,F8_01_1_2_Chlorophyll_A_001_phosphate_plate5.tif,4,868.000,784,944
14784,F8_01_1_2_Chlorophyll_A_001_phosphate_plate5.tif,1,800.000,800,800
14785,F8_01_1_2_Chlorophyll_A_001_phosphate_plate5.tif,3,826.667,784,896
14786,F8_01_1_2_Chlorophyll_A_001_phosphate_plate5.tif,2,896.000,864,928
14787,F8_01_1_2_Chlorophyll_A_001_phosphate_plate5.tif,1,784.000,784,784
14788,F8_01_1_2_Chlorophyll_A_001_phosphate_plate5.tif,5,880.000,800,992
14789,F8_01_1_2_Chlorophyll_A_001_phosphate_plate5.tif,3,816.000,800,848
14790,F8_01_1_2_Chlorophyll_A_001_phosphate_plate5.tif,1,944.000,944,944
14791,F8_01_1_2_Chlorophyll_A_001_phosphate_plate5.tif,1,848.000,848,848
14792,F8_01_1_2_Chlorophyll_A_001_phosphate_plate5.tif,1,864.000,864,864
14793,F8_01_1_2_Chlorophyll_A_001_phosphate_plate5.tif,1,800.000,800,800
14794,F8_01_1_2_Chlorophyll_A_001_phosphate_plate5.tif,2,880.000,800,960
14795,F8_01_1_2_Chlorophyll_A_001_phosphate_plate5.tif,3,821.333,768,896
14796,F8_01_1_2_Chlorophyll_A_001_phosphate_plate5.tif,1,896.000,896,896
14797,F8_01_1_2_Chlorophyll_A_001_phosphate_plate5.tif,4,848.000,768,896
14798,F8_01_1_2_Chlorophyll_A_001_phosphate_plate5.tif,3,826.667,800,848
14799,F8_01_1_2_Chlorophyll_A_001_phosphate_plate5.tif,1,848.000,848,848
14800,F8_01_1_2_Chlorophyll_A_001_phosphate_plate5.tif,1,768.000,768,768
14801,F8_01_1_2_Chlorophyll_A_001_phosphate_plate5.tif,1,768.000,768,768
14802,F8_01_1_2_Chlorophyll_A_001_phosphate_plate5.tif,2,800.000,768,832
14803,F8_01_1_2_Chlorophyll_A_001_phosphate_plate5.tif,1,800.000,800,800
14804,F8_01_1_2_Chlorophyll_A_001_phosphate_plate5.tif,1,784.000,784,784
14805,F8_01_1_2_Chlorophyll_A_001_phosphate_plate5.tif,1,832.000,832,832
14806,F8_01_1_2_Chlorophyll_A_001_phosphate_plate5.tif,1,800.000,800,800
14807,F8_01_1_2_Chlorophyll_A_001_phosphate_plate5.tif,1,800.000,800,800
14808,F8_01_1_2_Chlorophyll_A_001_phosphate_plate5.tif,1,992.000,992,992
14809,F8_01_1_2_Chlorophyll_A_001_phosphate_plate5.tif,2,848.000,832,864
14810,F8_01_1_2_Chlorophyll_A_001_phosphate_plate5.tif,1,848.000,848,848
14811,F8_01_1_2_Chlorophyll_A_001_phosphate_plate5.tif,48,880.667,768,1104
14812,F8_01_1_2_Chlorophyll_A_001_phosphate_plate5.tif,43,871.814,768,1136
14813,F8_01_1_2_Chlorophyll_A_001_phosphate_plate5.tif,7,854.857,768,944
14814,F8_01_1_2_Chlorophyll_A_001_phosphate_plate5.tif,21,836.571,768,992
14815,F8_01_1_2_Chlorophyll_A_001_phosphate_plate5.tif,18,832.889,768,960
14816,F8_01_1_2_Chlorophyll_A_001_phosphate_plate5.tif,5,844.800,800,912
14817,F8_01_1_2_Chlorophyll_A_001_phosphate_plate5.tif,1,848.000,848,848
14818,F8_01_1_2_Chlorophyll_A_001_phosphate_plate5.tif,3,842.667,800,880
14819,F8_01_1_2_Chlorophyll_A_001_phosphate_plate5.tif,2,848.000,784,912
14820,F8_01_1_2_Chlorophyll_A_001_phosphate_plate5.tif,1,896.000,896,896
14821,F8_01_1_2_Chlorophyll_A_001_phosphate_plate5.tif,8,866.000,800,992
14822,F8_01_1_2_Chlorophyll_A_001_phosphate_plate5.tif,1,848.000,848,848
14823,F8_01_1_2_Chlorophyll_A_001_phosphate_plate5.tif,1,816.000,816,816
14824,F8_01_1_2_Chlorophyll_A_001_phosphate_plate5.tif,1,768.000,768,768
14825,F8_01_1_2_Chlorophyll_A_001_phosphate_plate5.tif,4,812.000,768,864
14826,F8_01_1_2_Chlorophyll_A_001_phosphate_plate5.tif,3,858.667,816,896
14827,F8_01_1_2_Chlorophyll_A_001_phosphate_plate5.tif,2,792.000,784,800
14828,F8_01_1_2_Chlorophyll_A_001_phosphate_plate5.tif,1,800.000,800,800
14829,F8_01_1_2_Chlorophyll_A_001_phosphate_plate5.tif,1,1088.000,1088,1088
14830,F8_01_1_2_Chlorophyll_A_001_phosphate_plate5.tif,1,768.000,768,768
14831,F8_01_1_2_Chlorophyll_A_001_phosphate_plate5.tif,1,848.000,848,848
14832,F8_01_1_2_Chlorophyll_A_001_phosphate_plate5.tif,1,784.000,784,784
14833,F8_01_1_2_Chlorophyll_A_001_phosphate_plate5.tif,1,912.000,912,912
14834,F8_01_1_2_Chlorophyll_A_001_phosphate_plate5.tif,4,852.000,784,992
14835,F8_01_1_2_Chlorophyll_A_001_phosphate_plate5.tif,3,853.333,800,960
14836,F8_01_1_2_Chlorophyll_A_001_phosphate_plate5.tif,2,896.000,896,896
14837,F8_01_1_2_Chlorophyll_A_001_phosphate_plate5.tif,4,860.000,784,912
14838,F8_01_1_2_Chlorophyll_A_001_phosphate_plate5.tif,1,832.000,832,832
14839,F8_01_1_2_Chlorophyll_A_001_phosphate_plate5.tif,4,800.000,768,880
14840,F8_01_1_2_Chlorophyll_A_001_phosphate_plate5.tif,2,912.000,848,976
14841,F8_01_1_2_Chlorophyll_A_001_phosphate_plate5.tif,1,864.000,864,864
14842,F8_01_1_2_Chlorophyll_A_001_phosphate_plate5.tif,1,960.000,960,960
14843,F8_01_1_2_Chlorophyll_A_001_phosphate_plate5.tif,5,819.200,768,880
14844,F8_01_1_2_Chlorophyll_A_001_phosphate_plate5.tif,1,768.000,768,768
14845,F8_01_1_2_Chlorophyll_A_001_phosphate_plate5.tif,1,800.000,800,800
14846,F8_01_1_2_Chlorophyll_A_001_phosphate_plate5.tif,1,768.000,768,768
14847,F8_01_1_2_Chlorophyll_A_001_phosphate_plate5.tif,2,840.000,784,896
14848,F8_01_1_2_Chlorophyll_A_001_phosphate_plate5.tif,3,853.333,832,880
14849,F8_01_1_2_Chlorophyll_A_001_phosphate_plate5.tif,1,768.000,768,768
14850,F8_01_1_2_Chlorophyll_A_001_phosphate_plate5.tif,1,880.000,880,880
14851,F8_01_1_2_Chlorophyll_A_001_phosphate_plate5.tif,1,800.000,800,800
14852,F8_01_1_2_Chlorophyll_A_001_phosphate_plate5.tif,1,848.000,848,848
14853,F8_01_1_2_Chlorophyll_A_001_phosphate_plate5.tif,3,826.667,768,864
14854,F8_01_1_2_Chlorophyll_A_001_phosphate_plate5.tif,1,784.000,784,784
14855,F8_01_1_2_Chlorophyll_A_001_phosphate_plate5.tif,2,904.000,832,976
14856,F8_01_1_2_Chlorophyll_A_001_phosphate_plate5.tif,2,888.000,800,976
14857,F8_01_1_2_Chlorophyll_A_001_phosphate_plate5.tif,2,784.000,768,800
14858,F8_01_1_2_Chlorophyll_A_001_phosphate_plate5.tif,2,776.000,768,784
14859,F8_01_1_2_Chlorophyll_A_001_phosphate_plate5.tif,2,808.000,800,816
14860,F8_01_1_2_Chlorophyll_A_001_phosphate_plate5.tif,1,768.000,768,768
14861,F8_01_1_2_Chlorophyll_A_001_phosphate_plate5.tif,1,960.000,960,960
14862,F8_01_1_2_Chlorophyll_A_001_phosphate_plate5.tif,2,904.000,880,928
14863,F8_01_1_2_Chlorophyll_A_001_phosphate_plate5.tif,54,878.815,768,1120
14864,F8_01_1_2_Chlorophyll_A_001_phosphate_plate5.tif,56,873.429,768,1120
14865,F8_01_1_2_Chlorophyll_A_001_phosphate_plate5.tif,46,898.435,768,1312
14866,F8_01_1_2_Chlorophyll_A_001_phosphate_plate5.tif,25,882.560,768,1040
14867,F8_01_1_2_Chlorophyll_A_001_phosphate_plate5.tif,24,855.333,768,1024
14868,F8_01_1_2_Chlorophyll_A_001_phosphate_plate5.tif,1,832.000,832,832
14869,F8_01_1_2_Chlorophyll_A_001_phosphate_plate5.tif,1,816.000,816,816
14870,F8_01_1_2_Chlorophyll_A_001_phosphate_plate5.tif,1,784.000,784,784
14871,F8_01_1_2_Chlorophyll_A_001_phosphate_plate5.tif,1,912.000,912,912
14872,F8_01_1_2_Chlorophyll_A_001_phosphate_plate5.tif,1,864.000,864,864
14873,F8_01_1_2_Chlorophyll_A_001_phosphate_plate5.tif,1,912.000,912,912
14874,F8_01_1_2_Chlorophyll_A_001_phosphate_plate5.tif,1,768.000,768,768
14875,F8_01_1_2_Chlorophyll_A_001_phosphate_plate5.tif,4,928.000,848,1056
14876,F8_01_1_2_Chlorophyll_A_001_phosphate_plate5.tif,1,784.000,784,784
14877,F8_01_1_2_Chlorophyll_A_001_phosphate_plate5.tif,1,816.000,816,816
14878,F8_01_1_2_Chlorophyll_A_001_phosphate_plate5.tif,2,944.000,928,960
14879,F8_01_1_2_Chlorophyll_A_001_phosphate_plate5.tif,3,848.000,768,912
14880,F8_01_1_2_Chlorophyll_A_001_phosphate_plate5.tif,1,896.000,896,896
14881,F8_01_1_2_Chlorophyll_A_001_phosphate_plate5.tif,1,880.000,880,880
14882,F8_01_1_2_Chlorophyll_A_001_phosphate_plate5.tif,1,864.000,864,864
14883,F8_01_1_2_Chlorophyll_A_001_phosphate_plate5.tif,1,768.000,768,768
14884,F8_01_1_2_Chlorophyll_A_001_phosphate_plate5.tif,3,832.000,816,848
14885,F8_01_1_2_Chlorophyll_A_001_phosphate_plate5.tif,1,832.000,832,832
14886,F8_01_1_2_Chlorophyll_A_001_phosphate_plate5.tif,1,848.000,848,848
14887,F8_01_1_2_Chlorophyll_A_001_phosphate_plate5.tif,1,768.000,768,768
14888,F8_01_1_2_Chlorophyll_A_001_phosphate_plate5.tif,1,784.000,784,784
14889,F8_01_1_2_Chlorophyll_A_001_phosphate_plate5.tif,1,848.000,848,848
14890,F8_01_1_2_Chlorophyll_A_001_phosphate_plate5.tif,1,864.000,864,864
14891,F8_01_1_2_Chlorophyll_A_001_phosphate_plate5.tif,1,832.000,832,832
14892,F8_01_1_2_Chlorophyll_A_001_phosphate_plate5.tif,1,816.000,816,816
14893,F8_01_1_2_Chlorophyll_A_001_phosphate_plate5.tif,1,768.000,768,768
14894,F8_01_1_2_Chlorophyll_A_001_phosphate_plate5.tif,1,768.000,768,768
14895,F8_01_1_2_Chlorophyll_A_001_phosphate_plate5.tif,1,784.000,784,784
14896,F8_01_1_2_Chlorophyll_A_001_phosphate_plate5.tif,1,768.000,768,768
14897,F8_01_1_2_Chlorophyll_A_001_phosphate_plate5.tif,4,808.000,768,880
14898,F8_01_1_2_Chlorophyll_A_001_phosphate_plate5.tif,2,816.000,800,832
14899,F8_01_1_2_Chlorophyll_A_001_phosphate_plate5.tif,1,800.000,800,800
14900,F8_01_1_2_Chlorophyll_A_001_phosphate_plate5.tif,1,832.000,832,832
14901,F8_01_1_2_Chlorophyll_A_001_phosphate_plate5.tif,2,824.000,816,832
14902,F8_01_1_2_Chlorophyll_A_001_phosphate_plate5.tif,3,773.333,768,784
14903,F8_01_1_2_Chlorophyll_A_001_phosphate_plate5.tif,2,848.000,784,912
14904,F8_01_1_2_Chlorophyll_A_001_phosphate_plate5.tif,1,992.000,992,992
14905,F8_01_1_2_Chlorophyll_A_001_phosphate_plate5.tif,1,848.000,848,848
14906,F8_01_1_2_Chlorophyll_A_001_phosphate_plate5.tif,1,864.000,864,864
14907,F8_01_1_2_Chlorophyll_A_001_phosphate_plate5.tif,3,816.000,768,848
14908,F8_01_1_2_Chlorophyll_A_001_phosphate_plate5.tif,1,784.000,784,784
14909,F8_01_1_2_Chlorophyll_A_001_phosphate_plate5.tif,1,880.000,880,880
14910,F8_01_1_2_Chlorophyll_A_001_phosphate_plate5.tif,1,880.000,880,880
14911,F8_01_1_2_Chlorophyll_A_001_phosphate_plate5.tif,1,784.000,784,784
14912,F8_01_1_2_Chlorophyll_A_001_phosphate_plate5.tif,1,784.000,784,784
14913,F8_01_1_2_Chlorophyll_A_001_phosphate_plate5.tif,4,876.000,784,1008
14914,F8_01_1_2_Chlorophyll_A_001_phosphate_plate5.tif,1,928.000,928,928
14915,F8_01_1_2_Chlorophyll_A_001_phosphate_plate5.tif,3,853.333,800,896
14916,F8_01_1_2_Chlorophyll_A_001_phosphate_plate5.tif,1,912.000,912,912
14917,F8_01_1_2_Chlorophyll_A_001_phosphate_plate5.tif,1,800.000,800,800
14918,F8_01_1_2_Chlorophyll_A_001_phosphate_plate5.tif,1,784.000,784,784
14919,F8_01_1_2_Chlorophyll_A_001_phosphate_plate5.tif,1,784.000,784,784
14920,F8_01_1_2_Chlorophyll_A_001_phosphate_plate5.tif,1,816.000,816,816
14921,F8_01_1_2_Chlorophyll_A_001_phosphate_plate5.tif,1,784.000,784,784
14922,F8_01_1_2_Chlorophyll_A_001_phosphate_plate5.tif,1,768.000,768,768
14923,F8_01_1_2_Chlorophyll_A_001_phosphate_plate5.tif,1,768.000,768,768
14924,F8_01_1_2_Chlorophyll_A_001_phosphate_plate5.tif,1,800.000,800,800
14925,F8_01_1_2_Chlorophyll_A_001_phosphate_plate5.tif,1,768.000,768,768
14926,F8_01_1_2_Chlorophyll_A_001_phosphate_plate5.tif,2,824.000,768,880
14927,F8_01_1_2_Chlorophyll_A_001_phosphate_plate5.tif,2,792.000,768,816
14928,F8_01_1_2_Chlorophyll_A_001_phosphate_plate5.tif,1,832.000,832,832
14929,F8_01_1_2_Chlorophyll_A_001_phosphate_plate5.tif,1,928.000,928,928
14930,F8_01_1_2_Chlorophyll_A_001_phosphate_plate5.tif,1,928.000,928,928
14931,F8_01_1_2_Chlorophyll_A_001_phosphate_plate5.tif,1,768.000,768,768
14932,F8_01_1_2_Chlorophyll_A_001_phosphate_plate5.tif,3,842.667,784,912
14933,F8_01_1_2_Chlorophyll_A_001_phosphate_plate5.tif,2,832.000,832,832
14934,F8_01_1_2_Chlorophyll_A_001_phosphate_plate5.tif,1,912.000,912,912
14935,F8_01_1_2_Chlorophyll_A_001_phosphate_plate5.tif,1,1024.000,1024,1024
14936,F8_01_1_2_Chlorophyll_A_001_phosphate_plate5.tif,1,768.000,768,768
14937,F8_01_1_2_Chlorophyll_A_001_phosphate_plate5.tif,1,864.000,864,864
14938,F8_01_1_2_Chlorophyll_A_001_phosphate_plate5.tif,3,821.333,784,864
14939,F8_01_1_2_Chlorophyll_A_001_phosphate_plate5.tif,1,800.000,800,800
14940,F8_01_1_2_Chlorophyll_A_001_phosphate_plate5.tif,6,837.333,768,912
14941,F8_01_1_2_Chlorophyll_A_001_phosphate_plate5.tif,2,824.000,768,880
14942,F8_01_1_2_Chlorophyll_A_001_phosphate_plate5.tif,1,1200.000,1200,1200
14943,F8_01_1_2_Chlorophyll_A_001_phosphate_plate5.tif,10,899.200,784,1008
14944,F8_01_1_2_Chlorophyll_A_001_phosphate_plate5.tif,7,836.571,768,896
14945,F8_01_1_2_Chlorophyll_A_001_phosphate_plate5.tif,354,2429.153,768,33600
14946,F8_01_1_2_Chlorophyll_A_001_phosphate_plate5.tif,3,858.667,800,912
14947,F8_01_1_2_Chlorophyll_A_001_phosphate_plate5.tif,1,784.000,784,784
14948,F8_01_1_2_Chlorophyll_A_001_phosphate_plate5.tif,1,816.000,816,816
14949,F8_01_1_2_Chlorophyll_A_001_phosphate_plate5.tif,1,960.000,960,960
14950,F8_01_1_2_Chlorophyll_A_001_phosphate_plate5.tif,2,872.000,816,928
14951,F8_01_1_2_Chlorophyll_A_001_phosphate_plate5.tif,1,976.000,976,976
14952,F8_01_1_2_Chlorophyll_A_001_phosphate_plate5.tif,1,800.000,800,800
14953,F8_01_1_2_Chlorophyll_A_001_phosphate_plate5.tif,2,904.000,768,1040
14954,F8_01_1_2_Chlorophyll_A_001_phosphate_plate5.tif,2,776.000,768,784
14955,F8_01_1_2_Chlorophyll_A_001_phosphate_plate5.tif,1,928.000,928,928
14956,F8_01_1_2_Chlorophyll_A_001_phosphate_plate5.tif,1,768.000,768,768
14957,F8_01_1_2_Chlorophyll_A_001_phosphate_plate5.tif,1,784.000,784,784
14958,F8_01_1_2_Chlorophyll_A_001_phosphate_plate5.tif,1,800.000,800,800
14959,F8_01_1_2_Chlorophyll_A_001_phosphate_plate5.tif,1,848.000,848,848
14960,F8_01_1_2_Chlorophyll_A_001_phosphate_plate5.tif,1,832.000,832,832
14961,F8_01_1_2_Chlorophyll_A_001_phosphate_plate5.tif,2,808.000,784,832
14962,F8_01_1_2_Chlorophyll_A_001_phosphate_plate5.tif,1,768.000,768,768
14963,F8_01_1_2_Chlorophyll_A_001_phosphate_plate5.tif,1,784.000,784,784
14964,F8_01_1_2_Chlorophyll_A_001_phosphate_plate5.tif,1,864.000,864,864
14965,F8_01_1_2_Chlorophyll_A_001_phosphate_plate5.tif,2,840.000,768,912
14966,F8_01_1_2_Chlorophyll_A_001_phosphate_plate5.tif,1,800.000,800,800
14967,F8_01_1_2_Chlorophyll_A_001_phosphate_plate5.tif,1,832.000,832,832
14968,F8_01_1_2_Chlorophyll_A_001_phosphate_plate5.tif,1,816.000,816,816
14969,F8_01_1_2_Chlorophyll_A_001_phosphate_plate5.tif,1,912.000,912,912
14970,F8_01_1_2_Chlorophyll_A_001_phosphate_plate5.tif,2,840.000,816,864
14971,F8_01_1_2_Chlorophyll_A_001_phosphate_plate5.tif,2,832.000,784,880
14972,F8_01_1_2_Chlorophyll_A_001_phosphate_plate5.tif,1,800.000,800,800
14973,F8_01_1_2_Chlorophyll_A_001_phosphate_plate5.tif,1,800.000,800,800
14974,F8_01_1_2_Chlorophyll_A_001_phosphate_plate5.tif,1,768.000,768,768
14975,F8_01_1_2_Chlorophyll_A_001_phosphate_plate5.tif,1,832.000,832,832
14976,F8_01_1_2_Chlorophyll_A_001_phosphate_plate5.tif,1,848.000,848,848
14977,F8_01_1_2_Chlorophyll_A_001_phosphate_plate5.tif,1,928.000,928,928
14978,F8_01_1_2_Chlorophyll_A_001_phosphate_plate5.tif,1,800.000,800,800
14979,F8_01_1_2_Chlorophyll_A_001_phosphate_plate5.tif,8,834.000,768,896
14980,F8_01_1_2_Chlorophyll_A_001_phosphate_plate5.tif,1,1024.000,1024,1024
14981,F8_01_1_2_Chlorophyll_A_001_phosphate_plate5.tif,2,808.000,800,816
14982,F8_01_1_2_Chlorophyll_A_001_phosphate_plate5.tif,1,832.000,832,832
14983,F8_01_1_2_Chlorophyll_A_001_phosphate_plate5.tif,3,837.333,768,896
14984,F8_01_1_2_Chlorophyll_A_001_phosphate_plate5.tif,3,826.667,768,944
14985,F8_01_1_2_Chlorophyll_A_001_phosphate_plate5.tif,1,960.000,960,960
14986,F8_01_1_2_Chlorophyll_A_001_phosphate_plate5.tif,2,888.000,800,976
14987,F8_01_1_2_Chlorophyll_A_001_phosphate_plate5.tif,14,876.571,768,1088
14988,F8_01_1_2_Chlorophyll_A_001_phosphate_plate5.tif,72,868.889,768,1248
14989,F8_01_1_2_Chlorophyll_A_001_phosphate_plate5.tif,75,878.293,768,1184
14990,F8_01_1_2_Chlorophyll_A_001_phosphate_plate5.tif,1,800.000,800,800
14991,F8_01_1_2_Chlorophyll_A_001_phosphate_plate5.tif,1,816.000,816,816
14992,F8_01_1_2_Chlorophyll_A_001_phosphate_plate5.tif,1,848.000,848,848
14993,F8_01_1_2_Chlorophyll_A_001_phosphate_plate5.tif,1,800.000,800,800
14994,F8_01_1_2_Chlorophyll_A_001_phosphate_plate5.tif,1,896.000,896,896
14995,F8_01_1_2_Chlorophyll_A_001_phosphate_plate5.tif,1,880.000,880,880
14996,F8_01_1_2_Chlorophyll_A_001_phosphate_plate5.tif,2,808.000,768,848
14997,F8_01_1_2_Chlorophyll_A_001_phosphate_plate5.tif,1,880.000,880,880
14998,F8_01_1_2_Chlorophyll_A_001_phosphate_plate5.tif,2,848.000,816,880
14999,F8_01_1_2_Chlorophyll_A_001_phosphate_plate5.tif,1,768.000,768,768
15000,F8_01_1_2_Chlorophyll_A_001_phosphate_plate5.tif,5,841.600,768,944
15001,F8_01_1_2_Chlorophyll_A_001_phosphate_plate5.tif,1,800.000,800,800
15002,F8_01_1_2_Chlorophyll_A_001_phosphate_plate5.tif,1,768.000,768,768
15003,F8_01_1_2_Chlorophyll_A_001_phosphate_plate5.tif,1,880.000,880,880
15004,F8_01_1_2_Chlorophyll_A_001_phosphate_plate5.tif,1,768.000,768,768
15005,F8_01_1_2_Chlorophyll_A_001_phosphate_plate5.tif,1,880.000,880,880
15006,F8_01_1_2_Chlorophyll_A_001_phosphate_plate5.tif,1,864.000,864,864
15007,F8_01_1_2_Chlorophyll_A_001_phosphate_plate5.tif,6,805.333,768,896
15008,F8_01_1_2_Chlorophyll_A_001_phosphate_plate5.tif,1,800.000,800,800
15009,F8_01_1_2_Chlorophyll_A_001_phosphate_plate5.tif,2,1016.000,960,1072
15010,F8_01_1_2_Chlorophyll_A_001_phosphate_plate5.tif,1,912.000,912,912
15011,F8_01_1_2_Chlorophyll_A_001_phosphate_plate5.tif,4,816.000,768,880
15012,F8_01_1_2_Chlorophyll_A_001_phosphate_plate5.tif,1,880.000,880,880
15013,F8_01_1_2_Chlorophyll_A_001_phosphate_plate5.tif,1,944.000,944,944
15014,F8_01_1_2_Chlorophyll_A_001_phosphate_plate5.tif,1,832.000,832,832
15015,F8_01_1_2_Chlorophyll_A_001_phosphate_plate5.tif,10,840.000,768,1024
15016,F8_01_1_2_Chlorophyll_A_001_phosphate_plate5.tif,1,768.000,768,768
15017,F8_01_1_2_Chlorophyll_A_001_phosphate_plate5.tif,1,912.000,912,912
15018,F8_01_1_2_Chlorophyll_A_001_phosphate_plate5.tif,1,800.000,800,800
15019,F8_01_1_2_Chlorophyll_A_001_phosphate_plate5.tif,1,912.000,912,912
15020,F8_01_1_2_Chlorophyll_A_001_phosphate_plate5.tif,1,1024.000,1024,1024
15021,F8_01_1_2_Chlorophyll_A_001_phosphate_plate5.tif,1,784.000,784,784
15022,F8_01_1_2_Chlorophyll_A_001_phosphate_plate5.tif,10,820.800,768,944
15023,F8_01_1_2_Chlorophyll_A_001_phosphate_plate5.tif,2,800.000,768,832
15024,F8_01_1_2_Chlorophyll_A_001_phosphate_plate5.tif,4,824.000,784,912
15025,F8_01_1_2_Chlorophyll_A_001_phosphate_plate5.tif,1,768.000,768,768
15026,F8_01_1_2_Chlorophyll_A_001_phosphate_plate5.tif,1,784.000,784,784
15027,F8_01_1_2_Chlorophyll_A_001_phosphate_plate5.tif,1,768.000,768,768
15028,F8_01_1_2_Chlorophyll_A_001_phosphate_plate5.tif,2,776.000,768,784
15029,F8_01_1_2_Chlorophyll_A_001_phosphate_plate5.tif,2,856.000,800,912
15030,F8_01_1_2_Chlorophyll_A_001_phosphate_plate5.tif,1,768.000,768,768
15031,F8_01_1_2_Chlorophyll_A_001_phosphate_plate5.tif,1,832.000,832,832
15032,F8_01_1_2_Chlorophyll_A_001_phosphate_plate5.tif,1,848.000,848,848
15033,F8_01_1_2_Chlorophyll_A_001_phosphate_plate5.tif,1,768.000,768,768
15034,F8_01_1_2_Chlorophyll_A_001_phosphate_plate5.tif,1,768.000,768,768
15035,F8_01_1_2_Chlorophyll_A_001_phosphate_plate5.tif,1,848.000,848,848
15036,F8_01_1_2_Chlorophyll_A_001_phosphate_plate5.tif,1,784.000,784,784
15037,F8_01_1_2_Chlorophyll_A_001_phosphate_plate5.tif,1,816.000,816,816
15038,F8_01_1_2_Chlorophyll_A_001_phosphate_plate5.tif,1,784.000,784,784
15039,F8_01_1_2_Chlorophyll_A_001_phosphate_plate5.tif,1,896.000,896,896
15040,F8_01_1_2_Chlorophyll_A_001_phosphate_plate5.tif,1,784.000,784,784
15041,F8_01_1_2_Chlorophyll_A_001_phosphate_plate5.tif,1,800.000,800,800
15042,F8_01_1_2_Chlorophyll_A_001_phosphate_plate5.tif,2,832.000,768,896
15043,F8_01_1_2_Chlorophyll_A_001_phosphate_plate5.tif,5,841.600,768,960
15044,F8_01_1_2_Chlorophyll_A_001_phosphate_plate5.tif,1,832.000,832,832
15045,F8_01_1_2_Chlorophyll_A_001_phosphate_plate5.tif,6,880.000,768,1072
15046,F8_01_1_2_Chlorophyll_A_001_phosphate_plate5.tif,30,873.600,768,1056
15047,F8_01_1_2_Chlorophyll_A_001_phosphate_plate5.tif,42,867.810,768,1072
15048,F8_01_1_2_Chlorophyll_A_001_phosphate_plate5.tif,49,884.245,768,1184
15049,F8_01_1_2_Chlorophyll_A_001_phosphate_plate5.tif,124,872.129,768,1152
15050,F8_01_1_2_Chlorophyll_A_001_phosphate_plate5.tif,2,784.000,768,800
15051,F8_01_1_2_Chlorophyll_A_001_phosphate_plate5.tif,4,868.000,800,912
15052,F8_01_1_2_Chlorophyll_A_001_phosphate_plate5.tif,1,800.000,800,800
15053,F8_01_1_2_Chlorophyll_A_001_phosphate_plate5.tif,3,805.333,784,848
15054,F8_01_1_2_Chlorophyll_A_001_phosphate_plate5.tif,14,841.143,768,1024
15055,F8_01_1_2_Chlorophyll_A_001_phosphate_plate5.tif,1,768.000,768,768
15056,F8_01_1_2_Chlorophyll_A_001_phosphate_plate5.tif,1,816.000,816,816
15057,F8_01_1_2_Chlorophyll_A_001_phosphate_plate5.tif,1,960.000,960,960
15058,F8_01_1_2_Chlorophyll_A_001_phosphate_plate5.tif,7,806.857,768,880
15059,F8_01_1_2_Chlorophyll_A_001_phosphate_plate5.tif,1,800.000,800,800
15060,F8_01_1_2_Chlorophyll_A_001_phosphate_plate5.tif,1,832.000,832,832
15061,F8_01_1_2_Chlorophyll_A_001_phosphate_plate5.tif,4,832.000,768,864
15062,F8_01_1_2_Chlorophyll_A_001_phosphate_plate5.tif,1,816.000,816,816
15063,F8_01_1_2_Chlorophyll_A_001_phosphate_plate5.tif,1,832.000,832,832
15064,F8_01_1_2_Chlorophyll_A_001_phosphate_plate5.tif,3,928.000,880,976
15065,F8_01_1_2_Chlorophyll_A_001_phosphate_plate5.tif,1,928.000,928,928
15066,F8_01_1_2_Chlorophyll_A_001_phosphate_plate5.tif,2,928.000,912,944
15067,F8_01_1_2_Chlorophyll_A_001_phosphate_plate5.tif,3,896.000,768,1056
15068,F8_01_1_2_Chlorophyll_A_001_phosphate_plate5.tif,1,960.000,960,960
15069,F8_01_1_2_Chlorophyll_A_001_phosphate_plate5.tif,1,768.000,768,768
15070,F8_01_1_2_Chlorophyll_A_001_phosphate_plate5.tif,1,832.000,832,832
15071,F8_01_1_2_Chlorophyll_A_001_phosphate_plate5.tif,2,856.000,784,928
15072,F8_01_1_2_Chlorophyll_A_001_phosphate_plate5.tif,2,824.000,800,848
15073,F8_01_1_2_Chlorophyll_A_001_phosphate_plate5.tif,1,864.000,864,864
15074,F8_01_1_2_Chlorophyll_A_001_phosphate_plate5.tif,1,896.000,896,896
15075,F8_01_1_2_Chlorophyll_A_001_phosphate_plate5.tif,1,848.000,848,848
15076,F8_01_1_2_Chlorophyll_A_001_phosphate_plate5.tif,1,848.000,848,848
15077,F8_01_1_2_Chlorophyll_A_001_phosphate_plate5.tif,2,824.000,800,848
15078,F8_01_1_2_Chlorophyll_A_001_phosphate_plate5.tif,1,848.000,848,848
15079,F8_01_1_2_Chlorophyll_A_001_phosphate_plate5.tif,1,912.000,912,912
15080,F8_01_1_2_Chlorophyll_A_001_phosphate_plate5.tif,2,880.000,848,912
15081,F8_01_1_2_Chlorophyll_A_001_phosphate_plate5.tif,2,888.000,784,992
15082,F8_01_1_2_Chlorophyll_A_001_phosphate_plate5.tif,1,768.000,768,768
15083,F8_01_1_2_Chlorophyll_A_001_phosphate_plate5.tif,1,832.000,832,832
15084,F8_01_1_2_Chlorophyll_A_001_phosphate_plate5.tif,7,864.000,784,960
15085,F8_01_1_2_Chlorophyll_A_001_phosphate_plate5.tif,1,832.000,832,832
15086,F8_01_1_2_Chlorophyll_A_001_phosphate_plate5.tif,2,832.000,768,896
15087,F8_01_1_2_Chlorophyll_A_001_phosphate_plate5.tif,1,864.000,864,864
15088,F8_01_1_2_Chlorophyll_A_001_phosphate_plate5.tif,1,800.000,800,800
15089,F8_01_1_2_Chlorophyll_A_001_phosphate_plate5.tif,1,784.000,784,784
15090,F8_01_1_2_Chlorophyll_A_001_phosphate_plate5.tif,1,848.000,848,848
15091,F8_01_1_2_Chlorophyll_A_001_phosphate_plate5.tif,2,800.000,784,816
15092,F8_01_1_2_Chlorophyll_A_001_phosphate_plate5.tif,1,832.000,832,832
15093,F8_01_1_2_Chlorophyll_A_001_phosphate_plate5.tif,3,832.000,800,880
15094,F8_01_1_2_Chlorophyll_A_001_phosphate_plate5.tif,2,792.000,784,800
15095,F8_01_1_2_Chlorophyll_A_001_phosphate_plate5.tif,1,768.000,768,768
15096,F8_01_1_2_Chlorophyll_A_001_phosphate_plate5.tif,2,816.000,800,832
15097,F8_01_1_2_Chlorophyll_A_001_phosphate_plate5.tif,4,816.000,768,912
15098,F8_01_1_2_Chlorophyll_A_001_phosphate_plate5.tif,1,768.000,768,768
15099,F8_01_1_2_Chlorophyll_A_001_phosphate_plate5.tif,1,848.000,848,848
15100,F8_01_1_2_Chlorophyll_A_001_phosphate_plate5.tif,1,768.000,768,768
15101,F8_01_1_2_Chlorophyll_A_001_phosphate_plate5.tif,2,824.000,784,864
15102,F8_01_1_2_Chlorophyll_A_001_phosphate_plate5.tif,1,784.000,784,784
15103,F8_01_1_2_Chlorophyll_A_001_phosphate_plate5.tif,1,832.000,832,832
15104,F8_01_1_2_Chlorophyll_A_001_phosphate_plate5.tif,1,768.000,768,768
15105,F8_01_1_2_Chlorophyll_A_001_phosphate_plate5.tif,1,896.000,896,896
15106,F8_01_1_2_Chlorophyll_A_001_phosphate_plate5.tif,1,800.000,800,800
15107,F8_01_1_2_Chlorophyll_A_001_phosphate_plate5.tif,1,768.000,768,768
15108,F8_01_1_2_Chlorophyll_A_001_phosphate_plate5.tif,2,784.000,768,800
15109,F8_01_1_2_Chlorophyll_A_001_phosphate_plate5.tif,1,896.000,896,896
15110,F8_01_1_2_Chlorophyll_A_001_phosphate_plate5.tif,2,800.000,800,800
15111,F8_01_1_2_Chlorophyll_A_001_phosphate_plate5.tif,2,816.000,768,864
15112,F8_01_1_2_Chlorophyll_A_001_phosphate_plate5.tif,1,768.000,768,768
15113,F8_01_1_2_Chlorophyll_A_001_phosphate_plate5.tif,4,856.000,784,928
15114,F8_01_1_2_Chlorophyll_A_001_phosphate_plate5.tif,245,1801.861,768,14480
15115,F8_01_1_2_Chlorophyll_A_001_phosphate_plate5.tif,2,872.000,832,912
15116,F8_01_1_2_Chlorophyll_A_001_phosphate_plate5.tif,2,904.000,800,1008
15117,F8_01_1_2_Chlorophyll_A_001_phosphate_plate5.tif,1,784.000,784,784
15118,F8_01_1_2_Chlorophyll_A_001_phosphate_plate5.tif,1,816.000,816,816
15119,F8_01_1_2_Chlorophyll_A_001_phosphate_plate5.tif,2,824.000,800,848
15120,F8_01_1_2_Chlorophyll_A_001_phosphate_plate5.tif,2,848.000,784,912
15121,F8_01_1_2_Chlorophyll_A_001_phosphate_plate5.tif,2,816.000,784,848
15122,F8_01_1_2_Chlorophyll_A_001_phosphate_plate5.tif,1,832.000,832,832
15123,F8_01_1_2_Chlorophyll_A_001_phosphate_plate5.tif,1,864.000,864,864
15124,F8_01_1_2_Chlorophyll_A_001_phosphate_plate5.tif,2,808.000,784,832
15125,F8_01_1_2_Chlorophyll_A_001_phosphate_plate5.tif,2,840.000,784,896
15126,F8_01_1_2_Chlorophyll_A_001_phosphate_plate5.tif,2,848.000,816,880
15127,F8_01_1_2_Chlorophyll_A_001_phosphate_plate5.tif,1,768.000,768,768
15128,F8_01_1_2_Chlorophyll_A_001_phosphate_plate5.tif,1,784.000,784,784
15129,F8_01_1_2_Chlorophyll_A_001_phosphate_plate5.tif,3,821.333,768,864
15130,F8_01_1_2_Chlorophyll_A_001_phosphate_plate5.tif,1,864.000,864,864
15131,F8_01_1_2_Chlorophyll_A_001_phosphate_plate5.tif,15,822.400,768,944
15132,F8_01_1_2_Chlorophyll_A_001_phosphate_plate5.tif,1,880.000,880,880
15133,F8_01_1_2_Chlorophyll_A_001_phosphate_plate5.tif,1,896.000,896,896
15134,F8_01_1_2_Chlorophyll_A_001_phosphate_plate5.tif,1,768.000,768,768
15135,F8_01_1_2_Chlorophyll_A_001_phosphate_plate5.tif,1,800.000,800,800
15136,F8_01_1_2_Chlorophyll_A_001_phosphate_plate5.tif,2,792.000,768,816
15137,F8_01_1_2_Chlorophyll_A_001_phosphate_plate5.tif,1,880.000,880,880
15138,F8_01_1_2_Chlorophyll_A_001_phosphate_plate5.tif,1,912.000,912,912
15139,F8_01_1_2_Chlorophyll_A_001_phosphate_plate5.tif,1,784.000,784,784
15140,F8_01_1_2_Chlorophyll_A_001_phosphate_plate5.tif,1,848.000,848,848
15141,F8_01_1_2_Chlorophyll_A_001_phosphate_plate5.tif,4,840.000,784,912
15142,F8_01_1_2_Chlorophyll_A_001_phosphate_plate5.tif,13,845.538,768,976
15143,F8_01_1_2_Chlorophyll_A_001_phosphate_plate5.tif,1,832.000,832,832
15144,F8_01_1_2_Chlorophyll_A_001_phosphate_plate5.tif,1,816.000,816,816
15145,F8_01_1_2_Chlorophyll_A_001_phosphate_plate5.tif,3,848.000,768,944
15146,F8_01_1_2_Chlorophyll_A_001_phosphate_plate5.tif,2,832.000,784,880
15147,F8_01_1_2_Chlorophyll_A_001_phosphate_plate5.tif,7,882.286,768,1008
15148,F8_01_1_2_Chlorophyll_A_001_phosphate_plate5.tif,1,768.000,768,768
15149,F8_01_1_2_Chlorophyll_A_001_phosphate_plate5.tif,1,960.000,960,960
15150,F8_01_1_2_Chlorophyll_A_001_phosphate_plate5.tif,1,848.000,848,848
15151,F8_01_1_2_Chlorophyll_A_001_phosphate_plate5.tif,1,896.000,896,896
15152,F8_01_1_2_Chlorophyll_A_001_phosphate_plate5.tif,1,944.000,944,944
15153,F8_01_1_2_Chlorophyll_A_001_phosphate_plate5.tif,1,784.000,784,784
15154,F8_01_1_2_Chlorophyll_A_001_phosphate_plate5.tif,1,784.000,784,784
15155,F8_01_1_2_Chlorophyll_A_001_phosphate_plate5.tif,3,901.333,768,1104
15156,F8_01_1_2_Chlorophyll_A_001_phosphate_plate5.tif,1,784.000,784,784
15157,F8_01_1_2_Chlorophyll_A_001_phosphate_plate5.tif,1,848.000,848,848
15158,F8_01_1_2_Chlorophyll_A_001_phosphate_plate5.tif,1,800.000,800,800
15159,F8_01_1_2_Chlorophyll_A_001_phosphate_plate5.tif,1,800.000,800,800
15160,F8_01_1_2_Chlorophyll_A_001_phosphate_plate5.tif,1,992.000,992,992
15161,F8_01_1_2_Chlorophyll_A_001_phosphate_plate5.tif,3,826.667,800,848
15162,F8_01_1_2_Chlorophyll_A_001_phosphate_plate5.tif,1,800.000,800,800
15163,F8_01_1_2_Chlorophyll_A_001_phosphate_plate5.tif,1,832.000,832,832
15164,F8_01_1_2_Chlorophyll_A_001_phosphate_plate5.tif,4,828.000,784,944
15165,F8_01_1_2_Chlorophyll_A_001_phosphate_plate5.tif,1,832.000,832,832
15166,F8_01_1_2_Chlorophyll_A_001_phosphate_plate5.tif,1,832.000,832,832
15167,F8_01_1_2_Chlorophyll_A_001_phosphate_plate5.tif,1,784.000,784,784
15168,F8_01_1_2_Chlorophyll_A_001_phosphate_plate5.tif,1,848.000,848,848
15169,F8_01_1_2_Chlorophyll_A_001_phosphate_plate5.tif,1,816.000,816,816
15170,F8_01_1_2_Chlorophyll_A_001_phosphate_plate5.tif,1,800.000,800,800
15171,F8_01_1_2_Chlorophyll_A_001_phosphate_plate5.tif,1,816.000,816,816
15172,F8_01_1_2_Chlorophyll_A_001_phosphate_plate5.tif,8,834.000,768,912
15173,F8_01_1_2_Chlorophyll_A_001_phosphate_plate5.tif,1,848.000,848,848
15174,F8_01_1_2_Chlorophyll_A_001_phosphate_plate5.tif,1,768.000,768,768
15175,F8_01_1_2_Chlorophyll_A_001_phosphate_plate5.tif,15,813.867,768,944
15176,F8_01_1_2_Chlorophyll_A_001_phosphate_plate5.tif,1,816.000,816,816
15177,F8_01_1_2_Chlorophyll_A_001_phosphate_plate5.tif,32,874.000,768,1040
15178,F8_01_1_2_Chlorophyll_A_001_phosphate_plate5.tif,26,835.077,768,1024
15179,F8_01_1_2_Chlorophyll_A_001_phosphate_plate5.tif,23,868.174,768,1056
15180,F8_01_1_2_Chlorophyll_A_001_phosphate_plate5.tif,5,918.400,800,992
15181,F8_01_1_2_Chlorophyll_A_001_phosphate_plate5.tif,1,912.000,912,912
15182,F8_01_1_2_Chlorophyll_A_001_phosphate_plate5.tif,1,784.000,784,784
15183,F8_01_1_2_Chlorophyll_A_001_phosphate_plate5.tif,59,860.746,768,1152
15184,F8_01_1_2_Chlorophyll_A_001_phosphate_plate5.tif,2,808.000,768,848
15185,F8_01_1_2_Chlorophyll_A_001_phosphate_plate5.tif,14,840.000,768,976
15186,F8_01_1_2_Chlorophyll_A_001_phosphate_plate5.tif,5,848.000,800,912
15187,F8_01_1_2_Chlorophyll_A_001_phosphate_plate5.tif,11,820.364,784,944
15188,F8_01_1_2_Chlorophyll_A_001_phosphate_plate5.tif,1,848.000,848,848
15189,F8_01_1_2_Chlorophyll_A_001_phosphate_plate5.tif,6,837.333,768,944
15190,F8_01_1_2_Chlorophyll_A_001_phosphate_plate5.tif,11,823.273,768,944
15191,F8_01_1_2_Chlorophyll_A_001_phosphate_plate5.tif,2,912.000,848,976
15192,F8_01_1_2_Chlorophyll_A_001_phosphate_plate5.tif,2,872.000,800,944
15193,F8_01_1_2_Chlorophyll_A_001_phosphate_plate5.tif,2,824.000,768,880
15194,F8_01_1_2_Chlorophyll_A_001_phosphate_plate5.tif,1,784.000,784,784
15195,F8_01_1_2_Chlorophyll_A_001_phosphate_plate5.tif,2,832.000,768,896
15196,F8_01_1_2_Chlorophyll_A_001_phosphate_plate5.tif,1,800.000,800,800
15197,F8_01_1_2_Chlorophyll_A_001_phosphate_plate5.tif,2,808.000,768,848
15198,F8_01_1_2_Chlorophyll_A_001_phosphate_plate5.tif,1,864.000,864,864
15199,F8_01_1_2_Chlorophyll_A_001_phosphate_plate5.tif,3,800.000,768,832
15200,F8_01_1_2_Chlorophyll_A_001_phosphate_plate5.tif,1,768.000,768,768
15201,F8_01_1_2_Chlorophyll_A_001_phosphate_plate5.tif,1,784.000,784,784
15202,F8_01_1_2_Chlorophyll_A_001_phosphate_plate5.tif,2,912.000,800,1024
15203,F8_01_1_2_Chlorophyll_A_001_phosphate_plate5.tif,1,800.000,800,800
15204,F8_01_1_2_Chlorophyll_A_001_phosphate_plate5.tif,2,800.000,784,816
15205,F8_01_1_2_Chlorophyll_A_001_phosphate_plate5.tif,1,800.000,800,800
15206,F8_01_1_2_Chlorophyll_A_001_phosphate_plate5.tif,2,816.000,768,864
15207,F8_01_1_2_Chlorophyll_A_001_phosphate_plate5.tif,2,816.000,784,848
15208,F8_01_1_2_Chlorophyll_A_001_phosphate_plate5.tif,1,800.000,800,800
15209,F8_01_1_2_Chlorophyll_A_001_phosphate_plate5.tif,1,784.000,784,784
15210,F8_01_1_2_Chlorophyll_A_001_phosphate_plate5.tif,1,768.000,768,768
15211,F8_01_1_2_Chlorophyll_A_001_phosphate_plate5.tif,1,768.000,768,768
15212,F8_01_1_2_Chlorophyll_A_001_phosphate_plate5.tif,1,768.000,768,768
15213,F8_01_1_2_Chlorophyll_A_001_phosphate_plate5.tif,2,816.000,768,864
15214,F8_01_1_2_Chlorophyll_A_001_phosphate_plate5.tif,2,792.000,784,800
15215,F8_01_1_2_Chlorophyll_A_001_phosphate_plate5.tif,1,800.000,800,800
15216,F8_01_1_2_Chlorophyll_A_001_phosphate_plate5.tif,2,816.000,784,848
15217,F8_01_1_2_Chlorophyll_A_001_phosphate_plate5.tif,1,800.000,800,800
15218,F8_01_1_2_Chlorophyll_A_001_phosphate_plate5.tif,2,784.000,768,800
15219,F8_01_1_2_Chlorophyll_A_001_phosphate_plate5.tif,2,880.000,800,960
15220,F8_01_1_2_Chlorophyll_A_001_phosphate_plate5.tif,1,800.000,800,800
15221,F8_01_1_2_Chlorophyll_A_001_phosphate_plate5.tif,2,792.000,784,800
15222,F8_01_1_2_Chlorophyll_A_001_phosphate_plate5.tif,1,768.000,768,768
15223,F8_01_1_2_Chlorophyll_A_001_phosphate_plate5.tif,1,784.000,784,784
15224,F8_01_1_2_Chlorophyll_A_001_phosphate_plate5.tif,1,848.000,848,848
15225,F8_01_1_2_Chlorophyll_A_001_phosphate_plate5.tif,1,832.000,832,832
15226,F8_01_1_2_Chlorophyll_A_001_phosphate_plate5.tif,1,992.000,992,992
15227,F8_01_1_2_Chlorophyll_A_001_phosphate_plate5.tif,1,800.000,800,800
15228,F8_01_1_2_Chlorophyll_A_001_phosphate_plate5.tif,2,776.000,768,784
15229,F8_01_1_2_Chlorophyll_A_001_phosphate_plate5.tif,2,928.000,912,944
15230,F8_01_1_2_Chlorophyll_A_001_phosphate_plate5.tif,3,810.667,784,848
15231,F8_01_1_2_Chlorophyll_A_001_phosphate_plate5.tif,5,822.400,784,848
15232,F8_01_1_2_Chlorophyll_A_001_phosphate_plate5.tif,12,902.667,784,1104
15233,F8_01_1_2_Chlorophyll_A_001_phosphate_plate5.tif,3,933.333,848,976
15234,F8_01_1_2_Chlorophyll_A_001_phosphate_plate5.tif,1,880.000,880,880
15235,F8_01_1_2_Chlorophyll_A_001_phosphate_plate5.tif,745,1688.741,768,31776
15236,F8_01_1_2_Chlorophyll_A_001_phosphate_plate5.tif,3,816.000,768,864
15237,F8_01_1_2_Chlorophyll_A_001_phosphate_plate5.tif,9,816.000,768,896
15238,F8_01_1_2_Chlorophyll_A_001_phosphate_plate5.tif,1,944.000,944,944
15239,F8_01_1_2_Chlorophyll_A_001_phosphate_plate5.tif,1,800.000,800,800
15240,F8_01_1_2_Chlorophyll_A_001_phosphate_plate5.tif,2,904.000,896,912
15241,F8_01_1_2_Chlorophyll_A_001_phosphate_plate5.tif,1,816.000,816,816
15242,F8_01_1_2_Chlorophyll_A_001_phosphate_plate5.tif,5,832.000,768,912
15243,F8_01_1_2_Chlorophyll_A_001_phosphate_plate5.tif,1,832.000,832,832
15244,F8_01_1_2_Chlorophyll_A_001_phosphate_plate5.tif,3,832.000,768,896
15245,F8_01_1_2_Chlorophyll_A_001_phosphate_plate5.tif,1,912.000,912,912
15246,F8_01_1_2_Chlorophyll_A_001_phosphate_plate5.tif,1,960.000,960,960
15247,F8_01_1_2_Chlorophyll_A_001_phosphate_plate5.tif,7,854.857,768,1008
15248,F8_01_1_2_Chlorophyll_A_001_phosphate_plate5.tif,2,872.000,864,880
15249,F8_01_1_2_Chlorophyll_A_001_phosphate_plate5.tif,3,912.000,800,1040
15250,F8_01_1_2_Chlorophyll_A_001_phosphate_plate5.tif,1,864.000,864,864
15251,F8_01_1_2_Chlorophyll_A_001_phosphate_plate5.tif,1,848.000,848,848
15252,F8_01_1_2_Chlorophyll_A_001_phosphate_plate5.tif,1,768.000,768,768
15253,F8_01_1_2_Chlorophyll_A_001_phosphate_plate5.tif,3,773.333,768,784
15254,F8_01_1_2_Chlorophyll_A_001_phosphate_plate5.tif,4,812.000,768,848
15255,F8_01_1_2_Chlorophyll_A_001_phosphate_plate5.tif,4,864.000,784,1008
15256,F8_01_1_2_Chlorophyll_A_001_phosphate_plate5.tif,1,768.000,768,768
15257,F8_01_1_2_Chlorophyll_A_001_phosphate_plate5.tif,3,794.667,768,848
15258,F8_01_1_2_Chlorophyll_A_001_phosphate_plate5.tif,1,784.000,784,784
15259,F8_01_1_2_Chlorophyll_A_001_phosphate_plate5.tif,1,768.000,768,768
15260,F8_01_1_2_Chlorophyll_A_001_phosphate_plate5.tif,5,832.000,768,896
15261,F8_01_1_2_Chlorophyll_A_001_phosphate_plate5.tif,2,768.000,768,768
15262,F8_01_1_2_Chlorophyll_A_001_phosphate_plate5.tif,2,792.000,784,800
15263,F8_01_1_2_Chlorophyll_A_001_phosphate_plate5.tif,1,784.000,784,784
15264,F8_01_1_2_Chlorophyll_A_001_phosphate_plate5.tif,2,792.000,784,800
15265,F8_01_1_2_Chlorophyll_A_001_phosphate_plate5.tif,1,1008.000,1008,1008
15266,F8_01_1_2_Chlorophyll_A_001_phosphate_plate5.tif,1,816.000,816,816
15267,F8_01_1_2_Chlorophyll_A_001_phosphate_plate5.tif,1,848.000,848,848
15268,F8_01_1_2_Chlorophyll_A_001_phosphate_plate5.tif,1,848.000,848,848
15269,F8_01_1_2_Chlorophyll_A_001_phosphate_plate5.tif,2,832.000,832,832
15270,F8_01_1_2_Chlorophyll_A_001_phosphate_plate5.tif,1,880.000,880,880
15271,F8_01_1_2_Chlorophyll_A_001_phosphate_plate5.tif,1,768.000,768,768
15272,F8_01_1_2_Chlorophyll_A_001_phosphate_plate5.tif,1,848.000,848,848
15273,F8_01_1_2_Chlorophyll_A_001_phosphate_plate5.tif,1,928.000,928,928
15274,F8_01_1_2_Chlorophyll_A_001_phosphate_plate5.tif,1,832.000,832,832
15275,F8_01_1_2_Chlorophyll_A_001_phosphate_plate5.tif,1,960.000,960,960
15276,F8_01_1_2_Chlorophyll_A_001_phosphate_plate5.tif,1,784.000,784,784
15277,F8_01_1_2_Chlorophyll_A_001_phosphate_plate5.tif,1,848.000,848,848
15278,F8_01_1_2_Chlorophyll_A_001_phosphate_plate5.tif,1,768.000,768,768
15279,F8_01_1_2_Chlorophyll_A_001_phosphate_plate5.tif,1,848.000,848,848
15280,F8_01_1_2_Chlorophyll_A_001_phosphate_plate5.tif,1,800.000,800,800
15281,F8_01_1_2_Chlorophyll_A_001_phosphate_plate5.tif,4,848.000,768,896
15282,F8_01_1_2_Chlorophyll_A_001_phosphate_plate5.tif,1,864.000,864,864
15283,F8_01_1_2_Chlorophyll_A_001_phosphate_plate5.tif,1,800.000,800,800
15284,F8_01_1_2_Chlorophyll_A_001_phosphate_plate5.tif,1,880.000,880,880
15285,F8_01_1_2_Chlorophyll_A_001_phosphate_plate5.tif,1,864.000,864,864
15286,F8_01_1_2_Chlorophyll_A_001_phosphate_plate5.tif,2,808.000,768,848
15287,F8_01_1_2_Chlorophyll_A_001_phosphate_plate5.tif,1,768.000,768,768
15288,F8_01_1_2_Chlorophyll_A_001_phosphate_plate5.tif,1,848.000,848,848
15289,F8_01_1_2_Chlorophyll_A_001_phosphate_plate5.tif,1,832.000,832,832
15290,F8_01_1_2_Chlorophyll_A_001_phosphate_plate5.tif,1,848.000,848,848
15291,F8_01_1_2_Chlorophyll_A_001_phosphate_plate5.tif,1,880.000,880,880
15292,F8_01_1_2_Chlorophyll_A_001_phosphate_plate5.tif,1,800.000,800,800
15293,F8_01_1_2_Chlorophyll_A_001_phosphate_plate5.tif,1,768.000,768,768
15294,F8_01_1_2_Chlorophyll_A_001_phosphate_plate5.tif,1,768.000,768,768
15295,F8_01_1_2_Chlorophyll_A_001_phosphate_plate5.tif,2,784.000,768,800
15296,F8_01_1_2_Chlorophyll_A_001_phosphate_plate5.tif,1,768.000,768,768
15297,F8_01_1_2_Chlorophyll_A_001_phosphate_plate5.tif,1,768.000,768,768
15298,F8_01_1_2_Chlorophyll_A_001_phosphate_plate5.tif,1,816.000,816,816
15299,F8_01_1_2_Chlorophyll_A_001_phosphate_plate5.tif,1,784.000,784,784
15300,F8_01_1_2_Chlorophyll_A_001_phosphate_plate5.tif,1,912.000,912,912
15301,F8_01_1_2_Chlorophyll_A_001_phosphate_plate5.tif,156,3102.051,768,28448
15302,F8_01_1_2_Chlorophyll_A_001_phosphate_plate5.tif,1,768.000,768,768
15303,F8_01_1_2_Chlorophyll_A_001_phosphate_plate5.tif,1,768.000,768,768
15304,F8_01_1_2_Chlorophyll_A_001_phosphate_plate5.tif,1,784.000,784,784
15305,F8_01_1_2_Chlorophyll_A_001_phosphate_plate5.tif,1,1104.000,1104,1104
15306,F8_01_1_2_Chlorophyll_A_001_phosphate_plate5.tif,2,896.000,848,944
15307,F8_01_1_2_Chlorophyll_A_001_phosphate_plate5.tif,2,816.000,768,864
15308,F8_01_1_2_Chlorophyll_A_001_phosphate_plate5.tif,40,885.200,768,1072
15309,F8_01_1_2_Chlorophyll_A_001_phosphate_plate5.tif,2,944.000,848,1040
15310,F8_01_1_2_Chlorophyll_A_001_phosphate_plate5.tif,1,992.000,992,992
15311,F8_01_1_2_Chlorophyll_A_001_phosphate_plate5.tif,1,768.000,768,768
15312,F8_01_1_2_Chlorophyll_A_001_phosphate_plate5.tif,7,866.286,800,928
15313,F8_01_1_2_Chlorophyll_A_001_phosphate_plate5.tif,1,960.000,960,960
15314,F8_01_1_2_Chlorophyll_A_001_phosphate_plate5.tif,4,820.000,768,944
15315,F8_01_1_2_Chlorophyll_A_001_phosphate_plate5.tif,4,880.000,768,928
15316,F8_01_1_2_Chlorophyll_A_001_phosphate_plate5.tif,1,784.000,784,784
15317,F8_01_1_2_Chlorophyll_A_001_phosphate_plate5.tif,1,880.000,880,880
15318,F8_01_1_2_Chlorophyll_A_001_phosphate_plate5.tif,1,864.000,864,864
15319,F8_01_1_2_Chlorophyll_A_001_phosphate_plate5.tif,1,800.000,800,800
15320,F8_01_1_2_Chlorophyll_A_001_phosphate_plate5.tif,4,888.000,864,944
15321,F8_01_1_2_Chlorophyll_A_001_phosphate_plate5.tif,1,784.000,784,784
15322,F8_01_1_2_Chlorophyll_A_001_phosphate_plate5.tif,2,864.000,832,896
15323,F8_01_1_2_Chlorophyll_A_001_phosphate_plate5.tif,4,888.000,768,976
15324,F8_01_1_2_Chlorophyll_A_001_phosphate_plate5.tif,4,804.000,768,880
15325,F8_01_1_2_Chlorophyll_A_001_phosphate_plate5.tif,1,944.000,944,944
15326,F8_01_1_2_Chlorophyll_A_001_phosphate_plate5.tif,3,853.333,816,928
15327,F8_01_1_2_Chlorophyll_A_001_phosphate_plate5.tif,1,912.000,912,912
15328,F8_01_1_2_Chlorophyll_A_001_phosphate_plate5.tif,1,832.000,832,832
15329,F8_01_1_2_Chlorophyll_A_001_phosphate_plate5.tif,2,832.000,832,832
15330,F8_01_1_2_Chlorophyll_A_001_phosphate_plate5.tif,1,848.000,848,848
15331,F8_01_1_2_Chlorophyll_A_001_phosphate_plate5.tif,1,768.000,768,768
15332,F8_01_1_2_Chlorophyll_A_001_phosphate_plate5.tif,4,848.000,784,896
15333,F8_01_1_2_Chlorophyll_A_001_phosphate_plate5.tif,1,848.000,848,848
15334,F8_01_1_2_Chlorophyll_A_001_phosphate_plate5.tif,2,784.000,784,784
15335,F8_01_1_2_Chlorophyll_A_001_phosphate_plate5.tif,1,848.000,848,848
15336,F8_01_1_2_Chlorophyll_A_001_phosphate_plate5.tif,3,826.667,784,864
15337,F8_01_1_2_Chlorophyll_A_001_phosphate_plate5.tif,3,853.333,816,896
15338,F8_01_1_2_Chlorophyll_A_001_phosphate_plate5.tif,1,848.000,848,848
15339,F8_01_1_2_Chlorophyll_A_001_phosphate_plate5.tif,1,800.000,800,800
15340,F8_01_1_2_Chlorophyll_A_001_phosphate_plate5.tif,2,784.000,768,800
15341,F8_01_1_2_Chlorophyll_A_001_phosphate_plate5.tif,2,784.000,784,784
15342,F8_01_1_2_Chlorophyll_A_001_phosphate_plate5.tif,1,960.000,960,960
15343,F8_01_1_2_Chlorophyll_A_001_phosphate_plate5.tif,1,800.000,800,800
15344,F8_01_1_2_Chlorophyll_A_001_phosphate_plate5.tif,2,808.000,768,848
15345,F8_01_1_2_Chlorophyll_A_001_phosphate_plate5.tif,1,816.000,816,816
15346,F8_01_1_2_Chlorophyll_A_001_phosphate_plate5.tif,2,832.000,800,864
15347,F8_01_1_2_Chlorophyll_A_001_phosphate_plate5.tif,3,869.333,800,928
15348,F8_01_1_2_Chlorophyll_A_001_phosphate_plate5.tif,1,832.000,832,832
15349,F8_01_1_2_Chlorophyll_A_001_phosphate_plate5.tif,4,832.000,768,944
15350,F8_01_1_2_Chlorophyll_A_001_phosphate_plate5.tif,3,810.667,768,880
15351,F8_01_1_2_Chlorophyll_A_001_phosphate_plate5.tif,1,848.000,848,848
15352,F8_01_1_2_Chlorophyll_A_001_phosphate_plate5.tif,1,800.000,800,800
15353,F8_01_1_2_Chlorophyll_A_001_phosphate_plate5.tif,1,816.000,816,816
15354,F8_01_1_2_Chlorophyll_A_001_phosphate_plate5.tif,1,832.000,832,832
15355,F8_01_1_2_Chlorophyll_A_001_phosphate_plate5.tif,1,800.000,800,800
15356,F8_01_1_2_Chlorophyll_A_001_phosphate_plate5.tif,2,920.000,896,944
15357,F8_01_1_2_Chlorophyll_A_001_phosphate_plate5.tif,1,768.000,768,768
15358,F8_01_1_2_Chlorophyll_A_001_phosphate_plate5.tif,1,800.000,800,800
15359,F8_01_1_2_Chlorophyll_A_001_phosphate_plate5.tif,1,848.000,848,848
15360,F8_01_1_2_Chlorophyll_A_001_phosphate_plate5.tif,1,784.000,784,784
15361,F8_01_1_2_Chlorophyll_A_001_phosphate_plate5.tif,1,848.000,848,848
15362,F8_01_1_2_Chlorophyll_A_001_phosphate_plate5.tif,3,848.000,816,864
15363,F8_01_1_2_Chlorophyll_A_001_phosphate_plate5.tif,2,1120.000,1024,1216
15364,F8_01_1_2_Chlorophyll_A_001_phosphate_plate5.tif,2,800.000,784,816
15365,F8_01_1_2_Chlorophyll_A_001_phosphate_plate5.tif,2,792.000,784,800
15366,F8_01_1_2_Chlorophyll_A_001_phosphate_plate5.tif,1,784.000,784,784
15367,F8_01_1_2_Chlorophyll_A_001_phosphate_plate5.tif,1,800.000,800,800
15368,F8_01_1_2_Chlorophyll_A_001_phosphate_plate5.tif,1,800.000,800,800
15369,F8_01_1_2_Chlorophyll_A_001_phosphate_plate5.tif,7,868.571,784,1056
15370,F8_01_1_2_Chlorophyll_A_001_phosphate_plate5.tif,4,908.000,784,1104
15371,F8_01_1_2_Chlorophyll_A_001_phosphate_plate5.tif,3,986.667,960,1024
15372,F8_01_1_2_Chlorophyll_A_001_phosphate_plate5.tif,1,880.000,880,880
15373,F8_01_1_2_Chlorophyll_A_001_phosphate_plate5.tif,1,896.000,896,896
15374,F8_01_1_2_Chlorophyll_A_001_phosphate_plate5.tif,2,848.000,848,848
15375,F8_01_1_2_Chlorophyll_A_001_phosphate_plate5.tif,7,827.429,768,944
15376,F8_01_1_2_Chlorophyll_A_001_phosphate_plate5.tif,1,864.000,864,864
15377,F8_01_1_2_Chlorophyll_A_001_phosphate_plate5.tif,2,816.000,800,832
15378,F8_01_1_2_Chlorophyll_A_001_phosphate_plate5.tif,1,768.000,768,768
15379,F8_01_1_2_Chlorophyll_A_001_phosphate_plate5.tif,1,880.000,880,880
15380,F8_01_1_2_Chlorophyll_A_001_phosphate_plate5.tif,1,848.000,848,848
15381,F8_01_1_2_Chlorophyll_A_001_phosphate_plate5.tif,3,816.000,768,864
15382,F8_01_1_2_Chlorophyll_A_001_phosphate_plate5.tif,1,784.000,784,784
15383,F8_01_1_2_Chlorophyll_A_001_phosphate_plate5.tif,1,832.000,832,832
15384,F8_01_1_2_Chlorophyll_A_001_phosphate_plate5.tif,1,768.000,768,768
15385,F8_01_1_2_Chlorophyll_A_001_phosphate_plate5.tif,2,792.000,784,800
15386,F8_01_1_2_Chlorophyll_A_001_phosphate_plate5.tif,2,784.000,784,784
15387,F8_01_1_2_Chlorophyll_A_001_phosphate_plate5.tif,1,928.000,928,928
15388,F8_01_1_2_Chlorophyll_A_001_phosphate_plate5.tif,1,848.000,848,848
15389,F8_01_1_2_Chlorophyll_A_001_phosphate_plate5.tif,1,800.000,800,800
15390,F8_01_1_2_Chlorophyll_A_001_phosphate_plate5.tif,1,832.000,832,832
15391,F8_01_1_2_Chlorophyll_A_001_phosphate_plate5.tif,1,880.000,880,880
15392,F8_01_1_2_Chlorophyll_A_001_phosphate_plate5.tif,3,821.333,768,896
15393,F8_01_1_2_Chlorophyll_A_001_phosphate_plate5.tif,2,768.000,768,768
15394,F8_01_1_2_Chlorophyll_A_001_phosphate_plate5.tif,1,1040.000,1040,1040
15395,F8_01_1_2_Chlorophyll_A_001_phosphate_plate5.tif,1,784.000,784,784
15396,F8_01_1_2_Chlorophyll_A_001_phosphate_plate5.tif,1,784.000,784,784
15397,F8_01_1_2_Chlorophyll_A_001_phosphate_plate5.tif,1,848.000,848,848
15398,F8_01_1_2_Chlorophyll_A_001_phosphate_plate5.tif,1,848.000,848,848
15399,F8_01_1_2_Chlorophyll_A_001_phosphate_plate5.tif,1,864.000,864,864
15400,F8_01_1_2_Chlorophyll_A_001_phosphate_plate5.tif,1,768.000,768,768
15401,F8_01_1_2_Chlorophyll_A_001_phosphate_plate5.tif,1,784.000,784,784
15402,F8_01_1_2_Chlorophyll_A_001_phosphate_plate5.tif,1,768.000,768,768
15403,F8_01_1_2_Chlorophyll_A_001_phosphate_plate5.tif,1,784.000,784,784
15404,F8_01_1_2_Chlorophyll_A_001_phosphate_plate5.tif,2,800.000,784,816
15405,F8_01_1_2_Chlorophyll_A_001_phosphate_plate5.tif,1,768.000,768,768
15406,F8_01_1_2_Chlorophyll_A_001_phosphate_plate5.tif,1,784.000,784,784
15407,F8_01_1_2_Chlorophyll_A_001_phosphate_plate5.tif,1,864.000,864,864
15408,F8_01_1_2_Chlorophyll_A_001_phosphate_plate5.tif,1,816.000,816,816
15409,F8_01_1_2_Chlorophyll_A_001_phosphate_plate5.tif,6,810.667,768,864
15410,F8_01_1_2_Chlorophyll_A_001_phosphate_plate5.tif,2,896.000,784,1008
15411,F8_01_1_2_Chlorophyll_A_001_phosphate_plate5.tif,1,768.000,768,768
15412,F8_01_1_2_Chlorophyll_A_001_phosphate_plate5.tif,2,800.000,784,816
15413,F8_01_1_2_Chlorophyll_A_001_phosphate_plate5.tif,1,832.000,832,832
15414,F8_01_1_2_Chlorophyll_A_001_phosphate_plate5.tif,35,850.286,768,992
15415,F8_01_1_2_Chlorophyll_A_001_phosphate_plate5.tif,24,917.333,768,1104
15416,F8_01_1_2_Chlorophyll_A_001_phosphate_plate5.tif,43,864.744,768,1056
15417,F8_01_1_2_Chlorophyll_A_001_phosphate_plate5.tif,2,824.000,784,864
15418,F8_01_1_2_Chlorophyll_A_001_phosphate_plate5.tif,2,856.000,784,928
15419,F8_01_1_2_Chlorophyll_A_001_phosphate_plate5.tif,1,864.000,864,864
15420,F8_01_1_2_Chlorophyll_A_001_phosphate_plate5.tif,20,867.200,768,1136
15421,F8_01_1_2_Chlorophyll_A_001_phosphate_plate5.tif,1,944.000,944,944
15422,F8_01_1_2_Chlorophyll_A_001_phosphate_plate5.tif,1,832.000,832,832
15423,F8_01_1_2_Chlorophyll_A_001_phosphate_plate5.tif,1,848.000,848,848
15424,F8_01_1_2_Chlorophyll_A_001_phosphate_plate5.tif,5,790.400,768,848
15425,F8_01_1_2_Chlorophyll_A_001_phosphate_plate5.tif,4,868.000,768,960
15426,F8_01_1_2_Chlorophyll_A_001_phosphate_plate5.tif,1,960.000,960,960
15427,F8_01_1_2_Chlorophyll_A_001_phosphate_plate5.tif,1,992.000,992,992
15428,F8_01_1_2_Chlorophyll_A_001_phosphate_plate5.tif,1,848.000,848,848
15429,F8_01_1_2_Chlorophyll_A_001_phosphate_plate5.tif,1,784.000,784,784
15430,F8_01_1_2_Chlorophyll_A_001_phosphate_plate5.tif,3,874.667,768,944
15431,F8_01_1_2_Chlorophyll_A_001_phosphate_plate5.tif,1,768.000,768,768
15432,F8_01_1_2_Chlorophyll_A_001_phosphate_plate5.tif,3,853.333,768,992
15433,F8_01_1_2_Chlorophyll_A_001_phosphate_plate5.tif,1,800.000,800,800
15434,F8_01_1_2_Chlorophyll_A_001_phosphate_plate5.tif,2,896.000,848,944
15435,F8_01_1_2_Chlorophyll_A_001_phosphate_plate5.tif,1,848.000,848,848
15436,F8_01_1_2_Chlorophyll_A_001_phosphate_plate5.tif,1,832.000,832,832
15437,F8_01_1_2_Chlorophyll_A_001_phosphate_plate5.tif,1,880.000,880,880
15438,F8_01_1_2_Chlorophyll_A_001_phosphate_plate5.tif,1,784.000,784,784
15439,F8_01_1_2_Chlorophyll_A_001_phosphate_plate5.tif,10,843.200,768,1008
15440,F8_01_1_2_Chlorophyll_A_001_phosphate_plate5.tif,1,800.000,800,800
15441,F8_01_1_2_Chlorophyll_A_001_phosphate_plate5.tif,1,832.000,832,832
15442,F8_01_1_2_Chlorophyll_A_001_phosphate_plate5.tif,1,800.000,800,800
15443,F8_01_1_2_Chlorophyll_A_001_phosphate_plate5.tif,1,784.000,784,784
15444,F8_01_1_2_Chlorophyll_A_001_phosphate_plate5.tif,1,864.000,864,864
15445,F8_01_1_2_Chlorophyll_A_001_phosphate_plate5.tif,4,780.000,768,800
15446,F8_01_1_2_Chlorophyll_A_001_phosphate_plate5.tif,1,784.000,784,784
15447,F8_01_1_2_Chlorophyll_A_001_phosphate_plate5.tif,2,888.000,784,992
15448,F8_01_1_2_Chlorophyll_A_001_phosphate_plate5.tif,2,824.000,768,880
15449,F8_01_1_2_Chlorophyll_A_001_phosphate_plate5.tif,1,832.000,832,832
15450,F8_01_1_2_Chlorophyll_A_001_phosphate_plate5.tif,1,880.000,880,880
15451,F8_01_1_2_Chlorophyll_A_001_phosphate_plate5.tif,2,776.000,768,784
15452,F8_01_1_2_Chlorophyll_A_001_phosphate_plate5.tif,1,928.000,928,928
15453,F8_01_1_2_Chlorophyll_A_001_phosphate_plate5.tif,1,848.000,848,848
15454,F8_01_1_2_Chlorophyll_A_001_phosphate_plate5.tif,2,776.000,768,784
15455,F8_01_1_2_Chlorophyll_A_001_phosphate_plate5.tif,1,784.000,784,784
15456,F8_01_1_2_Chlorophyll_A_001_phosphate_plate5.tif,1,768.000,768,768
15457,F8_01_1_2_Chlorophyll_A_001_phosphate_plate5.tif,1,864.000,864,864
15458,F8_01_1_2_Chlorophyll_A_001_phosphate_plate5.tif,1,832.000,832,832
15459,F8_01_1_2_Chlorophyll_A_001_phosphate_plate5.tif,1,768.000,768,768
15460,F8_01_1_2_Chlorophyll_A_001_phosphate_plate5.tif,1,768.000,768,768
15461,F8_01_1_2_Chlorophyll_A_001_phosphate_plate5.tif,1,784.000,784,784
15462,F8_01_1_2_Chlorophyll_A_001_phosphate_plate5.tif,3,810.667,768,848
15463,F8_01_1_2_Chlorophyll_A_001_phosphate_plate5.tif,1,768.000,768,768
15464,F8_01_1_2_Chlorophyll_A_001_phosphate_plate5.tif,1,784.000,784,784
15465,F8_01_1_2_Chlorophyll_A_001_phosphate_plate5.tif,1,864.000,864,864
15466,F8_01_1_2_Chlorophyll_A_001_phosphate_plate5.tif,1,816.000,816,816
15467,F8_01_1_2_Chlorophyll_A_001_phosphate_plate5.tif,1,800.000,800,800
15468,F8_01_1_2_Chlorophyll_A_001_phosphate_plate5.tif,13,848.000,768,992
15469,F8_01_1_2_Chlorophyll_A_001_phosphate_plate5.tif,1,784.000,784,784
15470,F8_01_1_2_Chlorophyll_A_001_phosphate_plate5.tif,44,885.455,768,1088
15471,F8_01_1_2_Chlorophyll_A_001_phosphate_plate5.tif,27,839.704,768,960
15472,F8_01_1_2_Chlorophyll_A_001_phosphate_plate5.tif,14,882.286,768,1056
15473,F8_01_1_2_Chlorophyll_A_001_phosphate_plate5.tif,1,800.000,800,800
15474,F8_01_1_2_Chlorophyll_A_001_phosphate_plate5.tif,22,829.818,768,912
15475,F8_01_1_2_Chlorophyll_A_001_phosphate_plate5.tif,1,864.000,864,864
15476,F8_01_1_2_Chlorophyll_A_001_phosphate_plate5.tif,28,842.857,768,1024
15477,F8_01_1_2_Chlorophyll_A_001_phosphate_plate5.tif,3,810.667,768,896
15478,F8_01_1_2_Chlorophyll_A_001_phosphate_plate5.tif,1,816.000,816,816
15479,F8_01_1_2_Chlorophyll_A_001_phosphate_plate5.tif,1,896.000,896,896
15480,F8_01_1_2_Chlorophyll_A_001_phosphate_plate5.tif,1,816.000,816,816
15481,F8_01_1_2_Chlorophyll_A_001_phosphate_plate5.tif,3,784.000,768,800
15482,F8_01_1_2_Chlorophyll_A_001_phosphate_plate5.tif,1,816.000,816,816
15483,F8_01_1_2_Chlorophyll_A_001_phosphate_plate5.tif,1,800.000,800,800
15484,F8_01_1_2_Chlorophyll_A_001_phosphate_plate5.tif,1,816.000,816,816
15485,F8_01_1_2_Chlorophyll_A_001_phosphate_plate5.tif,3,821.333,800,832
15486,F8_01_1_2_Chlorophyll_A_001_phosphate_plate5.tif,1,816.000,816,816
15487,F8_01_1_2_Chlorophyll_A_001_phosphate_plate5.tif,1,864.000,864,864
15488,F8_01_1_2_Chlorophyll_A_001_phosphate_plate5.tif,1,848.000,848,848
15489,F8_01_1_2_Chlorophyll_A_001_phosphate_plate5.tif,1,992.000,992,992
15490,F8_01_1_2_Chlorophyll_A_001_phosphate_plate5.tif,2,976.000,944,1008
15491,F8_01_1_2_Chlorophyll_A_001_phosphate_plate5.tif,2,864.000,832,896
15492,F8_01_1_2_Chlorophyll_A_001_phosphate_plate5.tif,3,842.667,816,864
15493,F8_01_1_2_Chlorophyll_A_001_phosphate_plate5.tif,1,784.000,784,784
15494,F8_01_1_2_Chlorophyll_A_001_phosphate_plate5.tif,7,834.286,768,928
15495,F8_01_1_2_Chlorophyll_A_001_phosphate_plate5.tif,1,800.000,800,800
15496,F8_01_1_2_Chlorophyll_A_001_phosphate_plate5.tif,3,837.333,800,912
15497,F8_01_1_2_Chlorophyll_A_001_phosphate_plate5.tif,3,794.667,768,848
15498,F8_01_1_2_Chlorophyll_A_001_phosphate_plate5.tif,1,848.000,848,848
15499,F8_01_1_2_Chlorophyll_A_001_phosphate_plate5.tif,1,800.000,800,800
15500,F8_01_1_2_Chlorophyll_A_001_phosphate_plate5.tif,2,768.000,768,768
15501,F8_01_1_2_Chlorophyll_A_001_phosphate_plate5.tif,3,778.667,768,784
15502,F8_01_1_2_Chlorophyll_A_001_phosphate_plate5.tif,1,784.000,784,784
15503,F8_01_1_2_Chlorophyll_A_001_phosphate_plate5.tif,1,768.000,768,768
15504,F8_01_1_2_Chlorophyll_A_001_phosphate_plate5.tif,1,864.000,864,864
15505,F8_01_1_2_Chlorophyll_A_001_phosphate_plate5.tif,1,800.000,800,800
15506,F8_01_1_2_Chlorophyll_A_001_phosphate_plate5.tif,2,792.000,784,800
15507,F8_01_1_2_Chlorophyll_A_001_phosphate_plate5.tif,1,816.000,816,816
15508,F8_01_1_2_Chlorophyll_A_001_phosphate_plate5.tif,1,832.000,832,832
15509,F8_01_1_2_Chlorophyll_A_001_phosphate_plate5.tif,1,800.000,800,800
15510,F8_01_1_2_Chlorophyll_A_001_phosphate_plate5.tif,1,848.000,848,848
15511,F8_01_1_2_Chlorophyll_A_001_phosphate_plate5.tif,1,784.000,784,784
15512,F8_01_1_2_Chlorophyll_A_001_phosphate_plate5.tif,1,864.000,864,864
15513,F8_01_1_2_Chlorophyll_A_001_phosphate_plate5.tif,1,768.000,768,768
15514,F8_01_1_2_Chlorophyll_A_001_phosphate_plate5.tif,1,784.000,784,784
15515,F8_01_1_2_Chlorophyll_A_001_phosphate_plate5.tif,1,784.000,784,784
15516,F8_01_1_2_Chlorophyll_A_001_phosphate_plate5.tif,1,784.000,784,784
15517,F8_01_1_2_Chlorophyll_A_001_phosphate_plate5.tif,1,768.000,768,768
15518,F8_01_1_2_Chlorophyll_A_001_phosphate_plate5.tif,1,768.000,768,768
15519,F8_01_1_2_Chlorophyll_A_001_phosphate_plate5.tif,2,832.000,784,880
15520,F8_01_1_2_Chlorophyll_A_001_phosphate_plate5.tif,1,768.000,768,768
15521,F8_01_1_2_Chlorophyll_A_001_phosphate_plate5.tif,1,832.000,832,832
15522,F8_01_1_2_Chlorophyll_A_001_phosphate_plate5.tif,1,800.000,800,800
15523,F8_01_1_2_Chlorophyll_A_001_phosphate_plate5.tif,1,880.000,880,880
15524,F8_01_1_2_Chlorophyll_A_001_phosphate_plate5.tif,1,800.000,800,800
15525,F8_01_1_2_Chlorophyll_A_001_phosphate_plate5.tif,1,784.000,784,784
15526,F8_01_1_2_Chlorophyll_A_001_phosphate_plate5.tif,1,784.000,784,784
15527,F8_01_1_2_Chlorophyll_A_001_phosphate_plate5.tif,1,944.000,944,944
15528,F8_01_1_2_Chlorophyll_A_001_phosphate_plate5.tif,5,803.200,768,832
15529,F8_01_1_2_Chlorophyll_A_001_phosphate_plate5.tif,1,976.000,976,976
15530,F8_01_1_2_Chlorophyll_A_001_phosphate_plate5.tif,1,928.000,928,928
15531,F8_01_1_2_Chlorophyll_A_001_phosphate_plate5.tif,1,768.000,768,768
15532,F8_01_1_2_Chlorophyll_A_001_phosphate_plate5.tif,79,876.152,768,1168
15533,F8_01_1_2_Chlorophyll_A_001_phosphate_plate5.tif,21,851.048,768,960
15534,F8_01_1_2_Chlorophyll_A_001_phosphate_plate5.tif,41,877.659,768,1088
15535,F8_01_1_2_Chlorophyll_A_001_phosphate_plate5.tif,1,832.000,832,832
15536,F8_01_1_2_Chlorophyll_A_001_phosphate_plate5.tif,2,904.000,848,960
15537,F8_01_1_2_Chlorophyll_A_001_phosphate_plate5.tif,4,808.000,768,864
15538,F8_01_1_2_Chlorophyll_A_001_phosphate_plate5.tif,3,821.333,784,848
15539,F8_01_1_2_Chlorophyll_A_001_phosphate_plate5.tif,1,880.000,880,880
15540,F8_01_1_2_Chlorophyll_A_001_phosphate_plate5.tif,1,896.000,896,896
15541,F8_01_1_2_Chlorophyll_A_001_phosphate_plate5.tif,4,864.000,768,928
15542,F8_01_1_2_Chlorophyll_A_001_phosphate_plate5.tif,2,816.000,800,832
15543,F8_01_1_2_Chlorophyll_A_001_phosphate_plate5.tif,1,832.000,832,832
15544,F8_01_1_2_Chlorophyll_A_001_phosphate_plate5.tif,6,821.333,768,880
15545,F8_01_1_2_Chlorophyll_A_001_phosphate_plate5.tif,1,912.000,912,912
15546,F8_01_1_2_Chlorophyll_A_001_phosphate_plate5.tif,1,960.000,960,960
15547,F8_01_1_2_Chlorophyll_A_001_phosphate_plate5.tif,1,976.000,976,976
15548,F8_01_1_2_Chlorophyll_A_001_phosphate_plate5.tif,1,880.000,880,880
15549,F8_01_1_2_Chlorophyll_A_001_phosphate_plate5.tif,6,826.667,784,912
15550,F8_01_1_2_Chlorophyll_A_001_phosphate_plate5.tif,1,896.000,896,896
15551,F8_01_1_2_Chlorophyll_A_001_phosphate_plate5.tif,1,816.000,816,816
15552,F8_01_1_2_Chlorophyll_A_001_phosphate_plate5.tif,3,832.000,784,912
15553,F8_01_1_2_Chlorophyll_A_001_phosphate_plate5.tif,2,864.000,848,880
15554,F8_01_1_2_Chlorophyll_A_001_phosphate_plate5.tif,2,784.000,768,800
15555,F8_01_1_2_Chlorophyll_A_001_phosphate_plate5.tif,2,832.000,800,864
15556,F8_01_1_2_Chlorophyll_A_001_phosphate_plate5.tif,1,768.000,768,768
15557,F8_01_1_2_Chlorophyll_A_001_phosphate_plate5.tif,1,848.000,848,848
15558,F8_01_1_2_Chlorophyll_A_001_phosphate_plate5.tif,2,832.000,832,832
15559,F8_01_1_2_Chlorophyll_A_001_phosphate_plate5.tif,1,768.000,768,768
15560,F8_01_1_2_Chlorophyll_A_001_phosphate_plate5.tif,4,840.000,800,880
15561,F8_01_1_2_Chlorophyll_A_001_phosphate_plate5.tif,2,848.000,816,880
15562,F8_01_1_2_Chlorophyll_A_001_phosphate_plate5.tif,2,840.000,768,912
15563,F8_01_1_2_Chlorophyll_A_001_phosphate_plate5.tif,4,788.000,768,800
15564,F8_01_1_2_Chlorophyll_A_001_phosphate_plate5.tif,1,768.000,768,768
15565,F8_01_1_2_Chlorophyll_A_001_phosphate_plate5.tif,2,816.000,800,832
15566,F8_01_1_2_Chlorophyll_A_001_phosphate_plate5.tif,1,800.000,800,800
15567,F8_01_1_2_Chlorophyll_A_001_phosphate_plate5.tif,1,784.000,784,784
15568,F8_01_1_2_Chlorophyll_A_001_phosphate_plate5.tif,2,856.000,848,864
15569,F8_01_1_2_Chlorophyll_A_001_phosphate_plate5.tif,1,768.000,768,768
15570,F8_01_1_2_Chlorophyll_A_001_phosphate_plate5.tif,2,872.000,784,960
15571,F8_01_1_2_Chlorophyll_A_001_phosphate_plate5.tif,1,768.000,768,768
15572,F8_01_1_2_Chlorophyll_A_001_phosphate_plate5.tif,1,880.000,880,880
15573,F8_01_1_2_Chlorophyll_A_001_phosphate_plate5.tif,2,808.000,768,848
15574,F8_01_1_2_Chlorophyll_A_001_phosphate_plate5.tif,2,808.000,800,816
15575,F8_01_1_2_Chlorophyll_A_001_phosphate_plate5.tif,1,864.000,864,864
15576,F8_01_1_2_Chlorophyll_A_001_phosphate_plate5.tif,2,776.000,768,784
15577,F8_01_1_2_Chlorophyll_A_001_phosphate_plate5.tif,1,784.000,784,784
15578,F8_01_1_2_Chlorophyll_A_001_phosphate_plate5.tif,1,880.000,880,880
15579,F8_01_1_2_Chlorophyll_A_001_phosphate_plate5.tif,2,816.000,784,848
15580,F8_01_1_2_Chlorophyll_A_001_phosphate_plate5.tif,1,784.000,784,784
15581,F8_01_1_2_Chlorophyll_A_001_phosphate_plate5.tif,1,848.000,848,848
15582,F8_01_1_2_Chlorophyll_A_001_phosphate_plate5.tif,2,792.000,784,800
15583,F8_01_1_2_Chlorophyll_A_001_phosphate_plate5.tif,1,800.000,800,800
15584,F8_01_1_2_Chlorophyll_A_001_phosphate_plate5.tif,1,800.000,800,800
15585,F8_01_1_2_Chlorophyll_A_001_phosphate_plate5.tif,1,848.000,848,848
15586,F8_01_1_2_Chlorophyll_A_001_phosphate_plate5.tif,10,812.800,768,880
15587,F8_01_1_2_Chlorophyll_A_001_phosphate_plate5.tif,4,860.000,816,896
15588,F8_01_1_2_Chlorophyll_A_001_phosphate_plate5.tif,1,1008.000,1008,1008
15589,F8_01_1_2_Chlorophyll_A_001_phosphate_plate5.tif,22,899.636,768,1088
15590,F8_01_1_2_Chlorophyll_A_001_phosphate_plate5.tif,19,881.684,768,1072
15591,F8_01_1_2_Chlorophyll_A_001_phosphate_plate5.tif,1,864.000,864,864
15592,F8_01_1_2_Chlorophyll_A_001_phosphate_plate5.tif,36,865.778,768,1104
15593,F8_01_1_2_Chlorophyll_A_001_phosphate_plate5.tif,8,876.000,784,960
15594,F8_01_1_2_Chlorophyll_A_001_phosphate_plate5.tif,53,827.472,768,1072
15595,F8_01_1_2_Chlorophyll_A_001_phosphate_plate5.tif,1,928.000,928,928
15596,F8_01_1_2_Chlorophyll_A_001_phosphate_plate5.tif,1,928.000,928,928
15597,F8_01_1_2_Chlorophyll_A_001_phosphate_plate5.tif,9,828.444,768,928
15598,F8_01_1_2_Chlorophyll_A_001_phosphate_plate5.tif,1,880.000,880,880
15599,F8_01_1_2_Chlorophyll_A_001_phosphate_plate5.tif,3,821.333,784,880
15600,F8_01_1_2_Chlorophyll_A_001_phosphate_plate5.tif,5,848.000,768,912
15601,F8_01_1_2_Chlorophyll_A_001_phosphate_plate5.tif,3,805.333,784,832
15602,F8_01_1_2_Chlorophyll_A_001_phosphate_plate5.tif,1,864.000,864,864
15603,F8_01_1_2_Chlorophyll_A_001_phosphate_plate5.tif,1,768.000,768,768
15604,F8_01_1_2_Chlorophyll_A_001_phosphate_plate5.tif,1,784.000,784,784
15605,F8_01_1_2_Chlorophyll_A_001_phosphate_plate5.tif,1,960.000,960,960
15606,F8_01_1_2_Chlorophyll_A_001_phosphate_plate5.tif,3,778.667,768,784
15607,F8_01_1_2_Chlorophyll_A_001_phosphate_plate5.tif,1,848.000,848,848
15608,F8_01_1_2_Chlorophyll_A_001_phosphate_plate5.tif,3,821.333,800,864
15609,F8_01_1_2_Chlorophyll_A_001_phosphate_plate5.tif,1,960.000,960,960
15610,F8_01_1_2_Chlorophyll_A_001_phosphate_plate5.tif,1,768.000,768,768
15611,F8_01_1_2_Chlorophyll_A_001_phosphate_plate5.tif,1,784.000,784,784
15612,F8_01_1_2_Chlorophyll_A_001_phosphate_plate5.tif,2,872.000,784,960
15613,F8_01_1_2_Chlorophyll_A_001_phosphate_plate5.tif,2,824.000,784,864
15614,F8_01_1_2_Chlorophyll_A_001_phosphate_plate5.tif,2,880.000,880,880
15615,F8_01_1_2_Chlorophyll_A_001_phosphate_plate5.tif,4,816.000,768,944
15616,F8_01_1_2_Chlorophyll_A_001_phosphate_plate5.tif,2,832.000,800,864
15617,F8_01_1_2_Chlorophyll_A_001_phosphate_plate5.tif,7,848.000,768,896
15618,F8_01_1_2_Chlorophyll_A_001_phosphate_plate5.tif,1,832.000,832,832
15619,F8_01_1_2_Chlorophyll_A_001_phosphate_plate5.tif,2,824.000,800,848
15620,F8_01_1_2_Chlorophyll_A_001_phosphate_plate5.tif,1,768.000,768,768
15621,F8_01_1_2_Chlorophyll_A_001_phosphate_plate5.tif,2,824.000,816,832
15622,F8_01_1_2_Chlorophyll_A_001_phosphate_plate5.tif,1,768.000,768,768
15623,F8_01_1_2_Chlorophyll_A_001_phosphate_plate5.tif,1,896.000,896,896
15624,F8_01_1_2_Chlorophyll_A_001_phosphate_plate5.tif,1,784.000,784,784
15625,F8_01_1_2_Chlorophyll_A_001_phosphate_plate5.tif,1,800.000,800,800
15626,F8_01_1_2_Chlorophyll_A_001_phosphate_plate5.tif,1,864.000,864,864
15627,F8_01_1_2_Chlorophyll_A_001_phosphate_plate5.tif,1,784.000,784,784
15628,F8_01_1_2_Chlorophyll_A_001_phosphate_plate5.tif,1,848.000,848,848
15629,F8_01_1_2_Chlorophyll_A_001_phosphate_plate5.tif,1,832.000,832,832
15630,F8_01_1_2_Chlorophyll_A_001_phosphate_plate5.tif,1,800.000,800,800
15631,F8_01_1_2_Chlorophyll_A_001_phosphate_plate5.tif,1,848.000,848,848
15632,F8_01_1_2_Chlorophyll_A_001_phosphate_plate5.tif,1,912.000,912,912
15633,F8_01_1_2_Chlorophyll_A_001_phosphate_plate5.tif,1,784.000,784,784
15634,F8_01_1_2_Chlorophyll_A_001_phosphate_plate5.tif,1,800.000,800,800
15635,F8_01_1_2_Chlorophyll_A_001_phosphate_plate5.tif,1,848.000,848,848
15636,F8_01_1_2_Chlorophyll_A_001_phosphate_plate5.tif,1,816.000,816,816
15637,F8_01_1_2_Chlorophyll_A_001_phosphate_plate5.tif,1,800.000,800,800
15638,F8_01_1_2_Chlorophyll_A_001_phosphate_plate5.tif,2,856.000,848,864
15639,F8_01_1_2_Chlorophyll_A_001_phosphate_plate5.tif,1,832.000,832,832
15640,F8_01_1_2_Chlorophyll_A_001_phosphate_plate5.tif,2,848.000,784,912
15641,F8_01_1_2_Chlorophyll_A_001_phosphate_plate5.tif,1,864.000,864,864
15642,F8_01_1_2_Chlorophyll_A_001_phosphate_plate5.tif,1,928.000,928,928
15643,F8_01_1_2_Chlorophyll_A_001_phosphate_plate5.tif,1,944.000,944,944
15644,F8_01_1_2_Chlorophyll_A_001_phosphate_plate5.tif,1,768.000,768,768
15645,F8_01_1_2_Chlorophyll_A_001_phosphate_plate5.tif,1,784.000,784,784
15646,F8_01_1_2_Chlorophyll_A_001_phosphate_plate5.tif,1,768.000,768,768
15647,F8_01_1_2_Chlorophyll_A_001_phosphate_plate5.tif,2,808.000,768,848
15648,F8_01_1_2_Chlorophyll_A_001_phosphate_plate5.tif,2,808.000,800,816
15649,F8_01_1_2_Chlorophyll_A_001_phosphate_plate5.tif,1,784.000,784,784
15650,F8_01_1_2_Chlorophyll_A_001_phosphate_plate5.tif,1,848.000,848,848
15651,F8_01_1_2_Chlorophyll_A_001_phosphate_plate5.tif,1,784.000,784,784
15652,F8_01_1_2_Chlorophyll_A_001_phosphate_plate5.tif,4,820.000,784,848
15653,F8_01_1_2_Chlorophyll_A_001_phosphate_plate5.tif,1,864.000,864,864
15654,F8_01_1_2_Chlorophyll_A_001_phosphate_plate5.tif,2,832.000,784,880
15655,F8_01_1_2_Chlorophyll_A_001_phosphate_plate5.tif,4,944.000,880,992
15656,F8_01_1_2_Chlorophyll_A_001_phosphate_plate5.tif,66,885.576,768,1120
15657,F8_01_1_2_Chlorophyll_A_001_phosphate_plate5.tif,7,813.714,784,848
15658,F8_01_1_2_Chlorophyll_A_001_phosphate_plate5.tif,37,869.622,768,1024
15659,F8_01_1_2_Chlorophyll_A_001_phosphate_plate5.tif,50,872.000,768,1184
15660,F8_01_1_2_Chlorophyll_A_001_phosphate_plate5.tif,1,848.000,848,848
15661,F8_01_1_2_Chlorophyll_A_001_phosphate_plate5.tif,10,820.800,768,928
15662,F8_01_1_2_Chlorophyll_A_001_phosphate_plate5.tif,1,800.000,800,800
15663,F8_01_1_2_Chlorophyll_A_001_phosphate_plate5.tif,1,864.000,864,864
15664,F8_01_1_2_Chlorophyll_A_001_phosphate_plate5.tif,1,768.000,768,768
15665,F8_01_1_2_Chlorophyll_A_001_phosphate_plate5.tif,2,792.000,784,800
15666,F8_01_1_2_Chlorophyll_A_001_phosphate_plate5.tif,5,873.600,784,960
15667,F8_01_1_2_Chlorophyll_A_001_phosphate_plate5.tif,1,944.000,944,944
15668,F8_01_1_2_Chlorophyll_A_001_phosphate_plate5.tif,1,848.000,848,848
15669,F8_01_1_2_Chlorophyll_A_001_phosphate_plate5.tif,1,768.000,768,768
15670,F8_01_1_2_Chlorophyll_A_001_phosphate_plate5.tif,5,848.000,800,880
15671,F8_01_1_2_Chlorophyll_A_001_phosphate_plate5.tif,3,800.000,784,816
15672,F8_01_1_2_Chlorophyll_A_001_phosphate_plate5.tif,6,840.000,768,976
15673,F8_01_1_2_Chlorophyll_A_001_phosphate_plate5.tif,2,840.000,816,864
15674,F8_01_1_2_Chlorophyll_A_001_phosphate_plate5.tif,6,853.333,784,944
15675,F8_01_1_2_Chlorophyll_A_001_phosphate_plate5.tif,3,832.000,768,896
15676,F8_01_1_2_Chlorophyll_A_001_phosphate_plate5.tif,2,792.000,784,800
15677,F8_01_1_2_Chlorophyll_A_001_phosphate_plate5.tif,1,848.000,848,848
15678,F8_01_1_2_Chlorophyll_A_001_phosphate_plate5.tif,6,816.000,784,880
15679,F8_01_1_2_Chlorophyll_A_001_phosphate_plate5.tif,2,792.000,768,816
15680,F8_01_1_2_Chlorophyll_A_001_phosphate_plate5.tif,4,796.000,768,864
15681,F8_01_1_2_Chlorophyll_A_001_phosphate_plate5.tif,1,832.000,832,832
15682,F8_01_1_2_Chlorophyll_A_001_phosphate_plate5.tif,1,800.000,800,800
15683,F8_01_1_2_Chlorophyll_A_001_phosphate_plate5.tif,1,784.000,784,784
15684,F8_01_1_2_Chlorophyll_A_001_phosphate_plate5.tif,1,768.000,768,768
15685,F8_01_1_2_Chlorophyll_A_001_phosphate_plate5.tif,2,808.000,784,832
15686,F8_01_1_2_Chlorophyll_A_001_phosphate_plate5.tif,2,832.000,832,832
15687,F8_01_1_2_Chlorophyll_A_001_phosphate_plate5.tif,2,824.000,800,848
15688,F8_01_1_2_Chlorophyll_A_001_phosphate_plate5.tif,1,784.000,784,784
15689,F8_01_1_2_Chlorophyll_A_001_phosphate_plate5.tif,2,808.000,784,832
15690,F8_01_1_2_Chlorophyll_A_001_phosphate_plate5.tif,1,800.000,800,800
15691,F8_01_1_2_Chlorophyll_A_001_phosphate_plate5.tif,2,784.000,768,800
15692,F8_01_1_2_Chlorophyll_A_001_phosphate_plate5.tif,1,784.000,784,784
15693,F8_01_1_2_Chlorophyll_A_001_phosphate_plate5.tif,2,928.000,784,1072
15694,F8_01_1_2_Chlorophyll_A_001_phosphate_plate5.tif,1,768.000,768,768
15695,F8_01_1_2_Chlorophyll_A_001_phosphate_plate5.tif,1,768.000,768,768
15696,F8_01_1_2_Chlorophyll_A_001_phosphate_plate5.tif,1,976.000,976,976
15697,F8_01_1_2_Chlorophyll_A_001_phosphate_plate5.tif,2,816.000,784,848
15698,F8_01_1_2_Chlorophyll_A_001_phosphate_plate5.tif,2,872.000,832,912
15699,F8_01_1_2_Chlorophyll_A_001_phosphate_plate5.tif,1,768.000,768,768
15700,F8_01_1_2_Chlorophyll_A_001_phosphate_plate5.tif,1,848.000,848,848
15701,F8_01_1_2_Chlorophyll_A_001_phosphate_plate5.tif,4,864.000,800,928
15702,F8_01_1_2_Chlorophyll_A_001_phosphate_plate5.tif,3,784.000,784,784
15703,F8_01_1_2_Chlorophyll_A_001_phosphate_plate5.tif,1,784.000,784,784
15704,F8_01_1_2_Chlorophyll_A_001_phosphate_plate5.tif,1,768.000,768,768
15705,F8_01_1_2_Chlorophyll_A_001_phosphate_plate5.tif,3,853.333,832,880
15706,F8_01_1_2_Chlorophyll_A_001_phosphate_plate5.tif,1,864.000,864,864
15707,F8_01_1_2_Chlorophyll_A_001_phosphate_plate5.tif,1,784.000,784,784
15708,F8_01_1_2_Chlorophyll_A_001_phosphate_plate5.tif,51,893.490,768,1088
15709,F8_01_1_2_Chlorophyll_A_001_phosphate_plate5.tif,2,880.000,816,944
15710,F8_01_1_2_Chlorophyll_A_001_phosphate_plate5.tif,1,800.000,800,800
15711,F8_01_1_2_Chlorophyll_A_001_phosphate_plate5.tif,1,784.000,784,784
15712,F8_01_1_2_Chlorophyll_A_001_phosphate_plate5.tif,1,800.000,800,800
15713,F8_01_1_2_Chlorophyll_A_001_phosphate_plate5.tif,1,912.000,912,912
15714,F8_01_1_2_Chlorophyll_A_001_phosphate_plate5.tif,2,936.000,848,1024
15715,F8_01_1_2_Chlorophyll_A_001_phosphate_plate5.tif,2,768.000,768,768
15716,F8_01_1_2_Chlorophyll_A_001_phosphate_plate5.tif,3,880.000,784,976
15717,F8_01_1_2_Chlorophyll_A_001_phosphate_plate5.tif,1,992.000,992,992
15718,F8_01_1_2_Chlorophyll_A_001_phosphate_plate5.tif,4,836.000,784,912
15719,F8_01_1_2_Chlorophyll_A_001_phosphate_plate5.tif,1,864.000,864,864
15720,F8_01_1_2_Chlorophyll_A_001_phosphate_plate5.tif,4,824.000,784,880
15721,F8_01_1_2_Chlorophyll_A_001_phosphate_plate5.tif,1,816.000,816,816
15722,F8_01_1_2_Chlorophyll_A_001_phosphate_plate5.tif,5,832.000,768,944
15723,F8_01_1_2_Chlorophyll_A_001_phosphate_plate5.tif,1,832.000,832,832
15724,F8_01_1_2_Chlorophyll_A_001_phosphate_plate5.tif,1,1008.000,1008,1008
15725,F8_01_1_2_Chlorophyll_A_001_phosphate_plate5.tif,4,892.000,800,1008
15726,F8_01_1_2_Chlorophyll_A_001_phosphate_plate5.tif,1,800.000,800,800
15727,F8_01_1_2_Chlorophyll_A_001_phosphate_plate5.tif,1,816.000,816,816
15728,F8_01_1_2_Chlorophyll_A_001_phosphate_plate5.tif,1,784.000,784,784
15729,F8_01_1_2_Chlorophyll_A_001_phosphate_plate5.tif,1,848.000,848,848
15730,F8_01_1_2_Chlorophyll_A_001_phosphate_plate5.tif,1,784.000,784,784
15731,F8_01_1_2_Chlorophyll_A_001_phosphate_plate5.tif,1,768.000,768,768
15732,F8_01_1_2_Chlorophyll_A_001_phosphate_plate5.tif,2,784.000,768,800
15733,F8_01_1_2_Chlorophyll_A_001_phosphate_plate5.tif,1,784.000,784,784
15734,F8_01_1_2_Chlorophyll_A_001_phosphate_plate5.tif,1,816.000,816,816
15735,F8_01_1_2_Chlorophyll_A_001_phosphate_plate5.tif,2,784.000,768,800
15736,F8_01_1_2_Chlorophyll_A_001_phosphate_plate5.tif,1,800.000,800,800
15737,F8_01_1_2_Chlorophyll_A_001_phosphate_plate5.tif,2,864.000,784,944
15738,F8_01_1_2_Chlorophyll_A_001_phosphate_plate5.tif,3,821.333,768,864
15739,F8_01_1_2_Chlorophyll_A_001_phosphate_plate5.tif,2,824.000,768,880
15740,F8_01_1_2_Chlorophyll_A_001_phosphate_plate5.tif,2,912.000,896,928
15741,F8_01_1_2_Chlorophyll_A_001_phosphate_plate5.tif,1,784.000,784,784
15742,F8_01_1_2_Chlorophyll_A_001_phosphate_plate5.tif,4,816.000,800,864
15743,F8_01_1_2_Chlorophyll_A_001_phosphate_plate5.tif,2,856.000,768,944
15744,F8_01_1_2_Chlorophyll_A_001_phosphate_plate5.tif,1,832.000,832,832
15745,F8_01_1_2_Chlorophyll_A_001_phosphate_plate5.tif,1,800.000,800,800
15746,F8_01_1_2_Chlorophyll_A_001_phosphate_plate5.tif,2,824.000,800,848
15747,F8_01_1_2_Chlorophyll_A_001_phosphate_plate5.tif,1,768.000,768,768
15748,F8_01_1_2_Chlorophyll_A_001_phosphate_plate5.tif,1,800.000,800,800
15749,F8_01_1_2_Chlorophyll_A_001_phosphate_plate5.tif,1,1024.000,1024,1024
15750,F8_01_1_2_Chlorophyll_A_001_phosphate_plate5.tif,1,784.000,784,784
15751,F8_01_1_2_Chlorophyll_A_001_phosphate_plate5.tif,1,768.000,768,768
15752,F8_01_1_2_Chlorophyll_A_001_phosphate_plate5.tif,1,832.000,832,832
15753,F8_01_1_2_Chlorophyll_A_001_phosphate_plate5.tif,1,848.000,848,848
15754,F8_01_1_2_Chlorophyll_A_001_phosphate_plate5.tif,1,848.000,848,848
15755,F8_01_1_2_Chlorophyll_A_001_phosphate_plate5.tif,1,960.000,960,960
15756,F8_01_1_2_Chlorophyll_A_001_phosphate_plate5.tif,1,768.000,768,768
15757,F8_01_1_2_Chlorophyll_A_001_phosphate_plate5.tif,1,832.000,832,832
15758,F8_01_1_2_Chlorophyll_A_001_phosphate_plate5.tif,1,768.000,768,768
15759,F8_01_1_2_Chlorophyll_A_001_phosphate_plate5.tif,2,888.000,880,896
15760,F8_01_1_2_Chlorophyll_A_001_phosphate_plate5.tif,1,768.000,768,768
15761,F8_01_1_2_Chlorophyll_A_001_phosphate_plate5.tif,1,864.000,864,864
15762,F8_01_1_2_Chlorophyll_A_001_phosphate_plate5.tif,7,804.571,768,864
15763,F8_01_1_2_Chlorophyll_A_001_phosphate_plate5.tif,60,888.000,768,1168
15764,F8_01_1_2_Chlorophyll_A_001_phosphate_plate5.tif,98,868.735,768,1104
15765,F8_01_1_2_Chlorophyll_A_001_phosphate_plate5.tif,9,920.889,784,1152
15766,F8_01_1_2_Chlorophyll_A_001_phosphate_plate5.tif,5,915.200,784,1152
15767,F8_01_1_2_Chlorophyll_A_001_phosphate_plate5.tif,5,860.800,768,1072
15768,F8_01_1_2_Chlorophyll_A_001_phosphate_plate5.tif,1,800.000,800,800
15769,F8_01_1_2_Chlorophyll_A_001_phosphate_plate5.tif,4,788.000,768,848
15770,F8_01_1_2_Chlorophyll_A_001_phosphate_plate5.tif,1,896.000,896,896
15771,F8_01_1_2_Chlorophyll_A_001_phosphate_plate5.tif,10,844.800,784,1024
15772,F8_01_1_2_Chlorophyll_A_001_phosphate_plate5.tif,6,816.000,768,880
15773,F8_01_1_2_Chlorophyll_A_001_phosphate_plate5.tif,3,912.000,800,1040
15774,F8_01_1_2_Chlorophyll_A_001_phosphate_plate5.tif,2,848.000,832,864
15775,F8_01_1_2_Chlorophyll_A_001_phosphate_plate5.tif,3,816.000,768,896
15776,F8_01_1_2_Chlorophyll_A_001_phosphate_plate5.tif,1,832.000,832,832
15777,F8_01_1_2_Chlorophyll_A_001_phosphate_plate5.tif,2,824.000,784,864
15778,F8_01_1_2_Chlorophyll_A_001_phosphate_plate5.tif,1,848.000,848,848
15779,F8_01_1_2_Chlorophyll_A_001_phosphate_plate5.tif,2,800.000,800,800
15780,F8_01_1_2_Chlorophyll_A_001_phosphate_plate5.tif,5,819.200,768,880
15781,F8_01_1_2_Chlorophyll_A_001_phosphate_plate5.tif,1,800.000,800,800
15782,F8_01_1_2_Chlorophyll_A_001_phosphate_plate5.tif,8,830.000,768,944
15783,F8_01_1_2_Chlorophyll_A_001_phosphate_plate5.tif,1,816.000,816,816
15784,F8_01_1_2_Chlorophyll_A_001_phosphate_plate5.tif,2,880.000,832,928
15785,F8_01_1_2_Chlorophyll_A_001_phosphate_plate5.tif,1,832.000,832,832
15786,F8_01_1_2_Chlorophyll_A_001_phosphate_plate5.tif,2,904.000,848,960
15787,F8_01_1_2_Chlorophyll_A_001_phosphate_plate5.tif,1,768.000,768,768
15788,F8_01_1_2_Chlorophyll_A_001_phosphate_plate5.tif,1,800.000,800,800
15789,F8_01_1_2_Chlorophyll_A_001_phosphate_plate5.tif,2,792.000,768,816
15790,F8_01_1_2_Chlorophyll_A_001_phosphate_plate5.tif,1,784.000,784,784
15791,F8_01_1_2_Chlorophyll_A_001_phosphate_plate5.tif,1,768.000,768,768
15792,F8_01_1_2_Chlorophyll_A_001_phosphate_plate5.tif,2,808.000,784,832
15793,F8_01_1_2_Chlorophyll_A_001_phosphate_plate5.tif,1,960.000,960,960
15794,F8_01_1_2_Chlorophyll_A_001_phosphate_plate5.tif,1,784.000,784,784
15795,F8_01_1_2_Chlorophyll_A_001_phosphate_plate5.tif,2,792.000,768,816
15796,F8_01_1_2_Chlorophyll_A_001_phosphate_plate5.tif,1,768.000,768,768
15797,F8_01_1_2_Chlorophyll_A_001_phosphate_plate5.tif,1,800.000,800,800
15798,F8_01_1_2_Chlorophyll_A_001_phosphate_plate5.tif,3,789.333,768,800
15799,F8_01_1_2_Chlorophyll_A_001_phosphate_plate5.tif,1,784.000,784,784
15800,F8_01_1_2_Chlorophyll_A_001_phosphate_plate5.tif,2,800.000,800,800
15801,F8_01_1_2_Chlorophyll_A_001_phosphate_plate5.tif,1,832.000,832,832
15802,F8_01_1_2_Chlorophyll_A_001_phosphate_plate5.tif,1,848.000,848,848
15803,F8_01_1_2_Chlorophyll_A_001_phosphate_plate5.tif,1,816.000,816,816
15804,F8_01_1_2_Chlorophyll_A_001_phosphate_plate5.tif,1,768.000,768,768
15805,F8_01_1_2_Chlorophyll_A_001_phosphate_plate5.tif,1,800.000,800,800
15806,F8_01_1_2_Chlorophyll_A_001_phosphate_plate5.tif,2,816.000,800,832
15807,F8_01_1_2_Chlorophyll_A_001_phosphate_plate5.tif,2,928.000,832,1024
15808,F8_01_1_2_Chlorophyll_A_001_phosphate_plate5.tif,1,960.000,960,960
15809,F8_01_1_2_Chlorophyll_A_001_phosphate_plate5.tif,102,871.686,768,1136
15810,F8_01_1_2_Chlorophyll_A_001_phosphate_plate5.tif,112,885.571,768,1104
15811,F8_01_1_2_Chlorophyll_A_001_phosphate_plate5.tif,52,858.154,768,1056
15812,F8_01_1_2_Chlorophyll_A_001_phosphate_plate5.tif,56,882.571,768,1168
15813,F8_01_1_2_Chlorophyll_A_001_phosphate_plate5.tif,1,848.000,848,848
15814,F8_01_1_2_Chlorophyll_A_001_phosphate_plate5.tif,12,832.000,784,928
15815,F8_01_1_2_Chlorophyll_A_001_phosphate_plate5.tif,3,901.333,768,1136
15816,F8_01_1_2_Chlorophyll_A_001_phosphate_plate5.tif,1,848.000,848,848
15817,F8_01_1_2_Chlorophyll_A_001_phosphate_plate5.tif,1,800.000,800,800
15818,F8_01_1_2_Chlorophyll_A_001_phosphate_plate5.tif,2,872.000,832,912
15819,F8_01_1_2_Chlorophyll_A_001_phosphate_plate5.tif,2,896.000,864,928
15820,F8_01_1_2_Chlorophyll_A_001_phosphate_plate5.tif,1,864.000,864,864
15821,F8_01_1_2_Chlorophyll_A_001_phosphate_plate5.tif,4,812.000,768,896
15822,F8_01_1_2_Chlorophyll_A_001_phosphate_plate5.tif,1,832.000,832,832
15823,F8_01_1_2_Chlorophyll_A_001_phosphate_plate5.tif,1,1024.000,1024,1024
15824,F8_01_1_2_Chlorophyll_A_001_phosphate_plate5.tif,4,864.000,768,960
15825,F8_01_1_2_Chlorophyll_A_001_phosphate_plate5.tif,1,784.000,784,784
15826,F8_01_1_2_Chlorophyll_A_001_phosphate_plate5.tif,1,800.000,800,800
15827,F8_01_1_2_Chlorophyll_A_001_phosphate_plate5.tif,1,880.000,880,880
15828,F8_01_1_2_Chlorophyll_A_001_phosphate_plate5.tif,1,784.000,784,784
15829,F8_01_1_2_Chlorophyll_A_001_phosphate_plate5.tif,1,912.000,912,912
15830,F8_01_1_2_Chlorophyll_A_001_phosphate_plate5.tif,1,800.000,800,800
15831,F8_01_1_2_Chlorophyll_A_001_phosphate_plate5.tif,3,821.333,784,864
15832,F8_01_1_2_Chlorophyll_A_001_phosphate_plate5.tif,1,928.000,928,928
15833,F8_01_1_2_Chlorophyll_A_001_phosphate_plate5.tif,1,928.000,928,928
15834,F8_01_1_2_Chlorophyll_A_001_phosphate_plate5.tif,4,788.000,768,800
15835,F8_01_1_2_Chlorophyll_A_001_phosphate_plate5.tif,4,784.000,768,800
15836,F8_01_1_2_Chlorophyll_A_001_phosphate_plate5.tif,1,816.000,816,816
15837,F8_01_1_2_Chlorophyll_A_001_phosphate_plate5.tif,2,808.000,768,848
15838,F8_01_1_2_Chlorophyll_A_001_phosphate_plate5.tif,1,784.000,784,784
15839,F8_01_1_2_Chlorophyll_A_001_phosphate_plate5.tif,1,864.000,864,864
15840,F8_01_1_2_Chlorophyll_A_001_phosphate_plate5.tif,1,864.000,864,864
15841,F8_01_1_2_Chlorophyll_A_001_phosphate_plate5.tif,1,784.000,784,784
15842,F8_01_1_2_Chlorophyll_A_001_phosphate_plate5.tif,1,912.000,912,912
15843,F8_01_1_2_Chlorophyll_A_001_phosphate_plate5.tif,7,818.286,768,880
15844,F8_01_1_2_Chlorophyll_A_001_phosphate_plate5.tif,1,848.000,848,848
15845,F8_01_1_2_Chlorophyll_A_001_phosphate_plate5.tif,1,864.000,864,864
15846,F8_01_1_2_Chlorophyll_A_001_phosphate_plate5.tif,1,864.000,864,864
15847,F8_01_1_2_Chlorophyll_A_001_phosphate_plate5.tif,2,824.000,800,848
15848,F8_01_1_2_Chlorophyll_A_001_phosphate_plate5.tif,1,800.000,800,800
15849,F8_01_1_2_Chlorophyll_A_001_phosphate_plate5.tif,1,784.000,784,784
15850,F8_01_1_2_Chlorophyll_A_001_phosphate_plate5.tif,1,768.000,768,768
15851,F8_01_1_2_Chlorophyll_A_001_phosphate_plate5.tif,1,784.000,784,784
15852,F8_01_1_2_Chlorophyll_A_001_phosphate_plate5.tif,1,784.000,784,784
15853,F8_01_1_2_Chlorophyll_A_001_phosphate_plate5.tif,1,912.000,912,912
15854,F8_01_1_2_Chlorophyll_A_001_phosphate_plate5.tif,1,848.000,848,848
15855,F8_01_1_2_Chlorophyll_A_001_phosphate_plate5.tif,1,800.000,800,800
15856,F8_01_1_2_Chlorophyll_A_001_phosphate_plate5.tif,1,992.000,992,992
15857,F8_01_1_2_Chlorophyll_A_001_phosphate_plate5.tif,1,784.000,784,784
15858,F8_01_1_2_Chlorophyll_A_001_phosphate_plate5.tif,2,824.000,784,864
15859,F8_01_1_2_Chlorophyll_A_001_phosphate_plate5.tif,2,912.000,768,1056
15860,F8_01_1_2_Chlorophyll_A_001_phosphate_plate5.tif,1,768.000,768,768
15861,F8_01_1_2_Chlorophyll_A_001_phosphate_plate5.tif,1,848.000,848,848
15862,F8_01_1_2_Chlorophyll_A_001_phosphate_plate5.tif,1,816.000,816,816
15863,F8_01_1_2_Chlorophyll_A_001_phosphate_plate5.tif,3,821.333,800,848
15864,F8_01_1_2_Chlorophyll_A_001_phosphate_plate5.tif,1,784.000,784,784
15865,F8_01_1_2_Chlorophyll_A_001_phosphate_plate5.tif,29,851.862,768,1104
15866,F8_01_1_2_Chlorophyll_A_001_phosphate_plate5.tif,2,776.000,768,784
15867,F8_01_1_2_Chlorophyll_A_001_phosphate_plate5.tif,2,904.000,816,992
15868,F8_01_1_2_Chlorophyll_A_001_phosphate_plate5.tif,1,848.000,848,848
15869,F8_01_1_2_Chlorophyll_A_001_phosphate_plate5.tif,68,873.176,768,1104
15870,F8_01_1_2_Chlorophyll_A_001_phosphate_plate5.tif,23,874.435,784,1120
15871,F8_01_1_2_Chlorophyll_A_001_phosphate_plate5.tif,44,900.364,768,1136
15872,F8_01_1_2_Chlorophyll_A_001_phosphate_plate5.tif,66,875.636,768,1152
15873,F8_01_1_2_Chlorophyll_A_001_phosphate_plate5.tif,2,952.000,848,1056
15874,F8_01_1_2_Chlorophyll_A_001_phosphate_plate5.tif,1,1008.000,1008,1008
15875,F8_01_1_2_Chlorophyll_A_001_phosphate_plate5.tif,1,816.000,816,816
15876,F8_01_1_2_Chlorophyll_A_001_phosphate_plate5.tif,1,880.000,880,880
15877,F8_01_1_2_Chlorophyll_A_001_phosphate_plate5.tif,1,848.000,848,848
15878,F8_01_1_2_Chlorophyll_A_001_phosphate_plate5.tif,1,800.000,800,800
15879,F8_01_1_2_Chlorophyll_A_001_phosphate_plate5.tif,8,802.000,768,832
15880,F8_01_1_2_Chlorophyll_A_001_phosphate_plate5.tif,1,832.000,832,832
15881,F8_01_1_2_Chlorophyll_A_001_phosphate_plate5.tif,3,826.667,784,880
15882,F8_01_1_2_Chlorophyll_A_001_phosphate_plate5.tif,1,832.000,832,832
15883,F8_01_1_2_Chlorophyll_A_001_phosphate_plate5.tif,1,880.000,880,880
15884,F8_01_1_2_Chlorophyll_A_001_phosphate_plate5.tif,1,832.000,832,832
15885,F8_01_1_2_Chlorophyll_A_001_phosphate_plate5.tif,1,768.000,768,768
15886,F8_01_1_2_Chlorophyll_A_001_phosphate_plate5.tif,2,880.000,864,896
15887,F8_01_1_2_Chlorophyll_A_001_phosphate_plate5.tif,1,832.000,832,832
15888,F8_01_1_2_Chlorophyll_A_001_phosphate_plate5.tif,2,832.000,784,880
15889,F8_01_1_2_Chlorophyll_A_001_phosphate_plate5.tif,2,792.000,784,800
15890,F8_01_1_2_Chlorophyll_A_001_phosphate_plate5.tif,2,776.000,768,784
15891,F8_01_1_2_Chlorophyll_A_001_phosphate_plate5.tif,1,976.000,976,976
15892,F8_01_1_2_Chlorophyll_A_001_phosphate_plate5.tif,1,880.000,880,880
15893,F8_01_1_2_Chlorophyll_A_001_phosphate_plate5.tif,1,816.000,816,816
15894,F8_01_1_2_Chlorophyll_A_001_phosphate_plate5.tif,2,792.000,784,800
15895,F8_01_1_2_Chlorophyll_A_001_phosphate_plate5.tif,1,800.000,800,800
15896,F8_01_1_2_Chlorophyll_A_001_phosphate_plate5.tif,1,800.000,800,800
15897,F8_01_1_2_Chlorophyll_A_001_phosphate_plate5.tif,3,794.667,784,816
15898,F8_01_1_2_Chlorophyll_A_001_phosphate_plate5.tif,1,800.000,800,800
15899,F8_01_1_2_Chlorophyll_A_001_phosphate_plate5.tif,1,768.000,768,768
15900,F8_01_1_2_Chlorophyll_A_001_phosphate_plate5.tif,1,768.000,768,768
15901,F8_01_1_2_Chlorophyll_A_001_phosphate_plate5.tif,1,800.000,800,800
15902,F8_01_1_2_Chlorophyll_A_001_phosphate_plate5.tif,1,816.000,816,816
15903,F8_01_1_2_Chlorophyll_A_001_phosphate_plate5.tif,1,784.000,784,784
15904,F8_01_1_2_Chlorophyll_A_001_phosphate_plate5.tif,1,768.000,768,768
15905,F8_01_1_2_Chlorophyll_A_001_phosphate_plate5.tif,1,784.000,784,784
15906,F8_01_1_2_Chlorophyll_A_001_phosphate_plate5.tif,1,848.000,848,848
15907,F8_01_1_2_Chlorophyll_A_001_phosphate_plate5.tif,2,872.000,848,896
15908,F8_01_1_2_Chlorophyll_A_001_phosphate_plate5.tif,1,768.000,768,768
15909,F8_01_1_2_Chlorophyll_A_001_phosphate_plate5.tif,2,1000.000,928,1072
15910,F8_01_1_2_Chlorophyll_A_001_phosphate_plate5.tif,1,768.000,768,768
15911,F8_01_1_2_Chlorophyll_A_001_phosphate_plate5.tif,1,768.000,768,768
15912,F8_01_1_2_Chlorophyll_A_001_phosphate_plate5.tif,1,832.000,832,832
15913,F8_01_1_2_Chlorophyll_A_001_phosphate_plate5.tif,1,1104.000,1104,1104
15914,F8_01_1_2_Chlorophyll_A_001_phosphate_plate5.tif,1,944.000,944,944
15915,F8_01_1_2_Chlorophyll_A_001_phosphate_plate5.tif,1,768.000,768,768
15916,F8_01_1_2_Chlorophyll_A_001_phosphate_plate5.tif,1,768.000,768,768
15917,F8_01_1_2_Chlorophyll_A_001_phosphate_plate5.tif,1,768.000,768,768
15918,F8_01_1_2_Chlorophyll_A_001_phosphate_plate5.tif,1,880.000,880,880
15919,F8_01_1_2_Chlorophyll_A_001_phosphate_plate5.tif,1,848.000,848,848
15920,F8_01_1_2_Chlorophyll_A_001_phosphate_plate5.tif,1,816.000,816,816
15921,F8_01_1_2_Chlorophyll_A_001_phosphate_plate5.tif,1,848.000,848,848
15922,F8_01_1_2_Chlorophyll_A_001_phosphate_plate5.tif,1,880.000,880,880
15923,F8_01_1_2_Chlorophyll_A_001_phosphate_plate5.tif,1,1008.000,1008,1008
15924,F8_01_1_2_Chlorophyll_A_001_phosphate_plate5.tif,1,848.000,848,848
15925,F8_01_1_2_Chlorophyll_A_001_phosphate_plate5.tif,2,944.000,864,1024
15926,F8_01_1_2_Chlorophyll_A_001_phosphate_plate5.tif,43,897.488,768,1184
15927,F8_01_1_2_Chlorophyll_A_001_phosphate_plate5.tif,32,903.000,768,1152
15928,F8_01_1_2_Chlorophyll_A_001_phosphate_plate5.tif,2,864.000,816,912
15929,F8_01_1_2_Chlorophyll_A_001_phosphate_plate5.tif,6,840.000,800,912
15930,F8_01_1_2_Chlorophyll_A_001_phosphate_plate5.tif,1,944.000,944,944
15931,F8_01_1_2_Chlorophyll_A_001_phosphate_plate5.tif,16,835.000,768,1008
15932,F8_01_1_2_Chlorophyll_A_001_phosphate_plate5.tif,9,858.667,768,1104
15933,F8_01_1_2_Chlorophyll_A_001_phosphate_plate5.tif,1,912.000,912,912
15934,F8_01_1_2_Chlorophyll_A_001_phosphate_plate5.tif,1,784.000,784,784
15935,F8_01_1_2_Chlorophyll_A_001_phosphate_plate5.tif,1,768.000,768,768
15936,F8_01_1_2_Chlorophyll_A_001_phosphate_plate5.tif,9,858.667,768,1024
15937,F8_01_1_2_Chlorophyll_A_001_phosphate_plate5.tif,3,864.000,816,944
15938,F8_01_1_2_Chlorophyll_A_001_phosphate_plate5.tif,4,824.000,800,864
15939,F8_01_1_2_Chlorophyll_A_001_phosphate_plate5.tif,2,784.000,768,800
15940,F8_01_1_2_Chlorophyll_A_001_phosphate_plate5.tif,3,842.667,784,928
15941,F8_01_1_2_Chlorophyll_A_001_phosphate_plate5.tif,1,832.000,832,832
15942,F8_01_1_2_Chlorophyll_A_001_phosphate_plate5.tif,1,768.000,768,768
15943,F8_01_1_2_Chlorophyll_A_001_phosphate_plate5.tif,2,848.000,800,896
15944,F8_01_1_2_Chlorophyll_A_001_phosphate_plate5.tif,1,784.000,784,784
15945,F8_01_1_2_Chlorophyll_A_001_phosphate_plate5.tif,1,784.000,784,784
15946,F8_01_1_2_Chlorophyll_A_001_phosphate_plate5.tif,1,768.000,768,768
15947,F8_01_1_2_Chlorophyll_A_001_phosphate_plate5.tif,4,832.000,768,896
15948,F8_01_1_2_Chlorophyll_A_001_phosphate_plate5.tif,1,800.000,800,800
15949,F8_01_1_2_Chlorophyll_A_001_phosphate_plate5.tif,1,768.000,768,768
15950,F8_01_1_2_Chlorophyll_A_001_phosphate_plate5.tif,6,861.333,784,928
15951,F8_01_1_2_Chlorophyll_A_001_phosphate_plate5.tif,3,906.667,864,928
15952,F8_01_1_2_Chlorophyll_A_001_phosphate_plate5.tif,4,812.000,768,880
15953,F8_01_1_2_Chlorophyll_A_001_phosphate_plate5.tif,2,792.000,784,800
15954,F8_01_1_2_Chlorophyll_A_001_phosphate_plate5.tif,5,835.200,768,928
15955,F8_01_1_2_Chlorophyll_A_001_phosphate_plate5.tif,1,768.000,768,768
15956,F8_01_1_2_Chlorophyll_A_001_phosphate_plate5.tif,1,800.000,800,800
15957,F8_01_1_2_Chlorophyll_A_001_phosphate_plate5.tif,1,896.000,896,896
15958,F8_01_1_2_Chlorophyll_A_001_phosphate_plate5.tif,2,896.000,864,928
15959,F8_01_1_2_Chlorophyll_A_001_phosphate_plate5.tif,1,800.000,800,800
15960,F8_01_1_2_Chlorophyll_A_001_phosphate_plate5.tif,1,928.000,928,928
15961,F8_01_1_2_Chlorophyll_A_001_phosphate_plate5.tif,1,784.000,784,784
15962,F8_01_1_2_Chlorophyll_A_001_phosphate_plate5.tif,1,800.000,800,800
15963,F8_01_1_2_Chlorophyll_A_001_phosphate_plate5.tif,1,864.000,864,864
15964,F8_01_1_2_Chlorophyll_A_001_phosphate_plate5.tif,1,960.000,960,960
15965,F8_01_1_2_Chlorophyll_A_001_phosphate_plate5.tif,1,816.000,816,816
15966,F8_01_1_2_Chlorophyll_A_001_phosphate_plate5.tif,1,768.000,768,768
15967,F8_01_1_2_Chlorophyll_A_001_phosphate_plate5.tif,1,784.000,784,784
15968,F8_01_1_2_Chlorophyll_A_001_phosphate_plate5.tif,1,800.000,800,800
15969,F8_01_1_2_Chlorophyll_A_001_phosphate_plate5.tif,1,768.000,768,768
15970,F8_01_1_2_Chlorophyll_A_001_phosphate_plate5.tif,1,784.000,784,784
15971,F8_01_1_2_Chlorophyll_A_001_phosphate_plate5.tif,2,904.000,816,992
15972,F8_01_1_2_Chlorophyll_A_001_phosphate_plate5.tif,3,864.000,816,944
15973,F8_01_1_2_Chlorophyll_A_001_phosphate_plate5.tif,7,850.286,800,928
15974,F8_01_1_2_Chlorophyll_A_001_phosphate_plate5.tif,5,819.200,768,912
15975,F8_01_1_2_Chlorophyll_A_001_phosphate_plate5.tif,2,880.000,800,960
15976,F8_01_1_2_Chlorophyll_A_001_phosphate_plate5.tif,5,851.200,768,896
15977,F8_01_1_2_Chlorophyll_A_001_phosphate_plate5.tif,1,832.000,832,832
15978,F8_01_1_2_Chlorophyll_A_001_phosphate_plate5.tif,1,800.000,800,800
15979,F8_01_1_2_Chlorophyll_A_001_phosphate_plate5.tif,5,835.200,768,928
15980,F8_01_1_2_Chlorophyll_A_001_phosphate_plate5.tif,1,848.000,848,848
15981,F8_01_1_2_Chlorophyll_A_001_phosphate_plate5.tif,1,832.000,832,832
15982,F8_01_1_2_Chlorophyll_A_001_phosphate_plate5.tif,1,832.000,832,832
15983,F8_01_1_2_Chlorophyll_A_001_phosphate_plate5.tif,1,832.000,832,832
15984,F8_01_1_2_Chlorophyll_A_001_phosphate_plate5.tif,2,808.000,768,848
15985,F8_01_1_2_Chlorophyll_A_001_phosphate_plate5.tif,5,790.400,768,816
15986,F8_01_1_2_Chlorophyll_A_001_phosphate_plate5.tif,1,880.000,880,880
15987,F8_01_1_2_Chlorophyll_A_001_phosphate_plate5.tif,7,898.286,768,1088
15988,F8_01_1_2_Chlorophyll_A_001_phosphate_plate5.tif,6,840.000,784,896
15989,F8_01_1_2_Chlorophyll_A_001_phosphate_plate5.tif,1,880.000,880,880
15990,F8_01_1_2_Chlorophyll_A_001_phosphate_plate5.tif,1,944.000,944,944
15991,F8_01_1_2_Chlorophyll_A_001_phosphate_plate5.tif,1,896.000,896,896
15992,F8_01_1_2_Chlorophyll_A_001_phosphate_plate5.tif,2,840.000,784,896
15993,F8_01_1_2_Chlorophyll_A_001_phosphate_plate5.tif,1,816.000,816,816
15994,F8_01_1_2_Chlorophyll_A_001_phosphate_plate5.tif,1,864.000,864,864
15995,F8_01_1_2_Chlorophyll_A_001_phosphate_plate5.tif,1,800.000,800,800
15996,F8_01_1_2_Chlorophyll_A_001_phosphate_plate5.tif,1,816.000,816,816
15997,F8_01_1_2_Chlorophyll_A_001_phosphate_plate5.tif,3,826.667,768,896
15998,F8_01_1_2_Chlorophyll_A_001_phosphate_plate5.tif,1,816.000,816,816
15999,F8_01_1_2_Chlorophyll_A_001_phosphate_plate5.tif,1,928.000,928,928
16000,F8_01_1_2_Chlorophyll_A_001_phosphate_plate5.tif,5,832.000,784,864
16001,F8_01_1_2_Chlorophyll_A_001_phosphate_plate5.tif,1,768.000,768,768
16002,F8_01_1_2_Chlorophyll_A_001_phosphate_plate5.tif,3,805.333,768,848
16003,F8_01_1_2_Chlorophyll_A_001_phosphate_plate5.tif,1,816.000,816,816
16004,F8_01_1_2_Chlorophyll_A_001_phosphate_plate5.tif,3,880.000,800,928
16005,F8_01_1_2_Chlorophyll_A_001_phosphate_plate5.tif,1,816.000,816,816
16006,F8_01_1_2_Chlorophyll_A_001_phosphate_plate5.tif,1,768.000,768,768
16007,F8_01_1_2_Chlorophyll_A_001_phosphate_plate5.tif,1,768.000,768,768
16008,F8_01_1_2_Chlorophyll_A_001_phosphate_plate5.tif,2,824.000,800,848
16009,F8_01_1_2_Chlorophyll_A_001_phosphate_plate5.tif,1,816.000,816,816
16010,F8_01_1_2_Chlorophyll_A_001_phosphate_plate5.tif,1,960.000,960,960
16011,F8_01_1_2_Chlorophyll_A_001_phosphate_plate5.tif,2,832.000,800,864
16012,F8_01_1_2_Chlorophyll_A_001_phosphate_plate5.tif,2,768.000,768,768
16013,F8_01_1_2_Chlorophyll_A_001_phosphate_plate5.tif,1,800.000,800,800
16014,F8_01_1_2_Chlorophyll_A_001_phosphate_plate5.tif,2,776.000,768,784
16015,F8_01_1_2_Chlorophyll_A_001_phosphate_plate5.tif,1,800.000,800,800
16016,F8_01_1_2_Chlorophyll_A_001_phosphate_plate5.tif,1,768.000,768,768
16017,F8_01_1_2_Chlorophyll_A_001_phosphate_plate5.tif,1,832.000,832,832
16018,F8_01_1_2_Chlorophyll_A_001_phosphate_plate5.tif,2,816.000,768,864
16019,F8_01_1_2_Chlorophyll_A_001_phosphate_plate5.tif,1,848.000,848,848
16020,F8_01_1_2_Chlorophyll_A_001_phosphate_plate5.tif,2,824.000,816,832
16021,F8_01_1_2_Chlorophyll_A_001_phosphate_plate5.tif,1,800.000,800,800
16022,F8_01_1_2_Chlorophyll_A_001_phosphate_plate5.tif,2,784.000,768,800
16023,F8_01_1_2_Chlorophyll_A_001_phosphate_plate5.tif,6,829.333,768,864
16024,F8_01_1_2_Chlorophyll_A_001_phosphate_plate5.tif,47,902.128,768,1120
16025,F8_01_1_2_Chlorophyll_A_001_phosphate_plate5.tif,41,887.024,768,1136
16026,F8_01_1_2_Chlorophyll_A_001_phosphate_plate5.tif,3,853.333,800,912
16027,F8_01_1_2_Chlorophyll_A_001_phosphate_plate5.tif,1,912.000,912,912
16028,F8_01_1_2_Chlorophyll_A_001_phosphate_plate5.tif,25,848.640,768,1072
16029,F8_01_1_2_Chlorophyll_A_001_phosphate_plate5.tif,1,944.000,944,944
16030,F8_01_1_2_Chlorophyll_A_001_phosphate_plate5.tif,1,832.000,832,832
16031,F8_01_1_2_Chlorophyll_A_001_phosphate_plate5.tif,1,976.000,976,976
16032,F8_01_1_2_Chlorophyll_A_001_phosphate_plate5.tif,1,848.000,848,848
16033,F8_01_1_2_Chlorophyll_A_001_phosphate_plate5.tif,1,784.000,784,784
16034,F8_01_1_2_Chlorophyll_A_001_phosphate_plate5.tif,1,800.000,800,800
16035,F8_01_1_2_Chlorophyll_A_001_phosphate_plate5.tif,2,840.000,800,880
16036,F8_01_1_2_Chlorophyll_A_001_phosphate_plate5.tif,1,800.000,800,800
16037,F8_01_1_2_Chlorophyll_A_001_phosphate_plate5.tif,5,832.000,784,912
16038,F8_01_1_2_Chlorophyll_A_001_phosphate_plate5.tif,1,928.000,928,928
16039,F8_01_1_2_Chlorophyll_A_001_phosphate_plate5.tif,4,852.000,768,1040
16040,F8_01_1_2_Chlorophyll_A_001_phosphate_plate5.tif,1,800.000,800,800
16041,F8_01_1_2_Chlorophyll_A_001_phosphate_plate5.tif,1,800.000,800,800
16042,F8_01_1_2_Chlorophyll_A_001_phosphate_plate5.tif,7,834.286,768,976
16043,F8_01_1_2_Chlorophyll_A_001_phosphate_plate5.tif,2,816.000,784,848
16044,F8_01_1_2_Chlorophyll_A_001_phosphate_plate5.tif,1,1024.000,1024,1024
16045,F8_01_1_2_Chlorophyll_A_001_phosphate_plate5.tif,1,816.000,816,816
16046,F8_01_1_2_Chlorophyll_A_001_phosphate_plate5.tif,1,832.000,832,832
16047,F8_01_1_2_Chlorophyll_A_001_phosphate_plate5.tif,2,776.000,768,784
16048,F8_01_1_2_Chlorophyll_A_001_phosphate_plate5.tif,2,792.000,784,800
16049,F8_01_1_2_Chlorophyll_A_001_phosphate_plate5.tif,1,768.000,768,768
16050,F8_01_1_2_Chlorophyll_A_001_phosphate_plate5.tif,3,832.000,800,864
16051,F8_01_1_2_Chlorophyll_A_001_phosphate_plate5.tif,2,808.000,768,848
16052,F8_01_1_2_Chlorophyll_A_001_phosphate_plate5.tif,1,960.000,960,960
16053,F8_01_1_2_Chlorophyll_A_001_phosphate_plate5.tif,1,800.000,800,800
16054,F8_01_1_2_Chlorophyll_A_001_phosphate_plate5.tif,4,824.000,768,896
16055,F8_01_1_2_Chlorophyll_A_001_phosphate_plate5.tif,1,864.000,864,864
16056,F8_01_1_2_Chlorophyll_A_001_phosphate_plate5.tif,1,784.000,784,784
16057,F8_01_1_2_Chlorophyll_A_001_phosphate_plate5.tif,1,880.000,880,880
16058,F8_01_1_2_Chlorophyll_A_001_phosphate_plate5.tif,2,856.000,816,896
16059,F8_01_1_2_Chlorophyll_A_001_phosphate_plate5.tif,1,768.000,768,768
16060,F8_01_1_2_Chlorophyll_A_001_phosphate_plate5.tif,1,768.000,768,768
16061,F8_01_1_2_Chlorophyll_A_001_phosphate_plate5.tif,7,854.857,800,960
16062,F8_01_1_2_Chlorophyll_A_001_phosphate_plate5.tif,2,792.000,784,800
16063,F8_01_1_2_Chlorophyll_A_001_phosphate_plate5.tif,1,896.000,896,896
16064,F8_01_1_2_Chlorophyll_A_001_phosphate_plate5.tif,1,848.000,848,848
16065,F8_01_1_2_Chlorophyll_A_001_phosphate_plate5.tif,1,768.000,768,768
16066,F8_01_1_2_Chlorophyll_A_001_phosphate_plate5.tif,1,784.000,784,784
16067,F8_01_1_2_Chlorophyll_A_001_phosphate_plate5.tif,3,848.000,832,864
16068,F8_01_1_2_Chlorophyll_A_001_phosphate_plate5.tif,1,768.000,768,768
16069,F8_01_1_2_Chlorophyll_A_001_phosphate_plate5.tif,2,816.000,800,832
16070,F8_01_1_2_Chlorophyll_A_001_phosphate_plate5.tif,2,808.000,784,832
16071,F8_01_1_2_Chlorophyll_A_001_phosphate_plate5.tif,3,784.000,768,800
16072,F8_01_1_2_Chlorophyll_A_001_phosphate_plate5.tif,1,848.000,848,848
16073,F8_01_1_2_Chlorophyll_A_001_phosphate_plate5.tif,1,768.000,768,768
16074,F8_01_1_2_Chlorophyll_A_001_phosphate_plate5.tif,2,880.000,880,880
16075,F8_01_1_2_Chlorophyll_A_001_phosphate_plate5.tif,1,816.000,816,816
16076,F8_01_1_2_Chlorophyll_A_001_phosphate_plate5.tif,1,768.000,768,768
16077,F8_01_1_2_Chlorophyll_A_001_phosphate_plate5.tif,1,800.000,800,800
16078,F8_01_1_2_Chlorophyll_A_001_phosphate_plate5.tif,1,768.000,768,768
16079,F8_01_1_2_Chlorophyll_A_001_phosphate_plate5.tif,1,800.000,800,800
16080,F8_01_1_2_Chlorophyll_A_001_phosphate_plate5.tif,1,800.000,800,800
16081,F8_01_1_2_Chlorophyll_A_001_phosphate_plate5.tif,1,816.000,816,816
16082,F8_01_1_2_Chlorophyll_A_001_phosphate_plate5.tif,3,826.667,784,864
16083,F8_01_1_2_Chlorophyll_A_001_phosphate_plate5.tif,2,792.000,768,816
16084,F8_01_1_2_Chlorophyll_A_001_phosphate_plate5.tif,2,808.000,768,848
16085,F8_01_1_2_Chlorophyll_A_001_phosphate_plate5.tif,2,800.000,800,800
16086,F8_01_1_2_Chlorophyll_A_001_phosphate_plate5.tif,3,800.000,800,800
16087,F8_01_1_2_Chlorophyll_A_001_phosphate_plate5.tif,3,789.333,768,816
16088,F8_01_1_2_Chlorophyll_A_001_phosphate_plate5.tif,1,784.000,784,784
16089,F8_01_1_2_Chlorophyll_A_001_phosphate_plate5.tif,3,837.333,800,896
16090,F8_01_1_2_Chlorophyll_A_001_phosphate_plate5.tif,4,884.000,784,1088
16091,F8_01_1_2_Chlorophyll_A_001_phosphate_plate5.tif,6,797.333,768,816
16092,F8_01_1_2_Chlorophyll_A_001_phosphate_plate5.tif,3,938.667,832,1088
16093,F8_01_1_2_Chlorophyll_A_001_phosphate_plate5.tif,6,834.667,768,944
16094,F8_01_1_2_Chlorophyll_A_001_phosphate_plate5.tif,5,841.600,784,880
16095,F8_01_1_2_Chlorophyll_A_001_phosphate_plate5.tif,1,832.000,832,832
16096,F8_01_1_2_Chlorophyll_A_001_phosphate_plate5.tif,1,864.000,864,864
16097,F8_01_1_2_Chlorophyll_A_001_phosphate_plate5.tif,4,788.000,768,816
16098,F8_01_1_2_Chlorophyll_A_001_phosphate_plate5.tif,2,808.000,768,848
16099,F8_01_1_2_Chlorophyll_A_001_phosphate_plate5.tif,1,848.000,848,848
16100,F8_01_1_2_Chlorophyll_A_001_phosphate_plate5.tif,1,832.000,832,832
16101,F8_01_1_2_Chlorophyll_A_001_phosphate_plate5.tif,1,848.000,848,848
16102,F8_01_1_2_Chlorophyll_A_001_phosphate_plate5.tif,3,864.000,768,912
16103,F8_01_1_2_Chlorophyll_A_001_phosphate_plate5.tif,1,784.000,784,784
16104,F8_01_1_2_Chlorophyll_A_001_phosphate_plate5.tif,1,768.000,768,768
16105,F8_01_1_2_Chlorophyll_A_001_phosphate_plate5.tif,1,784.000,784,784
16106,F8_01_1_2_Chlorophyll_A_001_phosphate_plate5.tif,1,848.000,848,848
16107,F8_01_1_2_Chlorophyll_A_001_phosphate_plate5.tif,1,848.000,848,848
16108,F8_01_1_2_Chlorophyll_A_001_phosphate_plate5.tif,1,800.000,800,800
16109,F8_01_1_2_Chlorophyll_A_001_phosphate_plate5.tif,1,768.000,768,768
16110,F8_01_1_2_Chlorophyll_A_001_phosphate_plate5.tif,1,768.000,768,768
16111,F8_01_1_2_Chlorophyll_A_001_phosphate_plate5.tif,1,784.000,784,784
16112,F8_01_1_2_Chlorophyll_A_001_phosphate_plate5.tif,1,864.000,864,864
16113,F8_01_1_2_Chlorophyll_A_001_phosphate_plate5.tif,1,768.000,768,768
16114,F8_01_1_2_Chlorophyll_A_001_phosphate_plate5.tif,2,848.000,832,864
16115,F8_01_1_2_Chlorophyll_A_001_phosphate_plate5.tif,1,768.000,768,768
16116,F8_01_1_2_Chlorophyll_A_001_phosphate_plate5.tif,1,912.000,912,912
16117,F8_01_1_2_Chlorophyll_A_001_phosphate_plate5.tif,2,904.000,800,1008
16118,F8_01_1_2_Chlorophyll_A_001_phosphate_plate5.tif,54,861.630,768,1040
16119,F8_01_1_2_Chlorophyll_A_001_phosphate_plate5.tif,26,901.538,768,1216
16120,F8_01_1_2_Chlorophyll_A_001_phosphate_plate5.tif,1,1008.000,1008,1008
16121,F8_01_1_2_Chlorophyll_A_001_phosphate_plate5.tif,1,912.000,912,912
16122,F8_01_1_2_Chlorophyll_A_001_phosphate_plate5.tif,28,872.000,784,1104
16123,F8_01_1_2_Chlorophyll_A_001_phosphate_plate5.tif,9,876.444,768,960
16124,F8_01_1_2_Chlorophyll_A_001_phosphate_plate5.tif,1,832.000,832,832
16125,F8_01_1_2_Chlorophyll_A_001_phosphate_plate5.tif,1,848.000,848,848
16126,F8_01_1_2_Chlorophyll_A_001_phosphate_plate5.tif,1,848.000,848,848
16127,F8_01_1_2_Chlorophyll_A_001_phosphate_plate5.tif,1,976.000,976,976
16128,F8_01_1_2_Chlorophyll_A_001_phosphate_plate5.tif,4,828.000,768,912
16129,F8_01_1_2_Chlorophyll_A_001_phosphate_plate5.tif,11,861.091,768,992
16130,F8_01_1_2_Chlorophyll_A_001_phosphate_plate5.tif,6,877.333,784,992
16131,F8_01_1_2_Chlorophyll_A_001_phosphate_plate5.tif,1,928.000,928,928
16132,F8_01_1_2_Chlorophyll_A_001_phosphate_plate5.tif,9,846.222,768,944
16133,F8_01_1_2_Chlorophyll_A_001_phosphate_plate5.tif,10,838.400,768,944
16134,F8_01_1_2_Chlorophyll_A_001_phosphate_plate5.tif,5,803.200,768,832
16135,F8_01_1_2_Chlorophyll_A_001_phosphate_plate5.tif,1,768.000,768,768
16136,F8_01_1_2_Chlorophyll_A_001_phosphate_plate5.tif,2,872.000,800,944
16137,F8_01_1_2_Chlorophyll_A_001_phosphate_plate5.tif,3,858.667,800,976
16138,F8_01_1_2_Chlorophyll_A_001_phosphate_plate5.tif,1,784.000,784,784
16139,F8_01_1_2_Chlorophyll_A_001_phosphate_plate5.tif,1,864.000,864,864
16140,F8_01_1_2_Chlorophyll_A_001_phosphate_plate5.tif,1,768.000,768,768
16141,F8_01_1_2_Chlorophyll_A_001_phosphate_plate5.tif,2,792.000,784,800
16142,F8_01_1_2_Chlorophyll_A_001_phosphate_plate5.tif,9,812.444,768,896
16143,F8_01_1_2_Chlorophyll_A_001_phosphate_plate5.tif,1,768.000,768,768
16144,F8_01_1_2_Chlorophyll_A_001_phosphate_plate5.tif,1,960.000,960,960
16145,F8_01_1_2_Chlorophyll_A_001_phosphate_plate5.tif,4,796.000,768,816
16146,F8_01_1_2_Chlorophyll_A_001_phosphate_plate5.tif,2,824.000,800,848
16147,F8_01_1_2_Chlorophyll_A_001_phosphate_plate5.tif,2,888.000,800,976
16148,F8_01_1_2_Chlorophyll_A_001_phosphate_plate5.tif,1,960.000,960,960
16149,F8_01_1_2_Chlorophyll_A_001_phosphate_plate5.tif,1,784.000,784,784
16150,F8_01_1_2_Chlorophyll_A_001_phosphate_plate5.tif,1,880.000,880,880
16151,F8_01_1_2_Chlorophyll_A_001_phosphate_plate5.tif,3,864.000,784,960
16152,F8_01_1_2_Chlorophyll_A_001_phosphate_plate5.tif,1,896.000,896,896
16153,F8_01_1_2_Chlorophyll_A_001_phosphate_plate5.tif,1,912.000,912,912
16154,F8_01_1_2_Chlorophyll_A_001_phosphate_plate5.tif,1,768.000,768,768
16155,F8_01_1_2_Chlorophyll_A_001_phosphate_plate5.tif,2,840.000,832,848
16156,F8_01_1_2_Chlorophyll_A_001_phosphate_plate5.tif,1,864.000,864,864
16157,F8_01_1_2_Chlorophyll_A_001_phosphate_plate5.tif,1,912.000,912,912
16158,F8_01_1_2_Chlorophyll_A_001_phosphate_plate5.tif,1,864.000,864,864
16159,F8_01_1_2_Chlorophyll_A_001_phosphate_plate5.tif,3,821.333,768,912
16160,F8_01_1_2_Chlorophyll_A_001_phosphate_plate5.tif,1,800.000,800,800
16161,F8_01_1_2_Chlorophyll_A_001_phosphate_plate5.tif,1,800.000,800,800
16162,F8_01_1_2_Chlorophyll_A_001_phosphate_plate5.tif,1,832.000,832,832
16163,F8_01_1_2_Chlorophyll_A_001_phosphate_plate5.tif,1,928.000,928,928
16164,F8_01_1_2_Chlorophyll_A_001_phosphate_plate5.tif,1,816.000,816,816
16165,F8_01_1_2_Chlorophyll_A_001_phosphate_plate5.tif,1,800.000,800,800
16166,F8_01_1_2_Chlorophyll_A_001_phosphate_plate5.tif,1,944.000,944,944
16167,F8_01_1_2_Chlorophyll_A_001_phosphate_plate5.tif,2,840.000,816,864
16168,F8_01_1_2_Chlorophyll_A_001_phosphate_plate5.tif,1,784.000,784,784
16169,F8_01_1_2_Chlorophyll_A_001_phosphate_plate5.tif,1,832.000,832,832
16170,F8_01_1_2_Chlorophyll_A_001_phosphate_plate5.tif,1,768.000,768,768
16171,F8_01_1_2_Chlorophyll_A_001_phosphate_plate5.tif,2,776.000,768,784
16172,F8_01_1_2_Chlorophyll_A_001_phosphate_plate5.tif,1,848.000,848,848
16173,F8_01_1_2_Chlorophyll_A_001_phosphate_plate5.tif,1,880.000,880,880
16174,F8_01_1_2_Chlorophyll_A_001_phosphate_plate5.tif,6,861.333,768,976
16175,F8_01_1_2_Chlorophyll_A_001_phosphate_plate5.tif,1,800.000,800,800
16176,F8_01_1_2_Chlorophyll_A_001_phosphate_plate5.tif,1,848.000,848,848
16177,F8_01_1_2_Chlorophyll_A_001_phosphate_plate5.tif,132,2372.970,768,13328
16178,F8_01_1_2_Chlorophyll_A_001_phosphate_plate5.tif,4,916.000,864,944
16179,F8_01_1_2_Chlorophyll_A_001_phosphate_plate5.tif,11,832.000,768,928
16180,F8_01_1_2_Chlorophyll_A_001_phosphate_plate5.tif,1,864.000,864,864
16181,F8_01_1_2_Chlorophyll_A_001_phosphate_plate5.tif,1,848.000,848,848
16182,F8_01_1_2_Chlorophyll_A_001_phosphate_plate5.tif,1,768.000,768,768
16183,F8_01_1_2_Chlorophyll_A_001_phosphate_plate5.tif,2,776.000,768,784
16184,F8_01_1_2_Chlorophyll_A_001_phosphate_plate5.tif,1,768.000,768,768
16185,F8_01_1_2_Chlorophyll_A_001_phosphate_plate5.tif,1,896.000,896,896
16186,F8_01_1_2_Chlorophyll_A_001_phosphate_plate5.tif,11,862.545,784,1024
16187,F8_01_1_2_Chlorophyll_A_001_phosphate_plate5.tif,2,784.000,784,784
16188,F8_01_1_2_Chlorophyll_A_001_phosphate_plate5.tif,1,768.000,768,768
16189,F8_01_1_2_Chlorophyll_A_001_phosphate_plate5.tif,1,896.000,896,896
16190,F8_01_1_2_Chlorophyll_A_001_phosphate_plate5.tif,1,768.000,768,768
16191,F8_01_1_2_Chlorophyll_A_001_phosphate_plate5.tif,1,912.000,912,912
16192,F8_01_1_2_Chlorophyll_A_001_phosphate_plate5.tif,2,816.000,800,832
16193,F8_01_1_2_Chlorophyll_A_001_phosphate_plate5.tif,4,796.000,768,832
16194,F8_01_1_2_Chlorophyll_A_001_phosphate_plate5.tif,1,768.000,768,768
16195,F8_01_1_2_Chlorophyll_A_001_phosphate_plate5.tif,1,784.000,784,784
16196,F8_01_1_2_Chlorophyll_A_001_phosphate_plate5.tif,1,784.000,784,784
16197,F8_01_1_2_Chlorophyll_A_001_phosphate_plate5.tif,1,784.000,784,784
16198,F8_01_1_2_Chlorophyll_A_001_phosphate_plate5.tif,3,853.333,816,896
16199,F8_01_1_2_Chlorophyll_A_001_phosphate_plate5.tif,1,784.000,784,784
16200,F8_01_1_2_Chlorophyll_A_001_phosphate_plate5.tif,1,768.000,768,768
16201,F8_01_1_2_Chlorophyll_A_001_phosphate_plate5.tif,1,880.000,880,880
16202,F8_01_1_2_Chlorophyll_A_001_phosphate_plate5.tif,1,880.000,880,880
16203,F8_01_1_2_Chlorophyll_A_001_phosphate_plate5.tif,1,816.000,816,816
16204,F8_01_1_2_Chlorophyll_A_001_phosphate_plate5.tif,1,816.000,816,816
16205,F8_01_1_2_Chlorophyll_A_001_phosphate_plate5.tif,2,808.000,784,832
16206,F8_01_1_2_Chlorophyll_A_001_phosphate_plate5.tif,1,944.000,944,944
16207,F8_01_1_2_Chlorophyll_A_001_phosphate_plate5.tif,1,848.000,848,848
16208,F8_01_1_2_Chlorophyll_A_001_phosphate_plate5.tif,1,768.000,768,768
16209,F8_01_1_2_Chlorophyll_A_001_phosphate_plate5.tif,1,784.000,784,784
16210,F8_01_1_2_Chlorophyll_A_001_phosphate_plate5.tif,1,784.000,784,784
16211,F8_01_1_2_Chlorophyll_A_001_phosphate_plate5.tif,2,776.000,768,784
16212,F8_01_1_2_Chlorophyll_A_001_phosphate_plate5.tif,1,832.000,832,832
16213,F8_01_1_2_Chlorophyll_A_001_phosphate_plate5.tif,3,816.000,768,896
16214,F8_01_1_2_Chlorophyll_A_001_phosphate_plate5.tif,1,864.000,864,864
16215,F8_01_1_2_Chlorophyll_A_001_phosphate_plate5.tif,1,768.000,768,768
16216,F8_01_1_2_Chlorophyll_A_001_phosphate_plate5.tif,2,824.000,816,832
16217,F8_01_1_2_Chlorophyll_A_001_phosphate_plate5.tif,1,784.000,784,784
16218,F8_01_1_2_Chlorophyll_A_001_phosphate_plate5.tif,5,857.600,768,1056
16219,F8_01_1_2_Chlorophyll_A_001_phosphate_plate5.tif,1,992.000,992,992
16220,F8_01_1_2_Chlorophyll_A_001_phosphate_plate5.tif,1,768.000,768,768
16221,F8_01_1_2_Chlorophyll_A_001_phosphate_plate5.tif,5,886.400,832,1008
16222,F8_01_1_2_Chlorophyll_A_001_phosphate_plate5.tif,108,880.889,768,1152
16223,F8_01_1_2_Chlorophyll_A_001_phosphate_plate5.tif,38,884.632,768,1104
16224,F8_01_1_2_Chlorophyll_A_001_phosphate_plate5.tif,52,879.077,768,1072
16225,F8_01_1_2_Chlorophyll_A_001_phosphate_plate5.tif,1,784.000,784,784
16226,F8_01_1_2_Chlorophyll_A_001_phosphate_plate5.tif,1,880.000,880,880
16227,F8_01_1_2_Chlorophyll_A_001_phosphate_plate5.tif,1,832.000,832,832
16228,F8_01_1_2_Chlorophyll_A_001_phosphate_plate5.tif,1,784.000,784,784
16229,F8_01_1_2_Chlorophyll_A_001_phosphate_plate5.tif,9,865.778,768,992
16230,F8_01_1_2_Chlorophyll_A_001_phosphate_plate5.tif,1,768.000,768,768
16231,F8_01_1_2_Chlorophyll_A_001_phosphate_plate5.tif,2,808.000,800,816
16232,F8_01_1_2_Chlorophyll_A_001_phosphate_plate5.tif,3,858.667,816,912
16233,F8_01_1_2_Chlorophyll_A_001_phosphate_plate5.tif,2,792.000,768,816
16234,F8_01_1_2_Chlorophyll_A_001_phosphate_plate5.tif,1,1024.000,1024,1024
16235,F8_01_1_2_Chlorophyll_A_001_phosphate_plate5.tif,3,810.667,784,848
16236,F8_01_1_2_Chlorophyll_A_001_phosphate_plate5.tif,1,800.000,800,800
16237,F8_01_1_2_Chlorophyll_A_001_phosphate_plate5.tif,1,784.000,784,784
16238,F8_01_1_2_Chlorophyll_A_001_phosphate_plate5.tif,4,844.000,800,896
16239,F8_01_1_2_Chlorophyll_A_001_phosphate_plate5.tif,1,880.000,880,880
16240,F8_01_1_2_Chlorophyll_A_001_phosphate_plate5.tif,5,838.400,784,896
16241,F8_01_1_2_Chlorophyll_A_001_phosphate_plate5.tif,1,784.000,784,784
16242,F8_01_1_2_Chlorophyll_A_001_phosphate_plate5.tif,1,784.000,784,784
16243,F8_01_1_2_Chlorophyll_A_001_phosphate_plate5.tif,1,848.000,848,848
16244,F8_01_1_2_Chlorophyll_A_001_phosphate_plate5.tif,1,768.000,768,768
16245,F8_01_1_2_Chlorophyll_A_001_phosphate_plate5.tif,1,864.000,864,864
16246,F8_01_1_2_Chlorophyll_A_001_phosphate_plate5.tif,3,810.667,768,832
16247,F8_01_1_2_Chlorophyll_A_001_phosphate_plate5.tif,2,784.000,768,800
16248,F8_01_1_2_Chlorophyll_A_001_phosphate_plate5.tif,3,821.333,800,864
16249,F8_01_1_2_Chlorophyll_A_001_phosphate_plate5.tif,1,784.000,784,784
16250,F8_01_1_2_Chlorophyll_A_001_phosphate_plate5.tif,2,904.000,848,960
16251,F8_01_1_2_Chlorophyll_A_001_phosphate_plate5.tif,1,800.000,800,800
16252,F8_01_1_2_Chlorophyll_A_001_phosphate_plate5.tif,1,928.000,928,928
16253,F8_01_1_2_Chlorophyll_A_001_phosphate_plate5.tif,1,816.000,816,816
16254,F8_01_1_2_Chlorophyll_A_001_phosphate_plate5.tif,1,784.000,784,784
16255,F8_01_1_2_Chlorophyll_A_001_phosphate_plate5.tif,1,784.000,784,784
16256,F8_01_1_2_Chlorophyll_A_001_phosphate_plate5.tif,1,800.000,800,800
16257,F8_01_1_2_Chlorophyll_A_001_phosphate_plate5.tif,1,784.000,784,784
16258,F8_01_1_2_Chlorophyll_A_001_phosphate_plate5.tif,1,960.000,960,960
16259,F8_01_1_2_Chlorophyll_A_001_phosphate_plate5.tif,1,896.000,896,896
16260,F8_01_1_2_Chlorophyll_A_001_phosphate_plate5.tif,1,800.000,800,800
16261,F8_01_1_2_Chlorophyll_A_001_phosphate_plate5.tif,1,768.000,768,768
16262,F8_01_1_2_Chlorophyll_A_001_phosphate_plate5.tif,1,800.000,800,800
16263,F8_01_1_2_Chlorophyll_A_001_phosphate_plate5.tif,1,864.000,864,864
16264,F8_01_1_2_Chlorophyll_A_001_phosphate_plate5.tif,1,816.000,816,816
16265,F8_01_1_2_Chlorophyll_A_001_phosphate_plate5.tif,1,768.000,768,768
16266,F8_01_1_2_Chlorophyll_A_001_phosphate_plate5.tif,1,768.000,768,768
16267,F8_01_1_2_Chlorophyll_A_001_phosphate_plate5.tif,1,768.000,768,768
16268,F8_01_1_2_Chlorophyll_A_001_phosphate_plate5.tif,1,816.000,816,816
16269,F8_01_1_2_Chlorophyll_A_001_phosphate_plate5.tif,1,800.000,800,800
16270,F8_01_1_2_Chlorophyll_A_001_phosphate_plate5.tif,1,832.000,832,832
16271,F8_01_1_2_Chlorophyll_A_001_phosphate_plate5.tif,5,812.800,768,896
16272,F8_01_1_2_Chlorophyll_A_001_phosphate_plate5.tif,1,784.000,784,784
16273,F8_01_1_2_Chlorophyll_A_001_phosphate_plate5.tif,1,784.000,784,784
16274,F8_01_1_2_Chlorophyll_A_001_phosphate_plate5.tif,2,864.000,800,928
16275,F8_01_1_2_Chlorophyll_A_001_phosphate_plate5.tif,48,870.333,768,1136
16276,F8_01_1_2_Chlorophyll_A_001_phosphate_plate5.tif,2,872.000,768,976
16277,F8_01_1_2_Chlorophyll_A_001_phosphate_plate5.tif,1,912.000,912,912
16278,F8_01_1_2_Chlorophyll_A_001_phosphate_plate5.tif,52,851.385,768,1072
16279,F8_01_1_2_Chlorophyll_A_001_phosphate_plate5.tif,1,768.000,768,768
16280,F8_01_1_2_Chlorophyll_A_001_phosphate_plate5.tif,1,800.000,800,800
16281,F8_01_1_2_Chlorophyll_A_001_phosphate_plate5.tif,4,768.000,768,768
16282,F8_01_1_2_Chlorophyll_A_001_phosphate_plate5.tif,2,872.000,816,928
16283,F8_01_1_2_Chlorophyll_A_001_phosphate_plate5.tif,1,784.000,784,784
16284,F8_01_1_2_Chlorophyll_A_001_phosphate_plate5.tif,37,838.486,768,1040
16285,F8_01_1_2_Chlorophyll_A_001_phosphate_plate5.tif,1,768.000,768,768
16286,F8_01_1_2_Chlorophyll_A_001_phosphate_plate5.tif,1,784.000,784,784
16287,F8_01_1_2_Chlorophyll_A_001_phosphate_plate5.tif,1,800.000,800,800
16288,F8_01_1_2_Chlorophyll_A_001_phosphate_plate5.tif,2,952.000,896,1008
16289,F8_01_1_2_Chlorophyll_A_001_phosphate_plate5.tif,1,960.000,960,960
16290,F8_01_1_2_Chlorophyll_A_001_phosphate_plate5.tif,4,812.000,768,896
16291,F8_01_1_2_Chlorophyll_A_001_phosphate_plate5.tif,3,800.000,784,816
16292,F8_01_1_2_Chlorophyll_A_001_phosphate_plate5.tif,3,784.000,768,800
16293,F8_01_1_2_Chlorophyll_A_001_phosphate_plate5.tif,1,784.000,784,784
16294,F8_01_1_2_Chlorophyll_A_001_phosphate_plate5.tif,1,848.000,848,848
16295,F8_01_1_2_Chlorophyll_A_001_phosphate_plate5.tif,1,768.000,768,768
16296,F8_01_1_2_Chlorophyll_A_001_phosphate_plate5.tif,2,776.000,768,784
16297,F8_01_1_2_Chlorophyll_A_001_phosphate_plate5.tif,1,848.000,848,848
16298,F8_01_1_2_Chlorophyll_A_001_phosphate_plate5.tif,1,864.000,864,864
16299,F8_01_1_2_Chlorophyll_A_001_phosphate_plate5.tif,1,768.000,768,768
16300,F8_01_1_2_Chlorophyll_A_001_phosphate_plate5.tif,2,768.000,768,768
16301,F8_01_1_2_Chlorophyll_A_001_phosphate_plate5.tif,1,768.000,768,768
16302,F8_01_1_2_Chlorophyll_A_001_phosphate_plate5.tif,1,832.000,832,832
16303,F8_01_1_2_Chlorophyll_A_001_phosphate_plate5.tif,2,784.000,768,800
16304,F8_01_1_2_Chlorophyll_A_001_phosphate_plate5.tif,1,816.000,816,816
16305,F8_01_1_2_Chlorophyll_A_001_phosphate_plate5.tif,1,864.000,864,864
16306,F8_01_1_2_Chlorophyll_A_001_phosphate_plate5.tif,1,768.000,768,768
16307,F8_01_1_2_Chlorophyll_A_001_phosphate_plate5.tif,2,776.000,768,784
16308,F8_01_1_2_Chlorophyll_A_001_phosphate_plate5.tif,1,784.000,784,784
16309,F8_01_1_2_Chlorophyll_A_001_phosphate_plate5.tif,1,800.000,800,800
16310,F8_01_1_2_Chlorophyll_A_001_phosphate_plate5.tif,1,768.000,768,768
16311,F8_01_1_2_Chlorophyll_A_001_phosphate_plate5.tif,1,800.000,800,800
16312,F8_01_1_2_Chlorophyll_A_001_phosphate_plate5.tif,1,800.000,800,800
16313,F8_01_1_2_Chlorophyll_A_001_phosphate_plate5.tif,1,784.000,784,784
16314,F8_01_1_2_Chlorophyll_A_001_phosphate_plate5.tif,2,824.000,800,848
16315,F8_01_1_2_Chlorophyll_A_001_phosphate_plate5.tif,3,890.667,784,992
16316,F8_01_1_2_Chlorophyll_A_001_phosphate_plate5.tif,1,896.000,896,896
16317,F8_01_1_2_Chlorophyll_A_001_phosphate_plate5.tif,1,832.000,832,832
16318,F8_01_1_2_Chlorophyll_A_001_phosphate_plate5.tif,1,784.000,784,784
16319,F8_01_1_2_Chlorophyll_A_001_phosphate_plate5.tif,7,880.000,768,992
16320,F8_01_1_2_Chlorophyll_A_001_phosphate_plate5.tif,23,867.478,768,1120
16321,F8_01_1_2_Chlorophyll_A_001_phosphate_plate5.tif,121,871.008,768,1056
16322,F8_01_1_2_Chlorophyll_A_001_phosphate_plate5.tif,41,886.244,768,1312
16323,F8_01_1_2_Chlorophyll_A_001_phosphate_plate5.tif,9,851.556,768,928
16324,F8_01_1_2_Chlorophyll_A_001_phosphate_plate5.tif,2,840.000,768,912
16325,F8_01_1_2_Chlorophyll_A_001_phosphate_plate5.tif,1,944.000,944,944
16326,F8_01_1_2_Chlorophyll_A_001_phosphate_plate5.tif,6,869.333,784,960
16327,F8_01_1_2_Chlorophyll_A_001_phosphate_plate5.tif,5,844.800,816,880
16328,F8_01_1_2_Chlorophyll_A_001_phosphate_plate5.tif,2,824.000,768,880
16329,F8_01_1_2_Chlorophyll_A_001_phosphate_plate5.tif,1,784.000,784,784
16330,F8_01_1_2_Chlorophyll_A_001_phosphate_plate5.tif,1,896.000,896,896
16331,F8_01_1_2_Chlorophyll_A_001_phosphate_plate5.tif,2,856.000,768,944
16332,F8_01_1_2_Chlorophyll_A_001_phosphate_plate5.tif,2,824.000,800,848
16333,F8_01_1_2_Chlorophyll_A_001_phosphate_plate5.tif,1,928.000,928,928
16334,F8_01_1_2_Chlorophyll_A_001_phosphate_plate5.tif,1,1008.000,1008,1008
16335,F8_01_1_2_Chlorophyll_A_001_phosphate_plate5.tif,2,808.000,800,816
16336,F8_01_1_2_Chlorophyll_A_001_phosphate_plate5.tif,4,840.000,800,896
16337,F8_01_1_2_Chlorophyll_A_001_phosphate_plate5.tif,3,794.667,768,816
16338,F8_01_1_2_Chlorophyll_A_001_phosphate_plate5.tif,9,846.222,768,976
16339,F8_01_1_2_Chlorophyll_A_001_phosphate_plate5.tif,1,800.000,800,800
16340,F8_01_1_2_Chlorophyll_A_001_phosphate_plate5.tif,3,848.000,768,944
16341,F8_01_1_2_Chlorophyll_A_001_phosphate_plate5.tif,1,768.000,768,768
16342,F8_01_1_2_Chlorophyll_A_001_phosphate_plate5.tif,1,880.000,880,880
16343,F8_01_1_2_Chlorophyll_A_001_phosphate_plate5.tif,1,768.000,768,768
16344,F8_01_1_2_Chlorophyll_A_001_phosphate_plate5.tif,1,800.000,800,800
16345,F8_01_1_2_Chlorophyll_A_001_phosphate_plate5.tif,1,896.000,896,896
16346,F8_01_1_2_Chlorophyll_A_001_phosphate_plate5.tif,1,832.000,832,832
16347,F8_01_1_2_Chlorophyll_A_001_phosphate_plate5.tif,1,768.000,768,768
16348,F8_01_1_2_Chlorophyll_A_001_phosphate_plate5.tif,2,816.000,800,832
16349,F8_01_1_2_Chlorophyll_A_001_phosphate_plate5.tif,1,784.000,784,784
16350,F8_01_1_2_Chlorophyll_A_001_phosphate_plate5.tif,3,842.667,800,928
16351,F8_01_1_2_Chlorophyll_A_001_phosphate_plate5.tif,2,872.000,864,880
16352,F8_01_1_2_Chlorophyll_A_001_phosphate_plate5.tif,2,856.000,800,912
16353,F8_01_1_2_Chlorophyll_A_001_phosphate_plate5.tif,1,848.000,848,848
16354,F8_01_1_2_Chlorophyll_A_001_phosphate_plate5.tif,1,768.000,768,768
16355,F8_01_1_2_Chlorophyll_A_001_phosphate_plate5.tif,3,848.000,832,864
16356,F8_01_1_2_Chlorophyll_A_001_phosphate_plate5.tif,2,800.000,784,816
16357,F8_01_1_2_Chlorophyll_A_001_phosphate_plate5.tif,1,800.000,800,800
16358,F8_01_1_2_Chlorophyll_A_001_phosphate_plate5.tif,1,832.000,832,832
16359,F8_01_1_2_Chlorophyll_A_001_phosphate_plate5.tif,1,864.000,864,864
16360,F8_01_1_2_Chlorophyll_A_001_phosphate_plate5.tif,1,944.000,944,944
16361,F8_01_1_2_Chlorophyll_A_001_phosphate_plate5.tif,2,800.000,784,816
16362,F8_01_1_2_Chlorophyll_A_001_phosphate_plate5.tif,1,800.000,800,800
16363,F8_01_1_2_Chlorophyll_A_001_phosphate_plate5.tif,1,832.000,832,832
16364,F8_01_1_2_Chlorophyll_A_001_phosphate_plate5.tif,1,848.000,848,848
16365,F8_01_1_2_Chlorophyll_A_001_phosphate_plate5.tif,1,784.000,784,784
16366,F8_01_1_2_Chlorophyll_A_001_phosphate_plate5.tif,2,808.000,800,816
16367,F8_01_1_2_Chlorophyll_A_001_phosphate_plate5.tif,1,784.000,784,784
16368,F8_01_1_2_Chlorophyll_A_001_phosphate_plate5.tif,1,784.000,784,784
16369,F8_01_1_2_Chlorophyll_A_001_phosphate_plate5.tif,1,848.000,848,848
16370,F8_01_1_2_Chlorophyll_A_001_phosphate_plate5.tif,1,768.000,768,768
16371,F8_01_1_2_Chlorophyll_A_001_phosphate_plate5.tif,2,856.000,784,928
16372,F8_01_1_2_Chlorophyll_A_001_phosphate_plate5.tif,1,912.000,912,912
16373,F8_01_1_2_Chlorophyll_A_001_phosphate_plate5.tif,1,816.000,816,816
16374,F8_01_1_2_Chlorophyll_A_001_phosphate_plate5.tif,1,768.000,768,768
16375,F8_01_1_2_Chlorophyll_A_001_phosphate_plate5.tif,9,874.667,768,1040
16376,F8_01_1_2_Chlorophyll_A_001_phosphate_plate5.tif,1,768.000,768,768
16377,F8_01_1_2_Chlorophyll_A_001_phosphate_plate5.tif,2,776.000,768,784
16378,F8_01_1_2_Chlorophyll_A_001_phosphate_plate5.tif,4,824.000,768,896
16379,F8_01_1_2_Chlorophyll_A_001_phosphate_plate5.tif,2,800.000,768,832
16380,F8_01_1_2_Chlorophyll_A_001_phosphate_plate5.tif,16,822.000,768,928
16381,F8_01_1_2_Chlorophyll_A_001_phosphate_plate5.tif,1,816.000,816,816
16382,F8_01_1_2_Chlorophyll_A_001_phosphate_plate5.tif,3,890.667,832,976
16383,F8_01_1_2_Chlorophyll_A_001_phosphate_plate5.tif,9,881.778,784,1072
16384,F8_01_1_2_Chlorophyll_A_001_phosphate_plate5.tif,36,880.444,768,1104
16385,F8_01_1_2_Chlorophyll_A_001_phosphate_plate5.tif,17,879.059,768,992
16386,F8_01_1_2_Chlorophyll_A_001_phosphate_plate5.tif,70,882.514,768,1232
16387,F8_01_1_2_Chlorophyll_A_001_phosphate_plate5.tif,44,894.182,768,1072
16388,F8_01_1_2_Chlorophyll_A_001_phosphate_plate5.tif,36,883.111,768,1152
16389,F8_01_1_2_Chlorophyll_A_001_phosphate_plate5.tif,2,888.000,880,896
16390,F8_01_1_2_Chlorophyll_A_001_phosphate_plate5.tif,4,880.000,816,976
16391,F8_01_1_2_Chlorophyll_A_001_phosphate_plate5.tif,1,784.000,784,784
16392,F8_01_1_2_Chlorophyll_A_001_phosphate_plate5.tif,17,848.000,768,1104
16393,F8_01_1_2_Chlorophyll_A_001_phosphate_plate5.tif,6,840.000,768,960
16394,F8_01_1_2_Chlorophyll_A_001_phosphate_plate5.tif,1,848.000,848,848
16395,F8_01_1_2_Chlorophyll_A_001_phosphate_plate5.tif,1,784.000,784,784
16396,F8_01_1_2_Chlorophyll_A_001_phosphate_plate5.tif,2,824.000,768,880
16397,F8_01_1_2_Chlorophyll_A_001_phosphate_plate5.tif,1,864.000,864,864
16398,F8_01_1_2_Chlorophyll_A_001_phosphate_plate5.tif,1,784.000,784,784
16399,F8_01_1_2_Chlorophyll_A_001_phosphate_plate5.tif,2,816.000,784,848
16400,F8_01_1_2_Chlorophyll_A_001_phosphate_plate5.tif,2,856.000,848,864
16401,F8_01_1_2_Chlorophyll_A_001_phosphate_plate5.tif,1,768.000,768,768
16402,F8_01_1_2_Chlorophyll_A_001_phosphate_plate5.tif,3,885.333,816,1024
16403,F8_01_1_2_Chlorophyll_A_001_phosphate_plate5.tif,2,912.000,816,1008
16404,F8_01_1_2_Chlorophyll_A_001_phosphate_plate5.tif,2,840.000,784,896
16405,F8_01_1_2_Chlorophyll_A_001_phosphate_plate5.tif,4,804.000,768,848
16406,F8_01_1_2_Chlorophyll_A_001_phosphate_plate5.tif,2,800.000,784,816
16407,F8_01_1_2_Chlorophyll_A_001_phosphate_plate5.tif,3,810.667,784,848
16408,F8_01_1_2_Chlorophyll_A_001_phosphate_plate5.tif,3,768.000,768,768
16409,F8_01_1_2_Chlorophyll_A_001_phosphate_plate5.tif,6,840.000,768,896
16410,F8_01_1_2_Chlorophyll_A_001_phosphate_plate5.tif,2,840.000,784,896
16411,F8_01_1_2_Chlorophyll_A_001_phosphate_plate5.tif,3,789.333,768,832
16412,F8_01_1_2_Chlorophyll_A_001_phosphate_plate5.tif,2,840.000,832,848
16413,F8_01_1_2_Chlorophyll_A_001_phosphate_plate5.tif,1,880.000,880,880
16414,F8_01_1_2_Chlorophyll_A_001_phosphate_plate5.tif,1,832.000,832,832
16415,F8_01_1_2_Chlorophyll_A_001_phosphate_plate5.tif,1,912.000,912,912
16416,F8_01_1_2_Chlorophyll_A_001_phosphate_plate5.tif,2,912.000,912,912
16417,F8_01_1_2_Chlorophyll_A_001_phosphate_plate5.tif,1,784.000,784,784
16418,F8_01_1_2_Chlorophyll_A_001_phosphate_plate5.tif,1,768.000,768,768
16419,F8_01_1_2_Chlorophyll_A_001_phosphate_plate5.tif,2,936.000,800,1072
16420,F8_01_1_2_Chlorophyll_A_001_phosphate_plate5.tif,1,944.000,944,944
16421,F8_01_1_2_Chlorophyll_A_001_phosphate_plate5.tif,1,848.000,848,848
16422,F8_01_1_2_Chlorophyll_A_001_phosphate_plate5.tif,1,848.000,848,848
16423,F8_01_1_2_Chlorophyll_A_001_phosphate_plate5.tif,1,768.000,768,768
16424,F8_01_1_2_Chlorophyll_A_001_phosphate_plate5.tif,1,832.000,832,832
16425,F8_01_1_2_Chlorophyll_A_001_phosphate_plate5.tif,1,880.000,880,880
16426,F8_01_1_2_Chlorophyll_A_001_phosphate_plate5.tif,1,800.000,800,800
16427,F8_01_1_2_Chlorophyll_A_001_phosphate_plate5.tif,1,864.000,864,864
16428,F8_01_1_2_Chlorophyll_A_001_phosphate_plate5.tif,1,864.000,864,864
16429,F8_01_1_2_Chlorophyll_A_001_phosphate_plate5.tif,2,792.000,768,816
16430,F8_01_1_2_Chlorophyll_A_001_phosphate_plate5.tif,1,768.000,768,768
16431,F8_01_1_2_Chlorophyll_A_001_phosphate_plate5.tif,1,816.000,816,816
16432,F8_01_1_2_Chlorophyll_A_001_phosphate_plate5.tif,1,784.000,784,784
16433,F8_01_1_2_Chlorophyll_A_001_phosphate_plate5.tif,1,816.000,816,816
16434,F8_01_1_2_Chlorophyll_A_001_phosphate_plate5.tif,1,864.000,864,864
16435,F8_01_1_2_Chlorophyll_A_001_phosphate_plate5.tif,1,960.000,960,960
16436,F8_01_1_2_Chlorophyll_A_001_phosphate_plate5.tif,1,800.000,800,800
16437,F8_01_1_2_Chlorophyll_A_001_phosphate_plate5.tif,1,864.000,864,864
16438,F8_01_1_2_Chlorophyll_A_001_phosphate_plate5.tif,2,840.000,832,848
16439,F8_01_1_2_Chlorophyll_A_001_phosphate_plate5.tif,1,912.000,912,912
16440,F8_01_1_2_Chlorophyll_A_001_phosphate_plate5.tif,1,768.000,768,768
16441,F8_01_1_2_Chlorophyll_A_001_phosphate_plate5.tif,1,800.000,800,800
16442,F8_01_1_2_Chlorophyll_A_001_phosphate_plate5.tif,1,832.000,832,832
16443,F8_01_1_2_Chlorophyll_A_001_phosphate_plate5.tif,1,960.000,960,960
16444,F8_01_1_2_Chlorophyll_A_001_phosphate_plate5.tif,4,836.000,768,880
16445,F8_01_1_2_Chlorophyll_A_001_phosphate_plate5.tif,1,800.000,800,800
16446,F8_01_1_2_Chlorophyll_A_001_phosphate_plate5.tif,1,848.000,848,848
16447,F8_01_1_2_Chlorophyll_A_001_phosphate_plate5.tif,2,880.000,816,944
16448,F8_01_1_2_Chlorophyll_A_001_phosphate_plate5.tif,1,880.000,880,880
16449,F8_01_1_2_Chlorophyll_A_001_phosphate_plate5.tif,1,880.000,880,880
16450,F8_01_1_2_Chlorophyll_A_001_phosphate_plate5.tif,1,816.000,816,816
16451,F8_01_1_2_Chlorophyll_A_001_phosphate_plate5.tif,1,816.000,816,816
16452,F8_01_1_2_Chlorophyll_A_001_phosphate_plate5.tif,3,842.667,784,944
16453,F8_01_1_2_Chlorophyll_A_001_phosphate_plate5.tif,1,768.000,768,768
16454,F8_01_1_2_Chlorophyll_A_001_phosphate_plate5.tif,2,848.000,816,880
16455,F8_01_1_2_Chlorophyll_A_001_phosphate_plate5.tif,1,848.000,848,848
16456,F8_01_1_2_Chlorophyll_A_001_phosphate_plate5.tif,16,891.000,768,1072
16457,F8_01_1_2_Chlorophyll_A_001_phosphate_plate5.tif,1,848.000,848,848
16458,F8_01_1_2_Chlorophyll_A_001_phosphate_plate5.tif,1,864.000,864,864
16459,F8_01_1_2_Chlorophyll_A_001_phosphate_plate5.tif,2,848.000,768,928
16460,F8_01_1_2_Chlorophyll_A_001_phosphate_plate5.tif,1,784.000,784,784
16461,F8_01_1_2_Chlorophyll_A_001_phosphate_plate5.tif,5,838.400,800,896
16462,F8_01_1_2_Chlorophyll_A_001_phosphate_plate5.tif,1,800.000,800,800
16463,F8_01_1_2_Chlorophyll_A_001_phosphate_plate5.tif,1,800.000,800,800
16464,F8_01_1_2_Chlorophyll_A_001_phosphate_plate5.tif,4,808.000,768,896
16465,F8_01_1_2_Chlorophyll_A_001_phosphate_plate5.tif,1,928.000,928,928
16466,F8_01_1_2_Chlorophyll_A_001_phosphate_plate5.tif,4,860.000,768,912
16467,F8_01_1_2_Chlorophyll_A_001_phosphate_plate5.tif,1,880.000,880,880
16468,F8_01_1_2_Chlorophyll_A_001_phosphate_plate5.tif,4,792.000,768,816
16469,F8_01_1_2_Chlorophyll_A_001_phosphate_plate5.tif,2,808.000,800,816
16470,F8_01_1_2_Chlorophyll_A_001_phosphate_plate5.tif,3,858.667,768,1008
16471,F8_01_1_2_Chlorophyll_A_001_phosphate_plate5.tif,2,808.000,768,848
16472,F8_01_1_2_Chlorophyll_A_001_phosphate_plate5.tif,3,858.667,832,880
16473,F8_01_1_2_Chlorophyll_A_001_phosphate_plate5.tif,1,784.000,784,784
16474,F8_01_1_2_Chlorophyll_A_001_phosphate_plate5.tif,2,816.000,784,848
16475,F8_01_1_2_Chlorophyll_A_001_phosphate_plate5.tif,2,768.000,768,768
16476,F8_01_1_2_Chlorophyll_A_001_phosphate_plate5.tif,4,852.000,800,896
16477,F8_01_1_2_Chlorophyll_A_001_phosphate_plate5.tif,2,792.000,784,800
16478,F8_01_1_2_Chlorophyll_A_001_phosphate_plate5.tif,1,864.000,864,864
16479,F8_01_1_2_Chlorophyll_A_001_phosphate_plate5.tif,1,976.000,976,976
16480,F8_01_1_2_Chlorophyll_A_001_phosphate_plate5.tif,2,792.000,784,800
16481,F8_01_1_2_Chlorophyll_A_001_phosphate_plate5.tif,1,848.000,848,848
16482,F8_01_1_2_Chlorophyll_A_001_phosphate_plate5.tif,5,828.800,768,896
16483,F8_01_1_2_Chlorophyll_A_001_phosphate_plate5.tif,1,832.000,832,832
16484,F8_01_1_2_Chlorophyll_A_001_phosphate_plate5.tif,1,816.000,816,816
16485,F8_01_1_2_Chlorophyll_A_001_phosphate_plate5.tif,5,809.600,768,880
16486,F8_01_1_2_Chlorophyll_A_001_phosphate_plate5.tif,2,856.000,848,864
16487,F8_01_1_2_Chlorophyll_A_001_phosphate_plate5.tif,1,848.000,848,848
16488,F8_01_1_2_Chlorophyll_A_001_phosphate_plate5.tif,1,784.000,784,784
16489,F8_01_1_2_Chlorophyll_A_001_phosphate_plate5.tif,1,768.000,768,768
16490,F8_01_1_2_Chlorophyll_A_001_phosphate_plate5.tif,4,856.000,800,896
16491,F8_01_1_2_Chlorophyll_A_001_phosphate_plate5.tif,1,784.000,784,784
16492,F8_01_1_2_Chlorophyll_A_001_phosphate_plate5.tif,1,848.000,848,848
16493,F8_01_1_2_Chlorophyll_A_001_phosphate_plate5.tif,1,800.000,800,800
16494,F8_01_1_2_Chlorophyll_A_001_phosphate_plate5.tif,1,784.000,784,784
16495,F8_01_1_2_Chlorophyll_A_001_phosphate_plate5.tif,1,784.000,784,784
16496,F8_01_1_2_Chlorophyll_A_001_phosphate_plate5.tif,3,794.667,768,816
16497,F8_01_1_2_Chlorophyll_A_001_phosphate_plate5.tif,1,768.000,768,768
16498,F8_01_1_2_Chlorophyll_A_001_phosphate_plate5.tif,2,768.000,768,768
16499,F8_01_1_2_Chlorophyll_A_001_phosphate_plate5.tif,1,768.000,768,768
16500,F8_01_1_2_Chlorophyll_A_001_phosphate_plate5.tif,2,816.000,800,832
16501,F8_01_1_2_Chlorophyll_A_001_phosphate_plate5.tif,4,880.000,800,992
16502,F8_01_1_2_Chlorophyll_A_001_phosphate_plate5.tif,2,776.000,768,784
16503,F8_01_1_2_Chlorophyll_A_001_phosphate_plate5.tif,6,837.333,768,960
16504,F8_01_1_2_Chlorophyll_A_001_phosphate_plate5.tif,19,860.632,784,976
16505,F8_01_1_2_Chlorophyll_A_001_phosphate_plate5.tif,59,879.458,768,1168
16506,F8_01_1_2_Chlorophyll_A_001_phosphate_plate5.tif,3,842.667,784,928
16507,F8_01_1_2_Chlorophyll_A_001_phosphate_plate5.tif,3,816.000,784,832
16508,F8_01_1_2_Chlorophyll_A_001_phosphate_plate5.tif,6,813.333,768,960
16509,F8_01_1_2_Chlorophyll_A_001_phosphate_plate5.tif,71,876.620,768,1184
16510,F8_01_1_2_Chlorophyll_A_001_phosphate_plate5.tif,4,844.000,784,896
16511,F8_01_1_2_Chlorophyll_A_001_phosphate_plate5.tif,1,768.000,768,768
16512,F8_01_1_2_Chlorophyll_A_001_phosphate_plate5.tif,2,864.000,800,928
16513,F8_01_1_2_Chlorophyll_A_001_phosphate_plate5.tif,19,861.474,768,976
16514,F8_01_1_2_Chlorophyll_A_001_phosphate_plate5.tif,1,784.000,784,784
16515,F8_01_1_2_Chlorophyll_A_001_phosphate_plate5.tif,1,800.000,800,800
16516,F8_01_1_2_Chlorophyll_A_001_phosphate_plate5.tif,7,832.000,768,960
16517,F8_01_1_2_Chlorophyll_A_001_phosphate_plate5.tif,2,816.000,768,864
16518,F8_01_1_2_Chlorophyll_A_001_phosphate_plate5.tif,1,800.000,800,800
16519,F8_01_1_2_Chlorophyll_A_001_phosphate_plate5.tif,1,784.000,784,784
16520,F8_01_1_2_Chlorophyll_A_001_phosphate_plate5.tif,1,768.000,768,768
16521,F8_01_1_2_Chlorophyll_A_001_phosphate_plate5.tif,8,830.000,768,944
16522,F8_01_1_2_Chlorophyll_A_001_phosphate_plate5.tif,1,848.000,848,848
16523,F8_01_1_2_Chlorophyll_A_001_phosphate_plate5.tif,3,853.333,800,912
16524,F8_01_1_2_Chlorophyll_A_001_phosphate_plate5.tif,2,856.000,816,896
16525,F8_01_1_2_Chlorophyll_A_001_phosphate_plate5.tif,1,832.000,832,832
16526,F8_01_1_2_Chlorophyll_A_001_phosphate_plate5.tif,1,800.000,800,800
16527,F8_01_1_2_Chlorophyll_A_001_phosphate_plate5.tif,1,832.000,832,832
16528,F8_01_1_2_Chlorophyll_A_001_phosphate_plate5.tif,2,776.000,768,784
16529,F8_01_1_2_Chlorophyll_A_001_phosphate_plate5.tif,1,768.000,768,768
16530,F8_01_1_2_Chlorophyll_A_001_phosphate_plate5.tif,2,864.000,832,896
16531,F8_01_1_2_Chlorophyll_A_001_phosphate_plate5.tif,1,800.000,800,800
16532,F8_01_1_2_Chlorophyll_A_001_phosphate_plate5.tif,1,848.000,848,848
16533,F8_01_1_2_Chlorophyll_A_001_phosphate_plate5.tif,2,872.000,832,912
16534,F8_01_1_2_Chlorophyll_A_001_phosphate_plate5.tif,3,778.667,768,784
16535,F8_01_1_2_Chlorophyll_A_001_phosphate_plate5.tif,3,832.000,784,880
16536,F8_01_1_2_Chlorophyll_A_001_phosphate_plate5.tif,1,832.000,832,832
16537,F8_01_1_2_Chlorophyll_A_001_phosphate_plate5.tif,1,784.000,784,784
16538,F8_01_1_2_Chlorophyll_A_001_phosphate_plate5.tif,1,848.000,848,848
16539,F8_01_1_2_Chlorophyll_A_001_phosphate_plate5.tif,1,768.000,768,768
16540,F8_01_1_2_Chlorophyll_A_001_phosphate_plate5.tif,1,816.000,816,816
16541,F8_01_1_2_Chlorophyll_A_001_phosphate_plate5.tif,1,880.000,880,880
16542,F8_01_1_2_Chlorophyll_A_001_phosphate_plate5.tif,1,768.000,768,768
16543,F8_01_1_2_Chlorophyll_A_001_phosphate_plate5.tif,1,896.000,896,896
16544,F8_01_1_2_Chlorophyll_A_001_phosphate_plate5.tif,1,768.000,768,768
16545,F8_01_1_2_Chlorophyll_A_001_phosphate_plate5.tif,1,864.000,864,864
16546,F8_01_1_2_Chlorophyll_A_001_phosphate_plate5.tif,1,880.000,880,880
16547,F8_01_1_2_Chlorophyll_A_001_phosphate_plate5.tif,1,800.000,800,800
16548,F8_01_1_2_Chlorophyll_A_001_phosphate_plate5.tif,1,784.000,784,784
16549,F8_01_1_2_Chlorophyll_A_001_phosphate_plate5.tif,1,768.000,768,768
16550,F8_01_1_2_Chlorophyll_A_001_phosphate_plate5.tif,1,912.000,912,912
16551,F8_01_1_2_Chlorophyll_A_001_phosphate_plate5.tif,1,816.000,816,816
16552,F8_01_1_2_Chlorophyll_A_001_phosphate_plate5.tif,1,784.000,784,784
16553,F8_01_1_2_Chlorophyll_A_001_phosphate_plate5.tif,2,784.000,768,800
16554,F8_01_1_2_Chlorophyll_A_001_phosphate_plate5.tif,2,832.000,800,864
16555,F8_01_1_2_Chlorophyll_A_001_phosphate_plate5.tif,2,768.000,768,768
16556,F8_01_1_2_Chlorophyll_A_001_phosphate_plate5.tif,1,864.000,864,864
16557,F8_01_1_2_Chlorophyll_A_001_phosphate_plate5.tif,1,864.000,864,864
16558,F8_01_1_2_Chlorophyll_A_001_phosphate_plate5.tif,1,880.000,880,880
16559,F8_01_1_2_Chlorophyll_A_001_phosphate_plate5.tif,2,864.000,784,944
16560,F8_01_1_2_Chlorophyll_A_001_phosphate_plate5.tif,1,800.000,800,800
16561,F8_01_1_2_Chlorophyll_A_001_phosphate_plate5.tif,26,852.923,768,1008
16562,F8_01_1_2_Chlorophyll_A_001_phosphate_plate5.tif,1,832.000,832,832
16563,F8_01_1_2_Chlorophyll_A_001_phosphate_plate5.tif,55,866.327,768,1104
16564,F8_01_1_2_Chlorophyll_A_001_phosphate_plate5.tif,41,876.878,768,1120
16565,F8_01_1_2_Chlorophyll_A_001_phosphate_plate5.tif,91,886.330,768,1168
16566,F8_01_1_2_Chlorophyll_A_001_phosphate_plate5.tif,69,900.638,768,1104
16567,F8_01_1_2_Chlorophyll_A_001_phosphate_plate5.tif,1,848.000,848,848
16568,F8_01_1_2_Chlorophyll_A_001_phosphate_plate5.tif,25,865.920,768,1072
16569,F8_01_1_2_Chlorophyll_A_001_phosphate_plate5.tif,40,868.800,768,1280
16570,F8_01_1_2_Chlorophyll_A_001_phosphate_plate5.tif,1,832.000,832,832
16571,F8_01_1_2_Chlorophyll_A_001_phosphate_plate5.tif,1,768.000,768,768
16572,F8_01_1_2_Chlorophyll_A_001_phosphate_plate5.tif,1,800.000,800,800
16573,F8_01_1_2_Chlorophyll_A_001_phosphate_plate5.tif,2,856.000,768,944
16574,F8_01_1_2_Chlorophyll_A_001_phosphate_plate5.tif,2,816.000,768,864
16575,F8_01_1_2_Chlorophyll_A_001_phosphate_plate5.tif,13,839.385,768,1024
16576,F8_01_1_2_Chlorophyll_A_001_phosphate_plate5.tif,4,856.000,768,960
16577,F8_01_1_2_Chlorophyll_A_001_phosphate_plate5.tif,3,794.667,768,832
16578,F8_01_1_2_Chlorophyll_A_001_phosphate_plate5.tif,4,804.000,768,864
16579,F8_01_1_2_Chlorophyll_A_001_phosphate_plate5.tif,1,912.000,912,912
16580,F8_01_1_2_Chlorophyll_A_001_phosphate_plate5.tif,8,830.000,784,944
16581,F8_01_1_2_Chlorophyll_A_001_phosphate_plate5.tif,2,776.000,768,784
16582,F8_01_1_2_Chlorophyll_A_001_phosphate_plate5.tif,1,848.000,848,848
16583,F8_01_1_2_Chlorophyll_A_001_phosphate_plate5.tif,4,836.000,768,912
16584,F8_01_1_2_Chlorophyll_A_001_phosphate_plate5.tif,4,796.000,768,816
16585,F8_01_1_2_Chlorophyll_A_001_phosphate_plate5.tif,1,800.000,800,800
16586,F8_01_1_2_Chlorophyll_A_001_phosphate_plate5.tif,2,864.000,848,880
16587,F8_01_1_2_Chlorophyll_A_001_phosphate_plate5.tif,1,768.000,768,768
16588,F8_01_1_2_Chlorophyll_A_001_phosphate_plate5.tif,2,784.000,768,800
16589,F8_01_1_2_Chlorophyll_A_001_phosphate_plate5.tif,1,848.000,848,848
16590,F8_01_1_2_Chlorophyll_A_001_phosphate_plate5.tif,3,800.000,768,864
16591,F8_01_1_2_Chlorophyll_A_001_phosphate_plate5.tif,1,832.000,832,832
16592,F8_01_1_2_Chlorophyll_A_001_phosphate_plate5.tif,1,768.000,768,768
16593,F8_01_1_2_Chlorophyll_A_001_phosphate_plate5.tif,1,800.000,800,800
16594,F8_01_1_2_Chlorophyll_A_001_phosphate_plate5.tif,1,960.000,960,960
16595,F8_01_1_2_Chlorophyll_A_001_phosphate_plate5.tif,1,784.000,784,784
16596,F8_01_1_2_Chlorophyll_A_001_phosphate_plate5.tif,2,904.000,816,992
16597,F8_01_1_2_Chlorophyll_A_001_phosphate_plate5.tif,6,813.333,768,896
16598,F8_01_1_2_Chlorophyll_A_001_phosphate_plate5.tif,1,800.000,800,800
16599,F8_01_1_2_Chlorophyll_A_001_phosphate_plate5.tif,1,832.000,832,832
16600,F8_01_1_2_Chlorophyll_A_001_phosphate_plate5.tif,1,784.000,784,784
16601,F8_01_1_2_Chlorophyll_A_001_phosphate_plate5.tif,1,800.000,800,800
16602,F8_01_1_2_Chlorophyll_A_001_phosphate_plate5.tif,1,768.000,768,768
16603,F8_01_1_2_Chlorophyll_A_001_phosphate_plate5.tif,1,784.000,784,784
16604,F8_01_1_2_Chlorophyll_A_001_phosphate_plate5.tif,1,784.000,784,784
16605,F8_01_1_2_Chlorophyll_A_001_phosphate_plate5.tif,1,944.000,944,944
16606,F8_01_1_2_Chlorophyll_A_001_phosphate_plate5.tif,1,784.000,784,784
16607,F8_01_1_2_Chlorophyll_A_001_phosphate_plate5.tif,1,768.000,768,768
16608,F8_01_1_2_Chlorophyll_A_001_phosphate_plate5.tif,1,768.000,768,768
16609,F8_01_1_2_Chlorophyll_A_001_phosphate_plate5.tif,1,768.000,768,768
16610,F8_01_1_2_Chlorophyll_A_001_phosphate_plate5.tif,1,880.000,880,880
16611,F8_01_1_2_Chlorophyll_A_001_phosphate_plate5.tif,1,768.000,768,768
16612,F8_01_1_2_Chlorophyll_A_001_phosphate_plate5.tif,1,784.000,784,784
16613,F8_01_1_2_Chlorophyll_A_001_phosphate_plate5.tif,1,800.000,800,800
16614,F8_01_1_2_Chlorophyll_A_001_phosphate_plate5.tif,1,768.000,768,768
16615,F8_01_1_2_Chlorophyll_A_001_phosphate_plate5.tif,1,800.000,800,800
16616,F8_01_1_2_Chlorophyll_A_001_phosphate_plate5.tif,2,888.000,880,896
16617,F8_01_1_2_Chlorophyll_A_001_phosphate_plate5.tif,2,800.000,768,832
16618,F8_01_1_2_Chlorophyll_A_001_phosphate_plate5.tif,1,784.000,784,784
16619,F8_01_1_2_Chlorophyll_A_001_phosphate_plate5.tif,2,808.000,784,832
16620,F8_01_1_2_Chlorophyll_A_001_phosphate_plate5.tif,9,823.111,768,944
16621,F8_01_1_2_Chlorophyll_A_001_phosphate_plate5.tif,1,784.000,784,784
16622,F8_01_1_2_Chlorophyll_A_001_phosphate_plate5.tif,1,896.000,896,896
16623,F8_01_1_2_Chlorophyll_A_001_phosphate_plate5.tif,19,932.211,800,1248
16624,F8_01_1_2_Chlorophyll_A_001_phosphate_plate5.tif,30,870.400,768,1072
16625,F8_01_1_2_Chlorophyll_A_001_phosphate_plate5.tif,56,888.000,768,1104
16626,F8_01_1_2_Chlorophyll_A_001_phosphate_plate5.tif,23,868.174,768,1056
16627,F8_01_1_2_Chlorophyll_A_001_phosphate_plate5.tif,1,784.000,784,784
16628,F8_01_1_2_Chlorophyll_A_001_phosphate_plate5.tif,1,880.000,880,880
16629,F8_01_1_2_Chlorophyll_A_001_phosphate_plate5.tif,16,806.000,768,912
16630,F8_01_1_2_Chlorophyll_A_001_phosphate_plate5.tif,11,839.273,768,944
16631,F8_01_1_2_Chlorophyll_A_001_phosphate_plate5.tif,1,928.000,928,928
16632,F8_01_1_2_Chlorophyll_A_001_phosphate_plate5.tif,1,800.000,800,800
16633,F8_01_1_2_Chlorophyll_A_001_phosphate_plate5.tif,1,768.000,768,768
16634,F8_01_1_2_Chlorophyll_A_001_phosphate_plate5.tif,1,800.000,800,800
16635,F8_01_1_2_Chlorophyll_A_001_phosphate_plate5.tif,22,861.818,768,1200
16636,F8_01_1_2_Chlorophyll_A_001_phosphate_plate5.tif,2,888.000,864,912
16637,F8_01_1_2_Chlorophyll_A_001_phosphate_plate5.tif,2,872.000,848,896
16638,F8_01_1_2_Chlorophyll_A_001_phosphate_plate5.tif,3,778.667,768,800
16639,F8_01_1_2_Chlorophyll_A_001_phosphate_plate5.tif,1,784.000,784,784
16640,F8_01_1_2_Chlorophyll_A_001_phosphate_plate5.tif,3,853.333,800,928
16641,F8_01_1_2_Chlorophyll_A_001_phosphate_plate5.tif,8,864.000,768,976
16642,F8_01_1_2_Chlorophyll_A_001_phosphate_plate5.tif,1,800.000,800,800
16643,F8_01_1_2_Chlorophyll_A_001_phosphate_plate5.tif,1,768.000,768,768
16644,F8_01_1_2_Chlorophyll_A_001_phosphate_plate5.tif,3,842.667,768,944
16645,F8_01_1_2_Chlorophyll_A_001_phosphate_plate5.tif,1,784.000,784,784
16646,F8_01_1_2_Chlorophyll_A_001_phosphate_plate5.tif,3,842.667,800,912
16647,F8_01_1_2_Chlorophyll_A_001_phosphate_plate5.tif,1,768.000,768,768
16648,F8_01_1_2_Chlorophyll_A_001_phosphate_plate5.tif,3,842.667,800,880
16649,F8_01_1_2_Chlorophyll_A_001_phosphate_plate5.tif,2,784.000,768,800
16650,F8_01_1_2_Chlorophyll_A_001_phosphate_plate5.tif,1,800.000,800,800
16651,F8_01_1_2_Chlorophyll_A_001_phosphate_plate5.tif,2,824.000,784,864
16652,F8_01_1_2_Chlorophyll_A_001_phosphate_plate5.tif,1,848.000,848,848
16653,F8_01_1_2_Chlorophyll_A_001_phosphate_plate5.tif,2,880.000,784,976
16654,F8_01_1_2_Chlorophyll_A_001_phosphate_plate5.tif,2,776.000,768,784
16655,F8_01_1_2_Chlorophyll_A_001_phosphate_plate5.tif,1,768.000,768,768
16656,F8_01_1_2_Chlorophyll_A_001_phosphate_plate5.tif,1,784.000,784,784
16657,F8_01_1_2_Chlorophyll_A_001_phosphate_plate5.tif,1,816.000,816,816
16658,F8_01_1_2_Chlorophyll_A_001_phosphate_plate5.tif,1,784.000,784,784
16659,F8_01_1_2_Chlorophyll_A_001_phosphate_plate5.tif,1,768.000,768,768
16660,F8_01_1_2_Chlorophyll_A_001_phosphate_plate5.tif,1,768.000,768,768
16661,F8_01_1_2_Chlorophyll_A_001_phosphate_plate5.tif,1,816.000,816,816
16662,F8_01_1_2_Chlorophyll_A_001_phosphate_plate5.tif,1,768.000,768,768
16663,F8_01_1_2_Chlorophyll_A_001_phosphate_plate5.tif,2,768.000,768,768
16664,F8_01_1_2_Chlorophyll_A_001_phosphate_plate5.tif,2,808.000,800,816
16665,F8_01_1_2_Chlorophyll_A_001_phosphate_plate5.tif,1,864.000,864,864
16666,F8_01_1_2_Chlorophyll_A_001_phosphate_plate5.tif,1,768.000,768,768
16667,F8_01_1_2_Chlorophyll_A_001_phosphate_plate5.tif,5,806.400,768,864
16668,F8_01_1_2_Chlorophyll_A_001_phosphate_plate5.tif,25,837.760,768,944
16669,F8_01_1_2_Chlorophyll_A_001_phosphate_plate5.tif,23,868.870,768,1088
16670,F8_01_1_2_Chlorophyll_A_001_phosphate_plate5.tif,35,880.914,768,1088
16671,F8_01_1_2_Chlorophyll_A_001_phosphate_plate5.tif,82,885.073,768,1056
16672,F8_01_1_2_Chlorophyll_A_001_phosphate_plate5.tif,1,1184.000,1184,1184
16673,F8_01_1_2_Chlorophyll_A_001_phosphate_plate5.tif,5,867.200,848,896
16674,F8_01_1_2_Chlorophyll_A_001_phosphate_plate5.tif,2,832.000,816,848
16675,F8_01_1_2_Chlorophyll_A_001_phosphate_plate5.tif,2,840.000,800,880
16676,F8_01_1_2_Chlorophyll_A_001_phosphate_plate5.tif,2,872.000,800,944
16677,F8_01_1_2_Chlorophyll_A_001_phosphate_plate5.tif,8,864.000,800,1056
16678,F8_01_1_2_Chlorophyll_A_001_phosphate_plate5.tif,3,784.000,768,800
16679,F8_01_1_2_Chlorophyll_A_001_phosphate_plate5.tif,2,808.000,800,816
16680,F8_01_1_2_Chlorophyll_A_001_phosphate_plate5.tif,1,832.000,832,832
16681,F8_01_1_2_Chlorophyll_A_001_phosphate_plate5.tif,3,858.667,784,912
16682,F8_01_1_2_Chlorophyll_A_001_phosphate_plate5.tif,1,832.000,832,832
16683,F8_01_1_2_Chlorophyll_A_001_phosphate_plate5.tif,1,864.000,864,864
16684,F8_01_1_2_Chlorophyll_A_001_phosphate_plate5.tif,1,816.000,816,816
16685,F8_01_1_2_Chlorophyll_A_001_phosphate_plate5.tif,1,960.000,960,960
16686,F8_01_1_2_Chlorophyll_A_001_phosphate_plate5.tif,2,832.000,800,864
16687,F8_01_1_2_Chlorophyll_A_001_phosphate_plate5.tif,1,896.000,896,896
16688,F8_01_1_2_Chlorophyll_A_001_phosphate_plate5.tif,1,816.000,816,816
16689,F8_01_1_2_Chlorophyll_A_001_phosphate_plate5.tif,3,794.667,768,832
16690,F8_01_1_2_Chlorophyll_A_001_phosphate_plate5.tif,1,800.000,800,800
16691,F8_01_1_2_Chlorophyll_A_001_phosphate_plate5.tif,1,784.000,784,784
16692,F8_01_1_2_Chlorophyll_A_001_phosphate_plate5.tif,1,848.000,848,848
16693,F8_01_1_2_Chlorophyll_A_001_phosphate_plate5.tif,1,832.000,832,832
16694,F8_01_1_2_Chlorophyll_A_001_phosphate_plate5.tif,2,808.000,768,848
16695,F8_01_1_2_Chlorophyll_A_001_phosphate_plate5.tif,1,768.000,768,768
16696,F8_01_1_2_Chlorophyll_A_001_phosphate_plate5.tif,1,832.000,832,832
16697,F8_01_1_2_Chlorophyll_A_001_phosphate_plate5.tif,2,816.000,784,848
16698,F8_01_1_2_Chlorophyll_A_001_phosphate_plate5.tif,2,824.000,768,880
16699,F8_01_1_2_Chlorophyll_A_001_phosphate_plate5.tif,1,928.000,928,928
16700,F8_01_1_2_Chlorophyll_A_001_phosphate_plate5.tif,1,848.000,848,848
16701,F8_01_1_2_Chlorophyll_A_001_phosphate_plate5.tif,3,805.333,784,848
16702,F8_01_1_2_Chlorophyll_A_001_phosphate_plate5.tif,1,816.000,816,816
16703,F8_01_1_2_Chlorophyll_A_001_phosphate_plate5.tif,1,816.000,816,816
16704,F8_01_1_2_Chlorophyll_A_001_phosphate_plate5.tif,1,800.000,800,800
16705,F8_01_1_2_Chlorophyll_A_001_phosphate_plate5.tif,2,920.000,832,1008
16706,F8_01_1_2_Chlorophyll_A_001_phosphate_plate5.tif,1,768.000,768,768
16707,F8_01_1_2_Chlorophyll_A_001_phosphate_plate5.tif,1,832.000,832,832
16708,F8_01_1_2_Chlorophyll_A_001_phosphate_plate5.tif,1,960.000,960,960
16709,F8_01_1_2_Chlorophyll_A_001_phosphate_plate5.tif,2,776.000,768,784
16710,F8_01_1_2_Chlorophyll_A_001_phosphate_plate5.tif,1,912.000,912,912
16711,F8_01_1_2_Chlorophyll_A_001_phosphate_plate5.tif,1,784.000,784,784
16712,F8_01_1_2_Chlorophyll_A_001_phosphate_plate5.tif,1,832.000,832,832
16713,F8_01_1_2_Chlorophyll_A_001_phosphate_plate5.tif,1,768.000,768,768
16714,F8_01_1_2_Chlorophyll_A_001_phosphate_plate5.tif,1,848.000,848,848
16715,F8_01_1_2_Chlorophyll_A_001_phosphate_plate5.tif,1,912.000,912,912
16716,F8_01_1_2_Chlorophyll_A_001_phosphate_plate5.tif,1,800.000,800,800
16717,F8_01_1_2_Chlorophyll_A_001_phosphate_plate5.tif,2,928.000,784,1072
16718,F8_01_1_2_Chlorophyll_A_001_phosphate_plate5.tif,2,832.000,832,832
16719,F8_01_1_2_Chlorophyll_A_001_phosphate_plate5.tif,1,864.000,864,864
16720,F8_01_1_2_Chlorophyll_A_001_phosphate_plate5.tif,2,912.000,784,1040
16721,F8_01_1_2_Chlorophyll_A_001_phosphate_plate5.tif,5,825.600,784,896
16722,F8_01_1_2_Chlorophyll_A_001_phosphate_plate5.tif,112,3062.857,768,19696
16723,F8_01_1_2_Chlorophyll_A_001_phosphate_plate5.tif,1,784.000,784,784
16724,F8_01_1_2_Chlorophyll_A_001_phosphate_plate5.tif,1,768.000,768,768
16725,F8_01_1_2_Chlorophyll_A_001_phosphate_plate5.tif,1,896.000,896,896
16726,F8_01_1_2_Chlorophyll_A_001_phosphate_plate5.tif,2,784.000,768,800
16727,F8_01_1_2_Chlorophyll_A_001_phosphate_plate5.tif,1,784.000,784,784
16728,F8_01_1_2_Chlorophyll_A_001_phosphate_plate5.tif,1,896.000,896,896
16729,F8_01_1_2_Chlorophyll_A_001_phosphate_plate5.tif,3,826.667,800,864
16730,F8_01_1_2_Chlorophyll_A_001_phosphate_plate5.tif,2,776.000,768,784
16731,F8_01_1_2_Chlorophyll_A_001_phosphate_plate5.tif,1,800.000,800,800
16732,F8_01_1_2_Chlorophyll_A_001_phosphate_plate5.tif,1,768.000,768,768
16733,F8_01_1_2_Chlorophyll_A_001_phosphate_plate5.tif,58,877.517,768,1200
16734,F8_01_1_2_Chlorophyll_A_001_phosphate_plate5.tif,42,855.238,768,1200
16735,F8_01_1_2_Chlorophyll_A_001_phosphate_plate5.tif,7,822.857,784,928
16736,F8_01_1_2_Chlorophyll_A_001_phosphate_plate5.tif,2,896.000,768,1024
16737,F8_01_1_2_Chlorophyll_A_001_phosphate_plate5.tif,5,832.000,784,928
16738,F8_01_1_2_Chlorophyll_A_001_phosphate_plate5.tif,2,792.000,784,800
16739,F8_01_1_2_Chlorophyll_A_001_phosphate_plate5.tif,6,832.000,784,896
16740,F8_01_1_2_Chlorophyll_A_001_phosphate_plate5.tif,1,832.000,832,832
16741,F8_01_1_2_Chlorophyll_A_001_phosphate_plate5.tif,1,784.000,784,784
16742,F8_01_1_2_Chlorophyll_A_001_phosphate_plate5.tif,1,976.000,976,976
16743,F8_01_1_2_Chlorophyll_A_001_phosphate_plate5.tif,175,3183.269,768,17840
16744,F8_01_1_2_Chlorophyll_A_001_phosphate_plate5.tif,10,835.200,768,880
16745,F8_01_1_2_Chlorophyll_A_001_phosphate_plate5.tif,1,800.000,800,800
16746,F8_01_1_2_Chlorophyll_A_001_phosphate_plate5.tif,3,821.333,784,880
16747,F8_01_1_2_Chlorophyll_A_001_phosphate_plate5.tif,5,825.600,784,912
16748,F8_01_1_2_Chlorophyll_A_001_phosphate_plate5.tif,1,784.000,784,784
16749,F8_01_1_2_Chlorophyll_A_001_phosphate_plate5.tif,4,836.000,784,864
16750,F8_01_1_2_Chlorophyll_A_001_phosphate_plate5.tif,2,856.000,784,928
16751,F8_01_1_2_Chlorophyll_A_001_phosphate_plate5.tif,1,848.000,848,848
16752,F8_01_1_2_Chlorophyll_A_001_phosphate_plate5.tif,1,784.000,784,784
16753,F8_01_1_2_Chlorophyll_A_001_phosphate_plate5.tif,2,800.000,768,832
16754,F8_01_1_2_Chlorophyll_A_001_phosphate_plate5.tif,2,824.000,800,848
16755,F8_01_1_2_Chlorophyll_A_001_phosphate_plate5.tif,3,810.667,768,832
16756,F8_01_1_2_Chlorophyll_A_001_phosphate_plate5.tif,2,896.000,864,928
16757,F8_01_1_2_Chlorophyll_A_001_phosphate_plate5.tif,3,837.333,816,864
16758,F8_01_1_2_Chlorophyll_A_001_phosphate_plate5.tif,5,803.200,768,864
16759,F8_01_1_2_Chlorophyll_A_001_phosphate_plate5.tif,1,1008.000,1008,1008
16760,F8_01_1_2_Chlorophyll_A_001_phosphate_plate5.tif,1,800.000,800,800
16761,F8_01_1_2_Chlorophyll_A_001_phosphate_plate5.tif,1,768.000,768,768
16762,F8_01_1_2_Chlorophyll_A_001_phosphate_plate5.tif,1,768.000,768,768
16763,F8_01_1_2_Chlorophyll_A_001_phosphate_plate5.tif,3,800.000,768,864
16764,F8_01_1_2_Chlorophyll_A_001_phosphate_plate5.tif,2,776.000,768,784
16765,F8_01_1_2_Chlorophyll_A_001_phosphate_plate5.tif,4,844.000,816,864
16766,F8_01_1_2_Chlorophyll_A_001_phosphate_plate5.tif,1,800.000,800,800
16767,F8_01_1_2_Chlorophyll_A_001_phosphate_plate5.tif,3,778.667,768,800
16768,F8_01_1_2_Chlorophyll_A_001_phosphate_plate5.tif,1,816.000,816,816
16769,F8_01_1_2_Chlorophyll_A_001_phosphate_plate5.tif,3,858.667,816,896
16770,F8_01_1_2_Chlorophyll_A_001_phosphate_plate5.tif,1,784.000,784,784
16771,F8_01_1_2_Chlorophyll_A_001_phosphate_plate5.tif,1,784.000,784,784
16772,F8_01_1_2_Chlorophyll_A_001_phosphate_plate5.tif,1,768.000,768,768
16773,F8_01_1_2_Chlorophyll_A_001_phosphate_plate5.tif,1,832.000,832,832
16774,F8_01_1_2_Chlorophyll_A_001_phosphate_plate5.tif,1,848.000,848,848
16775,F8_01_1_2_Chlorophyll_A_001_phosphate_plate5.tif,1,896.000,896,896
16776,F8_01_1_2_Chlorophyll_A_001_phosphate_plate5.tif,3,885.333,800,1024
16777,F8_01_1_2_Chlorophyll_A_001_phosphate_plate5.tif,1,784.000,784,784
16778,F8_01_1_2_Chlorophyll_A_001_phosphate_plate5.tif,1,992.000,992,992
16779,F8_01_1_2_Chlorophyll_A_001_phosphate_plate5.tif,1,848.000,848,848
16780,F8_01_1_2_Chlorophyll_A_001_phosphate_plate5.tif,1,800.000,800,800
16781,F8_01_1_2_Chlorophyll_A_001_phosphate_plate5.tif,1,768.000,768,768
16782,F8_01_1_2_Chlorophyll_A_001_phosphate_plate5.tif,1,944.000,944,944
16783,F8_01_1_2_Chlorophyll_A_001_phosphate_plate5.tif,4,836.000,784,960
16784,F8_01_1_2_Chlorophyll_A_001_phosphate_plate5.tif,1,784.000,784,784
16785,F8_01_1_2_Chlorophyll_A_001_phosphate_plate5.tif,1,832.000,832,832
16786,F8_01_1_2_Chlorophyll_A_001_phosphate_plate5.tif,3,842.667,768,992
16787,F8_01_1_2_Chlorophyll_A_001_phosphate_plate5.tif,1,880.000,880,880
16788,F8_01_1_2_Chlorophyll_A_001_phosphate_plate5.tif,1,1088.000,1088,1088
16789,F8_01_1_2_Chlorophyll_A_001_phosphate_plate5.tif,1,800.000,800,800
16790,F8_01_1_2_Chlorophyll_A_001_phosphate_plate5.tif,1,816.000,816,816
16791,F8_01_1_2_Chlorophyll_A_001_phosphate_plate5.tif,2,864.000,768,960
16792,F8_01_1_2_Chlorophyll_A_001_phosphate_plate5.tif,1,800.000,800,800
16793,F8_01_1_2_Chlorophyll_A_001_phosphate_plate5.tif,1,800.000,800,800
16794,F8_01_1_2_Chlorophyll_A_001_phosphate_plate5.tif,2,840.000,800,880
16795,F8_01_1_2_Chlorophyll_A_001_phosphate_plate5.tif,2,840.000,816,864
16796,F8_01_1_2_Chlorophyll_A_001_phosphate_plate5.tif,2,920.000,784,1056
16797,F8_01_1_2_Chlorophyll_A_001_phosphate_plate5.tif,5,812.800,768,880
16798,F8_01_1_2_Chlorophyll_A_001_phosphate_plate5.tif,1,784.000,784,784
16799,F8_01_1_2_Chlorophyll_A_001_phosphate_plate5.tif,1,880.000,880,880
16800,F8_01_1_2_Chlorophyll_A_001_phosphate_plate5.tif,1,1088.000,1088,1088
16801,F8_01_1_2_Chlorophyll_A_001_phosphate_plate5.tif,1,880.000,880,880
16802,F8_01_1_2_Chlorophyll_A_001_phosphate_plate5.tif,2,864.000,800,928
16803,F8_01_1_2_Chlorophyll_A_001_phosphate_plate5.tif,2,800.000,784,816
16804,F8_01_1_2_Chlorophyll_A_001_phosphate_plate5.tif,10,817.600,768,912
16805,F8_01_1_2_Chlorophyll_A_001_phosphate_plate5.tif,1,784.000,784,784
16806,F8_01_1_2_Chlorophyll_A_001_phosphate_plate5.tif,1,816.000,816,816
16807,F8_01_1_2_Chlorophyll_A_001_phosphate_plate5.tif,1,880.000,880,880
16808,F8_01_1_2_Chlorophyll_A_001_phosphate_plate5.tif,1,768.000,768,768
16809,F8_01_1_2_Chlorophyll_A_001_phosphate_plate5.tif,1,800.000,800,800
16810,F8_01_1_2_Chlorophyll_A_001_phosphate_plate5.tif,3,794.667,784,800
16811,F8_01_1_2_Chlorophyll_A_001_phosphate_plate5.tif,1,800.000,800,800
16812,F8_01_1_2_Chlorophyll_A_001_phosphate_plate5.tif,1,816.000,816,816
16813,F8_01_1_2_Chlorophyll_A_001_phosphate_plate5.tif,2,824.000,800,848
16814,F8_01_1_2_Chlorophyll_A_001_phosphate_plate5.tif,1,800.000,800,800
16815,F8_01_1_2_Chlorophyll_A_001_phosphate_plate5.tif,5,867.200,848,912
16816,F8_01_1_2_Chlorophyll_A_001_phosphate_plate5.tif,3,906.667,800,1024
16817,F8_01_1_2_Chlorophyll_A_001_phosphate_plate5.tif,1,768.000,768,768
16818,F8_01_1_2_Chlorophyll_A_001_phosphate_plate5.tif,5,809.600,768,848
16819,F8_01_1_2_Chlorophyll_A_001_phosphate_plate5.tif,1,848.000,848,848
16820,F8_01_1_2_Chlorophyll_A_001_phosphate_plate5.tif,1,816.000,816,816
16821,F8_01_1_2_Chlorophyll_A_001_phosphate_plate5.tif,1,768.000,768,768
16822,F8_01_1_2_Chlorophyll_A_001_phosphate_plate5.tif,3,794.667,768,832
16823,F8_01_1_2_Chlorophyll_A_001_phosphate_plate5.tif,1,784.000,784,784
16824,F8_01_1_2_Chlorophyll_A_001_phosphate_plate5.tif,1,784.000,784,784
16825,F8_01_1_2_Chlorophyll_A_001_phosphate_plate5.tif,1,800.000,800,800
16826,F8_01_1_2_Chlorophyll_A_001_phosphate_plate5.tif,1,880.000,880,880
16827,F8_01_1_2_Chlorophyll_A_001_phosphate_plate5.tif,1,800.000,800,800
16828,F8_01_1_2_Chlorophyll_A_001_phosphate_plate5.tif,4,840.000,816,864
16829,F8_01_1_2_Chlorophyll_A_001_phosphate_plate5.tif,1,832.000,832,832
16830,F8_01_1_2_Chlorophyll_A_001_phosphate_plate5.tif,2,920.000,768,1072
16831,F8_01_1_2_Chlorophyll_A_001_phosphate_plate5.tif,3,976.000,784,1168
16832,F8_01_1_2_Chlorophyll_A_001_phosphate_plate5.tif,2,792.000,784,800
16833,F8_01_1_2_Chlorophyll_A_001_phosphate_plate5.tif,1,800.000,800,800
16834,F8_01_1_2_Chlorophyll_A_001_phosphate_plate5.tif,1,784.000,784,784
16835,F8_01_1_2_Chlorophyll_A_001_phosphate_plate5.tif,6,877.333,800,944
16836,F8_01_1_2_Chlorophyll_A_001_phosphate_plate5.tif,2,832.000,768,896
16837,F8_01_1_2_Chlorophyll_A_001_phosphate_plate5.tif,1,768.000,768,768
16838,F8_01_1_2_Chlorophyll_A_001_phosphate_plate5.tif,4,880.000,816,944
16839,F8_01_1_2_Chlorophyll_A_001_phosphate_plate5.tif,39,889.846,768,1152
16840,F8_01_1_2_Chlorophyll_A_001_phosphate_plate5.tif,46,879.652,768,1104
16841,F8_01_1_2_Chlorophyll_A_001_phosphate_plate5.tif,72,890.222,768,1104
16842,F8_01_1_2_Chlorophyll_A_001_phosphate_plate5.tif,6,872.000,816,1008
16843,F8_01_1_2_Chlorophyll_A_001_phosphate_plate5.tif,2,864.000,816,912
16844,F8_01_1_2_Chlorophyll_A_001_phosphate_plate5.tif,1,848.000,848,848
16845,F8_01_1_2_Chlorophyll_A_001_phosphate_plate5.tif,1,1152.000,1152,1152
16846,F8_01_1_2_Chlorophyll_A_001_phosphate_plate5.tif,4,824.000,768,880
16847,F8_01_1_2_Chlorophyll_A_001_phosphate_plate5.tif,1,800.000,800,800
16848,F8_01_1_2_Chlorophyll_A_001_phosphate_plate5.tif,3,805.333,784,832
16849,F8_01_1_2_Chlorophyll_A_001_phosphate_plate5.tif,19,841.263,768,1040
16850,F8_01_1_2_Chlorophyll_A_001_phosphate_plate5.tif,3,869.333,768,992
16851,F8_01_1_2_Chlorophyll_A_001_phosphate_plate5.tif,1,768.000,768,768
16852,F8_01_1_2_Chlorophyll_A_001_phosphate_plate5.tif,1,896.000,896,896
16853,F8_01_1_2_Chlorophyll_A_001_phosphate_plate5.tif,3,794.667,768,832
16854,F8_01_1_2_Chlorophyll_A_001_phosphate_plate5.tif,1,784.000,784,784
16855,F8_01_1_2_Chlorophyll_A_001_phosphate_plate5.tif,1,784.000,784,784
16856,F8_01_1_2_Chlorophyll_A_001_phosphate_plate5.tif,1,784.000,784,784
16857,F8_01_1_2_Chlorophyll_A_001_phosphate_plate5.tif,1,848.000,848,848
16858,F8_01_1_2_Chlorophyll_A_001_phosphate_plate5.tif,1,768.000,768,768
16859,F8_01_1_2_Chlorophyll_A_001_phosphate_plate5.tif,1,912.000,912,912
16860,F8_01_1_2_Chlorophyll_A_001_phosphate_plate5.tif,2,784.000,768,800
16861,F8_01_1_2_Chlorophyll_A_001_phosphate_plate5.tif,1,832.000,832,832
16862,F8_01_1_2_Chlorophyll_A_001_phosphate_plate5.tif,3,842.667,768,880
16863,F8_01_1_2_Chlorophyll_A_001_phosphate_plate5.tif,2,800.000,784,816
16864,F8_01_1_2_Chlorophyll_A_001_phosphate_plate5.tif,1,784.000,784,784
16865,F8_01_1_2_Chlorophyll_A_001_phosphate_plate5.tif,1,912.000,912,912
16866,F8_01_1_2_Chlorophyll_A_001_phosphate_plate5.tif,1,768.000,768,768
16867,F8_01_1_2_Chlorophyll_A_001_phosphate_plate5.tif,2,784.000,784,784
16868,F8_01_1_2_Chlorophyll_A_001_phosphate_plate5.tif,3,778.667,768,784
16869,F8_01_1_2_Chlorophyll_A_001_phosphate_plate5.tif,9,814.222,768,896
16870,F8_01_1_2_Chlorophyll_A_001_phosphate_plate5.tif,1,784.000,784,784
16871,F8_01_1_2_Chlorophyll_A_001_phosphate_plate5.tif,2,880.000,800,960
16872,F8_01_1_2_Chlorophyll_A_001_phosphate_plate5.tif,1,768.000,768,768
16873,F8_01_1_2_Chlorophyll_A_001_phosphate_plate5.tif,1,800.000,800,800
16874,F8_01_1_2_Chlorophyll_A_001_phosphate_plate5.tif,2,832.000,768,896
16875,F8_01_1_2_Chlorophyll_A_001_phosphate_plate5.tif,2,840.000,784,896
16876,F8_01_1_2_Chlorophyll_A_001_phosphate_plate5.tif,1,880.000,880,880
16877,F8_01_1_2_Chlorophyll_A_001_phosphate_plate5.tif,1,800.000,800,800
16878,F8_01_1_2_Chlorophyll_A_001_phosphate_plate5.tif,1,800.000,800,800
16879,F8_01_1_2_Chlorophyll_A_001_phosphate_plate5.tif,1,768.000,768,768
16880,F8_01_1_2_Chlorophyll_A_001_phosphate_plate5.tif,2,784.000,768,800
16881,F8_01_1_2_Chlorophyll_A_001_phosphate_plate5.tif,1,880.000,880,880
16882,F8_01_1_2_Chlorophyll_A_001_phosphate_plate5.tif,1,768.000,768,768
16883,F8_01_1_2_Chlorophyll_A_001_phosphate_plate5.tif,1,768.000,768,768
16884,F8_01_1_2_Chlorophyll_A_001_phosphate_plate5.tif,2,768.000,768,768
16885,F8_01_1_2_Chlorophyll_A_001_phosphate_plate5.tif,1,784.000,784,784
16886,F8_01_1_2_Chlorophyll_A_001_phosphate_plate5.tif,4,820.000,768,880
16887,F8_01_1_2_Chlorophyll_A_001_phosphate_plate5.tif,2,808.000,784,832
16888,F8_01_1_2_Chlorophyll_A_001_phosphate_plate5.tif,2,824.000,800,848
16889,F8_01_1_2_Chlorophyll_A_001_phosphate_plate5.tif,1,1216.000,1216,1216
16890,F8_01_1_2_Chlorophyll_A_001_phosphate_plate5.tif,4,948.000,800,1040
16891,F8_01_1_2_Chlorophyll_A_001_phosphate_plate5.tif,3,821.333,784,848
16892,F8_01_1_2_Chlorophyll_A_001_phosphate_plate5.tif,83,878.843,768,1168
16893,F8_01_1_2_Chlorophyll_A_001_phosphate_plate5.tif,75,868.267,768,1056
16894,F8_01_1_2_Chlorophyll_A_001_phosphate_plate5.tif,19,847.158,768,960
16895,F8_01_1_2_Chlorophyll_A_001_phosphate_plate5.tif,48,888.333,768,1120
16896,F8_01_1_2_Chlorophyll_A_001_phosphate_plate5.tif,64,885.750,768,1200
16897,F8_01_1_2_Chlorophyll_A_001_phosphate_plate5.tif,32,883.500,768,1184
16898,F8_01_1_2_Chlorophyll_A_001_phosphate_plate5.tif,1,864.000,864,864
16899,F8_01_1_2_Chlorophyll_A_001_phosphate_plate5.tif,1,912.000,912,912
16900,F8_01_1_2_Chlorophyll_A_001_phosphate_plate5.tif,12,874.667,768,1040
16901,F8_01_1_2_Chlorophyll_A_001_phosphate_plate5.tif,1,768.000,768,768
16902,F8_01_1_2_Chlorophyll_A_001_phosphate_plate5.tif,9,805.333,768,848
16903,F8_01_1_2_Chlorophyll_A_001_phosphate_plate5.tif,4,816.000,800,848
16904,F8_01_1_2_Chlorophyll_A_001_phosphate_plate5.tif,2,768.000,768,768
16905,F8_01_1_2_Chlorophyll_A_001_phosphate_plate5.tif,1,784.000,784,784
16906,F8_01_1_2_Chlorophyll_A_001_phosphate_plate5.tif,1,960.000,960,960
16907,F8_01_1_2_Chlorophyll_A_001_phosphate_plate5.tif,2,872.000,800,944
16908,F8_01_1_2_Chlorophyll_A_001_phosphate_plate5.tif,1,784.000,784,784
16909,F8_01_1_2_Chlorophyll_A_001_phosphate_plate5.tif,3,821.333,784,864
16910,F8_01_1_2_Chlorophyll_A_001_phosphate_plate5.tif,1,832.000,832,832
16911,F8_01_1_2_Chlorophyll_A_001_phosphate_plate5.tif,4,820.000,784,896
16912,F8_01_1_2_Chlorophyll_A_001_phosphate_plate5.tif,1,880.000,880,880
16913,F8_01_1_2_Chlorophyll_A_001_phosphate_plate5.tif,1,784.000,784,784
16914,F8_01_1_2_Chlorophyll_A_001_phosphate_plate5.tif,1,832.000,832,832
16915,F8_01_1_2_Chlorophyll_A_001_phosphate_plate5.tif,2,792.000,768,816
16916,F8_01_1_2_Chlorophyll_A_001_phosphate_plate5.tif,1,944.000,944,944
16917,F8_01_1_2_Chlorophyll_A_001_phosphate_plate5.tif,1,768.000,768,768
16918,F8_01_1_2_Chlorophyll_A_001_phosphate_plate5.tif,1,800.000,800,800
16919,F8_01_1_2_Chlorophyll_A_001_phosphate_plate5.tif,1,784.000,784,784
16920,F8_01_1_2_Chlorophyll_A_001_phosphate_plate5.tif,1,800.000,800,800
16921,F8_01_1_2_Chlorophyll_A_001_phosphate_plate5.tif,1,784.000,784,784
16922,F8_01_1_2_Chlorophyll_A_001_phosphate_plate5.tif,2,808.000,784,832
16923,F8_01_1_2_Chlorophyll_A_001_phosphate_plate5.tif,1,800.000,800,800
16924,F8_01_1_2_Chlorophyll_A_001_phosphate_plate5.tif,1,768.000,768,768
16925,F8_01_1_2_Chlorophyll_A_001_phosphate_plate5.tif,1,784.000,784,784
16926,F8_01_1_2_Chlorophyll_A_001_phosphate_plate5.tif,2,792.000,784,800
16927,F8_01_1_2_Chlorophyll_A_001_phosphate_plate5.tif,2,832.000,800,864
16928,F8_01_1_2_Chlorophyll_A_001_phosphate_plate5.tif,1,816.000,816,816
16929,F8_01_1_2_Chlorophyll_A_001_phosphate_plate5.tif,1,944.000,944,944
16930,F8_01_1_2_Chlorophyll_A_001_phosphate_plate5.tif,1,848.000,848,848
16931,F8_01_1_2_Chlorophyll_A_001_phosphate_plate5.tif,1,864.000,864,864
16932,F8_01_1_2_Chlorophyll_A_001_phosphate_plate5.tif,1,848.000,848,848
16933,F8_01_1_2_Chlorophyll_A_001_phosphate_plate5.tif,1,832.000,832,832
16934,F8_01_1_2_Chlorophyll_A_001_phosphate_plate5.tif,1,784.000,784,784
16935,F8_01_1_2_Chlorophyll_A_001_phosphate_plate5.tif,1,784.000,784,784
16936,F8_01_1_2_Chlorophyll_A_001_phosphate_plate5.tif,1,800.000,800,800
16937,F8_01_1_2_Chlorophyll_A_001_phosphate_plate5.tif,1,816.000,816,816
16938,F8_01_1_2_Chlorophyll_A_001_phosphate_plate5.tif,1,768.000,768,768
16939,F8_01_1_2_Chlorophyll_A_001_phosphate_plate5.tif,1,784.000,784,784
16940,F8_01_1_2_Chlorophyll_A_001_phosphate_plate5.tif,1,880.000,880,880
16941,F8_01_1_2_Chlorophyll_A_001_phosphate_plate5.tif,1,816.000,816,816
16942,F8_01_1_2_Chlorophyll_A_001_phosphate_plate5.tif,3,848.000,768,928
16943,F8_01_1_2_Chlorophyll_A_001_phosphate_plate5.tif,1,880.000,880,880
16944,F8_01_1_2_Chlorophyll_A_001_phosphate_plate5.tif,1,864.000,864,864
16945,F8_01_1_2_Chlorophyll_A_001_phosphate_plate5.tif,1,944.000,944,944
16946,F8_01_1_2_Chlorophyll_A_001_phosphate_plate5.tif,1,896.000,896,896
16947,F8_01_1_2_Chlorophyll_A_001_phosphate_plate5.tif,110,878.691,768,1168
16948,F8_01_1_2_Chlorophyll_A_001_phosphate_plate5.tif,15,889.600,768,1040
16949,F8_01_1_2_Chlorophyll_A_001_phosphate_plate5.tif,1,816.000,816,816
16950,F8_01_1_2_Chlorophyll_A_001_phosphate_plate5.tif,1,896.000,896,896
16951,F8_01_1_2_Chlorophyll_A_001_phosphate_plate5.tif,10,814.400,768,992
16952,F8_01_1_2_Chlorophyll_A_001_phosphate_plate5.tif,1,848.000,848,848
16953,F8_01_1_2_Chlorophyll_A_001_phosphate_plate5.tif,1,768.000,768,768
16954,F8_01_1_2_Chlorophyll_A_001_phosphate_plate5.tif,24,857.333,768,1072
16955,F8_01_1_2_Chlorophyll_A_001_phosphate_plate5.tif,1,944.000,944,944
16956,F8_01_1_2_Chlorophyll_A_001_phosphate_plate5.tif,8,822.000,768,960
16957,F8_01_1_2_Chlorophyll_A_001_phosphate_plate5.tif,1,800.000,800,800
16958,F8_01_1_2_Chlorophyll_A_001_phosphate_plate5.tif,1,768.000,768,768
16959,F8_01_1_2_Chlorophyll_A_001_phosphate_plate5.tif,1,800.000,800,800
16960,F8_01_1_2_Chlorophyll_A_001_phosphate_plate5.tif,2,880.000,864,896
16961,F8_01_1_2_Chlorophyll_A_001_phosphate_plate5.tif,2,776.000,768,784
16962,F8_01_1_2_Chlorophyll_A_001_phosphate_plate5.tif,3,805.333,784,832
16963,F8_01_1_2_Chlorophyll_A_001_phosphate_plate5.tif,6,834.667,768,976
16964,F8_01_1_2_Chlorophyll_A_001_phosphate_plate5.tif,1,880.000,880,880
16965,F8_01_1_2_Chlorophyll_A_001_phosphate_plate5.tif,4,876.000,800,944
16966,F8_01_1_2_Chlorophyll_A_001_phosphate_plate5.tif,3,789.333,768,832
16967,F8_01_1_2_Chlorophyll_A_001_phosphate_plate5.tif,1,784.000,784,784
16968,F8_01_1_2_Chlorophyll_A_001_phosphate_plate5.tif,1,816.000,816,816
16969,F8_01_1_2_Chlorophyll_A_001_phosphate_plate5.tif,1,976.000,976,976
16970,F8_01_1_2_Chlorophyll_A_001_phosphate_plate5.tif,4,832.000,784,896
16971,F8_01_1_2_Chlorophyll_A_001_phosphate_plate5.tif,2,808.000,800,816
16972,F8_01_1_2_Chlorophyll_A_001_phosphate_plate5.tif,1,912.000,912,912
16973,F8_01_1_2_Chlorophyll_A_001_phosphate_plate5.tif,1,880.000,880,880
16974,F8_01_1_2_Chlorophyll_A_001_phosphate_plate5.tif,1,848.000,848,848
16975,F8_01_1_2_Chlorophyll_A_001_phosphate_plate5.tif,1,784.000,784,784
16976,F8_01_1_2_Chlorophyll_A_001_phosphate_plate5.tif,4,812.000,768,864
16977,F8_01_1_2_Chlorophyll_A_001_phosphate_plate5.tif,2,856.000,816,896
16978,F8_01_1_2_Chlorophyll_A_001_phosphate_plate5.tif,1,768.000,768,768
16979,F8_01_1_2_Chlorophyll_A_001_phosphate_plate5.tif,6,810.667,768,864
16980,F8_01_1_2_Chlorophyll_A_001_phosphate_plate5.tif,1,800.000,800,800
16981,F8_01_1_2_Chlorophyll_A_001_phosphate_plate5.tif,4,864.000,800,928
16982,F8_01_1_2_Chlorophyll_A_001_phosphate_plate5.tif,1,784.000,784,784
16983,F8_01_1_2_Chlorophyll_A_001_phosphate_plate5.tif,2,776.000,768,784
16984,F8_01_1_2_Chlorophyll_A_001_phosphate_plate5.tif,2,784.000,768,800
16985,F8_01_1_2_Chlorophyll_A_001_phosphate_plate5.tif,4,888.000,768,1104
16986,F8_01_1_2_Chlorophyll_A_001_phosphate_plate5.tif,2,792.000,784,800
16987,F8_01_1_2_Chlorophyll_A_001_phosphate_plate5.tif,1,784.000,784,784
16988,F8_01_1_2_Chlorophyll_A_001_phosphate_plate5.tif,1,976.000,976,976
16989,F8_01_1_2_Chlorophyll_A_001_phosphate_plate5.tif,1,800.000,800,800
16990,F8_01_1_2_Chlorophyll_A_001_phosphate_plate5.tif,1,816.000,816,816
16991,F8_01_1_2_Chlorophyll_A_001_phosphate_plate5.tif,3,816.000,784,864
16992,F8_01_1_2_Chlorophyll_A_001_phosphate_plate5.tif,6,802.667,768,864
16993,F8_01_1_2_Chlorophyll_A_001_phosphate_plate5.tif,2,848.000,784,912
16994,F8_01_1_2_Chlorophyll_A_001_phosphate_plate5.tif,1,832.000,832,832
16995,F8_01_1_2_Chlorophyll_A_001_phosphate_plate5.tif,6,800.000,784,864
16996,F8_01_1_2_Chlorophyll_A_001_phosphate_plate5.tif,1,944.000,944,944
16997,F8_01_1_2_Chlorophyll_A_001_phosphate_plate5.tif,1,880.000,880,880
16998,F8_01_1_2_Chlorophyll_A_001_phosphate_plate5.tif,1,768.000,768,768
16999,F8_01_1_2_Chlorophyll_A_001_phosphate_plate5.tif,2,840.000,816,864
17000,F8_01_1_2_Chlorophyll_A_001_phosphate_plate5.tif,1,768.000,768,768
17001,F8_01_1_2_Chlorophyll_A_001_phosphate_plate5.tif,2,848.000,768,928
17002,F8_01_1_2_Chlorophyll_A_001_phosphate_plate5.tif,1,848.000,848,848
17003,F8_01_1_2_Chlorophyll_A_001_phosphate_plate5.tif,1,784.000,784,784
17004,F8_01_1_2_Chlorophyll_A_001_phosphate_plate5.tif,1,816.000,816,816
17005,F8_01_1_2_Chlorophyll_A_001_phosphate_plate5.tif,1,784.000,784,784
17006,F8_01_1_2_Chlorophyll_A_001_phosphate_plate5.tif,1,784.000,784,784
17007,F8_01_1_2_Chlorophyll_A_001_phosphate_plate5.tif,2,800.000,800,800
17008,F8_01_1_2_Chlorophyll_A_001_phosphate_plate5.tif,1,768.000,768,768
17009,F8_01_1_2_Chlorophyll_A_001_phosphate_plate5.tif,3,794.667,768,816
17010,F8_01_1_2_Chlorophyll_A_001_phosphate_plate5.tif,3,768.000,768,768
17011,F8_01_1_2_Chlorophyll_A_001_phosphate_plate5.tif,2,800.000,768,832
17012,F8_01_1_2_Chlorophyll_A_001_phosphate_plate5.tif,46,877.565,768,1056
17013,F8_01_1_2_Chlorophyll_A_001_phosphate_plate5.tif,1,816.000,816,816
17014,F8_01_1_2_Chlorophyll_A_001_phosphate_plate5.tif,1,768.000,768,768
17015,F8_01_1_2_Chlorophyll_A_001_phosphate_plate5.tif,13,850.462,768,1040
17016,F8_01_1_2_Chlorophyll_A_001_phosphate_plate5.tif,2,856.000,832,880
17017,F8_01_1_2_Chlorophyll_A_001_phosphate_plate5.tif,6,880.000,784,1008
17018,F8_01_1_2_Chlorophyll_A_001_phosphate_plate5.tif,3,810.667,784,864
17019,F8_01_1_2_Chlorophyll_A_001_phosphate_plate5.tif,1,832.000,832,832
17020,F8_01_1_2_Chlorophyll_A_001_phosphate_plate5.tif,2,800.000,800,800
17021,F8_01_1_2_Chlorophyll_A_001_phosphate_plate5.tif,7,820.571,784,864
17022,F8_01_1_2_Chlorophyll_A_001_phosphate_plate5.tif,7,843.429,768,1024
17023,F8_01_1_2_Chlorophyll_A_001_phosphate_plate5.tif,1,800.000,800,800
17024,F8_01_1_2_Chlorophyll_A_001_phosphate_plate5.tif,1,768.000,768,768
17025,F8_01_1_2_Chlorophyll_A_001_phosphate_plate5.tif,1,912.000,912,912
17026,F8_01_1_2_Chlorophyll_A_001_phosphate_plate5.tif,1,880.000,880,880
17027,F8_01_1_2_Chlorophyll_A_001_phosphate_plate5.tif,1,816.000,816,816
17028,F8_01_1_2_Chlorophyll_A_001_phosphate_plate5.tif,1,880.000,880,880
17029,F8_01_1_2_Chlorophyll_A_001_phosphate_plate5.tif,2,800.000,768,832
17030,F8_01_1_2_Chlorophyll_A_001_phosphate_plate5.tif,3,800.000,768,848
17031,F8_01_1_2_Chlorophyll_A_001_phosphate_plate5.tif,1,784.000,784,784
17032,F8_01_1_2_Chlorophyll_A_001_phosphate_plate5.tif,1,768.000,768,768
17033,F8_01_1_2_Chlorophyll_A_001_phosphate_plate5.tif,1,816.000,816,816
17034,F8_01_1_2_Chlorophyll_A_001_phosphate_plate5.tif,1,864.000,864,864
17035,F8_01_1_2_Chlorophyll_A_001_phosphate_plate5.tif,1,768.000,768,768
17036,F8_01_1_2_Chlorophyll_A_001_phosphate_plate5.tif,1,848.000,848,848
17037,F8_01_1_2_Chlorophyll_A_001_phosphate_plate5.tif,1,800.000,800,800
17038,F8_01_1_2_Chlorophyll_A_001_phosphate_plate5.tif,3,874.667,848,928
17039,F8_01_1_2_Chlorophyll_A_001_phosphate_plate5.tif,6,861.333,768,1104
17040,F8_01_1_2_Chlorophyll_A_001_phosphate_plate5.tif,1,848.000,848,848
17041,F8_01_1_2_Chlorophyll_A_001_phosphate_plate5.tif,1,768.000,768,768
17042,F8_01_1_2_Chlorophyll_A_001_phosphate_plate5.tif,1,768.000,768,768
17043,F8_01_1_2_Chlorophyll_A_001_phosphate_plate5.tif,1,816.000,816,816
17044,F8_01_1_2_Chlorophyll_A_001_phosphate_plate5.tif,4,800.000,768,848
17045,F8_01_1_2_Chlorophyll_A_001_phosphate_plate5.tif,2,840.000,816,864
17046,F8_01_1_2_Chlorophyll_A_001_phosphate_plate5.tif,1,800.000,800,800
17047,F8_01_1_2_Chlorophyll_A_001_phosphate_plate5.tif,1,800.000,800,800
17048,F8_01_1_2_Chlorophyll_A_001_phosphate_plate5.tif,1,784.000,784,784
17049,F8_01_1_2_Chlorophyll_A_001_phosphate_plate5.tif,1,784.000,784,784
17050,F8_01_1_2_Chlorophyll_A_001_phosphate_plate5.tif,1,816.000,816,816
17051,F8_01_1_2_Chlorophyll_A_001_phosphate_plate5.tif,1,800.000,800,800
17052,F8_01_1_2_Chlorophyll_A_001_phosphate_plate5.tif,2,816.000,768,864
17053,F8_01_1_2_Chlorophyll_A_001_phosphate_plate5.tif,1,784.000,784,784
17054,F8_01_1_2_Chlorophyll_A_001_phosphate_plate5.tif,1,784.000,784,784
17055,F8_01_1_2_Chlorophyll_A_001_phosphate_plate5.tif,1,848.000,848,848
17056,F8_01_1_2_Chlorophyll_A_001_phosphate_plate5.tif,1,768.000,768,768
17057,F8_01_1_2_Chlorophyll_A_001_phosphate_plate5.tif,1,1056.000,1056,1056
17058,F8_01_1_2_Chlorophyll_A_001_phosphate_plate5.tif,1,1040.000,1040,1040
17059,F8_01_1_2_Chlorophyll_A_001_phosphate_plate5.tif,1,800.000,800,800
17060,F8_01_1_2_Chlorophyll_A_001_phosphate_plate5.tif,1,768.000,768,768
17061,F8_01_1_2_Chlorophyll_A_001_phosphate_plate5.tif,1,784.000,784,784
17062,F8_01_1_2_Chlorophyll_A_001_phosphate_plate5.tif,2,776.000,768,784
17063,F8_01_1_2_Chlorophyll_A_001_phosphate_plate5.tif,1,784.000,784,784
17064,F8_01_1_2_Chlorophyll_A_001_phosphate_plate5.tif,1,768.000,768,768
17065,F8_01_1_2_Chlorophyll_A_001_phosphate_plate5.tif,1,912.000,912,912
17066,F8_01_1_2_Chlorophyll_A_001_phosphate_plate5.tif,2,792.000,784,800
17067,F8_01_1_2_Chlorophyll_A_001_phosphate_plate5.tif,1,800.000,800,800
17068,F8_01_1_2_Chlorophyll_A_001_phosphate_plate5.tif,4,920.000,864,1040
17069,F8_01_1_2_Chlorophyll_A_001_phosphate_plate5.tif,1,848.000,848,848
17070,F8_01_1_2_Chlorophyll_A_001_phosphate_plate5.tif,48,852.000,768,1056
17071,F8_01_1_2_Chlorophyll_A_001_phosphate_plate5.tif,31,871.226,768,1056
17072,F8_01_1_2_Chlorophyll_A_001_phosphate_plate5.tif,1,816.000,816,816
17073,F8_01_1_2_Chlorophyll_A_001_phosphate_plate5.tif,1,1008.000,1008,1008
17074,F8_01_1_2_Chlorophyll_A_001_phosphate_plate5.tif,17,847.059,768,1136
17075,F8_01_1_2_Chlorophyll_A_001_phosphate_plate5.tif,1,784.000,784,784
17076,F8_01_1_2_Chlorophyll_A_001_phosphate_plate5.tif,7,850.286,768,928
17077,F8_01_1_2_Chlorophyll_A_001_phosphate_plate5.tif,1,864.000,864,864
17078,F8_01_1_2_Chlorophyll_A_001_phosphate_plate5.tif,11,821.818,768,896
17079,F8_01_1_2_Chlorophyll_A_001_phosphate_plate5.tif,3,837.333,816,864
17080,F8_01_1_2_Chlorophyll_A_001_phosphate_plate5.tif,5,816.000,768,896
17081,F8_01_1_2_Chlorophyll_A_001_phosphate_plate5.tif,1,1024.000,1024,1024
17082,F8_01_1_2_Chlorophyll_A_001_phosphate_plate5.tif,1,784.000,784,784
17083,F8_01_1_2_Chlorophyll_A_001_phosphate_plate5.tif,1,816.000,816,816
17084,F8_01_1_2_Chlorophyll_A_001_phosphate_plate5.tif,1,944.000,944,944
17085,F8_01_1_2_Chlorophyll_A_001_phosphate_plate5.tif,2,784.000,768,800
17086,F8_01_1_2_Chlorophyll_A_001_phosphate_plate5.tif,3,794.667,768,832
17087,F8_01_1_2_Chlorophyll_A_001_phosphate_plate5.tif,1,816.000,816,816
17088,F8_01_1_2_Chlorophyll_A_001_phosphate_plate5.tif,1,864.000,864,864
17089,F8_01_1_2_Chlorophyll_A_001_phosphate_plate5.tif,1,768.000,768,768
17090,F8_01_1_2_Chlorophyll_A_001_phosphate_plate5.tif,1,800.000,800,800
17091,F8_01_1_2_Chlorophyll_A_001_phosphate_plate5.tif,1,848.000,848,848
17092,F8_01_1_2_Chlorophyll_A_001_phosphate_plate5.tif,1,816.000,816,816
17093,F8_01_1_2_Chlorophyll_A_001_phosphate_plate5.tif,4,792.000,768,832
17094,F8_01_1_2_Chlorophyll_A_001_phosphate_plate5.tif,1,944.000,944,944
17095,F8_01_1_2_Chlorophyll_A_001_phosphate_plate5.tif,1,896.000,896,896
17096,F8_01_1_2_Chlorophyll_A_001_phosphate_plate5.tif,1,976.000,976,976
17097,F8_01_1_2_Chlorophyll_A_001_phosphate_plate5.tif,7,820.571,768,928
17098,F8_01_1_2_Chlorophyll_A_001_phosphate_plate5.tif,1,880.000,880,880
17099,F8_01_1_2_Chlorophyll_A_001_phosphate_plate5.tif,2,816.000,784,848
17100,F8_01_1_2_Chlorophyll_A_001_phosphate_plate5.tif,1,784.000,784,784
17101,F8_01_1_2_Chlorophyll_A_001_phosphate_plate5.tif,2,776.000,768,784
17102,F8_01_1_2_Chlorophyll_A_001_phosphate_plate5.tif,3,826.667,800,848
17103,F8_01_1_2_Chlorophyll_A_001_phosphate_plate5.tif,1,784.000,784,784
17104,F8_01_1_2_Chlorophyll_A_001_phosphate_plate5.tif,1,784.000,784,784
17105,F8_01_1_2_Chlorophyll_A_001_phosphate_plate5.tif,1,880.000,880,880
17106,F8_01_1_2_Chlorophyll_A_001_phosphate_plate5.tif,1,960.000,960,960
17107,F8_01_1_2_Chlorophyll_A_001_phosphate_plate5.tif,1,768.000,768,768
17108,F8_01_1_2_Chlorophyll_A_001_phosphate_plate5.tif,1,848.000,848,848
17109,F8_01_1_2_Chlorophyll_A_001_phosphate_plate5.tif,1,880.000,880,880
17110,F8_01_1_2_Chlorophyll_A_001_phosphate_plate5.tif,7,827.429,768,928
17111,F8_01_1_2_Chlorophyll_A_001_phosphate_plate5.tif,1,800.000,800,800
17112,F8_01_1_2_Chlorophyll_A_001_phosphate_plate5.tif,1,816.000,816,816
17113,F8_01_1_2_Chlorophyll_A_001_phosphate_plate5.tif,2,848.000,832,864
17114,F8_01_1_2_Chlorophyll_A_001_phosphate_plate5.tif,2,840.000,768,912
17115,F8_01_1_2_Chlorophyll_A_001_phosphate_plate5.tif,2,872.000,784,960
17116,F8_01_1_2_Chlorophyll_A_001_phosphate_plate5.tif,2,808.000,768,848
17117,F8_01_1_2_Chlorophyll_A_001_phosphate_plate5.tif,3,805.333,800,816
17118,F8_01_1_2_Chlorophyll_A_001_phosphate_plate5.tif,2,816.000,816,816
17119,F8_01_1_2_Chlorophyll_A_001_phosphate_plate5.tif,4,884.000,784,960
17120,F8_01_1_2_Chlorophyll_A_001_phosphate_plate5.tif,1,816.000,816,816
17121,F8_01_1_2_Chlorophyll_A_001_phosphate_plate5.tif,2,800.000,784,816
17122,F8_01_1_2_Chlorophyll_A_001_phosphate_plate5.tif,1,800.000,800,800
17123,F8_01_1_2_Chlorophyll_A_001_phosphate_plate5.tif,1,928.000,928,928
17124,F8_01_1_2_Chlorophyll_A_001_phosphate_plate5.tif,1,768.000,768,768
17125,F8_01_1_2_Chlorophyll_A_001_phosphate_plate5.tif,2,944.000,944,944
17126,F8_01_1_2_Chlorophyll_A_001_phosphate_plate5.tif,1,784.000,784,784
17127,F8_01_1_2_Chlorophyll_A_001_phosphate_plate5.tif,2,872.000,816,928
17128,F8_01_1_2_Chlorophyll_A_001_phosphate_plate5.tif,1,864.000,864,864
17129,F8_01_1_2_Chlorophyll_A_001_phosphate_plate5.tif,1,816.000,816,816
17130,F8_01_1_2_Chlorophyll_A_001_phosphate_plate5.tif,1,784.000,784,784
17131,F8_01_1_2_Chlorophyll_A_001_phosphate_plate5.tif,1,1040.000,1040,1040
17132,F8_01_1_2_Chlorophyll_A_001_phosphate_plate5.tif,2,824.000,816,832
17133,F8_01_1_2_Chlorophyll_A_001_phosphate_plate5.tif,1,816.000,816,816
17134,F8_01_1_2_Chlorophyll_A_001_phosphate_plate5.tif,1,976.000,976,976
17135,F8_01_1_2_Chlorophyll_A_001_phosphate_plate5.tif,2,888.000,816,960
17136,F8_01_1_2_Chlorophyll_A_001_phosphate_plate5.tif,1,848.000,848,848
17137,F8_01_1_2_Chlorophyll_A_001_phosphate_plate5.tif,2,928.000,848,1008
17138,F8_01_1_2_Chlorophyll_A_001_phosphate_plate5.tif,1,928.000,928,928
17139,F8_01_1_2_Chlorophyll_A_001_phosphate_plate5.tif,1,768.000,768,768
17140,F8_01_1_2_Chlorophyll_A_001_phosphate_plate5.tif,2,872.000,784,960
17141,F8_01_1_2_Chlorophyll_A_001_phosphate_plate5.tif,50,886.720,768,1136
17142,F8_01_1_2_Chlorophyll_A_001_phosphate_plate5.tif,5,828.800,800,864
17143,F8_01_1_2_Chlorophyll_A_001_phosphate_plate5.tif,1,768.000,768,768
17144,F8_01_1_2_Chlorophyll_A_001_phosphate_plate5.tif,4,832.000,768,896
17145,F8_01_1_2_Chlorophyll_A_001_phosphate_plate5.tif,3,810.667,768,864
17146,F8_01_1_2_Chlorophyll_A_001_phosphate_plate5.tif,1,784.000,784,784
17147,F8_01_1_2_Chlorophyll_A_001_phosphate_plate5.tif,1,864.000,864,864
17148,F8_01_1_2_Chlorophyll_A_001_phosphate_plate5.tif,1,864.000,864,864
17149,F8_01_1_2_Chlorophyll_A_001_phosphate_plate5.tif,3,794.667,784,816
17150,F8_01_1_2_Chlorophyll_A_001_phosphate_plate5.tif,25,862.080,768,1024
17151,F8_01_1_2_Chlorophyll_A_001_phosphate_plate5.tif,1,832.000,832,832
17152,F8_01_1_2_Chlorophyll_A_001_phosphate_plate5.tif,1,768.000,768,768
17153,F8_01_1_2_Chlorophyll_A_001_phosphate_plate5.tif,2,808.000,768,848
17154,F8_01_1_2_Chlorophyll_A_001_phosphate_plate5.tif,1,784.000,784,784
17155,F8_01_1_2_Chlorophyll_A_001_phosphate_plate5.tif,4,800.000,768,864
17156,F8_01_1_2_Chlorophyll_A_001_phosphate_plate5.tif,2,848.000,800,896
17157,F8_01_1_2_Chlorophyll_A_001_phosphate_plate5.tif,3,842.667,816,864
17158,F8_01_1_2_Chlorophyll_A_001_phosphate_plate5.tif,1,784.000,784,784
17159,F8_01_1_2_Chlorophyll_A_001_phosphate_plate5.tif,5,841.600,768,944
17160,F8_01_1_2_Chlorophyll_A_001_phosphate_plate5.tif,2,880.000,832,928
17161,F8_01_1_2_Chlorophyll_A_001_phosphate_plate5.tif,1,848.000,848,848
17162,F8_01_1_2_Chlorophyll_A_001_phosphate_plate5.tif,1,768.000,768,768
17163,F8_01_1_2_Chlorophyll_A_001_phosphate_plate5.tif,1,816.000,816,816
17164,F8_01_1_2_Chlorophyll_A_001_phosphate_plate5.tif,2,904.000,832,976
17165,F8_01_1_2_Chlorophyll_A_001_phosphate_plate5.tif,1,784.000,784,784
17166,F8_01_1_2_Chlorophyll_A_001_phosphate_plate5.tif,2,848.000,800,896
17167,F8_01_1_2_Chlorophyll_A_001_phosphate_plate5.tif,1,944.000,944,944
17168,F8_01_1_2_Chlorophyll_A_001_phosphate_plate5.tif,1,960.000,960,960
17169,F8_01_1_2_Chlorophyll_A_001_phosphate_plate5.tif,2,856.000,784,928
17170,F8_01_1_2_Chlorophyll_A_001_phosphate_plate5.tif,1,864.000,864,864
17171,F8_01_1_2_Chlorophyll_A_001_phosphate_plate5.tif,1,880.000,880,880
17172,F8_01_1_2_Chlorophyll_A_001_phosphate_plate5.tif,1,768.000,768,768
17173,F8_01_1_2_Chlorophyll_A_001_phosphate_plate5.tif,1,800.000,800,800
17174,F8_01_1_2_Chlorophyll_A_001_phosphate_plate5.tif,1,800.000,800,800
17175,F8_01_1_2_Chlorophyll_A_001_phosphate_plate5.tif,1,816.000,816,816
17176,F8_01_1_2_Chlorophyll_A_001_phosphate_plate5.tif,1,832.000,832,832
17177,F8_01_1_2_Chlorophyll_A_001_phosphate_plate5.tif,1,784.000,784,784
17178,F8_01_1_2_Chlorophyll_A_001_phosphate_plate5.tif,7,868.571,768,992
17179,F8_01_1_2_Chlorophyll_A_001_phosphate_plate5.tif,2,800.000,784,816
17180,F8_01_1_2_Chlorophyll_A_001_phosphate_plate5.tif,1,768.000,768,768
17181,F8_01_1_2_Chlorophyll_A_001_phosphate_plate5.tif,1,768.000,768,768
17182,F8_01_1_2_Chlorophyll_A_001_phosphate_plate5.tif,1,784.000,784,784
17183,F8_01_1_2_Chlorophyll_A_001_phosphate_plate5.tif,1,768.000,768,768
17184,F8_01_1_2_Chlorophyll_A_001_phosphate_plate5.tif,1,768.000,768,768
17185,F8_01_1_2_Chlorophyll_A_001_phosphate_plate5.tif,1,960.000,960,960
17186,F8_01_1_2_Chlorophyll_A_001_phosphate_plate5.tif,1,800.000,800,800
17187,F8_01_1_2_Chlorophyll_A_001_phosphate_plate5.tif,2,808.000,784,832
17188,F8_01_1_2_Chlorophyll_A_001_phosphate_plate5.tif,1,768.000,768,768
17189,F8_01_1_2_Chlorophyll_A_001_phosphate_plate5.tif,2,848.000,848,848
17190,F8_01_1_2_Chlorophyll_A_001_phosphate_plate5.tif,1,928.000,928,928
17191,F8_01_1_2_Chlorophyll_A_001_phosphate_plate5.tif,2,848.000,832,864
17192,F8_01_1_2_Chlorophyll_A_001_phosphate_plate5.tif,1,912.000,912,912
17193,F8_01_1_2_Chlorophyll_A_001_phosphate_plate5.tif,1,896.000,896,896
17194,F8_01_1_2_Chlorophyll_A_001_phosphate_plate5.tif,2,816.000,784,848
17195,F8_01_1_2_Chlorophyll_A_001_phosphate_plate5.tif,1,896.000,896,896
17196,F8_01_1_2_Chlorophyll_A_001_phosphate_plate5.tif,3,869.333,768,960
17197,F8_01_1_2_Chlorophyll_A_001_phosphate_plate5.tif,9,883.556,768,1008
17198,F8_01_1_2_Chlorophyll_A_001_phosphate_plate5.tif,15,893.867,768,1248
17199,F8_01_1_2_Chlorophyll_A_001_phosphate_plate5.tif,1,864.000,864,864
17200,F8_01_1_2_Chlorophyll_A_001_phosphate_plate5.tif,2,824.000,768,880
17201,F8_01_1_2_Chlorophyll_A_001_phosphate_plate5.tif,1,832.000,832,832
17202,F8_01_1_2_Chlorophyll_A_001_phosphate_plate5.tif,2,792.000,784,800
17203,F8_01_1_2_Chlorophyll_A_001_phosphate_plate5.tif,1,880.000,880,880
17204,F8_01_1_2_Chlorophyll_A_001_phosphate_plate5.tif,3,880.000,848,912
17205,F8_01_1_2_Chlorophyll_A_001_phosphate_plate5.tif,3,816.000,768,848
17206,F8_01_1_2_Chlorophyll_A_001_phosphate_plate5.tif,1,768.000,768,768
17207,F8_01_1_2_Chlorophyll_A_001_phosphate_plate5.tif,1,800.000,800,800
17208,F8_01_1_2_Chlorophyll_A_001_phosphate_plate5.tif,1,800.000,800,800
17209,F8_01_1_2_Chlorophyll_A_001_phosphate_plate5.tif,1,800.000,800,800
17210,F8_01_1_2_Chlorophyll_A_001_phosphate_plate5.tif,2,768.000,768,768
17211,F8_01_1_2_Chlorophyll_A_001_phosphate_plate5.tif,1,960.000,960,960
17212,F8_01_1_2_Chlorophyll_A_001_phosphate_plate5.tif,4,812.000,800,848
17213,F8_01_1_2_Chlorophyll_A_001_phosphate_plate5.tif,2,816.000,800,832
17214,F8_01_1_2_Chlorophyll_A_001_phosphate_plate5.tif,1,784.000,784,784
17215,F8_01_1_2_Chlorophyll_A_001_phosphate_plate5.tif,1,864.000,864,864
17216,F8_01_1_2_Chlorophyll_A_001_phosphate_plate5.tif,2,824.000,800,848
17217,F8_01_1_2_Chlorophyll_A_001_phosphate_plate5.tif,1,848.000,848,848
17218,F8_01_1_2_Chlorophyll_A_001_phosphate_plate5.tif,1,784.000,784,784
17219,F8_01_1_2_Chlorophyll_A_001_phosphate_plate5.tif,2,800.000,800,800
17220,F8_01_1_2_Chlorophyll_A_001_phosphate_plate5.tif,1,800.000,800,800
17221,F8_01_1_2_Chlorophyll_A_001_phosphate_plate5.tif,3,816.000,768,912
17222,F8_01_1_2_Chlorophyll_A_001_phosphate_plate5.tif,7,854.857,768,944
17223,F8_01_1_2_Chlorophyll_A_001_phosphate_plate5.tif,3,773.333,768,784
17224,F8_01_1_2_Chlorophyll_A_001_phosphate_plate5.tif,3,853.333,784,928
17225,F8_01_1_2_Chlorophyll_A_001_phosphate_plate5.tif,2,800.000,768,832
17226,F8_01_1_2_Chlorophyll_A_001_phosphate_plate5.tif,1,864.000,864,864
17227,F8_01_1_2_Chlorophyll_A_001_phosphate_plate5.tif,1,880.000,880,880
17228,F8_01_1_2_Chlorophyll_A_001_phosphate_plate5.tif,6,861.333,768,1008
17229,F8_01_1_2_Chlorophyll_A_001_phosphate_plate5.tif,1,816.000,816,816
17230,F8_01_1_2_Chlorophyll_A_001_phosphate_plate5.tif,2,816.000,784,848
17231,F8_01_1_2_Chlorophyll_A_001_phosphate_plate5.tif,1,768.000,768,768
17232,F8_01_1_2_Chlorophyll_A_001_phosphate_plate5.tif,1,1008.000,1008,1008
17233,F8_01_1_2_Chlorophyll_A_001_phosphate_plate5.tif,29,908.138,768,1248
17234,F8_01_1_2_Chlorophyll_A_001_phosphate_plate5.tif,1,832.000,832,832
17235,F8_01_1_2_Chlorophyll_A_001_phosphate_plate5.tif,1,768.000,768,768
17236,F8_01_1_2_Chlorophyll_A_001_phosphate_plate5.tif,1,1088.000,1088,1088
17237,F8_01_1_2_Chlorophyll_A_001_phosphate_plate5.tif,2,848.000,768,928
17238,F8_01_1_2_Chlorophyll_A_001_phosphate_plate5.tif,1,768.000,768,768
17239,F8_01_1_2_Chlorophyll_A_001_phosphate_plate5.tif,2,904.000,784,1024
17240,F8_01_1_2_Chlorophyll_A_001_phosphate_plate5.tif,1,768.000,768,768
17241,F8_01_1_2_Chlorophyll_A_001_phosphate_plate5.tif,1,848.000,848,848
17242,F8_01_1_2_Chlorophyll_A_001_phosphate_plate5.tif,1,832.000,832,832
17243,F8_01_1_2_Chlorophyll_A_001_phosphate_plate5.tif,1,784.000,784,784
17244,F8_01_1_2_Chlorophyll_A_001_phosphate_plate5.tif,1,960.000,960,960
17245,F8_01_1_2_Chlorophyll_A_001_phosphate_plate5.tif,2,880.000,864,896
17246,F8_01_1_2_Chlorophyll_A_001_phosphate_plate5.tif,2,784.000,784,784
17247,F8_01_1_2_Chlorophyll_A_001_phosphate_plate5.tif,1,768.000,768,768
17248,F8_01_1_2_Chlorophyll_A_001_phosphate_plate5.tif,1,784.000,784,784
17249,F8_01_1_2_Chlorophyll_A_001_phosphate_plate5.tif,1,768.000,768,768
17250,F8_01_1_2_Chlorophyll_A_001_phosphate_plate5.tif,1,848.000,848,848
17251,F8_01_1_2_Chlorophyll_A_001_phosphate_plate5.tif,2,784.000,784,784
17252,F8_01_1_2_Chlorophyll_A_001_phosphate_plate5.tif,1,784.000,784,784
17253,F8_01_1_2_Chlorophyll_A_001_phosphate_plate5.tif,1,784.000,784,784
17254,F8_01_1_2_Chlorophyll_A_001_phosphate_plate5.tif,1,784.000,784,784
17255,F8_01_1_2_Chlorophyll_A_001_phosphate_plate5.tif,1,784.000,784,784
17256,F8_01_1_2_Chlorophyll_A_001_phosphate_plate5.tif,1,880.000,880,880
17257,F8_01_1_2_Chlorophyll_A_001_phosphate_plate5.tif,1,912.000,912,912
17258,F8_01_1_2_Chlorophyll_A_001_phosphate_plate5.tif,1,784.000,784,784
17259,F8_01_1_2_Chlorophyll_A_001_phosphate_plate5.tif,1,912.000,912,912
17260,F8_01_1_2_Chlorophyll_A_001_phosphate_plate5.tif,1,800.000,800,800
17261,F8_01_1_2_Chlorophyll_A_001_phosphate_plate5.tif,1,768.000,768,768
17262,F8_01_1_2_Chlorophyll_A_001_phosphate_plate5.tif,1,864.000,864,864
17263,F8_01_1_2_Chlorophyll_A_001_phosphate_plate5.tif,2,824.000,800,848
17264,F8_01_1_2_Chlorophyll_A_001_phosphate_plate5.tif,1,832.000,832,832
17265,F8_01_1_2_Chlorophyll_A_001_phosphate_plate5.tif,2,920.000,912,928
17266,F8_01_1_2_Chlorophyll_A_001_phosphate_plate5.tif,1,768.000,768,768
17267,F8_01_1_2_Chlorophyll_A_001_phosphate_plate5.tif,1,912.000,912,912
17268,F8_01_1_2_Chlorophyll_A_001_phosphate_plate5.tif,3,805.333,768,864
17269,F8_01_1_2_Chlorophyll_A_001_phosphate_plate5.tif,8,834.000,768,944
17270,F8_01_1_2_Chlorophyll_A_001_phosphate_plate5.tif,1,784.000,784,784
17271,F8_01_1_2_Chlorophyll_A_001_phosphate_plate5.tif,7,809.143,768,912
17272,F8_01_1_2_Chlorophyll_A_001_phosphate_plate5.tif,1,880.000,880,880
17273,F8_01_1_2_Chlorophyll_A_001_phosphate_plate5.tif,127,863.370,768,1120
17274,F8_01_1_2_Chlorophyll_A_001_phosphate_plate5.tif,248,869.613,768,1152
17275,F8_01_1_2_Chlorophyll_A_001_phosphate_plate5.tif,4,788.000,768,816
17276,F8_01_1_2_Chlorophyll_A_001_phosphate_plate5.tif,13,848.000,768,1072
17277,F8_01_1_2_Chlorophyll_A_001_phosphate_plate5.tif,1,928.000,928,928
17278,F8_01_1_2_Chlorophyll_A_001_phosphate_plate5.tif,8,862.000,768,1024
17279,F8_01_1_2_Chlorophyll_A_001_phosphate_plate5.tif,27,829.630,768,1056
17280,F8_01_1_2_Chlorophyll_A_001_phosphate_plate5.tif,3,837.333,768,880
17281,F8_01_1_2_Chlorophyll_A_001_phosphate_plate5.tif,1,800.000,800,800
17282,F8_01_1_2_Chlorophyll_A_001_phosphate_plate5.tif,1,800.000,800,800
17283,F8_01_1_2_Chlorophyll_A_001_phosphate_plate5.tif,1,784.000,784,784
17284,F8_01_1_2_Chlorophyll_A_001_phosphate_plate5.tif,3,864.000,800,928
17285,F8_01_1_2_Chlorophyll_A_001_phosphate_plate5.tif,1,816.000,816,816
17286,F8_01_1_2_Chlorophyll_A_001_phosphate_plate5.tif,5,838.400,768,1008
17287,F8_01_1_2_Chlorophyll_A_001_phosphate_plate5.tif,1,768.000,768,768
17288,F8_01_1_2_Chlorophyll_A_001_phosphate_plate5.tif,1,864.000,864,864
17289,F8_01_1_2_Chlorophyll_A_001_phosphate_plate5.tif,1,944.000,944,944
17290,F8_01_1_2_Chlorophyll_A_001_phosphate_plate5.tif,1,784.000,784,784
17291,F8_01_1_2_Chlorophyll_A_001_phosphate_plate5.tif,1,848.000,848,848
17292,F8_01_1_2_Chlorophyll_A_001_phosphate_plate5.tif,4,816.000,768,896
17293,F8_01_1_2_Chlorophyll_A_001_phosphate_plate5.tif,1,784.000,784,784
17294,F8_01_1_2_Chlorophyll_A_001_phosphate_plate5.tif,1,768.000,768,768
17295,F8_01_1_2_Chlorophyll_A_001_phosphate_plate5.tif,1,784.000,784,784
17296,F8_01_1_2_Chlorophyll_A_001_phosphate_plate5.tif,1,944.000,944,944
17297,F8_01_1_2_Chlorophyll_A_001_phosphate_plate5.tif,1,848.000,848,848
17298,F8_01_1_2_Chlorophyll_A_001_phosphate_plate5.tif,1,848.000,848,848
17299,F8_01_1_2_Chlorophyll_A_001_phosphate_plate5.tif,1,848.000,848,848
17300,F8_01_1_2_Chlorophyll_A_001_phosphate_plate5.tif,7,861.714,768,1008
17301,F8_01_1_2_Chlorophyll_A_001_phosphate_plate5.tif,1,992.000,992,992
17302,F8_01_1_2_Chlorophyll_A_001_phosphate_plate5.tif,4,832.000,800,880
17303,F8_01_1_2_Chlorophyll_A_001_phosphate_plate5.tif,2,768.000,768,768
17304,F8_01_1_2_Chlorophyll_A_001_phosphate_plate5.tif,1,800.000,800,800
17305,F8_01_1_2_Chlorophyll_A_001_phosphate_plate5.tif,1,880.000,880,880
17306,F8_01_1_2_Chlorophyll_A_001_phosphate_plate5.tif,1,864.000,864,864
17307,F8_01_1_2_Chlorophyll_A_001_phosphate_plate5.tif,1,912.000,912,912
17308,F8_01_1_2_Chlorophyll_A_001_phosphate_plate5.tif,1,912.000,912,912
17309,F8_01_1_2_Chlorophyll_A_001_phosphate_plate5.tif,1,768.000,768,768
17310,F8_01_1_2_Chlorophyll_A_001_phosphate_plate5.tif,4,792.000,768,832
17311,F8_01_1_2_Chlorophyll_A_001_phosphate_plate5.tif,1,864.000,864,864
17312,F8_01_1_2_Chlorophyll_A_001_phosphate_plate5.tif,1,864.000,864,864
17313,F8_01_1_2_Chlorophyll_A_001_phosphate_plate5.tif,1,768.000,768,768
17314,F8_01_1_2_Chlorophyll_A_001_phosphate_plate5.tif,1,928.000,928,928
17315,F8_01_1_2_Chlorophyll_A_001_phosphate_plate5.tif,1,816.000,816,816
17316,F8_01_1_2_Chlorophyll_A_001_phosphate_plate5.tif,3,826.667,768,880
17317,F8_01_1_2_Chlorophyll_A_001_phosphate_plate5.tif,1,768.000,768,768
17318,F8_01_1_2_Chlorophyll_A_001_phosphate_plate5.tif,155,863.794,768,1120
17319,F8_01_1_2_Chlorophyll_A_001_phosphate_plate5.tif,62,865.226,768,1072
17320,F8_01_1_2_Chlorophyll_A_001_phosphate_plate5.tif,1,832.000,832,832
17321,F8_01_1_2_Chlorophyll_A_001_phosphate_plate5.tif,3,928.000,816,992
17322,F8_01_1_2_Chlorophyll_A_001_phosphate_plate5.tif,3,773.333,768,784
17323,F8_01_1_2_Chlorophyll_A_001_phosphate_plate5.tif,1,816.000,816,816
17324,F8_01_1_2_Chlorophyll_A_001_phosphate_plate5.tif,4,956.000,880,1104
17325,F8_01_1_2_Chlorophyll_A_001_phosphate_plate5.tif,17,861.176,768,992
17326,F8_01_1_2_Chlorophyll_A_001_phosphate_plate5.tif,3,800.000,784,816
17327,F8_01_1_2_Chlorophyll_A_001_phosphate_plate5.tif,14,850.286,768,1024
17328,F8_01_1_2_Chlorophyll_A_001_phosphate_plate5.tif,1,816.000,816,816
17329,F8_01_1_2_Chlorophyll_A_001_phosphate_plate5.tif,1,896.000,896,896
17330,F8_01_1_2_Chlorophyll_A_001_phosphate_plate5.tif,8,808.000,768,896
17331,F8_01_1_2_Chlorophyll_A_001_phosphate_plate5.tif,3,858.667,800,960
17332,F8_01_1_2_Chlorophyll_A_001_phosphate_plate5.tif,1,800.000,800,800
17333,F8_01_1_2_Chlorophyll_A_001_phosphate_plate5.tif,3,842.667,816,896
17334,F8_01_1_2_Chlorophyll_A_001_phosphate_plate5.tif,1,784.000,784,784
17335,F8_01_1_2_Chlorophyll_A_001_phosphate_plate5.tif,4,852.000,784,912
17336,F8_01_1_2_Chlorophyll_A_001_phosphate_plate5.tif,1,880.000,880,880
17337,F8_01_1_2_Chlorophyll_A_001_phosphate_plate5.tif,1,784.000,784,784
17338,F8_01_1_2_Chlorophyll_A_001_phosphate_plate5.tif,18,896.000,784,1072
17339,F8_01_1_2_Chlorophyll_A_001_phosphate_plate5.tif,1,800.000,800,800
17340,F8_01_1_2_Chlorophyll_A_001_phosphate_plate5.tif,2,848.000,848,848
17341,F8_01_1_2_Chlorophyll_A_001_phosphate_plate5.tif,5,880.000,800,1008
17342,F8_01_1_2_Chlorophyll_A_001_phosphate_plate5.tif,3,800.000,768,816
17343,F8_01_1_2_Chlorophyll_A_001_phosphate_plate5.tif,4,808.000,800,816
17344,F8_01_1_2_Chlorophyll_A_001_phosphate_plate5.tif,1,992.000,992,992
17345,F8_01_1_2_Chlorophyll_A_001_phosphate_plate5.tif,15,837.333,768,992
17346,F8_01_1_2_Chlorophyll_A_001_phosphate_plate5.tif,2,832.000,768,896
17347,F8_01_1_2_Chlorophyll_A_001_phosphate_plate5.tif,1,912.000,912,912
17348,F8_01_1_2_Chlorophyll_A_001_phosphate_plate5.tif,1,768.000,768,768
17349,F8_01_1_2_Chlorophyll_A_001_phosphate_plate5.tif,1,880.000,880,880
17350,F8_01_1_2_Chlorophyll_A_001_phosphate_plate5.tif,3,816.000,768,864
17351,F8_01_1_2_Chlorophyll_A_001_phosphate_plate5.tif,4,820.000,768,912
17352,F8_01_1_2_Chlorophyll_A_001_phosphate_plate5.tif,1,832.000,832,832
17353,F8_01_1_2_Chlorophyll_A_001_phosphate_plate5.tif,2,848.000,816,880
17354,F8_01_1_2_Chlorophyll_A_001_phosphate_plate5.tif,1,816.000,816,816
17355,F8_01_1_2_Chlorophyll_A_001_phosphate_plate5.tif,1,768.000,768,768
17356,F8_01_1_2_Chlorophyll_A_001_phosphate_plate5.tif,2,824.000,800,848
17357,F8_01_1_2_Chlorophyll_A_001_phosphate_plate5.tif,1,768.000,768,768
17358,F8_01_1_2_Chlorophyll_A_001_phosphate_plate5.tif,1,896.000,896,896
17359,F8_01_1_2_Chlorophyll_A_001_phosphate_plate5.tif,1,768.000,768,768
17360,F8_01_1_2_Chlorophyll_A_001_phosphate_plate5.tif,3,832.000,768,928
17361,F8_01_1_2_Chlorophyll_A_001_phosphate_plate5.tif,1,768.000,768,768
17362,F8_01_1_2_Chlorophyll_A_001_phosphate_plate5.tif,2,800.000,800,800
17363,F8_01_1_2_Chlorophyll_A_001_phosphate_plate5.tif,1,816.000,816,816
17364,F8_01_1_2_Chlorophyll_A_001_phosphate_plate5.tif,2,792.000,768,816
17365,F8_01_1_2_Chlorophyll_A_001_phosphate_plate5.tif,1,768.000,768,768
17366,F8_01_1_2_Chlorophyll_A_001_phosphate_plate5.tif,1,864.000,864,864
17367,F8_01_1_2_Chlorophyll_A_001_phosphate_plate5.tif,1,784.000,784,784
17368,F8_01_1_2_Chlorophyll_A_001_phosphate_plate5.tif,2,816.000,784,848
17369,F8_01_1_2_Chlorophyll_A_001_phosphate_plate5.tif,2,776.000,768,784
17370,F8_01_1_2_Chlorophyll_A_001_phosphate_plate5.tif,1,912.000,912,912
17371,F8_01_1_2_Chlorophyll_A_001_phosphate_plate5.tif,4,896.000,800,976
17372,F8_01_1_2_Chlorophyll_A_001_phosphate_plate5.tif,3,917.333,800,1008
17373,F8_01_1_2_Chlorophyll_A_001_phosphate_plate5.tif,27,883.556,768,1152
17374,F8_01_1_2_Chlorophyll_A_001_phosphate_plate5.tif,2,792.000,784,800
17375,F8_01_1_2_Chlorophyll_A_001_phosphate_plate5.tif,3,848.000,816,880
17376,F8_01_1_2_Chlorophyll_A_001_phosphate_plate5.tif,1,784.000,784,784
17377,F8_01_1_2_Chlorophyll_A_001_phosphate_plate5.tif,3,874.667,768,960
17378,F8_01_1_2_Chlorophyll_A_001_phosphate_plate5.tif,1,1040.000,1040,1040
17379,F8_01_1_2_Chlorophyll_A_001_phosphate_plate5.tif,3,789.333,768,800
17380,F8_01_1_2_Chlorophyll_A_001_phosphate_plate5.tif,2,792.000,784,800
17381,F8_01_1_2_Chlorophyll_A_001_phosphate_plate5.tif,3,816.000,800,848
17382,F8_01_1_2_Chlorophyll_A_001_phosphate_plate5.tif,1,848.000,848,848
17383,F8_01_1_2_Chlorophyll_A_001_phosphate_plate5.tif,1,768.000,768,768
17384,F8_01_1_2_Chlorophyll_A_001_phosphate_plate5.tif,1,816.000,816,816
17385,F8_01_1_2_Chlorophyll_A_001_phosphate_plate5.tif,2,896.000,880,912
17386,F8_01_1_2_Chlorophyll_A_001_phosphate_plate5.tif,2,808.000,768,848
17387,F8_01_1_2_Chlorophyll_A_001_phosphate_plate5.tif,2,864.000,832,896
17388,F8_01_1_2_Chlorophyll_A_001_phosphate_plate5.tif,3,864.000,784,944
17389,F8_01_1_2_Chlorophyll_A_001_phosphate_plate5.tif,3,805.333,784,832
17390,F8_01_1_2_Chlorophyll_A_001_phosphate_plate5.tif,1,816.000,816,816
17391,F8_01_1_2_Chlorophyll_A_001_phosphate_plate5.tif,1,912.000,912,912
17392,F8_01_1_2_Chlorophyll_A_001_phosphate_plate5.tif,1,880.000,880,880
17393,F8_01_1_2_Chlorophyll_A_001_phosphate_plate5.tif,3,784.000,768,800
17394,F8_01_1_2_Chlorophyll_A_001_phosphate_plate5.tif,1,784.000,784,784
17395,F8_01_1_2_Chlorophyll_A_001_phosphate_plate5.tif,3,810.667,784,832
17396,F8_01_1_2_Chlorophyll_A_001_phosphate_plate5.tif,1,880.000,880,880
17397,F8_01_1_2_Chlorophyll_A_001_phosphate_plate5.tif,3,794.667,768,816
17398,F8_01_1_2_Chlorophyll_A_001_phosphate_plate5.tif,3,890.667,832,976
17399,F8_01_1_2_Chlorophyll_A_001_phosphate_plate5.tif,1,816.000,816,816
17400,F8_01_1_2_Chlorophyll_A_001_phosphate_plate5.tif,1,944.000,944,944
17401,F8_01_1_2_Chlorophyll_A_001_phosphate_plate5.tif,3,794.667,784,800
17402,F8_01_1_2_Chlorophyll_A_001_phosphate_plate5.tif,1,800.000,800,800
17403,F8_01_1_2_Chlorophyll_A_001_phosphate_plate5.tif,2,824.000,768,880
17404,F8_01_1_2_Chlorophyll_A_001_phosphate_plate5.tif,1,848.000,848,848
17405,F8_01_1_2_Chlorophyll_A_001_phosphate_plate5.tif,4,840.000,800,896
17406,F8_01_1_2_Chlorophyll_A_001_phosphate_plate5.tif,2,856.000,848,864
17407,F8_01_1_2_Chlorophyll_A_001_phosphate_plate5.tif,1,768.000,768,768
17408,F8_01_1_2_Chlorophyll_A_001_phosphate_plate5.tif,1,880.000,880,880
17409,F8_01_1_2_Chlorophyll_A_001_phosphate_plate5.tif,2,832.000,784,880
17410,F8_01_1_2_Chlorophyll_A_001_phosphate_plate5.tif,1,800.000,800,800
17411,F8_01_1_2_Chlorophyll_A_001_phosphate_plate5.tif,3,832.000,800,896
17412,F8_01_1_2_Chlorophyll_A_001_phosphate_plate5.tif,1,848.000,848,848
17413,F8_01_1_2_Chlorophyll_A_001_phosphate_plate5.tif,3,800.000,784,816
17414,F8_01_1_2_Chlorophyll_A_001_phosphate_plate5.tif,1,832.000,832,832
17415,F8_01_1_2_Chlorophyll_A_001_phosphate_plate5.tif,198,3318.626,768,27520
17416,F8_01_1_2_Chlorophyll_A_001_phosphate_plate5.tif,1,800.000,800,800
17417,F8_01_1_2_Chlorophyll_A_001_phosphate_plate5.tif,3,800.000,768,848
17418,F8_01_1_2_Chlorophyll_A_001_phosphate_plate5.tif,2,784.000,768,800
17419,F8_01_1_2_Chlorophyll_A_001_phosphate_plate5.tif,1,816.000,816,816
17420,F8_01_1_2_Chlorophyll_A_001_phosphate_plate5.tif,2,864.000,848,880
17421,F8_01_1_2_Chlorophyll_A_001_phosphate_plate5.tif,1,768.000,768,768
17422,F8_01_1_2_Chlorophyll_A_001_phosphate_plate5.tif,1,768.000,768,768
17423,F8_01_1_2_Chlorophyll_A_001_phosphate_plate5.tif,1,800.000,800,800
17424,F8_01_1_2_Chlorophyll_A_001_phosphate_plate5.tif,1,848.000,848,848
17425,F8_01_1_2_Chlorophyll_A_001_phosphate_plate5.tif,1,848.000,848,848
17426,F8_01_1_2_Chlorophyll_A_001_phosphate_plate5.tif,1,848.000,848,848
17427,F8_01_1_2_Chlorophyll_A_001_phosphate_plate5.tif,1,800.000,800,800
17428,F8_01_1_2_Chlorophyll_A_001_phosphate_plate5.tif,1,848.000,848,848
17429,F8_01_1_2_Chlorophyll_A_001_phosphate_plate5.tif,2,808.000,768,848
17430,F8_01_1_2_Chlorophyll_A_001_phosphate_plate5.tif,1,768.000,768,768
17431,F8_01_1_2_Chlorophyll_A_001_phosphate_plate5.tif,9,807.111,768,896
17432,F8_01_1_2_Chlorophyll_A_001_phosphate_plate5.tif,1,848.000,848,848
17433,F8_01_1_2_Chlorophyll_A_001_phosphate_plate5.tif,1,912.000,912,912
17434,F8_01_1_2_Chlorophyll_A_001_phosphate_plate5.tif,57,888.421,768,1152
17435,F8_01_1_2_Chlorophyll_A_001_phosphate_plate5.tif,38,893.895,768,1200
17436,F8_01_1_2_Chlorophyll_A_001_phosphate_plate5.tif,1,880.000,880,880
17437,F8_01_1_2_Chlorophyll_A_001_phosphate_plate5.tif,3,885.333,768,992
17438,F8_01_1_2_Chlorophyll_A_001_phosphate_plate5.tif,3,821.333,784,848
17439,F8_01_1_2_Chlorophyll_A_001_phosphate_plate5.tif,4,868.000,816,928
17440,F8_01_1_2_Chlorophyll_A_001_phosphate_plate5.tif,5,806.400,768,848
17441,F8_01_1_2_Chlorophyll_A_001_phosphate_plate5.tif,2,992.000,944,1040
17442,F8_01_1_2_Chlorophyll_A_001_phosphate_plate5.tif,1,992.000,992,992
17443,F8_01_1_2_Chlorophyll_A_001_phosphate_plate5.tif,2,936.000,816,1056
17444,F8_01_1_2_Chlorophyll_A_001_phosphate_plate5.tif,1,880.000,880,880
17445,F8_01_1_2_Chlorophyll_A_001_phosphate_plate5.tif,1,848.000,848,848
17446,F8_01_1_2_Chlorophyll_A_001_phosphate_plate5.tif,2,824.000,784,864
17447,F8_01_1_2_Chlorophyll_A_001_phosphate_plate5.tif,1,960.000,960,960
17448,F8_01_1_2_Chlorophyll_A_001_phosphate_plate5.tif,2,864.000,848,880
17449,F8_01_1_2_Chlorophyll_A_001_phosphate_plate5.tif,1,864.000,864,864
17450,F8_01_1_2_Chlorophyll_A_001_phosphate_plate5.tif,7,804.571,768,880
17451,F8_01_1_2_Chlorophyll_A_001_phosphate_plate5.tif,3,848.000,768,896
17452,F8_01_1_2_Chlorophyll_A_001_phosphate_plate5.tif,1,800.000,800,800
17453,F8_01_1_2_Chlorophyll_A_001_phosphate_plate5.tif,1,768.000,768,768
17454,F8_01_1_2_Chlorophyll_A_001_phosphate_plate5.tif,1,768.000,768,768
17455,F8_01_1_2_Chlorophyll_A_001_phosphate_plate5.tif,272,3282.588,768,24224
17456,F8_01_1_2_Chlorophyll_A_001_phosphate_plate5.tif,1,848.000,848,848
17457,F8_01_1_2_Chlorophyll_A_001_phosphate_plate5.tif,1,768.000,768,768
17458,F8_01_1_2_Chlorophyll_A_001_phosphate_plate5.tif,2,792.000,784,800
17459,F8_01_1_2_Chlorophyll_A_001_phosphate_plate5.tif,1,832.000,832,832
17460,F8_01_1_2_Chlorophyll_A_001_phosphate_plate5.tif,1,864.000,864,864
17461,F8_01_1_2_Chlorophyll_A_001_phosphate_plate5.tif,1,928.000,928,928
17462,F8_01_1_2_Chlorophyll_A_001_phosphate_plate5.tif,2,872.000,784,960
17463,F8_01_1_2_Chlorophyll_A_001_phosphate_plate5.tif,2,816.000,768,864
17464,F8_01_1_2_Chlorophyll_A_001_phosphate_plate5.tif,4,876.000,832,928
17465,F8_01_1_2_Chlorophyll_A_001_phosphate_plate5.tif,2,808.000,784,832
17466,F8_01_1_2_Chlorophyll_A_001_phosphate_plate5.tif,4,840.000,768,944
17467,F8_01_1_2_Chlorophyll_A_001_phosphate_plate5.tif,1,848.000,848,848
17468,F8_01_1_2_Chlorophyll_A_001_phosphate_plate5.tif,1,800.000,800,800
17469,F8_01_1_2_Chlorophyll_A_001_phosphate_plate5.tif,1,768.000,768,768
17470,F8_01_1_2_Chlorophyll_A_001_phosphate_plate5.tif,1,768.000,768,768
17471,F8_01_1_2_Chlorophyll_A_001_phosphate_plate5.tif,6,832.000,784,944
17472,F8_01_1_2_Chlorophyll_A_001_phosphate_plate5.tif,3,784.000,768,800
17473,F8_01_1_2_Chlorophyll_A_001_phosphate_plate5.tif,5,854.400,768,944
17474,F8_01_1_2_Chlorophyll_A_001_phosphate_plate5.tif,1,992.000,992,992
17475,F8_01_1_2_Chlorophyll_A_001_phosphate_plate5.tif,8,842.000,784,928
17476,F8_01_1_2_Chlorophyll_A_001_phosphate_plate5.tif,1,816.000,816,816
17477,F8_01_1_2_Chlorophyll_A_001_phosphate_plate5.tif,2,992.000,880,1104
17478,F8_01_1_2_Chlorophyll_A_001_phosphate_plate5.tif,2,992.000,960,1024
17479,F8_01_1_2_Chlorophyll_A_001_phosphate_plate5.tif,44,888.364,768,1168
17480,F8_01_1_2_Chlorophyll_A_001_phosphate_plate5.tif,23,903.652,784,1056
17481,F8_01_1_2_Chlorophyll_A_001_phosphate_plate5.tif,5,883.200,784,976
17482,F8_01_1_2_Chlorophyll_A_001_phosphate_plate5.tif,8,840.000,768,912
17483,F8_01_1_2_Chlorophyll_A_001_phosphate_plate5.tif,39,834.872,768,1040
17484,F8_01_1_2_Chlorophyll_A_001_phosphate_plate5.tif,1,768.000,768,768
17485,F8_01_1_2_Chlorophyll_A_001_phosphate_plate5.tif,1,800.000,800,800
17486,F8_01_1_2_Chlorophyll_A_001_phosphate_plate5.tif,8,822.000,768,896
17487,F8_01_1_2_Chlorophyll_A_001_phosphate_plate5.tif,4,832.000,768,912
17488,F8_01_1_2_Chlorophyll_A_001_phosphate_plate5.tif,1,768.000,768,768
17489,F8_01_1_2_Chlorophyll_A_001_phosphate_plate5.tif,1,768.000,768,768
17490,F8_01_1_2_Chlorophyll_A_001_phosphate_plate5.tif,3,826.667,784,896
17491,F8_01_1_2_Chlorophyll_A_001_phosphate_plate5.tif,17,871.529,768,1072
17492,F8_01_1_2_Chlorophyll_A_001_phosphate_plate5.tif,1,928.000,928,928
17493,F8_01_1_2_Chlorophyll_A_001_phosphate_plate5.tif,4,784.000,768,800
17494,F8_01_1_2_Chlorophyll_A_001_phosphate_plate5.tif,3,874.667,848,912
17495,F8_01_1_2_Chlorophyll_A_001_phosphate_plate5.tif,1,864.000,864,864
17496,F8_01_1_2_Chlorophyll_A_001_phosphate_plate5.tif,3,917.333,800,1008
17497,F8_01_1_2_Chlorophyll_A_001_phosphate_plate5.tif,2,784.000,768,800
17498,F8_01_1_2_Chlorophyll_A_001_phosphate_plate5.tif,1,784.000,784,784
17499,F8_01_1_2_Chlorophyll_A_001_phosphate_plate5.tif,1,848.000,848,848
17500,F8_01_1_2_Chlorophyll_A_001_phosphate_plate5.tif,1,832.000,832,832
17501,F8_01_1_2_Chlorophyll_A_001_phosphate_plate5.tif,2,792.000,784,800
17502,F8_01_1_2_Chlorophyll_A_001_phosphate_plate5.tif,1,832.000,832,832
17503,F8_01_1_2_Chlorophyll_A_001_phosphate_plate5.tif,1,848.000,848,848
17504,F8_01_1_2_Chlorophyll_A_001_phosphate_plate5.tif,3,842.667,832,848
17505,F8_01_1_2_Chlorophyll_A_001_phosphate_plate5.tif,1,800.000,800,800
17506,F8_01_1_2_Chlorophyll_A_001_phosphate_plate5.tif,2,840.000,832,848
17507,F8_01_1_2_Chlorophyll_A_001_phosphate_plate5.tif,1,848.000,848,848
17508,F8_01_1_2_Chlorophyll_A_001_phosphate_plate5.tif,1,896.000,896,896
17509,F8_01_1_2_Chlorophyll_A_001_phosphate_plate5.tif,1,976.000,976,976
17510,F8_01_1_2_Chlorophyll_A_001_phosphate_plate5.tif,3,880.000,832,960
17511,F8_01_1_2_Chlorophyll_A_001_phosphate_plate5.tif,1,800.000,800,800
17512,F8_01_1_2_Chlorophyll_A_001_phosphate_plate5.tif,1,816.000,816,816
17513,F8_01_1_2_Chlorophyll_A_001_phosphate_plate5.tif,1,784.000,784,784
17514,F8_01_1_2_Chlorophyll_A_001_phosphate_plate5.tif,1,784.000,784,784
17515,F8_01_1_2_Chlorophyll_A_001_phosphate_plate5.tif,1,768.000,768,768
17516,F8_01_1_2_Chlorophyll_A_001_phosphate_plate5.tif,1,768.000,768,768
17517,F8_01_1_2_Chlorophyll_A_001_phosphate_plate5.tif,1,832.000,832,832
17518,F8_01_1_2_Chlorophyll_A_001_phosphate_plate5.tif,2,792.000,784,800
17519,F8_01_1_2_Chlorophyll_A_001_phosphate_plate5.tif,1,816.000,816,816
17520,F8_01_1_2_Chlorophyll_A_001_phosphate_plate5.tif,2,872.000,768,976
17521,F8_01_1_2_Chlorophyll_A_001_phosphate_plate5.tif,1,960.000,960,960
17522,F8_01_1_2_Chlorophyll_A_001_phosphate_plate5.tif,1,784.000,784,784
17523,F8_01_1_2_Chlorophyll_A_001_phosphate_plate5.tif,2,800.000,768,832
17524,F8_01_1_2_Chlorophyll_A_001_phosphate_plate5.tif,1,864.000,864,864
17525,F8_01_1_2_Chlorophyll_A_001_phosphate_plate5.tif,2,864.000,816,912
17526,F8_01_1_2_Chlorophyll_A_001_phosphate_plate5.tif,1,816.000,816,816
17527,F8_01_1_2_Chlorophyll_A_001_phosphate_plate5.tif,1,912.000,912,912
17528,F8_01_1_2_Chlorophyll_A_001_phosphate_plate5.tif,3,805.333,768,832
17529,F8_01_1_2_Chlorophyll_A_001_phosphate_plate5.tif,1,816.000,816,816
17530,F8_01_1_2_Chlorophyll_A_001_phosphate_plate5.tif,1,800.000,800,800
17531,F8_01_1_2_Chlorophyll_A_001_phosphate_plate5.tif,1,800.000,800,800
17532,F8_01_1_2_Chlorophyll_A_001_phosphate_plate5.tif,1,784.000,784,784
17533,F8_01_1_2_Chlorophyll_A_001_phosphate_plate5.tif,2,904.000,816,992
17534,F8_01_1_2_Chlorophyll_A_001_phosphate_plate5.tif,1,864.000,864,864
17535,F8_01_1_2_Chlorophyll_A_001_phosphate_plate5.tif,1,784.000,784,784
17536,F8_01_1_2_Chlorophyll_A_001_phosphate_plate5.tif,5,864.000,816,896
17537,F8_01_1_2_Chlorophyll_A_001_phosphate_plate5.tif,3,880.000,848,928
17538,F8_01_1_2_Chlorophyll_A_001_phosphate_plate5.tif,1,864.000,864,864
17539,F8_01_1_2_Chlorophyll_A_001_phosphate_plate5.tif,15,829.867,768,1040
17540,F8_01_1_2_Chlorophyll_A_001_phosphate_plate5.tif,62,876.387,768,1072
17541,F8_01_1_2_Chlorophyll_A_001_phosphate_plate5.tif,36,890.222,768,1104
17542,F8_01_1_2_Chlorophyll_A_001_phosphate_plate5.tif,32,892.000,768,1104
17543,F8_01_1_2_Chlorophyll_A_001_phosphate_plate5.tif,7,864.000,768,992
17544,F8_01_1_2_Chlorophyll_A_001_phosphate_plate5.tif,5,825.600,784,848
17545,F8_01_1_2_Chlorophyll_A_001_phosphate_plate5.tif,1,832.000,832,832
17546,F8_01_1_2_Chlorophyll_A_001_phosphate_plate5.tif,1,784.000,784,784
17547,F8_01_1_2_Chlorophyll_A_001_phosphate_plate5.tif,1,768.000,768,768
17548,F8_01_1_2_Chlorophyll_A_001_phosphate_plate5.tif,2,776.000,768,784
17549,F8_01_1_2_Chlorophyll_A_001_phosphate_plate5.tif,1,784.000,784,784
17550,F8_01_1_2_Chlorophyll_A_001_phosphate_plate5.tif,5,892.800,800,992
17551,F8_01_1_2_Chlorophyll_A_001_phosphate_plate5.tif,1,1056.000,1056,1056
17552,F8_01_1_2_Chlorophyll_A_001_phosphate_plate5.tif,1,784.000,784,784
17553,F8_01_1_2_Chlorophyll_A_001_phosphate_plate5.tif,1,848.000,848,848
17554,F8_01_1_2_Chlorophyll_A_001_phosphate_plate5.tif,1,832.000,832,832
17555,F8_01_1_2_Chlorophyll_A_001_phosphate_plate5.tif,1,784.000,784,784
17556,F8_01_1_2_Chlorophyll_A_001_phosphate_plate5.tif,1,832.000,832,832
17557,F8_01_1_2_Chlorophyll_A_001_phosphate_plate5.tif,2,912.000,880,944
17558,F8_01_1_2_Chlorophyll_A_001_phosphate_plate5.tif,3,794.667,768,832
17559,F8_01_1_2_Chlorophyll_A_001_phosphate_plate5.tif,1,848.000,848,848
17560,F8_01_1_2_Chlorophyll_A_001_phosphate_plate5.tif,1,784.000,784,784
17561,F8_01_1_2_Chlorophyll_A_001_phosphate_plate5.tif,1,912.000,912,912
17562,F8_01_1_2_Chlorophyll_A_001_phosphate_plate5.tif,2,776.000,768,784
17563,F8_01_1_2_Chlorophyll_A_001_phosphate_plate5.tif,2,824.000,816,832
17564,F8_01_1_2_Chlorophyll_A_001_phosphate_plate5.tif,1,912.000,912,912
17565,F8_01_1_2_Chlorophyll_A_001_phosphate_plate5.tif,1,800.000,800,800
17566,F8_01_1_2_Chlorophyll_A_001_phosphate_plate5.tif,2,776.000,768,784
17567,F8_01_1_2_Chlorophyll_A_001_phosphate_plate5.tif,1,784.000,784,784
17568,F8_01_1_2_Chlorophyll_A_001_phosphate_plate5.tif,5,828.800,768,928
17569,F8_01_1_2_Chlorophyll_A_001_phosphate_plate5.tif,1,1120.000,1120,1120
17570,F8_01_1_2_Chlorophyll_A_001_phosphate_plate5.tif,1,800.000,800,800
17571,F8_01_1_2_Chlorophyll_A_001_phosphate_plate5.tif,15,857.600,768,992
17572,F8_01_1_2_Chlorophyll_A_001_phosphate_plate5.tif,89,853.034,768,1072
17573,F8_01_1_2_Chlorophyll_A_001_phosphate_plate5.tif,29,864.000,768,1008
17574,F8_01_1_2_Chlorophyll_A_001_phosphate_plate5.tif,11,827.636,768,992
17575,F8_01_1_2_Chlorophyll_A_001_phosphate_plate5.tif,1,768.000,768,768
17576,F8_01_1_2_Chlorophyll_A_001_phosphate_plate5.tif,21,854.095,768,1152
17577,F8_01_1_2_Chlorophyll_A_001_phosphate_plate5.tif,8,846.000,768,1088
17578,F8_01_1_2_Chlorophyll_A_001_phosphate_plate5.tif,1,912.000,912,912
17579,F8_01_1_2_Chlorophyll_A_001_phosphate_plate5.tif,1,880.000,880,880
17580,F8_01_1_2_Chlorophyll_A_001_phosphate_plate5.tif,7,841.143,784,960
17581,F8_01_1_2_Chlorophyll_A_001_phosphate_plate5.tif,1,816.000,816,816
17582,F8_01_1_2_Chlorophyll_A_001_phosphate_plate5.tif,1,784.000,784,784
17583,F8_01_1_2_Chlorophyll_A_001_phosphate_plate5.tif,2,864.000,800,928
17584,F8_01_1_2_Chlorophyll_A_001_phosphate_plate5.tif,1,944.000,944,944
17585,F8_01_1_2_Chlorophyll_A_001_phosphate_plate5.tif,1,912.000,912,912
17586,F8_01_1_2_Chlorophyll_A_001_phosphate_plate5.tif,1,848.000,848,848
17587,F8_01_1_2_Chlorophyll_A_001_phosphate_plate5.tif,5,835.200,800,880
17588,F8_01_1_2_Chlorophyll_A_001_phosphate_plate5.tif,1,800.000,800,800
17589,F8_01_1_2_Chlorophyll_A_001_phosphate_plate5.tif,6,818.667,768,944
17590,F8_01_1_2_Chlorophyll_A_001_phosphate_plate5.tif,2,800.000,784,816
17591,F8_01_1_2_Chlorophyll_A_001_phosphate_plate5.tif,2,904.000,800,1008
17592,F8_01_1_2_Chlorophyll_A_001_phosphate_plate5.tif,2,856.000,800,912
17593,F8_01_1_2_Chlorophyll_A_001_phosphate_plate5.tif,1,800.000,800,800
17594,F8_01_1_2_Chlorophyll_A_001_phosphate_plate5.tif,3,810.667,784,848
17595,F8_01_1_2_Chlorophyll_A_001_phosphate_plate5.tif,2,840.000,832,848
17596,F8_01_1_2_Chlorophyll_A_001_phosphate_plate5.tif,3,800.000,768,848
17597,F8_01_1_2_Chlorophyll_A_001_phosphate_plate5.tif,1,768.000,768,768
17598,F8_01_1_2_Chlorophyll_A_001_phosphate_plate5.tif,1,1072.000,1072,1072
17599,F8_01_1_2_Chlorophyll_A_001_phosphate_plate5.tif,3,848.000,768,928
17600,F8_01_1_2_Chlorophyll_A_001_phosphate_plate5.tif,3,794.667,768,832
17601,F8_01_1_2_Chlorophyll_A_001_phosphate_plate5.tif,1,832.000,832,832
17602,F8_01_1_2_Chlorophyll_A_001_phosphate_plate5.tif,1,832.000,832,832
17603,F8_01_1_2_Chlorophyll_A_001_phosphate_plate5.tif,1,800.000,800,800
17604,F8_01_1_2_Chlorophyll_A_001_phosphate_plate5.tif,2,816.000,768,864
17605,F8_01_1_2_Chlorophyll_A_001_phosphate_plate5.tif,4,852.000,768,928
17606,F8_01_1_2_Chlorophyll_A_001_phosphate_plate5.tif,1,768.000,768,768
17607,F8_01_1_2_Chlorophyll_A_001_phosphate_plate5.tif,5,803.200,768,832
17608,F8_01_1_2_Chlorophyll_A_001_phosphate_plate5.tif,1,816.000,816,816
17609,F8_01_1_2_Chlorophyll_A_001_phosphate_plate5.tif,1,848.000,848,848
17610,F8_01_1_2_Chlorophyll_A_001_phosphate_plate5.tif,1,784.000,784,784
17611,F8_01_1_2_Chlorophyll_A_001_phosphate_plate5.tif,132,2539.636,768,13984
17612,F8_01_1_2_Chlorophyll_A_001_phosphate_plate5.tif,1,768.000,768,768
17613,F8_01_1_2_Chlorophyll_A_001_phosphate_plate5.tif,1,944.000,944,944
17614,F8_01_1_2_Chlorophyll_A_001_phosphate_plate5.tif,1,896.000,896,896
17615,F8_01_1_2_Chlorophyll_A_001_phosphate_plate5.tif,1,800.000,800,800
17616,F8_01_1_2_Chlorophyll_A_001_phosphate_plate5.tif,5,809.600,768,928
17617,F8_01_1_2_Chlorophyll_A_001_phosphate_plate5.tif,1,864.000,864,864
17618,F8_01_1_2_Chlorophyll_A_001_phosphate_plate5.tif,1,800.000,800,800
17619,F8_01_1_2_Chlorophyll_A_001_phosphate_plate5.tif,2,872.000,784,960
17620,F8_01_1_2_Chlorophyll_A_001_phosphate_plate5.tif,1,784.000,784,784
17621,F8_01_1_2_Chlorophyll_A_001_phosphate_plate5.tif,1,848.000,848,848
17622,F8_01_1_2_Chlorophyll_A_001_phosphate_plate5.tif,1,848.000,848,848
17623,F8_01_1_2_Chlorophyll_A_001_phosphate_plate5.tif,5,841.600,768,1024
17624,F8_01_1_2_Chlorophyll_A_001_phosphate_plate5.tif,2,840.000,832,848
17625,F8_01_1_2_Chlorophyll_A_001_phosphate_plate5.tif,1,768.000,768,768
17626,F8_01_1_2_Chlorophyll_A_001_phosphate_plate5.tif,1,784.000,784,784
17627,F8_01_1_2_Chlorophyll_A_001_phosphate_plate5.tif,3,789.333,768,800
17628,F8_01_1_2_Chlorophyll_A_001_phosphate_plate5.tif,1,928.000,928,928
17629,F8_01_1_2_Chlorophyll_A_001_phosphate_plate5.tif,3,837.333,800,896
17630,F8_01_1_2_Chlorophyll_A_001_phosphate_plate5.tif,1,848.000,848,848
17631,F8_01_1_2_Chlorophyll_A_001_phosphate_plate5.tif,13,854.154,784,960
17632,F8_01_1_2_Chlorophyll_A_001_phosphate_plate5.tif,46,910.609,768,1152
17633,F8_01_1_2_Chlorophyll_A_001_phosphate_plate5.tif,22,856.000,768,1040
17634,F8_01_1_2_Chlorophyll_A_001_phosphate_plate5.tif,1,816.000,816,816
17635,F8_01_1_2_Chlorophyll_A_001_phosphate_plate5.tif,2,1016.000,1008,1024
17636,F8_01_1_2_Chlorophyll_A_001_phosphate_plate5.tif,10,859.200,784,1008
17637,F8_01_1_2_Chlorophyll_A_001_phosphate_plate5.tif,3,896.000,800,960
17638,F8_01_1_2_Chlorophyll_A_001_phosphate_plate5.tif,2,848.000,832,864
17639,F8_01_1_2_Chlorophyll_A_001_phosphate_plate5.tif,2,896.000,880,912
17640,F8_01_1_2_Chlorophyll_A_001_phosphate_plate5.tif,1,864.000,864,864
17641,F8_01_1_2_Chlorophyll_A_001_phosphate_plate5.tif,2,904.000,864,944
17642,F8_01_1_2_Chlorophyll_A_001_phosphate_plate5.tif,2,816.000,768,864
17643,F8_01_1_2_Chlorophyll_A_001_phosphate_plate5.tif,6,810.667,768,880
17644,F8_01_1_2_Chlorophyll_A_001_phosphate_plate5.tif,2,808.000,784,832
17645,F8_01_1_2_Chlorophyll_A_001_phosphate_plate5.tif,3,810.667,800,832
17646,F8_01_1_2_Chlorophyll_A_001_phosphate_plate5.tif,1,784.000,784,784
17647,F8_01_1_2_Chlorophyll_A_001_phosphate_plate5.tif,1,768.000,768,768
17648,F8_01_1_2_Chlorophyll_A_001_phosphate_plate5.tif,1,800.000,800,800
17649,F8_01_1_2_Chlorophyll_A_001_phosphate_plate5.tif,1,864.000,864,864
17650,F8_01_1_2_Chlorophyll_A_001_phosphate_plate5.tif,1,800.000,800,800
17651,F8_01_1_2_Chlorophyll_A_001_phosphate_plate5.tif,1,784.000,784,784
17652,F8_01_1_2_Chlorophyll_A_001_phosphate_plate5.tif,1,848.000,848,848
17653,F8_01_1_2_Chlorophyll_A_001_phosphate_plate5.tif,1,784.000,784,784
17654,F8_01_1_2_Chlorophyll_A_001_phosphate_plate5.tif,2,800.000,768,832
17655,F8_01_1_2_Chlorophyll_A_001_phosphate_plate5.tif,1,896.000,896,896
17656,F8_01_1_2_Chlorophyll_A_001_phosphate_plate5.tif,1,768.000,768,768
17657,F8_01_1_2_Chlorophyll_A_001_phosphate_plate5.tif,2,808.000,800,816
17658,F8_01_1_2_Chlorophyll_A_001_phosphate_plate5.tif,1,800.000,800,800
17659,F8_01_1_2_Chlorophyll_A_001_phosphate_plate5.tif,1,880.000,880,880
17660,F8_01_1_2_Chlorophyll_A_001_phosphate_plate5.tif,3,789.333,768,832
17661,F8_01_1_2_Chlorophyll_A_001_phosphate_plate5.tif,4,860.000,800,976
17662,F8_01_1_2_Chlorophyll_A_001_phosphate_plate5.tif,1,768.000,768,768
17663,F8_01_1_2_Chlorophyll_A_001_phosphate_plate5.tif,1,832.000,832,832
17664,F8_01_1_2_Chlorophyll_A_001_phosphate_plate5.tif,1,800.000,800,800
17665,F8_01_1_2_Chlorophyll_A_001_phosphate_plate5.tif,1,832.000,832,832
17666,F8_01_1_2_Chlorophyll_A_001_phosphate_plate5.tif,2,944.000,848,1040
17667,F8_01_1_2_Chlorophyll_A_001_phosphate_plate5.tif,6,818.667,768,928
17668,F8_01_1_2_Chlorophyll_A_001_phosphate_plate5.tif,2,880.000,832,928
17669,F8_01_1_2_Chlorophyll_A_001_phosphate_plate5.tif,1,784.000,784,784
17670,F8_01_1_2_Chlorophyll_A_001_phosphate_plate5.tif,2,920.000,832,1008
17671,F8_01_1_2_Chlorophyll_A_001_phosphate_plate5.tif,1,784.000,784,784
17672,F8_01_1_2_Chlorophyll_A_001_phosphate_plate5.tif,1,784.000,784,784
17673,F8_01_1_2_Chlorophyll_A_001_phosphate_plate5.tif,1,768.000,768,768
17674,F8_01_1_2_Chlorophyll_A_001_phosphate_plate5.tif,3,821.333,768,928
17675,F8_01_1_2_Chlorophyll_A_001_phosphate_plate5.tif,1,912.000,912,912
17676,F8_01_1_2_Chlorophyll_A_001_phosphate_plate5.tif,1,800.000,800,800
17677,F8_01_1_2_Chlorophyll_A_001_phosphate_plate5.tif,2,768.000,768,768
17678,F8_01_1_2_Chlorophyll_A_001_phosphate_plate5.tif,1,784.000,784,784
17679,F8_01_1_2_Chlorophyll_A_001_phosphate_plate5.tif,2,824.000,768,880
17680,F8_01_1_2_Chlorophyll_A_001_phosphate_plate5.tif,2,944.000,912,976
17681,F8_01_1_2_Chlorophyll_A_001_phosphate_plate5.tif,3,837.333,784,880
17682,F8_01_1_2_Chlorophyll_A_001_phosphate_plate5.tif,2,896.000,880,912
17683,F8_01_1_2_Chlorophyll_A_001_phosphate_plate5.tif,1,768.000,768,768
17684,F8_01_1_2_Chlorophyll_A_001_phosphate_plate5.tif,1,768.000,768,768
17685,F8_01_1_2_Chlorophyll_A_001_phosphate_plate5.tif,1,768.000,768,768
17686,F8_01_1_2_Chlorophyll_A_001_phosphate_plate5.tif,1,800.000,800,800
17687,F8_01_1_2_Chlorophyll_A_001_phosphate_plate5.tif,1,784.000,784,784
17688,F8_01_1_2_Chlorophyll_A_001_phosphate_plate5.tif,1,800.000,800,800
17689,F8_01_1_2_Chlorophyll_A_001_phosphate_plate5.tif,1,832.000,832,832
17690,F8_01_1_2_Chlorophyll_A_001_phosphate_plate5.tif,1,896.000,896,896
17691,F8_01_1_2_Chlorophyll_A_001_phosphate_plate5.tif,1,832.000,832,832
17692,F8_01_1_2_Chlorophyll_A_001_phosphate_plate5.tif,2,784.000,768,800
17693,F8_01_1_2_Chlorophyll_A_001_phosphate_plate5.tif,1,784.000,784,784
17694,F8_01_1_2_Chlorophyll_A_001_phosphate_plate5.tif,1,848.000,848,848
17695,F8_01_1_2_Chlorophyll_A_001_phosphate_plate5.tif,5,838.400,784,912
17696,F8_01_1_2_Chlorophyll_A_001_phosphate_plate5.tif,5,835.200,768,960
17697,F8_01_1_2_Chlorophyll_A_001_phosphate_plate5.tif,100,877.440,768,1136
17698,F8_01_1_2_Chlorophyll_A_001_phosphate_plate5.tif,95,888.421,768,1168
17699,F8_01_1_2_Chlorophyll_A_001_phosphate_plate5.tif,55,878.255,768,1088
17700,F8_01_1_2_Chlorophyll_A_001_phosphate_plate5.tif,1,912.000,912,912
17701,F8_01_1_2_Chlorophyll_A_001_phosphate_plate5.tif,15,900.267,768,1168
17702,F8_01_1_2_Chlorophyll_A_001_phosphate_plate5.tif,118,864.678,768,1088
17703,F8_01_1_2_Chlorophyll_A_001_phosphate_plate5.tif,3,794.667,784,800
17704,F8_01_1_2_Chlorophyll_A_001_phosphate_plate5.tif,3,821.333,768,896
17705,F8_01_1_2_Chlorophyll_A_001_phosphate_plate5.tif,1,768.000,768,768
17706,F8_01_1_2_Chlorophyll_A_001_phosphate_plate5.tif,1,816.000,816,816
17707,F8_01_1_2_Chlorophyll_A_001_phosphate_plate5.tif,1,816.000,816,816
17708,F8_01_1_2_Chlorophyll_A_001_phosphate_plate5.tif,3,810.667,768,864
17709,F8_01_1_2_Chlorophyll_A_001_phosphate_plate5.tif,18,838.222,768,992
17710,F8_01_1_2_Chlorophyll_A_001_phosphate_plate5.tif,1,816.000,816,816
17711,F8_01_1_2_Chlorophyll_A_001_phosphate_plate5.tif,2,816.000,768,864
17712,F8_01_1_2_Chlorophyll_A_001_phosphate_plate5.tif,1,864.000,864,864
17713,F8_01_1_2_Chlorophyll_A_001_phosphate_plate5.tif,1,912.000,912,912
17714,F8_01_1_2_Chlorophyll_A_001_phosphate_plate5.tif,1,800.000,800,800
17715,F8_01_1_2_Chlorophyll_A_001_phosphate_plate5.tif,3,938.667,848,992
17716,F8_01_1_2_Chlorophyll_A_001_phosphate_plate5.tif,1,784.000,784,784
17717,F8_01_1_2_Chlorophyll_A_001_phosphate_plate5.tif,1,800.000,800,800
17718,F8_01_1_2_Chlorophyll_A_001_phosphate_plate5.tif,2,824.000,816,832
17719,F8_01_1_2_Chlorophyll_A_001_phosphate_plate5.tif,4,824.000,784,864
17720,F8_01_1_2_Chlorophyll_A_001_phosphate_plate5.tif,3,826.667,800,848
17721,F8_01_1_2_Chlorophyll_A_001_phosphate_plate5.tif,1,800.000,800,800
17722,F8_01_1_2_Chlorophyll_A_001_phosphate_plate5.tif,1,784.000,784,784
17723,F8_01_1_2_Chlorophyll_A_001_phosphate_plate5.tif,2,808.000,784,832
17724,F8_01_1_2_Chlorophyll_A_001_phosphate_plate5.tif,1,784.000,784,784
17725,F8_01_1_2_Chlorophyll_A_001_phosphate_plate5.tif,1,832.000,832,832
17726,F8_01_1_2_Chlorophyll_A_001_phosphate_plate5.tif,1,880.000,880,880
17727,F8_01_1_2_Chlorophyll_A_001_phosphate_plate5.tif,4,796.000,768,832
17728,F8_01_1_2_Chlorophyll_A_001_phosphate_plate5.tif,3,784.000,768,800
17729,F8_01_1_2_Chlorophyll_A_001_phosphate_plate5.tif,1,832.000,832,832
17730,F8_01_1_2_Chlorophyll_A_001_phosphate_plate5.tif,1,784.000,784,784
17731,F8_01_1_2_Chlorophyll_A_001_phosphate_plate5.tif,1,880.000,880,880
17732,F8_01_1_2_Chlorophyll_A_001_phosphate_plate5.tif,1,800.000,800,800
17733,F8_01_1_2_Chlorophyll_A_001_phosphate_plate5.tif,1,768.000,768,768
17734,F8_01_1_2_Chlorophyll_A_001_phosphate_plate5.tif,1,848.000,848,848
17735,F8_01_1_2_Chlorophyll_A_001_phosphate_plate5.tif,3,816.000,768,864
17736,F8_01_1_2_Chlorophyll_A_001_phosphate_plate5.tif,2,792.000,768,816
17737,F8_01_1_2_Chlorophyll_A_001_phosphate_plate5.tif,2,920.000,912,928
17738,F8_01_1_2_Chlorophyll_A_001_phosphate_plate5.tif,1,800.000,800,800
17739,F8_01_1_2_Chlorophyll_A_001_phosphate_plate5.tif,1,768.000,768,768
17740,F8_01_1_2_Chlorophyll_A_001_phosphate_plate5.tif,1,768.000,768,768
17741,F8_01_1_2_Chlorophyll_A_001_phosphate_plate5.tif,1,848.000,848,848
17742,F8_01_1_2_Chlorophyll_A_001_phosphate_plate5.tif,1,928.000,928,928
17743,F8_01_1_2_Chlorophyll_A_001_phosphate_plate5.tif,1,832.000,832,832
17744,F8_01_1_2_Chlorophyll_A_001_phosphate_plate5.tif,1,896.000,896,896
17745,F8_01_1_2_Chlorophyll_A_001_phosphate_plate5.tif,1,768.000,768,768
17746,F8_01_1_2_Chlorophyll_A_001_phosphate_plate5.tif,1,816.000,816,816
17747,F8_01_1_2_Chlorophyll_A_001_phosphate_plate5.tif,1,784.000,784,784
17748,F8_01_1_2_Chlorophyll_A_001_phosphate_plate5.tif,1,784.000,784,784
17749,F8_01_1_2_Chlorophyll_A_001_phosphate_plate5.tif,1,896.000,896,896
17750,F8_01_1_2_Chlorophyll_A_001_phosphate_plate5.tif,2,864.000,832,896
17751,F8_01_1_2_Chlorophyll_A_001_phosphate_plate5.tif,2,880.000,816,944
17752,F8_01_1_2_Chlorophyll_A_001_phosphate_plate5.tif,2,824.000,768,880
17753,F8_01_1_2_Chlorophyll_A_001_phosphate_plate5.tif,1,848.000,848,848
17754,F8_01_1_2_Chlorophyll_A_001_phosphate_plate5.tif,1,816.000,816,816
17755,F8_01_1_2_Chlorophyll_A_001_phosphate_plate5.tif,1,832.000,832,832
17756,F8_01_1_2_Chlorophyll_A_001_phosphate_plate5.tif,5,806.400,768,912
17757,F8_01_1_2_Chlorophyll_A_001_phosphate_plate5.tif,1,768.000,768,768
17758,F8_01_1_2_Chlorophyll_A_001_phosphate_plate5.tif,1,784.000,784,784
17759,F8_01_1_2_Chlorophyll_A_001_phosphate_plate5.tif,1,768.000,768,768
17760,F8_01_1_2_Chlorophyll_A_001_phosphate_plate5.tif,7,832.000,768,912
17761,F8_01_1_2_Chlorophyll_A_001_phosphate_plate5.tif,1,880.000,880,880
17762,F8_01_1_2_Chlorophyll_A_001_phosphate_plate5.tif,1,864.000,864,864
17763,F8_01_1_2_Chlorophyll_A_001_phosphate_plate5.tif,2,904.000,848,960
17764,F8_01_1_2_Chlorophyll_A_001_phosphate_plate5.tif,44,873.818,768,1136
17765,F8_01_1_2_Chlorophyll_A_001_phosphate_plate5.tif,1,800.000,800,800
17766,F8_01_1_2_Chlorophyll_A_001_phosphate_plate5.tif,21,902.857,768,1120
17767,F8_01_1_2_Chlorophyll_A_001_phosphate_plate5.tif,86,885.023,768,1152
17768,F8_01_1_2_Chlorophyll_A_001_phosphate_plate5.tif,10,915.200,784,1104
17769,F8_01_1_2_Chlorophyll_A_001_phosphate_plate5.tif,1,768.000,768,768
17770,F8_01_1_2_Chlorophyll_A_001_phosphate_plate5.tif,1,768.000,768,768
17771,F8_01_1_2_Chlorophyll_A_001_phosphate_plate5.tif,1,864.000,864,864
17772,F8_01_1_2_Chlorophyll_A_001_phosphate_plate5.tif,3,816.000,768,912
17773,F8_01_1_2_Chlorophyll_A_001_phosphate_plate5.tif,1,896.000,896,896
17774,F8_01_1_2_Chlorophyll_A_001_phosphate_plate5.tif,2,912.000,864,960
17775,F8_01_1_2_Chlorophyll_A_001_phosphate_plate5.tif,4,820.000,768,880
17776,F8_01_1_2_Chlorophyll_A_001_phosphate_plate5.tif,1,848.000,848,848
17777,F8_01_1_2_Chlorophyll_A_001_phosphate_plate5.tif,2,864.000,864,864
17778,F8_01_1_2_Chlorophyll_A_001_phosphate_plate5.tif,2,936.000,864,1008
17779,F8_01_1_2_Chlorophyll_A_001_phosphate_plate5.tif,1,784.000,784,784
17780,F8_01_1_2_Chlorophyll_A_001_phosphate_plate5.tif,3,832.000,800,864
17781,F8_01_1_2_Chlorophyll_A_001_phosphate_plate5.tif,1,848.000,848,848
17782,F8_01_1_2_Chlorophyll_A_001_phosphate_plate5.tif,3,848.000,784,944
17783,F8_01_1_2_Chlorophyll_A_001_phosphate_plate5.tif,5,809.600,784,864
17784,F8_01_1_2_Chlorophyll_A_001_phosphate_plate5.tif,4,844.000,784,944
17785,F8_01_1_2_Chlorophyll_A_001_phosphate_plate5.tif,2,864.000,816,912
17786,F8_01_1_2_Chlorophyll_A_001_phosphate_plate5.tif,1,848.000,848,848
17787,F8_01_1_2_Chlorophyll_A_001_phosphate_plate5.tif,1,912.000,912,912
17788,F8_01_1_2_Chlorophyll_A_001_phosphate_plate5.tif,2,832.000,800,864
17789,F8_01_1_2_Chlorophyll_A_001_phosphate_plate5.tif,1,800.000,800,800
17790,F8_01_1_2_Chlorophyll_A_001_phosphate_plate5.tif,1,768.000,768,768
17791,F8_01_1_2_Chlorophyll_A_001_phosphate_plate5.tif,1,896.000,896,896
17792,F8_01_1_2_Chlorophyll_A_001_phosphate_plate5.tif,1,784.000,784,784
17793,F8_01_1_2_Chlorophyll_A_001_phosphate_plate5.tif,1,768.000,768,768
17794,F8_01_1_2_Chlorophyll_A_001_phosphate_plate5.tif,1,864.000,864,864
17795,F8_01_1_2_Chlorophyll_A_001_phosphate_plate5.tif,1,864.000,864,864
17796,F8_01_1_2_Chlorophyll_A_001_phosphate_plate5.tif,1,816.000,816,816
17797,F8_01_1_2_Chlorophyll_A_001_phosphate_plate5.tif,1,832.000,832,832
17798,F8_01_1_2_Chlorophyll_A_001_phosphate_plate5.tif,1,848.000,848,848
17799,F8_01_1_2_Chlorophyll_A_001_phosphate_plate5.tif,2,824.000,784,864
17800,F8_01_1_2_Chlorophyll_A_001_phosphate_plate5.tif,2,912.000,912,912
17801,F8_01_1_2_Chlorophyll_A_001_phosphate_plate5.tif,2,832.000,832,832
17802,F8_01_1_2_Chlorophyll_A_001_phosphate_plate5.tif,1,816.000,816,816
17803,F8_01_1_2_Chlorophyll_A_001_phosphate_plate5.tif,1,912.000,912,912
17804,F8_01_1_2_Chlorophyll_A_001_phosphate_plate5.tif,101,851.485,768,1056
17805,F8_01_1_2_Chlorophyll_A_001_phosphate_plate5.tif,2,912.000,896,928
17806,F8_01_1_2_Chlorophyll_A_001_phosphate_plate5.tif,16,907.000,784,1120
17807,F8_01_1_2_Chlorophyll_A_001_phosphate_plate5.tif,55,851.200,768,1056
17808,F8_01_1_2_Chlorophyll_A_001_phosphate_plate5.tif,49,847.020,768,1024
17809,F8_01_1_2_Chlorophyll_A_001_phosphate_plate5.tif,1,864.000,864,864
17810,F8_01_1_2_Chlorophyll_A_001_phosphate_plate5.tif,3,869.333,784,1024
17811,F8_01_1_2_Chlorophyll_A_001_phosphate_plate5.tif,3,848.000,784,896
17812,F8_01_1_2_Chlorophyll_A_001_phosphate_plate5.tif,1,928.000,928,928
17813,F8_01_1_2_Chlorophyll_A_001_phosphate_plate5.tif,3,938.667,896,1008
17814,F8_01_1_2_Chlorophyll_A_001_phosphate_plate5.tif,1,848.000,848,848
17815,F8_01_1_2_Chlorophyll_A_001_phosphate_plate5.tif,2,776.000,768,784
17816,F8_01_1_2_Chlorophyll_A_001_phosphate_plate5.tif,2,936.000,864,1008
17817,F8_01_1_2_Chlorophyll_A_001_phosphate_plate5.tif,4,808.000,768,864
17818,F8_01_1_2_Chlorophyll_A_001_phosphate_plate5.tif,2,784.000,768,800
17819,F8_01_1_2_Chlorophyll_A_001_phosphate_plate5.tif,2,888.000,848,928
17820,F8_01_1_2_Chlorophyll_A_001_phosphate_plate5.tif,1,800.000,800,800
17821,F8_01_1_2_Chlorophyll_A_001_phosphate_plate5.tif,1,1088.000,1088,1088
17822,F8_01_1_2_Chlorophyll_A_001_phosphate_plate5.tif,1,816.000,816,816
17823,F8_01_1_2_Chlorophyll_A_001_phosphate_plate5.tif,3,874.667,800,960
17824,F8_01_1_2_Chlorophyll_A_001_phosphate_plate5.tif,2,832.000,784,880
17825,F8_01_1_2_Chlorophyll_A_001_phosphate_plate5.tif,1,832.000,832,832
17826,F8_01_1_2_Chlorophyll_A_001_phosphate_plate5.tif,3,864.000,800,896
17827,F8_01_1_2_Chlorophyll_A_001_phosphate_plate5.tif,3,800.000,768,848
17828,F8_01_1_2_Chlorophyll_A_001_phosphate_plate5.tif,2,832.000,784,880
17829,F8_01_1_2_Chlorophyll_A_001_phosphate_plate5.tif,2,792.000,768,816
17830,F8_01_1_2_Chlorophyll_A_001_phosphate_plate5.tif,1,880.000,880,880
17831,F8_01_1_2_Chlorophyll_A_001_phosphate_plate5.tif,1,816.000,816,816
17832,F8_01_1_2_Chlorophyll_A_001_phosphate_plate5.tif,2,888.000,848,928
17833,F8_01_1_2_Chlorophyll_A_001_phosphate_plate5.tif,90,2212.800,768,11680
17834,F8_01_1_2_Chlorophyll_A_001_phosphate_plate5.tif,2,808.000,800,816
17835,F8_01_1_2_Chlorophyll_A_001_phosphate_plate5.tif,1,800.000,800,800
17836,F8_01_1_2_Chlorophyll_A_001_phosphate_plate5.tif,10,833.600,768,992
17837,F8_01_1_2_Chlorophyll_A_001_phosphate_plate5.tif,3,837.333,768,880
17838,F8_01_1_2_Chlorophyll_A_001_phosphate_plate5.tif,1,928.000,928,928
17839,F8_01_1_2_Chlorophyll_A_001_phosphate_plate5.tif,1,784.000,784,784
17840,F8_01_1_2_Chlorophyll_A_001_phosphate_plate5.tif,1,816.000,816,816
17841,F8_01_1_2_Chlorophyll_A_001_phosphate_plate5.tif,1,816.000,816,816
17842,F8_01_1_2_Chlorophyll_A_001_phosphate_plate5.tif,1,1008.000,1008,1008
17843,F8_01_1_2_Chlorophyll_A_001_phosphate_plate5.tif,1,784.000,784,784
17844,F8_01_1_2_Chlorophyll_A_001_phosphate_plate5.tif,1,768.000,768,768
17845,F8_01_1_2_Chlorophyll_A_001_phosphate_plate5.tif,1,768.000,768,768
17846,F8_01_1_2_Chlorophyll_A_001_phosphate_plate5.tif,1,816.000,816,816
17847,F8_01_1_2_Chlorophyll_A_001_phosphate_plate5.tif,4,824.000,816,832
17848,F8_01_1_2_Chlorophyll_A_001_phosphate_plate5.tif,1,784.000,784,784
17849,F8_01_1_2_Chlorophyll_A_001_phosphate_plate5.tif,1,848.000,848,848
17850,F8_01_1_2_Chlorophyll_A_001_phosphate_plate5.tif,1,800.000,800,800
17851,F8_01_1_2_Chlorophyll_A_001_phosphate_plate5.tif,1,816.000,816,816
17852,F8_01_1_2_Chlorophyll_A_001_phosphate_plate5.tif,1,800.000,800,800
17853,F8_01_1_2_Chlorophyll_A_001_phosphate_plate5.tif,1,832.000,832,832
17854,F8_01_1_2_Chlorophyll_A_001_phosphate_plate5.tif,35,859.429,768,1024
17855,F8_01_1_2_Chlorophyll_A_001_phosphate_plate5.tif,1,816.000,816,816
17856,F8_01_1_2_Chlorophyll_A_001_phosphate_plate5.tif,81,881.975,768,1120
17857,F8_01_1_2_Chlorophyll_A_001_phosphate_plate5.tif,19,890.105,768,1040
17858,F8_01_1_2_Chlorophyll_A_001_phosphate_plate5.tif,4,836.000,768,992
17859,F8_01_1_2_Chlorophyll_A_001_phosphate_plate5.tif,2,904.000,832,976
17860,F8_01_1_2_Chlorophyll_A_001_phosphate_plate5.tif,1,880.000,880,880
17861,F8_01_1_2_Chlorophyll_A_001_phosphate_plate5.tif,2,880.000,784,976
17862,F8_01_1_2_Chlorophyll_A_001_phosphate_plate5.tif,19,829.474,768,1040
17863,F8_01_1_2_Chlorophyll_A_001_phosphate_plate5.tif,2,816.000,768,864
17864,F8_01_1_2_Chlorophyll_A_001_phosphate_plate5.tif,24,833.333,768,960
17865,F8_01_1_2_Chlorophyll_A_001_phosphate_plate5.tif,6,826.667,768,912
17866,F8_01_1_2_Chlorophyll_A_001_phosphate_plate5.tif,1,784.000,784,784
17867,F8_01_1_2_Chlorophyll_A_001_phosphate_plate5.tif,25,828.160,768,944
17868,F8_01_1_2_Chlorophyll_A_001_phosphate_plate5.tif,3,837.333,800,912
17869,F8_01_1_2_Chlorophyll_A_001_phosphate_plate5.tif,14,869.714,768,1024
17870,F8_01_1_2_Chlorophyll_A_001_phosphate_plate5.tif,6,794.667,768,864
17871,F8_01_1_2_Chlorophyll_A_001_phosphate_plate5.tif,4,820.000,768,880
17872,F8_01_1_2_Chlorophyll_A_001_phosphate_plate5.tif,1,768.000,768,768
17873,F8_01_1_2_Chlorophyll_A_001_phosphate_plate5.tif,1,768.000,768,768
17874,F8_01_1_2_Chlorophyll_A_001_phosphate_plate5.tif,2,872.000,816,928
17875,F8_01_1_2_Chlorophyll_A_001_phosphate_plate5.tif,5,822.400,768,896
17876,F8_01_1_2_Chlorophyll_A_001_phosphate_plate5.tif,1,768.000,768,768
17877,F8_01_1_2_Chlorophyll_A_001_phosphate_plate5.tif,1,768.000,768,768
17878,F8_01_1_2_Chlorophyll_A_001_phosphate_plate5.tif,2,864.000,768,960
17879,F8_01_1_2_Chlorophyll_A_001_phosphate_plate5.tif,1,768.000,768,768
17880,F8_01_1_2_Chlorophyll_A_001_phosphate_plate5.tif,2,784.000,784,784
17881,F8_01_1_2_Chlorophyll_A_001_phosphate_plate5.tif,2,776.000,768,784
17882,F8_01_1_2_Chlorophyll_A_001_phosphate_plate5.tif,1,784.000,784,784
17883,F8_01_1_2_Chlorophyll_A_001_phosphate_plate5.tif,2,776.000,768,784
17884,F8_01_1_2_Chlorophyll_A_001_phosphate_plate5.tif,1,864.000,864,864
17885,F8_01_1_2_Chlorophyll_A_001_phosphate_plate5.tif,4,864.000,816,912
17886,F8_01_1_2_Chlorophyll_A_001_phosphate_plate5.tif,1,1008.000,1008,1008
17887,F8_01_1_2_Chlorophyll_A_001_phosphate_plate5.tif,1,848.000,848,848
17888,F8_01_1_2_Chlorophyll_A_001_phosphate_plate5.tif,1,784.000,784,784
17889,F8_01_1_2_Chlorophyll_A_001_phosphate_plate5.tif,2,816.000,800,832
17890,F8_01_1_2_Chlorophyll_A_001_phosphate_plate5.tif,1,944.000,944,944
17891,F8_01_1_2_Chlorophyll_A_001_phosphate_plate5.tif,1,912.000,912,912
17892,F8_01_1_2_Chlorophyll_A_001_phosphate_plate5.tif,1,944.000,944,944
17893,F8_01_1_2_Chlorophyll_A_001_phosphate_plate5.tif,2,776.000,768,784
17894,F8_01_1_2_Chlorophyll_A_001_phosphate_plate5.tif,1,928.000,928,928
17895,F8_01_1_2_Chlorophyll_A_001_phosphate_plate5.tif,1,768.000,768,768
17896,F8_01_1_2_Chlorophyll_A_001_phosphate_plate5.tif,1,816.000,816,816
17897,F8_01_1_2_Chlorophyll_A_001_phosphate_plate5.tif,1,944.000,944,944
17898,F8_01_1_2_Chlorophyll_A_001_phosphate_plate5.tif,3,821.333,784,848
17899,F8_01_1_2_Chlorophyll_A_001_phosphate_plate5.tif,1,944.000,944,944
17900,F8_01_1_2_Chlorophyll_A_001_phosphate_plate5.tif,1,864.000,864,864
17901,F8_01_1_2_Chlorophyll_A_001_phosphate_plate5.tif,1,880.000,880,880
17902,F8_01_1_2_Chlorophyll_A_001_phosphate_plate5.tif,1,800.000,800,800
17903,F8_01_1_2_Chlorophyll_A_001_phosphate_plate5.tif,1,864.000,864,864
17904,F8_01_1_2_Chlorophyll_A_001_phosphate_plate5.tif,1,864.000,864,864
17905,F8_01_1_2_Chlorophyll_A_001_phosphate_plate5.tif,1,784.000,784,784
17906,F8_01_1_2_Chlorophyll_A_001_phosphate_plate5.tif,1,896.000,896,896
17907,F8_01_1_2_Chlorophyll_A_001_phosphate_plate5.tif,1,800.000,800,800
17908,F8_01_1_2_Chlorophyll_A_001_phosphate_plate5.tif,1,832.000,832,832
17909,F8_01_1_2_Chlorophyll_A_001_phosphate_plate5.tif,2,808.000,784,832
17910,F8_01_1_2_Chlorophyll_A_001_phosphate_plate5.tif,3,832.000,768,944
17911,F8_01_1_2_Chlorophyll_A_001_phosphate_plate5.tif,2,768.000,768,768
17912,F8_01_1_2_Chlorophyll_A_001_phosphate_plate5.tif,2,872.000,832,912
17913,F8_01_1_2_Chlorophyll_A_001_phosphate_plate5.tif,2,808.000,768,848
17914,F8_01_1_2_Chlorophyll_A_001_phosphate_plate5.tif,24,854.667,768,1152
17915,F8_01_1_2_Chlorophyll_A_001_phosphate_plate5.tif,44,863.636,768,1072
17916,F8_01_1_2_Chlorophyll_A_001_phosphate_plate5.tif,32,861.500,768,1056
17917,F8_01_1_2_Chlorophyll_A_001_phosphate_plate5.tif,4,880.000,768,992
17918,F8_01_1_2_Chlorophyll_A_001_phosphate_plate5.tif,10,828.800,768,880
17919,F8_01_1_2_Chlorophyll_A_001_phosphate_plate5.tif,38,861.053,768,1040
17920,F8_01_1_2_Chlorophyll_A_001_phosphate_plate5.tif,1,848.000,848,848
17921,F8_01_1_2_Chlorophyll_A_001_phosphate_plate5.tif,1,784.000,784,784
17922,F8_01_1_2_Chlorophyll_A_001_phosphate_plate5.tif,1,800.000,800,800
17923,F8_01_1_2_Chlorophyll_A_001_phosphate_plate5.tif,6,842.667,768,928
17924,F8_01_1_2_Chlorophyll_A_001_phosphate_plate5.tif,2,848.000,800,896
17925,F8_01_1_2_Chlorophyll_A_001_phosphate_plate5.tif,1,800.000,800,800
17926,F8_01_1_2_Chlorophyll_A_001_phosphate_plate5.tif,5,844.800,768,1008
17927,F8_01_1_2_Chlorophyll_A_001_phosphate_plate5.tif,8,834.000,768,960
17928,F8_01_1_2_Chlorophyll_A_001_phosphate_plate5.tif,1,768.000,768,768
17929,F8_01_1_2_Chlorophyll_A_001_phosphate_plate5.tif,9,862.222,768,1088
17930,F8_01_1_2_Chlorophyll_A_001_phosphate_plate5.tif,1,912.000,912,912
17931,F8_01_1_2_Chlorophyll_A_001_phosphate_plate5.tif,4,856.000,768,976
17932,F8_01_1_2_Chlorophyll_A_001_phosphate_plate5.tif,1,784.000,784,784
17933,F8_01_1_2_Chlorophyll_A_001_phosphate_plate5.tif,1,912.000,912,912
17934,F8_01_1_2_Chlorophyll_A_001_phosphate_plate5.tif,2,816.000,768,864
17935,F8_01_1_2_Chlorophyll_A_001_phosphate_plate5.tif,1,784.000,784,784
17936,F8_01_1_2_Chlorophyll_A_001_phosphate_plate5.tif,1,848.000,848,848
17937,F8_01_1_2_Chlorophyll_A_001_phosphate_plate5.tif,1,784.000,784,784
17938,F8_01_1_2_Chlorophyll_A_001_phosphate_plate5.tif,9,833.778,784,928
17939,F8_01_1_2_Chlorophyll_A_001_phosphate_plate5.tif,125,2175.488,768,11456
17940,F8_01_1_2_Chlorophyll_A_001_phosphate_plate5.tif,1,896.000,896,896
17941,F8_01_1_2_Chlorophyll_A_001_phosphate_plate5.tif,2,776.000,768,784
17942,F8_01_1_2_Chlorophyll_A_001_phosphate_plate5.tif,1,768.000,768,768
17943,F8_01_1_2_Chlorophyll_A_001_phosphate_plate5.tif,2,776.000,768,784
17944,F8_01_1_2_Chlorophyll_A_001_phosphate_plate5.tif,1,800.000,800,800
17945,F8_01_1_2_Chlorophyll_A_001_phosphate_plate5.tif,1,768.000,768,768
17946,F8_01_1_2_Chlorophyll_A_001_phosphate_plate5.tif,1,784.000,784,784
17947,F8_01_1_2_Chlorophyll_A_001_phosphate_plate5.tif,1,832.000,832,832
17948,F8_01_1_2_Chlorophyll_A_001_phosphate_plate5.tif,2,856.000,848,864
17949,F8_01_1_2_Chlorophyll_A_001_phosphate_plate5.tif,1,768.000,768,768
17950,F8_01_1_2_Chlorophyll_A_001_phosphate_plate5.tif,1,768.000,768,768
17951,F8_01_1_2_Chlorophyll_A_001_phosphate_plate5.tif,14,833.143,768,976
17952,F8_01_1_2_Chlorophyll_A_001_phosphate_plate5.tif,1,896.000,896,896
17953,F8_01_1_2_Chlorophyll_A_001_phosphate_plate5.tif,1,800.000,800,800
17954,F8_01_1_2_Chlorophyll_A_001_phosphate_plate5.tif,1,832.000,832,832
17955,F8_01_1_2_Chlorophyll_A_001_phosphate_plate5.tif,1,864.000,864,864
17956,F8_01_1_2_Chlorophyll_A_001_phosphate_plate5.tif,1,848.000,848,848
17957,F8_01_1_2_Chlorophyll_A_001_phosphate_plate5.tif,1,800.000,800,800
17958,F8_01_1_2_Chlorophyll_A_001_phosphate_plate5.tif,1,944.000,944,944
17959,F8_01_1_2_Chlorophyll_A_001_phosphate_plate5.tif,1,944.000,944,944
17960,F8_01_1_2_Chlorophyll_A_001_phosphate_plate5.tif,1,912.000,912,912
17961,F8_01_1_2_Chlorophyll_A_001_phosphate_plate5.tif,1,800.000,800,800
17962,F8_01_1_2_Chlorophyll_A_001_phosphate_plate5.tif,1,768.000,768,768
17963,F8_01_1_2_Chlorophyll_A_001_phosphate_plate5.tif,1,768.000,768,768
17964,F8_01_1_2_Chlorophyll_A_001_phosphate_plate5.tif,1,784.000,784,784
17965,F8_01_1_2_Chlorophyll_A_001_phosphate_plate5.tif,2,792.000,784,800
17966,F8_01_1_2_Chlorophyll_A_001_phosphate_plate5.tif,1,848.000,848,848
17967,F8_01_1_2_Chlorophyll_A_001_phosphate_plate5.tif,2,792.000,784,800
17968,F8_01_1_2_Chlorophyll_A_001_phosphate_plate5.tif,2,856.000,816,896
17969,F8_01_1_2_Chlorophyll_A_001_phosphate_plate5.tif,1,784.000,784,784
17970,F8_01_1_2_Chlorophyll_A_001_phosphate_plate5.tif,2,776.000,768,784
17971,F8_01_1_2_Chlorophyll_A_001_phosphate_plate5.tif,1,864.000,864,864
17972,F8_01_1_2_Chlorophyll_A_001_phosphate_plate5.tif,92,852.522,768,1040
17973,F8_01_1_2_Chlorophyll_A_001_phosphate_plate5.tif,6,872.000,800,912
17974,F8_01_1_2_Chlorophyll_A_001_phosphate_plate5.tif,8,880.000,816,1008
17975,F8_01_1_2_Chlorophyll_A_001_phosphate_plate5.tif,1,848.000,848,848
17976,F8_01_1_2_Chlorophyll_A_001_phosphate_plate5.tif,4,848.000,816,912
17977,F8_01_1_2_Chlorophyll_A_001_phosphate_plate5.tif,1,896.000,896,896
17978,F8_01_1_2_Chlorophyll_A_001_phosphate_plate5.tif,2,872.000,816,928
17979,F8_01_1_2_Chlorophyll_A_001_phosphate_plate5.tif,1,880.000,880,880
17980,F8_01_1_2_Chlorophyll_A_001_phosphate_plate5.tif,1,768.000,768,768
17981,F8_01_1_2_Chlorophyll_A_001_phosphate_plate5.tif,1,864.000,864,864
17982,F8_01_1_2_Chlorophyll_A_001_phosphate_plate5.tif,17,821.647,768,928
17983,F8_01_1_2_Chlorophyll_A_001_phosphate_plate5.tif,2,848.000,848,848
17984,F8_01_1_2_Chlorophyll_A_001_phosphate_plate5.tif,1,832.000,832,832
17985,F8_01_1_2_Chlorophyll_A_001_phosphate_plate5.tif,2,832.000,768,896
17986,F8_01_1_2_Chlorophyll_A_001_phosphate_plate5.tif,1,768.000,768,768
17987,F8_01_1_2_Chlorophyll_A_001_phosphate_plate5.tif,119,2266.218,768,12416
17988,F8_01_1_2_Chlorophyll_A_001_phosphate_plate5.tif,1,944.000,944,944
17989,F8_01_1_2_Chlorophyll_A_001_phosphate_plate5.tif,1,768.000,768,768
17990,F8_01_1_2_Chlorophyll_A_001_phosphate_plate5.tif,1,800.000,800,800
17991,F8_01_1_2_Chlorophyll_A_001_phosphate_plate5.tif,2,816.000,784,848
17992,F8_01_1_2_Chlorophyll_A_001_phosphate_plate5.tif,1,880.000,880,880
17993,F8_01_1_2_Chlorophyll_A_001_phosphate_plate5.tif,2,824.000,800,848
17994,F8_01_1_2_Chlorophyll_A_001_phosphate_plate5.tif,1,800.000,800,800
17995,F8_01_1_2_Chlorophyll_A_001_phosphate_plate5.tif,1,800.000,800,800
17996,F8_01_1_2_Chlorophyll_A_001_phosphate_plate5.tif,2,856.000,800,912
17997,F8_01_1_2_Chlorophyll_A_001_phosphate_plate5.tif,3,805.333,768,864
17998,F8_01_1_2_Chlorophyll_A_001_phosphate_plate5.tif,1,768.000,768,768
17999,F8_01_1_2_Chlorophyll_A_001_phosphate_plate5.tif,1,928.000,928,928
18000,F8_01_1_2_Chlorophyll_A_001_phosphate_plate5.tif,5,800.000,768,864
18001,F8_01_1_2_Chlorophyll_A_001_phosphate_plate5.tif,1,768.000,768,768
18002,F8_01_1_2_Chlorophyll_A_001_phosphate_plate5.tif,1,768.000,768,768
18003,F8_01_1_2_Chlorophyll_A_001_phosphate_plate5.tif,4,788.000,768,816
18004,F8_01_1_2_Chlorophyll_A_001_phosphate_plate5.tif,1,768.000,768,768
18005,F8_01_1_2_Chlorophyll_A_001_phosphate_plate5.tif,2,816.000,784,848
18006,F8_01_1_2_Chlorophyll_A_001_phosphate_plate5.tif,1,848.000,848,848
18007,F8_01_1_2_Chlorophyll_A_001_phosphate_plate5.tif,1,800.000,800,800
18008,F8_01_1_2_Chlorophyll_A_001_phosphate_plate5.tif,1,864.000,864,864
18009,F8_01_1_2_Chlorophyll_A_001_phosphate_plate5.tif,1,944.000,944,944
18010,F8_01_1_2_Chlorophyll_A_001_phosphate_plate5.tif,1,784.000,784,784
18011,F8_01_1_2_Chlorophyll_A_001_phosphate_plate5.tif,2,832.000,816,848
18012,F8_01_1_2_Chlorophyll_A_001_phosphate_plate5.tif,1,784.000,784,784
18013,F8_01_1_2_Chlorophyll_A_001_phosphate_plate5.tif,1,832.000,832,832
18014,F8_01_1_2_Chlorophyll_A_001_phosphate_plate5.tif,1,784.000,784,784
18015,F8_01_1_2_Chlorophyll_A_001_phosphate_plate5.tif,2,816.000,768,864
18016,F8_01_1_2_Chlorophyll_A_001_phosphate_plate5.tif,1,768.000,768,768
18017,F8_01_1_2_Chlorophyll_A_001_phosphate_plate5.tif,1,784.000,784,784
18018,F8_01_1_2_Chlorophyll_A_001_phosphate_plate5.tif,1,784.000,784,784
18019,F8_01_1_2_Chlorophyll_A_001_phosphate_plate5.tif,18,904.000,768,1168
18020,F8_01_1_2_Chlorophyll_A_001_phosphate_plate5.tif,42,890.667,784,1104
18021,F8_01_1_2_Chlorophyll_A_001_phosphate_plate5.tif,8,844.000,768,960
18022,F8_01_1_2_Chlorophyll_A_001_phosphate_plate5.tif,1,768.000,768,768
18023,F8_01_1_2_Chlorophyll_A_001_phosphate_plate5.tif,1,800.000,800,800
18024,F8_01_1_2_Chlorophyll_A_001_phosphate_plate5.tif,2,824.000,800,848
18025,F8_01_1_2_Chlorophyll_A_001_phosphate_plate5.tif,1,784.000,784,784
18026,F8_01_1_2_Chlorophyll_A_001_phosphate_plate5.tif,1,784.000,784,784
18027,F8_01_1_2_Chlorophyll_A_001_phosphate_plate5.tif,2,776.000,768,784
18028,F8_01_1_2_Chlorophyll_A_001_phosphate_plate5.tif,10,811.200,768,880
18029,F8_01_1_2_Chlorophyll_A_001_phosphate_plate5.tif,7,813.714,768,896
18030,F8_01_1_2_Chlorophyll_A_001_phosphate_plate5.tif,1,848.000,848,848
18031,F8_01_1_2_Chlorophyll_A_001_phosphate_plate5.tif,9,888.889,784,992
18032,F8_01_1_2_Chlorophyll_A_001_phosphate_plate5.tif,1,784.000,784,784
18033,F8_01_1_2_Chlorophyll_A_001_phosphate_plate5.tif,1,944.000,944,944
18034,F8_01_1_2_Chlorophyll_A_001_phosphate_plate5.tif,1,1024.000,1024,1024
18035,F8_01_1_2_Chlorophyll_A_001_phosphate_plate5.tif,4,804.000,768,848
18036,F8_01_1_2_Chlorophyll_A_001_phosphate_plate5.tif,2,808.000,800,816
18037,F8_01_1_2_Chlorophyll_A_001_phosphate_plate5.tif,2,816.000,784,848
18038,F8_01_1_2_Chlorophyll_A_001_phosphate_plate5.tif,5,806.400,768,864
18039,F8_01_1_2_Chlorophyll_A_001_phosphate_plate5.tif,1,800.000,800,800
18040,F8_01_1_2_Chlorophyll_A_001_phosphate_plate5.tif,1,832.000,832,832
18041,F8_01_1_2_Chlorophyll_A_001_phosphate_plate5.tif,1,768.000,768,768
18042,F8_01_1_2_Chlorophyll_A_001_phosphate_plate5.tif,3,890.667,784,944
18043,F8_01_1_2_Chlorophyll_A_001_phosphate_plate5.tif,1,864.000,864,864
18044,F8_01_1_2_Chlorophyll_A_001_phosphate_plate5.tif,1,784.000,784,784
18045,F8_01_1_2_Chlorophyll_A_001_phosphate_plate5.tif,1,848.000,848,848
18046,F8_01_1_2_Chlorophyll_A_001_phosphate_plate5.tif,1,816.000,816,816
18047,F8_01_1_2_Chlorophyll_A_001_phosphate_plate5.tif,1,864.000,864,864
18048,F8_01_1_2_Chlorophyll_A_001_phosphate_plate5.tif,8,778.000,768,800
18049,F8_01_1_2_Chlorophyll_A_001_phosphate_plate5.tif,1,880.000,880,880
18050,F8_01_1_2_Chlorophyll_A_001_phosphate_plate5.tif,1,816.000,816,816
18051,F8_01_1_2_Chlorophyll_A_001_phosphate_plate5.tif,1,784.000,784,784
18052,F8_01_1_2_Chlorophyll_A_001_phosphate_plate5.tif,1,768.000,768,768
18053,F8_01_1_2_Chlorophyll_A_001_phosphate_plate5.tif,1,816.000,816,816
18054,F8_01_1_2_Chlorophyll_A_001_phosphate_plate5.tif,1,976.000,976,976
18055,F8_01_1_2_Chlorophyll_A_001_phosphate_plate5.tif,2,824.000,784,864
18056,F8_01_1_2_Chlorophyll_A_001_phosphate_plate5.tif,1,848.000,848,848
18057,F8_01_1_2_Chlorophyll_A_001_phosphate_plate5.tif,1,784.000,784,784
18058,F8_01_1_2_Chlorophyll_A_001_phosphate_plate5.tif,1,944.000,944,944
18059,F8_01_1_2_Chlorophyll_A_001_phosphate_plate5.tif,1,768.000,768,768
18060,F8_01_1_2_Chlorophyll_A_001_phosphate_plate5.tif,1,784.000,784,784
18061,F8_01_1_2_Chlorophyll_A_001_phosphate_plate5.tif,2,800.000,768,832
18062,F8_01_1_2_Chlorophyll_A_001_phosphate_plate5.tif,1,800.000,800,800
18063,F8_01_1_2_Chlorophyll_A_001_phosphate_plate5.tif,72,874.000,768,1120
18064,F8_01_1_2_Chlorophyll_A_001_phosphate_plate5.tif,30,866.667,768,1040
18065,F8_01_1_2_Chlorophyll_A_001_phosphate_plate5.tif,46,842.435,768,1040
18066,F8_01_1_2_Chlorophyll_A_001_phosphate_plate5.tif,4,804.000,768,848
18067,F8_01_1_2_Chlorophyll_A_001_phosphate_plate5.tif,2,800.000,768,832
18068,F8_01_1_2_Chlorophyll_A_001_phosphate_plate5.tif,4,816.000,800,848
18069,F8_01_1_2_Chlorophyll_A_001_phosphate_plate5.tif,17,859.294,768,1136
18070,F8_01_1_2_Chlorophyll_A_001_phosphate_plate5.tif,1,784.000,784,784
18071,F8_01_1_2_Chlorophyll_A_001_phosphate_plate5.tif,1,912.000,912,912
18072,F8_01_1_2_Chlorophyll_A_001_phosphate_plate5.tif,3,906.667,768,1024
18073,F8_01_1_2_Chlorophyll_A_001_phosphate_plate5.tif,3,912.000,848,960
18074,F8_01_1_2_Chlorophyll_A_001_phosphate_plate5.tif,5,825.600,784,864
18075,F8_01_1_2_Chlorophyll_A_001_phosphate_plate5.tif,4,856.000,816,896
18076,F8_01_1_2_Chlorophyll_A_001_phosphate_plate5.tif,1,784.000,784,784
18077,F8_01_1_2_Chlorophyll_A_001_phosphate_plate5.tif,1,816.000,816,816
18078,F8_01_1_2_Chlorophyll_A_001_phosphate_plate5.tif,1,784.000,784,784
18079,F8_01_1_2_Chlorophyll_A_001_phosphate_plate5.tif,3,853.333,800,880
18080,F8_01_1_2_Chlorophyll_A_001_phosphate_plate5.tif,2,800.000,800,800
18081,F8_01_1_2_Chlorophyll_A_001_phosphate_plate5.tif,1,768.000,768,768
18082,F8_01_1_2_Chlorophyll_A_001_phosphate_plate5.tif,6,786.667,768,832
18083,F8_01_1_2_Chlorophyll_A_001_phosphate_plate5.tif,3,816.000,784,832
18084,F8_01_1_2_Chlorophyll_A_001_phosphate_plate5.tif,5,809.600,784,880
18085,F8_01_1_2_Chlorophyll_A_001_phosphate_plate5.tif,1,800.000,800,800
18086,F8_01_1_2_Chlorophyll_A_001_phosphate_plate5.tif,1,768.000,768,768
18087,F8_01_1_2_Chlorophyll_A_001_phosphate_plate5.tif,4,812.000,768,896
18088,F8_01_1_2_Chlorophyll_A_001_phosphate_plate5.tif,1,848.000,848,848
18089,F8_01_1_2_Chlorophyll_A_001_phosphate_plate5.tif,1,880.000,880,880
18090,F8_01_1_2_Chlorophyll_A_001_phosphate_plate5.tif,1,768.000,768,768
18091,F8_01_1_2_Chlorophyll_A_001_phosphate_plate5.tif,1,816.000,816,816
18092,F8_01_1_2_Chlorophyll_A_001_phosphate_plate5.tif,1,832.000,832,832
18093,F8_01_1_2_Chlorophyll_A_001_phosphate_plate5.tif,1,800.000,800,800
18094,F8_01_1_2_Chlorophyll_A_001_phosphate_plate5.tif,3,821.333,784,896
18095,F8_01_1_2_Chlorophyll_A_001_phosphate_plate5.tif,1,784.000,784,784
18096,F8_01_1_2_Chlorophyll_A_001_phosphate_plate5.tif,1,800.000,800,800
18097,F8_01_1_2_Chlorophyll_A_001_phosphate_plate5.tif,2,808.000,800,816
18098,F8_01_1_2_Chlorophyll_A_001_phosphate_plate5.tif,2,816.000,768,864
18099,F8_01_1_2_Chlorophyll_A_001_phosphate_plate5.tif,1,800.000,800,800
18100,F8_01_1_2_Chlorophyll_A_001_phosphate_plate5.tif,3,848.000,784,896
18101,F8_01_1_2_Chlorophyll_A_001_phosphate_plate5.tif,1,784.000,784,784
18102,F8_01_1_2_Chlorophyll_A_001_phosphate_plate5.tif,1,864.000,864,864
18103,F8_01_1_2_Chlorophyll_A_001_phosphate_plate5.tif,2,864.000,864,864
18104,F8_01_1_2_Chlorophyll_A_001_phosphate_plate5.tif,2,792.000,768,816
18105,F8_01_1_2_Chlorophyll_A_001_phosphate_plate5.tif,1,848.000,848,848
18106,F8_01_1_2_Chlorophyll_A_001_phosphate_plate5.tif,2,768.000,768,768
18107,F8_01_1_2_Chlorophyll_A_001_phosphate_plate5.tif,20,853.600,768,1056
18108,F8_01_1_2_Chlorophyll_A_001_phosphate_plate5.tif,24,874.000,768,1120
18109,F8_01_1_2_Chlorophyll_A_001_phosphate_plate5.tif,5,889.600,768,992
18110,F8_01_1_2_Chlorophyll_A_001_phosphate_plate5.tif,1,912.000,912,912
18111,F8_01_1_2_Chlorophyll_A_001_phosphate_plate5.tif,13,882.462,768,1120
18112,F8_01_1_2_Chlorophyll_A_001_phosphate_plate5.tif,2,856.000,848,864
18113,F8_01_1_2_Chlorophyll_A_001_phosphate_plate5.tif,4,840.000,768,880
18114,F8_01_1_2_Chlorophyll_A_001_phosphate_plate5.tif,2,800.000,784,816
18115,F8_01_1_2_Chlorophyll_A_001_phosphate_plate5.tif,1,816.000,816,816
18116,F8_01_1_2_Chlorophyll_A_001_phosphate_plate5.tif,1,880.000,880,880
18117,F8_01_1_2_Chlorophyll_A_001_phosphate_plate5.tif,3,896.000,800,1008
18118,F8_01_1_2_Chlorophyll_A_001_phosphate_plate5.tif,1,848.000,848,848
18119,F8_01_1_2_Chlorophyll_A_001_phosphate_plate5.tif,4,856.000,848,880
18120,F8_01_1_2_Chlorophyll_A_001_phosphate_plate5.tif,1,832.000,832,832
18121,F8_01_1_2_Chlorophyll_A_001_phosphate_plate5.tif,4,832.000,800,864
18122,F8_01_1_2_Chlorophyll_A_001_phosphate_plate5.tif,4,876.000,768,960
18123,F8_01_1_2_Chlorophyll_A_001_phosphate_plate5.tif,2,896.000,896,896
18124,F8_01_1_2_Chlorophyll_A_001_phosphate_plate5.tif,3,805.333,768,880
18125,F8_01_1_2_Chlorophyll_A_001_phosphate_plate5.tif,1,944.000,944,944
18126,F8_01_1_2_Chlorophyll_A_001_phosphate_plate5.tif,5,857.600,832,928
18127,F8_01_1_2_Chlorophyll_A_001_phosphate_plate5.tif,2,896.000,768,1024
18128,F8_01_1_2_Chlorophyll_A_001_phosphate_plate5.tif,1,992.000,992,992
18129,F8_01_1_2_Chlorophyll_A_001_phosphate_plate5.tif,1,816.000,816,816
18130,F8_01_1_2_Chlorophyll_A_001_phosphate_plate5.tif,2,832.000,768,896
18131,F8_01_1_2_Chlorophyll_A_001_phosphate_plate5.tif,3,869.333,848,896
18132,F8_01_1_2_Chlorophyll_A_001_phosphate_plate5.tif,4,848.000,784,960
18133,F8_01_1_2_Chlorophyll_A_001_phosphate_plate5.tif,4,912.000,768,1136
18134,F8_01_1_2_Chlorophyll_A_001_phosphate_plate5.tif,1,784.000,784,784
18135,F8_01_1_2_Chlorophyll_A_001_phosphate_plate5.tif,1,768.000,768,768
18136,F8_01_1_2_Chlorophyll_A_001_phosphate_plate5.tif,2,776.000,768,784
18137,F8_01_1_2_Chlorophyll_A_001_phosphate_plate5.tif,1,864.000,864,864
18138,F8_01_1_2_Chlorophyll_A_001_phosphate_plate5.tif,3,821.333,816,832
18139,F8_01_1_2_Chlorophyll_A_001_phosphate_plate5.tif,1,768.000,768,768
18140,F8_01_1_2_Chlorophyll_A_001_phosphate_plate5.tif,1,832.000,832,832
18141,F8_01_1_2_Chlorophyll_A_001_phosphate_plate5.tif,2,928.000,896,960
18142,F8_01_1_2_Chlorophyll_A_001_phosphate_plate5.tif,1,928.000,928,928
18143,F8_01_1_2_Chlorophyll_A_001_phosphate_plate5.tif,1,768.000,768,768
18144,F8_01_1_2_Chlorophyll_A_001_phosphate_plate5.tif,1,784.000,784,784
18145,F8_01_1_2_Chlorophyll_A_001_phosphate_plate5.tif,1,800.000,800,800
18146,F8_01_1_2_Chlorophyll_A_001_phosphate_plate5.tif,1,768.000,768,768
18147,F8_01_1_2_Chlorophyll_A_001_phosphate_plate5.tif,1,1024.000,1024,1024
18148,F8_01_1_2_Chlorophyll_A_001_phosphate_plate5.tif,1,784.000,784,784
18149,F8_01_1_2_Chlorophyll_A_001_phosphate_plate5.tif,1,784.000,784,784
18150,F8_01_1_2_Chlorophyll_A_001_phosphate_plate5.tif,1,800.000,800,800
18151,F8_01_1_2_Chlorophyll_A_001_phosphate_plate5.tif,2,824.000,800,848
18152,F8_01_1_2_Chlorophyll_A_001_phosphate_plate5.tif,1,800.000,800,800
18153,F8_01_1_2_Chlorophyll_A_001_phosphate_plate5.tif,1,816.000,816,816
18154,F8_01_1_2_Chlorophyll_A_001_phosphate_plate5.tif,1,784.000,784,784
18155,F8_01_1_2_Chlorophyll_A_001_phosphate_plate5.tif,1,832.000,832,832
18156,F8_01_1_2_Chlorophyll_A_001_phosphate_plate5.tif,1,768.000,768,768
18157,F8_01_1_2_Chlorophyll_A_001_phosphate_plate5.tif,3,810.667,768,880
18158,F8_01_1_2_Chlorophyll_A_001_phosphate_plate5.tif,2,912.000,896,928
18159,F8_01_1_2_Chlorophyll_A_001_phosphate_plate5.tif,1,768.000,768,768
18160,F8_01_1_2_Chlorophyll_A_001_phosphate_plate5.tif,1,784.000,784,784
18161,F8_01_1_2_Chlorophyll_A_001_phosphate_plate5.tif,1,800.000,800,800
18162,F8_01_1_2_Chlorophyll_A_001_phosphate_plate5.tif,1,816.000,816,816
18163,F8_01_1_2_Chlorophyll_A_001_phosphate_plate5.tif,1,832.000,832,832
18164,F8_01_1_2_Chlorophyll_A_001_phosphate_plate5.tif,1,800.000,800,800
18165,F8_01_1_2_Chlorophyll_A_001_phosphate_plate5.tif,1,800.000,800,800
18166,F8_01_1_2_Chlorophyll_A_001_phosphate_plate5.tif,1,848.000,848,848
18167,F8_01_1_2_Chlorophyll_A_001_phosphate_plate5.tif,1,768.000,768,768
18168,F8_01_1_2_Chlorophyll_A_001_phosphate_plate5.tif,2,864.000,800,928
18169,F8_01_1_2_Chlorophyll_A_001_phosphate_plate5.tif,1,800.000,800,800
18170,F8_01_1_2_Chlorophyll_A_001_phosphate_plate5.tif,6,840.000,768,944
18171,F8_01_1_2_Chlorophyll_A_001_phosphate_plate5.tif,1,784.000,784,784
18172,F8_01_1_2_Chlorophyll_A_001_phosphate_plate5.tif,1,768.000,768,768
18173,F8_01_1_2_Chlorophyll_A_001_phosphate_plate5.tif,1,800.000,800,800
18174,F8_01_1_2_Chlorophyll_A_001_phosphate_plate5.tif,13,880.000,768,1024
18175,F8_01_1_2_Chlorophyll_A_001_phosphate_plate5.tif,10,876.800,768,1024
18176,F8_01_1_2_Chlorophyll_A_001_phosphate_plate5.tif,24,890.000,768,1104
18177,F8_01_1_2_Chlorophyll_A_001_phosphate_plate5.tif,24,900.000,768,1168
18178,F8_01_1_2_Chlorophyll_A_001_phosphate_plate5.tif,12,894.667,784,1040
18179,F8_01_1_2_Chlorophyll_A_001_phosphate_plate5.tif,2,872.000,768,976
18180,F8_01_1_2_Chlorophyll_A_001_phosphate_plate5.tif,8,878.000,768,976
18181,F8_01_1_2_Chlorophyll_A_001_phosphate_plate5.tif,1,864.000,864,864
18182,F8_01_1_2_Chlorophyll_A_001_phosphate_plate5.tif,6,802.667,768,848
18183,F8_01_1_2_Chlorophyll_A_001_phosphate_plate5.tif,8,806.000,768,848
18184,F8_01_1_2_Chlorophyll_A_001_phosphate_plate5.tif,1,816.000,816,816
18185,F8_01_1_2_Chlorophyll_A_001_phosphate_plate5.tif,2,824.000,768,880
18186,F8_01_1_2_Chlorophyll_A_001_phosphate_plate5.tif,4,812.000,768,832
18187,F8_01_1_2_Chlorophyll_A_001_phosphate_plate5.tif,4,800.000,768,864
18188,F8_01_1_2_Chlorophyll_A_001_phosphate_plate5.tif,1,800.000,800,800
18189,F8_01_1_2_Chlorophyll_A_001_phosphate_plate5.tif,2,792.000,784,800
18190,F8_01_1_2_Chlorophyll_A_001_phosphate_plate5.tif,4,824.000,816,848
18191,F8_01_1_2_Chlorophyll_A_001_phosphate_plate5.tif,2,840.000,832,848
18192,F8_01_1_2_Chlorophyll_A_001_phosphate_plate5.tif,1,928.000,928,928
18193,F8_01_1_2_Chlorophyll_A_001_phosphate_plate5.tif,1,768.000,768,768
18194,F8_01_1_2_Chlorophyll_A_001_phosphate_plate5.tif,1,928.000,928,928
18195,F8_01_1_2_Chlorophyll_A_001_phosphate_plate5.tif,1,768.000,768,768
18196,F8_01_1_2_Chlorophyll_A_001_phosphate_plate5.tif,1,768.000,768,768
18197,F8_01_1_2_Chlorophyll_A_001_phosphate_plate5.tif,2,776.000,768,784
18198,F8_01_1_2_Chlorophyll_A_001_phosphate_plate5.tif,1,880.000,880,880
18199,F8_01_1_2_Chlorophyll_A_001_phosphate_plate5.tif,4,816.000,784,864
18200,F8_01_1_2_Chlorophyll_A_001_phosphate_plate5.tif,1,784.000,784,784
18201,F8_01_1_2_Chlorophyll_A_001_phosphate_plate5.tif,1,800.000,800,800
18202,F8_01_1_2_Chlorophyll_A_001_phosphate_plate5.tif,4,848.000,768,896
18203,F8_01_1_2_Chlorophyll_A_001_phosphate_plate5.tif,1,800.000,800,800
18204,F8_01_1_2_Chlorophyll_A_001_phosphate_plate5.tif,1,832.000,832,832
18205,F8_01_1_2_Chlorophyll_A_001_phosphate_plate5.tif,1,800.000,800,800
18206,F8_01_1_2_Chlorophyll_A_001_phosphate_plate5.tif,1,784.000,784,784
18207,F8_01_1_2_Chlorophyll_A_001_phosphate_plate5.tif,1,864.000,864,864
18208,F8_01_1_2_Chlorophyll_A_001_phosphate_plate5.tif,1,832.000,832,832
18209,F8_01_1_2_Chlorophyll_A_001_phosphate_plate5.tif,1,800.000,800,800
18210,F8_01_1_2_Chlorophyll_A_001_phosphate_plate5.tif,1,768.000,768,768
18211,F8_01_1_2_Chlorophyll_A_001_phosphate_plate5.tif,1,784.000,784,784
18212,F8_01_1_2_Chlorophyll_A_001_phosphate_plate5.tif,1,768.000,768,768
18213,F8_01_1_2_Chlorophyll_A_001_phosphate_plate5.tif,3,800.000,768,832
18214,F8_01_1_2_Chlorophyll_A_001_phosphate_plate5.tif,4,824.000,800,864
18215,F8_01_1_2_Chlorophyll_A_001_phosphate_plate5.tif,3,789.333,768,816
18216,F8_01_1_2_Chlorophyll_A_001_phosphate_plate5.tif,1,848.000,848,848
18217,F8_01_1_2_Chlorophyll_A_001_phosphate_plate5.tif,1,768.000,768,768
18218,F8_01_1_2_Chlorophyll_A_001_phosphate_plate5.tif,4,824.000,768,880
18219,F8_01_1_2_Chlorophyll_A_001_phosphate_plate5.tif,50,870.080,768,1056
18220,F8_01_1_2_Chlorophyll_A_001_phosphate_plate5.tif,3,880.000,784,1008
18221,F8_01_1_2_Chlorophyll_A_001_phosphate_plate5.tif,2,928.000,848,1008
18222,F8_01_1_2_Chlorophyll_A_001_phosphate_plate5.tif,7,866.286,768,960
18223,F8_01_1_2_Chlorophyll_A_001_phosphate_plate5.tif,4,864.000,768,960
18224,F8_01_1_2_Chlorophyll_A_001_phosphate_plate5.tif,2,832.000,768,896
18225,F8_01_1_2_Chlorophyll_A_001_phosphate_plate5.tif,2,792.000,768,816
18226,F8_01_1_2_Chlorophyll_A_001_phosphate_plate5.tif,12,893.333,784,992
18227,F8_01_1_2_Chlorophyll_A_001_phosphate_plate5.tif,1,800.000,800,800
18228,F8_01_1_2_Chlorophyll_A_001_phosphate_plate5.tif,10,844.800,768,928
18229,F8_01_1_2_Chlorophyll_A_001_phosphate_plate5.tif,5,819.200,768,880
18230,F8_01_1_2_Chlorophyll_A_001_phosphate_plate5.tif,4,796.000,784,816
18231,F8_01_1_2_Chlorophyll_A_001_phosphate_plate5.tif,1,912.000,912,912
18232,F8_01_1_2_Chlorophyll_A_001_phosphate_plate5.tif,1,864.000,864,864
18233,F8_01_1_2_Chlorophyll_A_001_phosphate_plate5.tif,2,832.000,816,848
18234,F8_01_1_2_Chlorophyll_A_001_phosphate_plate5.tif,11,817.455,768,928
18235,F8_01_1_2_Chlorophyll_A_001_phosphate_plate5.tif,1,768.000,768,768
18236,F8_01_1_2_Chlorophyll_A_001_phosphate_plate5.tif,1,944.000,944,944
18237,F8_01_1_2_Chlorophyll_A_001_phosphate_plate5.tif,1,768.000,768,768
18238,F8_01_1_2_Chlorophyll_A_001_phosphate_plate5.tif,4,836.000,784,896
18239,F8_01_1_2_Chlorophyll_A_001_phosphate_plate5.tif,2,792.000,784,800
18240,F8_01_1_2_Chlorophyll_A_001_phosphate_plate5.tif,1,832.000,832,832
18241,F8_01_1_2_Chlorophyll_A_001_phosphate_plate5.tif,1,784.000,784,784
18242,F8_01_1_2_Chlorophyll_A_001_phosphate_plate5.tif,4,864.000,768,960
18243,F8_01_1_2_Chlorophyll_A_001_phosphate_plate5.tif,1,928.000,928,928
18244,F8_01_1_2_Chlorophyll_A_001_phosphate_plate5.tif,1,848.000,848,848
18245,F8_01_1_2_Chlorophyll_A_001_phosphate_plate5.tif,1,912.000,912,912
18246,F8_01_1_2_Chlorophyll_A_001_phosphate_plate5.tif,1,768.000,768,768
18247,F8_01_1_2_Chlorophyll_A_001_phosphate_plate5.tif,1,864.000,864,864
18248,F8_01_1_2_Chlorophyll_A_001_phosphate_plate5.tif,3,864.000,800,928
18249,F8_01_1_2_Chlorophyll_A_001_phosphate_plate5.tif,2,840.000,816,864
18250,F8_01_1_2_Chlorophyll_A_001_phosphate_plate5.tif,1,832.000,832,832
18251,F8_01_1_2_Chlorophyll_A_001_phosphate_plate5.tif,1,832.000,832,832
18252,F8_01_1_2_Chlorophyll_A_001_phosphate_plate5.tif,1,816.000,816,816
18253,F8_01_1_2_Chlorophyll_A_001_phosphate_plate5.tif,1,864.000,864,864
18254,F8_01_1_2_Chlorophyll_A_001_phosphate_plate5.tif,109,2545.174,768,13600
18255,F8_01_1_2_Chlorophyll_A_001_phosphate_plate5.tif,2,864.000,832,896
18256,F8_01_1_2_Chlorophyll_A_001_phosphate_plate5.tif,1,784.000,784,784
18257,F8_01_1_2_Chlorophyll_A_001_phosphate_plate5.tif,1,816.000,816,816
18258,F8_01_1_2_Chlorophyll_A_001_phosphate_plate5.tif,1,832.000,832,832
18259,F8_01_1_2_Chlorophyll_A_001_phosphate_plate5.tif,1,784.000,784,784
18260,F8_01_1_2_Chlorophyll_A_001_phosphate_plate5.tif,1,912.000,912,912
18261,F8_01_1_2_Chlorophyll_A_001_phosphate_plate5.tif,1,848.000,848,848
18262,F8_01_1_2_Chlorophyll_A_001_phosphate_plate5.tif,1,784.000,784,784
18263,F8_01_1_2_Chlorophyll_A_001_phosphate_plate5.tif,1,768.000,768,768
18264,F8_01_1_2_Chlorophyll_A_001_phosphate_plate5.tif,1,848.000,848,848
18265,F8_01_1_2_Chlorophyll_A_001_phosphate_plate5.tif,1,832.000,832,832
18266,F8_01_1_2_Chlorophyll_A_001_phosphate_plate5.tif,1,976.000,976,976
18267,F8_01_1_2_Chlorophyll_A_001_phosphate_plate5.tif,1,768.000,768,768
18268,F8_01_1_2_Chlorophyll_A_001_phosphate_plate5.tif,1,800.000,800,800
18269,F8_01_1_2_Chlorophyll_A_001_phosphate_plate5.tif,1,800.000,800,800
18270,F8_01_1_2_Chlorophyll_A_001_phosphate_plate5.tif,1,864.000,864,864
18271,F8_01_1_2_Chlorophyll_A_001_phosphate_plate5.tif,1,800.000,800,800
18272,F8_01_1_2_Chlorophyll_A_001_phosphate_plate5.tif,3,784.000,768,800
18273,F8_01_1_2_Chlorophyll_A_001_phosphate_plate5.tif,1,768.000,768,768
18274,F8_01_1_2_Chlorophyll_A_001_phosphate_plate5.tif,2,896.000,880,912
18275,F8_01_1_2_Chlorophyll_A_001_phosphate_plate5.tif,2,784.000,784,784
18276,F8_01_1_2_Chlorophyll_A_001_phosphate_plate5.tif,2,864.000,768,960
18277,F8_01_1_2_Chlorophyll_A_001_phosphate_plate5.tif,2,896.000,864,928
18278,F8_01_1_2_Chlorophyll_A_001_phosphate_plate5.tif,84,873.333,768,1200
18279,F8_01_1_2_Chlorophyll_A_001_phosphate_plate5.tif,99,867.879,768,1104
18280,F8_01_1_2_Chlorophyll_A_001_phosphate_plate5.tif,29,889.931,768,1136
18281,F8_01_1_2_Chlorophyll_A_001_phosphate_plate5.tif,4,904.000,848,1008
18282,F8_01_1_2_Chlorophyll_A_001_phosphate_plate5.tif,1,832.000,832,832
18283,F8_01_1_2_Chlorophyll_A_001_phosphate_plate5.tif,2,768.000,768,768
18284,F8_01_1_2_Chlorophyll_A_001_phosphate_plate5.tif,15,873.600,768,1072
18285,F8_01_1_2_Chlorophyll_A_001_phosphate_plate5.tif,2,816.000,816,816
18286,F8_01_1_2_Chlorophyll_A_001_phosphate_plate5.tif,4,876.000,784,1008
18287,F8_01_1_2_Chlorophyll_A_001_phosphate_plate5.tif,1,944.000,944,944
18288,F8_01_1_2_Chlorophyll_A_001_phosphate_plate5.tif,4,852.000,784,944
18289,F8_01_1_2_Chlorophyll_A_001_phosphate_plate5.tif,1,864.000,864,864
18290,F8_01_1_2_Chlorophyll_A_001_phosphate_plate5.tif,1,768.000,768,768
18291,F8_01_1_2_Chlorophyll_A_001_phosphate_plate5.tif,3,805.333,768,848
18292,F8_01_1_2_Chlorophyll_A_001_phosphate_plate5.tif,4,844.000,768,944
18293,F8_01_1_2_Chlorophyll_A_001_phosphate_plate5.tif,2,832.000,784,880
18294,F8_01_1_2_Chlorophyll_A_001_phosphate_plate5.tif,2,816.000,816,816
18295,F8_01_1_2_Chlorophyll_A_001_phosphate_plate5.tif,1,800.000,800,800
18296,F8_01_1_2_Chlorophyll_A_001_phosphate_plate5.tif,1,848.000,848,848
18297,F8_01_1_2_Chlorophyll_A_001_phosphate_plate5.tif,1,976.000,976,976
18298,F8_01_1_2_Chlorophyll_A_001_phosphate_plate5.tif,1,800.000,800,800
18299,F8_01_1_2_Chlorophyll_A_001_phosphate_plate5.tif,1,848.000,848,848
18300,F8_01_1_2_Chlorophyll_A_001_phosphate_plate5.tif,2,792.000,784,800
18301,F8_01_1_2_Chlorophyll_A_001_phosphate_plate5.tif,1,784.000,784,784
18302,F8_01_1_2_Chlorophyll_A_001_phosphate_plate5.tif,1,816.000,816,816
18303,F8_01_1_2_Chlorophyll_A_001_phosphate_plate5.tif,1,784.000,784,784
18304,F8_01_1_2_Chlorophyll_A_001_phosphate_plate5.tif,1,768.000,768,768
18305,F8_01_1_2_Chlorophyll_A_001_phosphate_plate5.tif,1,800.000,800,800
18306,F8_01_1_2_Chlorophyll_A_001_phosphate_plate5.tif,3,800.000,768,832
18307,F8_01_1_2_Chlorophyll_A_001_phosphate_plate5.tif,1,848.000,848,848
18308,F8_01_1_2_Chlorophyll_A_001_phosphate_plate5.tif,6,826.667,768,944
18309,F8_01_1_2_Chlorophyll_A_001_phosphate_plate5.tif,1,800.000,800,800
18310,F8_01_1_2_Chlorophyll_A_001_phosphate_plate5.tif,1,768.000,768,768
18311,F8_01_1_2_Chlorophyll_A_001_phosphate_plate5.tif,1,848.000,848,848
18312,F8_01_1_2_Chlorophyll_A_001_phosphate_plate5.tif,1,784.000,784,784
18313,F8_01_1_2_Chlorophyll_A_001_phosphate_plate5.tif,1,832.000,832,832
18314,F8_01_1_2_Chlorophyll_A_001_phosphate_plate5.tif,2,824.000,816,832
18315,F8_01_1_2_Chlorophyll_A_001_phosphate_plate5.tif,1,832.000,832,832
18316,F8_01_1_2_Chlorophyll_A_001_phosphate_plate5.tif,1,896.000,896,896
18317,F8_01_1_2_Chlorophyll_A_001_phosphate_plate5.tif,1,1072.000,1072,1072
18318,F8_01_1_2_Chlorophyll_A_001_phosphate_plate5.tif,20,855.200,768,976
18319,F8_01_1_2_Chlorophyll_A_001_phosphate_plate5.tif,35,896.457,768,1232
18320,F8_01_1_2_Chlorophyll_A_001_phosphate_plate5.tif,31,872.258,768,1088
18321,F8_01_1_2_Chlorophyll_A_001_phosphate_plate5.tif,31,901.161,768,1200
18322,F8_01_1_2_Chlorophyll_A_001_phosphate_plate5.tif,1,880.000,880,880
18323,F8_01_1_2_Chlorophyll_A_001_phosphate_plate5.tif,1,816.000,816,816
18324,F8_01_1_2_Chlorophyll_A_001_phosphate_plate5.tif,4,912.000,832,1072
18325,F8_01_1_2_Chlorophyll_A_001_phosphate_plate5.tif,4,848.000,768,960
18326,F8_01_1_2_Chlorophyll_A_001_phosphate_plate5.tif,7,866.286,768,1120
18327,F8_01_1_2_Chlorophyll_A_001_phosphate_plate5.tif,1,1120.000,1120,1120
18328,F8_01_1_2_Chlorophyll_A_001_phosphate_plate5.tif,4,848.000,816,896
18329,F8_01_1_2_Chlorophyll_A_001_phosphate_plate5.tif,4,856.000,800,880
18330,F8_01_1_2_Chlorophyll_A_001_phosphate_plate5.tif,4,812.000,768,896
18331,F8_01_1_2_Chlorophyll_A_001_phosphate_plate5.tif,2,784.000,784,784
18332,F8_01_1_2_Chlorophyll_A_001_phosphate_plate5.tif,1,848.000,848,848
18333,F8_01_1_2_Chlorophyll_A_001_phosphate_plate5.tif,1,784.000,784,784
18334,F8_01_1_2_Chlorophyll_A_001_phosphate_plate5.tif,7,832.000,768,944
18335,F8_01_1_2_Chlorophyll_A_001_phosphate_plate5.tif,3,858.667,800,912
18336,F8_01_1_2_Chlorophyll_A_001_phosphate_plate5.tif,1,832.000,832,832
18337,F8_01_1_2_Chlorophyll_A_001_phosphate_plate5.tif,5,800.000,768,928
18338,F8_01_1_2_Chlorophyll_A_001_phosphate_plate5.tif,1,784.000,784,784
18339,F8_01_1_2_Chlorophyll_A_001_phosphate_plate5.tif,1,800.000,800,800
18340,F8_01_1_2_Chlorophyll_A_001_phosphate_plate5.tif,2,800.000,784,816
18341,F8_01_1_2_Chlorophyll_A_001_phosphate_plate5.tif,1,944.000,944,944
18342,F8_01_1_2_Chlorophyll_A_001_phosphate_plate5.tif,1,864.000,864,864
18343,F8_01_1_2_Chlorophyll_A_001_phosphate_plate5.tif,1,848.000,848,848
18344,F8_01_1_2_Chlorophyll_A_001_phosphate_plate5.tif,1,944.000,944,944
18345,F8_01_1_2_Chlorophyll_A_001_phosphate_plate5.tif,1,880.000,880,880
18346,F8_01_1_2_Chlorophyll_A_001_phosphate_plate5.tif,1,768.000,768,768
18347,F8_01_1_2_Chlorophyll_A_001_phosphate_plate5.tif,1,768.000,768,768
18348,F8_01_1_2_Chlorophyll_A_001_phosphate_plate5.tif,1,768.000,768,768
18349,F8_01_1_2_Chlorophyll_A_001_phosphate_plate5.tif,1,800.000,800,800
18350,F8_01_1_2_Chlorophyll_A_001_phosphate_plate5.tif,4,816.000,768,928
18351,F8_01_1_2_Chlorophyll_A_001_phosphate_plate5.tif,1,768.000,768,768
18352,F8_01_1_2_Chlorophyll_A_001_phosphate_plate5.tif,2,920.000,912,928
18353,F8_01_1_2_Chlorophyll_A_001_phosphate_plate5.tif,1,800.000,800,800
18354,F8_01_1_2_Chlorophyll_A_001_phosphate_plate5.tif,1,832.000,832,832
18355,F8_01_1_2_Chlorophyll_A_001_phosphate_plate5.tif,1,784.000,784,784
18356,F8_01_1_2_Chlorophyll_A_001_phosphate_plate5.tif,1,832.000,832,832
18357,F8_01_1_2_Chlorophyll_A_001_phosphate_plate5.tif,1,880.000,880,880
18358,F8_01_1_2_Chlorophyll_A_001_phosphate_plate5.tif,1,800.000,800,800
18359,F8_01_1_2_Chlorophyll_A_001_phosphate_plate5.tif,1,832.000,832,832
18360,F8_01_1_2_Chlorophyll_A_001_phosphate_plate5.tif,1,816.000,816,816
18361,F8_01_1_2_Chlorophyll_A_001_phosphate_plate5.tif,1,832.000,832,832
18362,F8_01_1_2_Chlorophyll_A_001_phosphate_plate5.tif,1,880.000,880,880
18363,F8_01_1_2_Chlorophyll_A_001_phosphate_plate5.tif,1,832.000,832,832
18364,F8_01_1_2_Chlorophyll_A_001_phosphate_plate5.tif,1,864.000,864,864
18365,F8_01_1_2_Chlorophyll_A_001_phosphate_plate5.tif,1,768.000,768,768
18366,F8_01_1_2_Chlorophyll_A_001_phosphate_plate5.tif,1,896.000,896,896
18367,F8_01_1_2_Chlorophyll_A_001_phosphate_plate5.tif,2,808.000,768,848
18368,F8_01_1_2_Chlorophyll_A_001_phosphate_plate5.tif,1,768.000,768,768
18369,F8_01_1_2_Chlorophyll_A_001_phosphate_plate5.tif,1,800.000,800,800
18370,F8_01_1_2_Chlorophyll_A_001_phosphate_plate5.tif,1,784.000,784,784
18371,F8_01_1_2_Chlorophyll_A_001_phosphate_plate5.tif,1,864.000,864,864
18372,F8_01_1_2_Chlorophyll_A_001_phosphate_plate5.tif,1,848.000,848,848
18373,F8_01_1_2_Chlorophyll_A_001_phosphate_plate5.tif,3,880.000,768,944
18374,F8_01_1_2_Chlorophyll_A_001_phosphate_plate5.tif,33,891.152,768,1024
18375,F8_01_1_2_Chlorophyll_A_001_phosphate_plate5.tif,46,888.696,768,1104
18376,F8_01_1_2_Chlorophyll_A_001_phosphate_plate5.tif,43,867.721,768,1008
18377,F8_01_1_2_Chlorophyll_A_001_phosphate_plate5.tif,67,865.672,768,1104
18378,F8_01_1_2_Chlorophyll_A_001_phosphate_plate5.tif,22,857.455,768,1040
18379,F8_01_1_2_Chlorophyll_A_001_phosphate_plate5.tif,1,800.000,800,800
18380,F8_01_1_2_Chlorophyll_A_001_phosphate_plate5.tif,1,864.000,864,864
18381,F8_01_1_2_Chlorophyll_A_001_phosphate_plate5.tif,2,1088.000,1008,1168
18382,F8_01_1_2_Chlorophyll_A_001_phosphate_plate5.tif,1,992.000,992,992
18383,F8_01_1_2_Chlorophyll_A_001_phosphate_plate5.tif,2,872.000,832,912
18384,F8_01_1_2_Chlorophyll_A_001_phosphate_plate5.tif,12,797.333,768,912
18385,F8_01_1_2_Chlorophyll_A_001_phosphate_plate5.tif,8,866.000,800,944
18386,F8_01_1_2_Chlorophyll_A_001_phosphate_plate5.tif,1,832.000,832,832
18387,F8_01_1_2_Chlorophyll_A_001_phosphate_plate5.tif,3,832.000,784,896
18388,F8_01_1_2_Chlorophyll_A_001_phosphate_plate5.tif,1,784.000,784,784
18389,F8_01_1_2_Chlorophyll_A_001_phosphate_plate5.tif,1,864.000,864,864
18390,F8_01_1_2_Chlorophyll_A_001_phosphate_plate5.tif,1,848.000,848,848
18391,F8_01_1_2_Chlorophyll_A_001_phosphate_plate5.tif,1,864.000,864,864
18392,F8_01_1_2_Chlorophyll_A_001_phosphate_plate5.tif,6,840.000,768,1024
18393,F8_01_1_2_Chlorophyll_A_001_phosphate_plate5.tif,2,824.000,768,880
18394,F8_01_1_2_Chlorophyll_A_001_phosphate_plate5.tif,1,800.000,800,800
18395,F8_01_1_2_Chlorophyll_A_001_phosphate_plate5.tif,1,784.000,784,784
18396,F8_01_1_2_Chlorophyll_A_001_phosphate_plate5.tif,1,944.000,944,944
18397,F8_01_1_2_Chlorophyll_A_001_phosphate_plate5.tif,8,842.000,768,960
18398,F8_01_1_2_Chlorophyll_A_001_phosphate_plate5.tif,16,835.000,768,1072
18399,F8_01_1_2_Chlorophyll_A_001_phosphate_plate5.tif,2,816.000,784,848
18400,F8_01_1_2_Chlorophyll_A_001_phosphate_plate5.tif,1,816.000,816,816
18401,F8_01_1_2_Chlorophyll_A_001_phosphate_plate5.tif,1,800.000,800,800
18402,F8_01_1_2_Chlorophyll_A_001_phosphate_plate5.tif,1,848.000,848,848
18403,F8_01_1_2_Chlorophyll_A_001_phosphate_plate5.tif,1,784.000,784,784
18404,F8_01_1_2_Chlorophyll_A_001_phosphate_plate5.tif,1,800.000,800,800
18405,F8_01_1_2_Chlorophyll_A_001_phosphate_plate5.tif,3,816.000,784,864
18406,F8_01_1_2_Chlorophyll_A_001_phosphate_plate5.tif,1,768.000,768,768
18407,F8_01_1_2_Chlorophyll_A_001_phosphate_plate5.tif,2,784.000,784,784
18408,F8_01_1_2_Chlorophyll_A_001_phosphate_plate5.tif,1,848.000,848,848
18409,F8_01_1_2_Chlorophyll_A_001_phosphate_plate5.tif,1,848.000,848,848
18410,F8_01_1_2_Chlorophyll_A_001_phosphate_plate5.tif,2,832.000,832,832
18411,F8_01_1_2_Chlorophyll_A_001_phosphate_plate5.tif,1,832.000,832,832
18412,F8_01_1_2_Chlorophyll_A_001_phosphate_plate5.tif,1,848.000,848,848
18413,F8_01_1_2_Chlorophyll_A_001_phosphate_plate5.tif,1,784.000,784,784
18414,F8_01_1_2_Chlorophyll_A_001_phosphate_plate5.tif,1,880.000,880,880
18415,F8_01_1_2_Chlorophyll_A_001_phosphate_plate5.tif,5,819.200,768,864
18416,F8_01_1_2_Chlorophyll_A_001_phosphate_plate5.tif,1,912.000,912,912
18417,F8_01_1_2_Chlorophyll_A_001_phosphate_plate5.tif,1,768.000,768,768
18418,F8_01_1_2_Chlorophyll_A_001_phosphate_plate5.tif,1,768.000,768,768
18419,F8_01_1_2_Chlorophyll_A_001_phosphate_plate5.tif,1,784.000,784,784
18420,F8_01_1_2_Chlorophyll_A_001_phosphate_plate5.tif,2,808.000,800,816
18421,F8_01_1_2_Chlorophyll_A_001_phosphate_plate5.tif,1,816.000,816,816
18422,F8_01_1_2_Chlorophyll_A_001_phosphate_plate5.tif,1,768.000,768,768
18423,F8_01_1_2_Chlorophyll_A_001_phosphate_plate5.tif,1,832.000,832,832
18424,F8_01_1_2_Chlorophyll_A_001_phosphate_plate5.tif,47,2003.745,768,6880
18425,F8_01_1_2_Chlorophyll_A_001_phosphate_plate5.tif,1,768.000,768,768
18426,F8_01_1_2_Chlorophyll_A_001_phosphate_plate5.tif,2,888.000,848,928
18427,F8_01_1_2_Chlorophyll_A_001_phosphate_plate5.tif,1,960.000,960,960
18428,F8_01_1_2_Chlorophyll_A_001_phosphate_plate5.tif,2,848.000,832,864
18429,F8_01_1_2_Chlorophyll_A_001_phosphate_plate5.tif,1,976.000,976,976
18430,F8_01_1_2_Chlorophyll_A_001_phosphate_plate5.tif,2,824.000,768,880
18431,F8_01_1_2_Chlorophyll_A_001_phosphate_plate5.tif,1,768.000,768,768
18432,F8_01_1_2_Chlorophyll_A_001_phosphate_plate5.tif,1,848.000,848,848
18433,F8_01_1_2_Chlorophyll_A_001_phosphate_plate5.tif,43,861.023,768,1056
18434,F8_01_1_2_Chlorophyll_A_001_phosphate_plate5.tif,27,876.444,768,1120
18435,F8_01_1_2_Chlorophyll_A_001_phosphate_plate5.tif,54,878.519,768,1168
18436,F8_01_1_2_Chlorophyll_A_001_phosphate_plate5.tif,2,824.000,768,880
18437,F8_01_1_2_Chlorophyll_A_001_phosphate_plate5.tif,1,784.000,784,784
18438,F8_01_1_2_Chlorophyll_A_001_phosphate_plate5.tif,1,928.000,928,928
18439,F8_01_1_2_Chlorophyll_A_001_phosphate_plate5.tif,6,840.000,784,912
18440,F8_01_1_2_Chlorophyll_A_001_phosphate_plate5.tif,6,872.000,768,960
18441,F8_01_1_2_Chlorophyll_A_001_phosphate_plate5.tif,1,896.000,896,896
18442,F8_01_1_2_Chlorophyll_A_001_phosphate_plate5.tif,2,776.000,768,784
18443,F8_01_1_2_Chlorophyll_A_001_phosphate_plate5.tif,1,944.000,944,944
18444,F8_01_1_2_Chlorophyll_A_001_phosphate_plate5.tif,1,784.000,784,784
18445,F8_01_1_2_Chlorophyll_A_001_phosphate_plate5.tif,4,840.000,784,944
18446,F8_01_1_2_Chlorophyll_A_001_phosphate_plate5.tif,1,768.000,768,768
18447,F8_01_1_2_Chlorophyll_A_001_phosphate_plate5.tif,6,829.333,784,912
18448,F8_01_1_2_Chlorophyll_A_001_phosphate_plate5.tif,1,768.000,768,768
18449,F8_01_1_2_Chlorophyll_A_001_phosphate_plate5.tif,1,880.000,880,880
18450,F8_01_1_2_Chlorophyll_A_001_phosphate_plate5.tif,1,800.000,800,800
18451,F8_01_1_2_Chlorophyll_A_001_phosphate_plate5.tif,6,821.333,768,864
18452,F8_01_1_2_Chlorophyll_A_001_phosphate_plate5.tif,3,832.000,800,864
18453,F8_01_1_2_Chlorophyll_A_001_phosphate_plate5.tif,2,792.000,784,800
18454,F8_01_1_2_Chlorophyll_A_001_phosphate_plate5.tif,1,800.000,800,800
18455,F8_01_1_2_Chlorophyll_A_001_phosphate_plate5.tif,1,848.000,848,848
18456,F8_01_1_2_Chlorophyll_A_001_phosphate_plate5.tif,1,784.000,784,784
18457,F8_01_1_2_Chlorophyll_A_001_phosphate_plate5.tif,1,784.000,784,784
18458,F8_01_1_2_Chlorophyll_A_001_phosphate_plate5.tif,1,784.000,784,784
18459,F8_01_1_2_Chlorophyll_A_001_phosphate_plate5.tif,1,816.000,816,816
18460,F8_01_1_2_Chlorophyll_A_001_phosphate_plate5.tif,3,837.333,800,864
18461,F8_01_1_2_Chlorophyll_A_001_phosphate_plate5.tif,2,856.000,848,864
18462,F8_01_1_2_Chlorophyll_A_001_phosphate_plate5.tif,1,864.000,864,864
18463,F8_01_1_2_Chlorophyll_A_001_phosphate_plate5.tif,1,768.000,768,768
18464,F8_01_1_2_Chlorophyll_A_001_phosphate_plate5.tif,1,784.000,784,784
18465,F8_01_1_2_Chlorophyll_A_001_phosphate_plate5.tif,2,840.000,816,864
18466,F8_01_1_2_Chlorophyll_A_001_phosphate_plate5.tif,2,800.000,768,832
18467,F8_01_1_2_Chlorophyll_A_001_phosphate_plate5.tif,1,768.000,768,768
18468,F8_01_1_2_Chlorophyll_A_001_phosphate_plate5.tif,1,816.000,816,816
18469,F8_01_1_2_Chlorophyll_A_001_phosphate_plate5.tif,1,880.000,880,880
18470,F8_01_1_2_Chlorophyll_A_001_phosphate_plate5.tif,2,832.000,784,880
18471,F8_01_1_2_Chlorophyll_A_001_phosphate_plate5.tif,1,880.000,880,880
18472,F8_01_1_2_Chlorophyll_A_001_phosphate_plate5.tif,2,864.000,800,928
18473,F8_01_1_2_Chlorophyll_A_001_phosphate_plate5.tif,1,800.000,800,800
18474,F8_01_1_2_Chlorophyll_A_001_phosphate_plate5.tif,2,864.000,864,864
18475,F8_01_1_2_Chlorophyll_A_001_phosphate_plate5.tif,1,816.000,816,816
18476,F8_01_1_2_Chlorophyll_A_001_phosphate_plate5.tif,1,848.000,848,848
18477,F8_01_1_2_Chlorophyll_A_001_phosphate_plate5.tif,1,832.000,832,832
18478,F8_01_1_2_Chlorophyll_A_001_phosphate_plate5.tif,1,800.000,800,800
18479,F8_01_1_2_Chlorophyll_A_001_phosphate_plate5.tif,2,944.000,928,960
18480,F8_01_1_2_Chlorophyll_A_001_phosphate_plate5.tif,1,768.000,768,768
18481,F8_01_1_2_Chlorophyll_A_001_phosphate_plate5.tif,2,832.000,816,848
18482,F8_01_1_2_Chlorophyll_A_001_phosphate_plate5.tif,5,918.400,784,1024
18483,F8_01_1_2_Chlorophyll_A_001_phosphate_plate5.tif,40,873.200,768,1008
18484,F8_01_1_2_Chlorophyll_A_001_phosphate_plate5.tif,6,848.000,768,976
18485,F8_01_1_2_Chlorophyll_A_001_phosphate_plate5.tif,16,868.000,768,1024
18486,F8_01_1_2_Chlorophyll_A_001_phosphate_plate5.tif,3,858.667,800,960
18487,F8_01_1_2_Chlorophyll_A_001_phosphate_plate5.tif,9,849.778,768,1024
18488,F8_01_1_2_Chlorophyll_A_001_phosphate_plate5.tif,5,896.000,800,1056
18489,F8_01_1_2_Chlorophyll_A_001_phosphate_plate5.tif,2,816.000,784,848
18490,F8_01_1_2_Chlorophyll_A_001_phosphate_plate5.tif,2,824.000,768,880
18491,F8_01_1_2_Chlorophyll_A_001_phosphate_plate5.tif,2,792.000,768,816
18492,F8_01_1_2_Chlorophyll_A_001_phosphate_plate5.tif,1,832.000,832,832
18493,F8_01_1_2_Chlorophyll_A_001_phosphate_plate5.tif,2,808.000,768,848
18494,F8_01_1_2_Chlorophyll_A_001_phosphate_plate5.tif,2,864.000,832,896
18495,F8_01_1_2_Chlorophyll_A_001_phosphate_plate5.tif,1,768.000,768,768
18496,F8_01_1_2_Chlorophyll_A_001_phosphate_plate5.tif,2,864.000,800,928
18497,F8_01_1_2_Chlorophyll_A_001_phosphate_plate5.tif,1,784.000,784,784
18498,F8_01_1_2_Chlorophyll_A_001_phosphate_plate5.tif,1,768.000,768,768
18499,F8_01_1_2_Chlorophyll_A_001_phosphate_plate5.tif,4,836.000,816,864
18500,F8_01_1_2_Chlorophyll_A_001_phosphate_plate5.tif,3,901.333,784,1072
18501,F8_01_1_2_Chlorophyll_A_001_phosphate_plate5.tif,5,838.400,768,880
18502,F8_01_1_2_Chlorophyll_A_001_phosphate_plate5.tif,6,818.667,784,944
18503,F8_01_1_2_Chlorophyll_A_001_phosphate_plate5.tif,1,768.000,768,768
18504,F8_01_1_2_Chlorophyll_A_001_phosphate_plate5.tif,1,896.000,896,896
18505,F8_01_1_2_Chlorophyll_A_001_phosphate_plate5.tif,1,800.000,800,800
18506,F8_01_1_2_Chlorophyll_A_001_phosphate_plate5.tif,3,869.333,800,944
18507,F8_01_1_2_Chlorophyll_A_001_phosphate_plate5.tif,1,784.000,784,784
18508,F8_01_1_2_Chlorophyll_A_001_phosphate_plate5.tif,5,857.600,768,960
18509,F8_01_1_2_Chlorophyll_A_001_phosphate_plate5.tif,4,820.000,800,880
18510,F8_01_1_2_Chlorophyll_A_001_phosphate_plate5.tif,6,864.000,768,976
18511,F8_01_1_2_Chlorophyll_A_001_phosphate_plate5.tif,2,792.000,784,800
18512,F8_01_1_2_Chlorophyll_A_001_phosphate_plate5.tif,4,808.000,768,880
18513,F8_01_1_2_Chlorophyll_A_001_phosphate_plate5.tif,5,828.800,768,912
18514,F8_01_1_2_Chlorophyll_A_001_phosphate_plate5.tif,1,784.000,784,784
18515,F8_01_1_2_Chlorophyll_A_001_phosphate_plate5.tif,1,848.000,848,848
18516,F8_01_1_2_Chlorophyll_A_001_phosphate_plate5.tif,1,800.000,800,800
18517,F8_01_1_2_Chlorophyll_A_001_phosphate_plate5.tif,1,800.000,800,800
18518,F8_01_1_2_Chlorophyll_A_001_phosphate_plate5.tif,1,800.000,800,800
18519,F8_01_1_2_Chlorophyll_A_001_phosphate_plate5.tif,3,778.667,768,784
18520,F8_01_1_2_Chlorophyll_A_001_phosphate_plate5.tif,1,880.000,880,880
18521,F8_01_1_2_Chlorophyll_A_001_phosphate_plate5.tif,1,928.000,928,928
18522,F8_01_1_2_Chlorophyll_A_001_phosphate_plate5.tif,1,816.000,816,816
18523,F8_01_1_2_Chlorophyll_A_001_phosphate_plate5.tif,1,768.000,768,768
18524,F8_01_1_2_Chlorophyll_A_001_phosphate_plate5.tif,1,864.000,864,864
18525,F8_01_1_2_Chlorophyll_A_001_phosphate_plate5.tif,2,816.000,768,864
18526,F8_01_1_2_Chlorophyll_A_001_phosphate_plate5.tif,1,1072.000,1072,1072
18527,F8_01_1_2_Chlorophyll_A_001_phosphate_plate5.tif,1,848.000,848,848
18528,F8_01_1_2_Chlorophyll_A_001_phosphate_plate5.tif,6,797.333,768,880
18529,F8_01_1_2_Chlorophyll_A_001_phosphate_plate5.tif,3,938.667,896,1008
18530,F8_01_1_2_Chlorophyll_A_001_phosphate_plate5.tif,1,864.000,864,864
18531,F8_01_1_2_Chlorophyll_A_001_phosphate_plate5.tif,287,853.854,768,1184
18532,F8_01_1_2_Chlorophyll_A_001_phosphate_plate5.tif,67,890.746,768,1248
18533,F8_01_1_2_Chlorophyll_A_001_phosphate_plate5.tif,1,880.000,880,880
18534,F8_01_1_2_Chlorophyll_A_001_phosphate_plate5.tif,2,960.000,880,1040
18535,F8_01_1_2_Chlorophyll_A_001_phosphate_plate5.tif,22,854.545,768,960
18536,F8_01_1_2_Chlorophyll_A_001_phosphate_plate5.tif,8,902.000,800,976
18537,F8_01_1_2_Chlorophyll_A_001_phosphate_plate5.tif,1,864.000,864,864
18538,F8_01_1_2_Chlorophyll_A_001_phosphate_plate5.tif,3,906.667,864,992
18539,F8_01_1_2_Chlorophyll_A_001_phosphate_plate5.tif,4,832.000,768,960
18540,F8_01_1_2_Chlorophyll_A_001_phosphate_plate5.tif,2,864.000,784,944
18541,F8_01_1_2_Chlorophyll_A_001_phosphate_plate5.tif,1,848.000,848,848
18542,F8_01_1_2_Chlorophyll_A_001_phosphate_plate5.tif,2,928.000,880,976
18543,F8_01_1_2_Chlorophyll_A_001_phosphate_plate5.tif,2,824.000,768,880
18544,F8_01_1_2_Chlorophyll_A_001_phosphate_plate5.tif,3,826.667,768,864
18545,F8_01_1_2_Chlorophyll_A_001_phosphate_plate5.tif,2,952.000,928,976
18546,F8_01_1_2_Chlorophyll_A_001_phosphate_plate5.tif,4,788.000,768,816
18547,F8_01_1_2_Chlorophyll_A_001_phosphate_plate5.tif,2,888.000,784,992
18548,F8_01_1_2_Chlorophyll_A_001_phosphate_plate5.tif,1,848.000,848,848
18549,F8_01_1_2_Chlorophyll_A_001_phosphate_plate5.tif,1,784.000,784,784
18550,F8_01_1_2_Chlorophyll_A_001_phosphate_plate5.tif,2,768.000,768,768
18551,F8_01_1_2_Chlorophyll_A_001_phosphate_plate5.tif,1,864.000,864,864
18552,F8_01_1_2_Chlorophyll_A_001_phosphate_plate5.tif,3,885.333,848,944
18553,F8_01_1_2_Chlorophyll_A_001_phosphate_plate5.tif,1,848.000,848,848
18554,F8_01_1_2_Chlorophyll_A_001_phosphate_plate5.tif,2,832.000,816,848
18555,F8_01_1_2_Chlorophyll_A_001_phosphate_plate5.tif,3,816.000,768,896
18556,F8_01_1_2_Chlorophyll_A_001_phosphate_plate5.tif,1,960.000,960,960
18557,F8_01_1_2_Chlorophyll_A_001_phosphate_plate5.tif,1,768.000,768,768
18558,F8_01_1_2_Chlorophyll_A_001_phosphate_plate5.tif,2,904.000,864,944
18559,F8_01_1_2_Chlorophyll_A_001_phosphate_plate5.tif,1,976.000,976,976
18560,F8_01_1_2_Chlorophyll_A_001_phosphate_plate5.tif,1,784.000,784,784
18561,F8_01_1_2_Chlorophyll_A_001_phosphate_plate5.tif,2,792.000,768,816
18562,F8_01_1_2_Chlorophyll_A_001_phosphate_plate5.tif,1,768.000,768,768
18563,F8_01_1_2_Chlorophyll_A_001_phosphate_plate5.tif,111,2640.000,768,14400
18564,F8_01_1_2_Chlorophyll_A_001_phosphate_plate5.tif,1,944.000,944,944
18565,F8_01_1_2_Chlorophyll_A_001_phosphate_plate5.tif,1,768.000,768,768
18566,F8_01_1_2_Chlorophyll_A_001_phosphate_plate5.tif,1,784.000,784,784
18567,F8_01_1_2_Chlorophyll_A_001_phosphate_plate5.tif,1,880.000,880,880
18568,F8_01_1_2_Chlorophyll_A_001_phosphate_plate5.tif,1,896.000,896,896
18569,F8_01_1_2_Chlorophyll_A_001_phosphate_plate5.tif,1,768.000,768,768
18570,F8_01_1_2_Chlorophyll_A_001_phosphate_plate5.tif,1,848.000,848,848
18571,F8_01_1_2_Chlorophyll_A_001_phosphate_plate5.tif,1,848.000,848,848
18572,F8_01_1_2_Chlorophyll_A_001_phosphate_plate5.tif,1,768.000,768,768
18573,F8_01_1_2_Chlorophyll_A_001_phosphate_plate5.tif,2,808.000,784,832
18574,F8_01_1_2_Chlorophyll_A_001_phosphate_plate5.tif,2,848.000,784,912
18575,F8_01_1_2_Chlorophyll_A_001_phosphate_plate5.tif,1,848.000,848,848
18576,F8_01_1_2_Chlorophyll_A_001_phosphate_plate5.tif,1,912.000,912,912
18577,F8_01_1_2_Chlorophyll_A_001_phosphate_plate5.tif,1,848.000,848,848
18578,F8_01_1_2_Chlorophyll_A_001_phosphate_plate5.tif,1,848.000,848,848
18579,F8_01_1_2_Chlorophyll_A_001_phosphate_plate5.tif,1,848.000,848,848
18580,F8_01_1_2_Chlorophyll_A_001_phosphate_plate5.tif,1,800.000,800,800
18581,F8_01_1_2_Chlorophyll_A_001_phosphate_plate5.tif,1,768.000,768,768
18582,F8_01_1_2_Chlorophyll_A_001_phosphate_plate5.tif,1,784.000,784,784
18583,F8_01_1_2_Chlorophyll_A_001_phosphate_plate5.tif,1,848.000,848,848
18584,F8_01_1_2_Chlorophyll_A_001_phosphate_plate5.tif,1,768.000,768,768
18585,F8_01_1_2_Chlorophyll_A_001_phosphate_plate5.tif,1,800.000,800,800
18586,F8_01_1_2_Chlorophyll_A_001_phosphate_plate5.tif,1,816.000,816,816
18587,F8_01_1_2_Chlorophyll_A_001_phosphate_plate5.tif,1,784.000,784,784
18588,F8_01_1_2_Chlorophyll_A_001_phosphate_plate5.tif,1,768.000,768,768
18589,F8_01_1_2_Chlorophyll_A_001_phosphate_plate5.tif,1,768.000,768,768
18590,F8_01_1_2_Chlorophyll_A_001_phosphate_plate5.tif,4,884.000,848,928
18591,F8_01_1_2_Chlorophyll_A_001_phosphate_plate5.tif,1,1040.000,1040,1040
18592,F8_01_1_2_Chlorophyll_A_001_phosphate_plate5.tif,1,880.000,880,880
18593,F8_01_1_2_Chlorophyll_A_001_phosphate_plate5.tif,2,880.000,848,912
18594,F8_01_1_2_Chlorophyll_A_001_phosphate_plate5.tif,3,805.333,768,832
18595,F8_01_1_2_Chlorophyll_A_001_phosphate_plate5.tif,1,768.000,768,768
18596,F8_01_1_2_Chlorophyll_A_001_phosphate_plate5.tif,2,832.000,816,848
18597,F8_01_1_2_Chlorophyll_A_001_phosphate_plate5.tif,2,800.000,784,816
18598,F8_01_1_2_Chlorophyll_A_001_phosphate_plate5.tif,1,800.000,800,800
18599,F8_01_1_2_Chlorophyll_A_001_phosphate_plate5.tif,66,865.212,768,1104
18600,F8_01_1_2_Chlorophyll_A_001_phosphate_plate5.tif,19,920.421,768,1184
18601,F8_01_1_2_Chlorophyll_A_001_phosphate_plate5.tif,1,880.000,880,880
18602,F8_01_1_2_Chlorophyll_A_001_phosphate_plate5.tif,1,1040.000,1040,1040
18603,F8_01_1_2_Chlorophyll_A_001_phosphate_plate5.tif,5,854.400,768,1024
18604,F8_01_1_2_Chlorophyll_A_001_phosphate_plate5.tif,1,880.000,880,880
18605,F8_01_1_2_Chlorophyll_A_001_phosphate_plate5.tif,2,816.000,784,848
18606,F8_01_1_2_Chlorophyll_A_001_phosphate_plate5.tif,1,768.000,768,768
18607,F8_01_1_2_Chlorophyll_A_001_phosphate_plate5.tif,5,848.000,784,976
18608,F8_01_1_2_Chlorophyll_A_001_phosphate_plate5.tif,2,880.000,848,912
18609,F8_01_1_2_Chlorophyll_A_001_phosphate_plate5.tif,1,768.000,768,768
18610,F8_01_1_2_Chlorophyll_A_001_phosphate_plate5.tif,2,872.000,864,880
18611,F8_01_1_2_Chlorophyll_A_001_phosphate_plate5.tif,2,776.000,768,784
18612,F8_01_1_2_Chlorophyll_A_001_phosphate_plate5.tif,1,784.000,784,784
18613,F8_01_1_2_Chlorophyll_A_001_phosphate_plate5.tif,1,992.000,992,992
18614,F8_01_1_2_Chlorophyll_A_001_phosphate_plate5.tif,1,848.000,848,848
18615,F8_01_1_2_Chlorophyll_A_001_phosphate_plate5.tif,4,816.000,768,912
18616,F8_01_1_2_Chlorophyll_A_001_phosphate_plate5.tif,3,848.000,768,1008
18617,F8_01_1_2_Chlorophyll_A_001_phosphate_plate5.tif,2,824.000,816,832
18618,F8_01_1_2_Chlorophyll_A_001_phosphate_plate5.tif,1,768.000,768,768
18619,F8_01_1_2_Chlorophyll_A_001_phosphate_plate5.tif,1,896.000,896,896
18620,F8_01_1_2_Chlorophyll_A_001_phosphate_plate5.tif,1,864.000,864,864
18621,F8_01_1_2_Chlorophyll_A_001_phosphate_plate5.tif,1,784.000,784,784
18622,F8_01_1_2_Chlorophyll_A_001_phosphate_plate5.tif,2,808.000,784,832
18623,F8_01_1_2_Chlorophyll_A_001_phosphate_plate5.tif,3,869.333,816,912
18624,F8_01_1_2_Chlorophyll_A_001_phosphate_plate5.tif,4,840.000,768,880
18625,F8_01_1_2_Chlorophyll_A_001_phosphate_plate5.tif,1,800.000,800,800
18626,F8_01_1_2_Chlorophyll_A_001_phosphate_plate5.tif,2,784.000,768,800
18627,F8_01_1_2_Chlorophyll_A_001_phosphate_plate5.tif,1,1008.000,1008,1008
18628,F8_01_1_2_Chlorophyll_A_001_phosphate_plate5.tif,1,880.000,880,880
18629,F8_01_1_2_Chlorophyll_A_001_phosphate_plate5.tif,1,768.000,768,768
18630,F8_01_1_2_Chlorophyll_A_001_phosphate_plate5.tif,1,832.000,832,832
18631,F8_01_1_2_Chlorophyll_A_001_phosphate_plate5.tif,1,800.000,800,800
18632,F8_01_1_2_Chlorophyll_A_001_phosphate_plate5.tif,1,800.000,800,800
18633,F8_01_1_2_Chlorophyll_A_001_phosphate_plate5.tif,2,784.000,784,784
18634,F8_01_1_2_Chlorophyll_A_001_phosphate_plate5.tif,1,784.000,784,784
18635,F8_01_1_2_Chlorophyll_A_001_phosphate_plate5.tif,1,768.000,768,768
18636,F8_01_1_2_Chlorophyll_A_001_phosphate_plate5.tif,1,800.000,800,800
18637,F8_01_1_2_Chlorophyll_A_001_phosphate_plate5.tif,1,880.000,880,880
18638,F8_01_1_2_Chlorophyll_A_001_phosphate_plate5.tif,1,768.000,768,768
18639,F8_01_1_2_Chlorophyll_A_001_phosphate_plate5.tif,1,768.000,768,768
18640,F8_01_1_2_Chlorophyll_A_001_phosphate_plate5.tif,1,768.000,768,768
18641,F8_01_1_2_Chlorophyll_A_001_phosphate_plate5.tif,3,885.333,800,1008
18642,F8_01_1_2_Chlorophyll_A_001_phosphate_plate5.tif,42,892.190,768,1120
18643,F8_01_1_2_Chlorophyll_A_001_phosphate_plate5.tif,3,890.667,848,944
18644,F8_01_1_2_Chlorophyll_A_001_phosphate_plate5.tif,4,836.000,784,960
18645,F8_01_1_2_Chlorophyll_A_001_phosphate_plate5.tif,92,847.826,768,1200
18646,F8_01_1_2_Chlorophyll_A_001_phosphate_plate5.tif,2,784.000,784,784
18647,F8_01_1_2_Chlorophyll_A_001_phosphate_plate5.tif,9,810.667,768,880
18648,F8_01_1_2_Chlorophyll_A_001_phosphate_plate5.tif,5,825.600,768,960
18649,F8_01_1_2_Chlorophyll_A_001_phosphate_plate5.tif,28,834.286,768,976
18650,F8_01_1_2_Chlorophyll_A_001_phosphate_plate5.tif,11,865.455,784,1008
18651,F8_01_1_2_Chlorophyll_A_001_phosphate_plate5.tif,2,792.000,768,816
18652,F8_01_1_2_Chlorophyll_A_001_phosphate_plate5.tif,1,944.000,944,944
18653,F8_01_1_2_Chlorophyll_A_001_phosphate_plate5.tif,1,848.000,848,848
18654,F8_01_1_2_Chlorophyll_A_001_phosphate_plate5.tif,3,901.333,848,1008
18655,F8_01_1_2_Chlorophyll_A_001_phosphate_plate5.tif,1,848.000,848,848
18656,F8_01_1_2_Chlorophyll_A_001_phosphate_plate5.tif,3,794.667,768,816
18657,F8_01_1_2_Chlorophyll_A_001_phosphate_plate5.tif,4,824.000,768,864
18658,F8_01_1_2_Chlorophyll_A_001_phosphate_plate5.tif,4,912.000,800,1040
18659,F8_01_1_2_Chlorophyll_A_001_phosphate_plate5.tif,1,880.000,880,880
18660,F8_01_1_2_Chlorophyll_A_001_phosphate_plate5.tif,1,784.000,784,784
18661,F8_01_1_2_Chlorophyll_A_001_phosphate_plate5.tif,9,821.333,768,880
18662,F8_01_1_2_Chlorophyll_A_001_phosphate_plate5.tif,1,800.000,800,800
18663,F8_01_1_2_Chlorophyll_A_001_phosphate_plate5.tif,1,768.000,768,768
18664,F8_01_1_2_Chlorophyll_A_001_phosphate_plate5.tif,2,784.000,768,800
18665,F8_01_1_2_Chlorophyll_A_001_phosphate_plate5.tif,1,848.000,848,848
18666,F8_01_1_2_Chlorophyll_A_001_phosphate_plate5.tif,1,896.000,896,896
18667,F8_01_1_2_Chlorophyll_A_001_phosphate_plate5.tif,1,880.000,880,880
18668,F8_01_1_2_Chlorophyll_A_001_phosphate_plate5.tif,1,912.000,912,912
18669,F8_01_1_2_Chlorophyll_A_001_phosphate_plate5.tif,1,784.000,784,784
18670,F8_01_1_2_Chlorophyll_A_001_phosphate_plate5.tif,1,784.000,784,784
18671,F8_01_1_2_Chlorophyll_A_001_phosphate_plate5.tif,1,784.000,784,784
18672,F8_01_1_2_Chlorophyll_A_001_phosphate_plate5.tif,1,816.000,816,816
18673,F8_01_1_2_Chlorophyll_A_001_phosphate_plate5.tif,1,784.000,784,784
18674,F8_01_1_2_Chlorophyll_A_001_phosphate_plate5.tif,1,928.000,928,928
18675,F8_01_1_2_Chlorophyll_A_001_phosphate_plate5.tif,1,768.000,768,768
18676,F8_01_1_2_Chlorophyll_A_001_phosphate_plate5.tif,1,800.000,800,800
18677,F8_01_1_2_Chlorophyll_A_001_phosphate_plate5.tif,2,792.000,784,800
18678,F8_01_1_2_Chlorophyll_A_001_phosphate_plate5.tif,2,824.000,768,880
18679,F8_01_1_2_Chlorophyll_A_001_phosphate_plate5.tif,1,848.000,848,848
18680,F8_01_1_2_Chlorophyll_A_001_phosphate_plate5.tif,2,776.000,768,784
18681,F8_01_1_2_Chlorophyll_A_001_phosphate_plate5.tif,1,784.000,784,784
18682,F8_01_1_2_Chlorophyll_A_001_phosphate_plate5.tif,1,832.000,832,832
18683,F8_01_1_2_Chlorophyll_A_001_phosphate_plate5.tif,1,768.000,768,768
18684,F8_01_1_2_Chlorophyll_A_001_phosphate_plate5.tif,1,784.000,784,784
18685,F8_01_1_2_Chlorophyll_A_001_phosphate_plate5.tif,1,832.000,832,832
18686,F8_01_1_2_Chlorophyll_A_001_phosphate_plate5.tif,1,816.000,816,816
18687,F8_01_1_2_Chlorophyll_A_001_phosphate_plate5.tif,1,992.000,992,992
18688,F8_01_1_2_Chlorophyll_A_001_phosphate_plate5.tif,1,784.000,784,784
18689,F8_01_1_2_Chlorophyll_A_001_phosphate_plate5.tif,4,812.000,768,880
18690,F8_01_1_2_Chlorophyll_A_001_phosphate_plate5.tif,1,848.000,848,848
18691,F8_01_1_2_Chlorophyll_A_001_phosphate_plate5.tif,1,880.000,880,880
18692,F8_01_1_2_Chlorophyll_A_001_phosphate_plate5.tif,2,792.000,768,816
18693,F8_01_1_2_Chlorophyll_A_001_phosphate_plate5.tif,2,832.000,784,880
18694,F8_01_1_2_Chlorophyll_A_001_phosphate_plate5.tif,4,904.000,848,1008
18695,F8_01_1_2_Chlorophyll_A_001_phosphate_plate5.tif,2,880.000,848,912
18696,F8_01_1_2_Chlorophyll_A_001_phosphate_plate5.tif,5,918.400,800,1088
18697,F8_01_1_2_Chlorophyll_A_001_phosphate_plate5.tif,1,816.000,816,816
18698,F8_01_1_2_Chlorophyll_A_001_phosphate_plate5.tif,4,828.000,800,880
18699,F8_01_1_2_Chlorophyll_A_001_phosphate_plate5.tif,1,768.000,768,768
18700,F8_01_1_2_Chlorophyll_A_001_phosphate_plate5.tif,26,907.077,768,1120
18701,F8_01_1_2_Chlorophyll_A_001_phosphate_plate5.tif,7,836.571,768,1008
18702,F8_01_1_2_Chlorophyll_A_001_phosphate_plate5.tif,1,768.000,768,768
18703,F8_01_1_2_Chlorophyll_A_001_phosphate_plate5.tif,1,944.000,944,944
18704,F8_01_1_2_Chlorophyll_A_001_phosphate_plate5.tif,1,864.000,864,864
18705,F8_01_1_2_Chlorophyll_A_001_phosphate_plate5.tif,4,868.000,800,976
18706,F8_01_1_2_Chlorophyll_A_001_phosphate_plate5.tif,2,880.000,768,992
18707,F8_01_1_2_Chlorophyll_A_001_phosphate_plate5.tif,1,784.000,784,784
18708,F8_01_1_2_Chlorophyll_A_001_phosphate_plate5.tif,4,836.000,800,896
18709,F8_01_1_2_Chlorophyll_A_001_phosphate_plate5.tif,2,864.000,768,960
18710,F8_01_1_2_Chlorophyll_A_001_phosphate_plate5.tif,2,816.000,784,848
18711,F8_01_1_2_Chlorophyll_A_001_phosphate_plate5.tif,2,848.000,800,896
18712,F8_01_1_2_Chlorophyll_A_001_phosphate_plate5.tif,1,784.000,784,784
18713,F8_01_1_2_Chlorophyll_A_001_phosphate_plate5.tif,2,840.000,800,880
18714,F8_01_1_2_Chlorophyll_A_001_phosphate_plate5.tif,4,844.000,784,944
18715,F8_01_1_2_Chlorophyll_A_001_phosphate_plate5.tif,1,848.000,848,848
18716,F8_01_1_2_Chlorophyll_A_001_phosphate_plate5.tif,3,805.333,784,848
18717,F8_01_1_2_Chlorophyll_A_001_phosphate_plate5.tif,5,819.200,784,864
18718,F8_01_1_2_Chlorophyll_A_001_phosphate_plate5.tif,2,912.000,912,912
18719,F8_01_1_2_Chlorophyll_A_001_phosphate_plate5.tif,4,860.000,784,992
18720,F8_01_1_2_Chlorophyll_A_001_phosphate_plate5.tif,3,842.667,800,928
18721,F8_01_1_2_Chlorophyll_A_001_phosphate_plate5.tif,2,896.000,800,992
18722,F8_01_1_2_Chlorophyll_A_001_phosphate_plate5.tif,2,824.000,768,880
18723,F8_01_1_2_Chlorophyll_A_001_phosphate_plate5.tif,3,885.333,768,976
18724,F8_01_1_2_Chlorophyll_A_001_phosphate_plate5.tif,3,848.000,800,896
18725,F8_01_1_2_Chlorophyll_A_001_phosphate_plate5.tif,2,824.000,800,848
18726,F8_01_1_2_Chlorophyll_A_001_phosphate_plate5.tif,5,848.000,784,896
18727,F8_01_1_2_Chlorophyll_A_001_phosphate_plate5.tif,2,816.000,800,832
18728,F8_01_1_2_Chlorophyll_A_001_phosphate_plate5.tif,1,800.000,800,800
18729,F8_01_1_2_Chlorophyll_A_001_phosphate_plate5.tif,2,816.000,784,848
18730,F8_01_1_2_Chlorophyll_A_001_phosphate_plate5.tif,1,800.000,800,800
18731,F8_01_1_2_Chlorophyll_A_001_phosphate_plate5.tif,1,928.000,928,928
18732,F8_01_1_2_Chlorophyll_A_001_phosphate_plate5.tif,1,800.000,800,800
18733,F8_01_1_2_Chlorophyll_A_001_phosphate_plate5.tif,1,816.000,816,816
18734,F8_01_1_2_Chlorophyll_A_001_phosphate_plate5.tif,1,832.000,832,832
18735,F8_01_1_2_Chlorophyll_A_001_phosphate_plate5.tif,1,768.000,768,768
18736,F8_01_1_2_Chlorophyll_A_001_phosphate_plate5.tif,3,848.000,800,880
18737,F8_01_1_2_Chlorophyll_A_001_phosphate_plate5.tif,2,840.000,800,880
18738,F8_01_1_2_Chlorophyll_A_001_phosphate_plate5.tif,2,784.000,768,800
18739,F8_01_1_2_Chlorophyll_A_001_phosphate_plate5.tif,1,768.000,768,768
18740,F8_01_1_2_Chlorophyll_A_001_phosphate_plate5.tif,1,848.000,848,848
18741,F8_01_1_2_Chlorophyll_A_001_phosphate_plate5.tif,1,800.000,800,800
18742,F8_01_1_2_Chlorophyll_A_001_phosphate_plate5.tif,1,800.000,800,800
18743,F8_01_1_2_Chlorophyll_A_001_phosphate_plate5.tif,1,864.000,864,864
18744,F8_01_1_2_Chlorophyll_A_001_phosphate_plate5.tif,4,884.000,800,944
18745,F8_01_1_2_Chlorophyll_A_001_phosphate_plate5.tif,1,784.000,784,784
18746,F8_01_1_2_Chlorophyll_A_001_phosphate_plate5.tif,3,773.333,768,784
18747,F8_01_1_2_Chlorophyll_A_001_phosphate_plate5.tif,2,768.000,768,768
18748,F8_01_1_2_Chlorophyll_A_001_phosphate_plate5.tif,1,992.000,992,992
18749,F8_01_1_2_Chlorophyll_A_001_phosphate_plate5.tif,3,816.000,768,880
18750,F8_01_1_2_Chlorophyll_A_001_phosphate_plate5.tif,2,848.000,784,912
18751,F8_01_1_2_Chlorophyll_A_001_phosphate_plate5.tif,1,832.000,832,832
18752,F8_01_1_2_Chlorophyll_A_001_phosphate_plate5.tif,2,824.000,784,864
18753,F8_01_1_2_Chlorophyll_A_001_phosphate_plate5.tif,58,880.000,768,1120
18754,F8_01_1_2_Chlorophyll_A_001_phosphate_plate5.tif,54,888.593,768,1168
18755,F8_01_1_2_Chlorophyll_A_001_phosphate_plate5.tif,41,881.171,768,1232
18756,F8_01_1_2_Chlorophyll_A_001_phosphate_plate5.tif,1,1040.000,1040,1040
18757,F8_01_1_2_Chlorophyll_A_001_phosphate_plate5.tif,11,842.182,768,912
18758,F8_01_1_2_Chlorophyll_A_001_phosphate_plate5.tif,1,896.000,896,896
18759,F8_01_1_2_Chlorophyll_A_001_phosphate_plate5.tif,1,880.000,880,880
18760,F8_01_1_2_Chlorophyll_A_001_phosphate_plate5.tif,1,944.000,944,944
18761,F8_01_1_2_Chlorophyll_A_001_phosphate_plate5.tif,2,776.000,768,784
18762,F8_01_1_2_Chlorophyll_A_001_phosphate_plate5.tif,3,821.333,800,848
18763,F8_01_1_2_Chlorophyll_A_001_phosphate_plate5.tif,4,888.000,816,944
18764,F8_01_1_2_Chlorophyll_A_001_phosphate_plate5.tif,1,1040.000,1040,1040
18765,F8_01_1_2_Chlorophyll_A_001_phosphate_plate5.tif,1,960.000,960,960
18766,F8_01_1_2_Chlorophyll_A_001_phosphate_plate5.tif,3,821.333,768,864
18767,F8_01_1_2_Chlorophyll_A_001_phosphate_plate5.tif,1,1024.000,1024,1024
18768,F8_01_1_2_Chlorophyll_A_001_phosphate_plate5.tif,2,808.000,784,832
18769,F8_01_1_2_Chlorophyll_A_001_phosphate_plate5.tif,1,784.000,784,784
18770,F8_01_1_2_Chlorophyll_A_001_phosphate_plate5.tif,4,816.000,768,928
18771,F8_01_1_2_Chlorophyll_A_001_phosphate_plate5.tif,1,880.000,880,880
18772,F8_01_1_2_Chlorophyll_A_001_phosphate_plate5.tif,1,800.000,800,800
18773,F8_01_1_2_Chlorophyll_A_001_phosphate_plate5.tif,1,880.000,880,880
18774,F8_01_1_2_Chlorophyll_A_001_phosphate_plate5.tif,6,872.000,768,960
18775,F8_01_1_2_Chlorophyll_A_001_phosphate_plate5.tif,2,832.000,816,848
18776,F8_01_1_2_Chlorophyll_A_001_phosphate_plate5.tif,1,800.000,800,800
18777,F8_01_1_2_Chlorophyll_A_001_phosphate_plate5.tif,2,880.000,864,896
18778,F8_01_1_2_Chlorophyll_A_001_phosphate_plate5.tif,3,917.333,832,1008
18779,F8_01_1_2_Chlorophyll_A_001_phosphate_plate5.tif,1,800.000,800,800
18780,F8_01_1_2_Chlorophyll_A_001_phosphate_plate5.tif,2,848.000,816,880
18781,F8_01_1_2_Chlorophyll_A_001_phosphate_plate5.tif,2,816.000,784,848
18782,F8_01_1_2_Chlorophyll_A_001_phosphate_plate5.tif,7,900.571,800,1040
18783,F8_01_1_2_Chlorophyll_A_001_phosphate_plate5.tif,3,789.333,768,832
18784,F8_01_1_2_Chlorophyll_A_001_phosphate_plate5.tif,1,912.000,912,912
18785,F8_01_1_2_Chlorophyll_A_001_phosphate_plate5.tif,1,768.000,768,768
18786,F8_01_1_2_Chlorophyll_A_001_phosphate_plate5.tif,1,864.000,864,864
18787,F8_01_1_2_Chlorophyll_A_001_phosphate_plate5.tif,1,800.000,800,800
18788,F8_01_1_2_Chlorophyll_A_001_phosphate_plate5.tif,5,870.400,784,1008
18789,F8_01_1_2_Chlorophyll_A_001_phosphate_plate5.tif,2,816.000,816,816
18790,F8_01_1_2_Chlorophyll_A_001_phosphate_plate5.tif,1,896.000,896,896
18791,F8_01_1_2_Chlorophyll_A_001_phosphate_plate5.tif,2,840.000,768,912
18792,F8_01_1_2_Chlorophyll_A_001_phosphate_plate5.tif,4,868.000,800,960
18793,F8_01_1_2_Chlorophyll_A_001_phosphate_plate5.tif,1,800.000,800,800
18794,F8_01_1_2_Chlorophyll_A_001_phosphate_plate5.tif,1,768.000,768,768
18795,F8_01_1_2_Chlorophyll_A_001_phosphate_plate5.tif,1,992.000,992,992
18796,F8_01_1_2_Chlorophyll_A_001_phosphate_plate5.tif,1,896.000,896,896
18797,F8_01_1_2_Chlorophyll_A_001_phosphate_plate5.tif,1,784.000,784,784
18798,F8_01_1_2_Chlorophyll_A_001_phosphate_plate5.tif,2,784.000,784,784
18799,F8_01_1_2_Chlorophyll_A_001_phosphate_plate5.tif,1,784.000,784,784
18800,F8_01_1_2_Chlorophyll_A_001_phosphate_plate5.tif,1,896.000,896,896
18801,F8_01_1_2_Chlorophyll_A_001_phosphate_plate5.tif,1,912.000,912,912
18802,F8_01_1_2_Chlorophyll_A_001_phosphate_plate5.tif,1,848.000,848,848
18803,F8_01_1_2_Chlorophyll_A_001_phosphate_plate5.tif,1,832.000,832,832
18804,F8_01_1_2_Chlorophyll_A_001_phosphate_plate5.tif,1,784.000,784,784
18805,F8_01_1_2_Chlorophyll_A_001_phosphate_plate5.tif,1,800.000,800,800
18806,F8_01_1_2_Chlorophyll_A_001_phosphate_plate5.tif,1,848.000,848,848
18807,F8_01_1_2_Chlorophyll_A_001_phosphate_plate5.tif,1,800.000,800,800
18808,F8_01_1_2_Chlorophyll_A_001_phosphate_plate5.tif,1,800.000,800,800
18809,F8_01_1_2_Chlorophyll_A_001_phosphate_plate5.tif,1,800.000,800,800
18810,F8_01_1_2_Chlorophyll_A_001_phosphate_plate5.tif,1,896.000,896,896
18811,F8_01_1_2_Chlorophyll_A_001_phosphate_plate5.tif,1,784.000,784,784
18812,F8_01_1_2_Chlorophyll_A_001_phosphate_plate5.tif,1,928.000,928,928
18813,F8_01_1_2_Chlorophyll_A_001_phosphate_plate5.tif,1,816.000,816,816
18814,F8_01_1_2_Chlorophyll_A_001_phosphate_plate5.tif,1,800.000,800,800
18815,F8_01_1_2_Chlorophyll_A_001_phosphate_plate5.tif,1,880.000,880,880
18816,F8_01_1_2_Chlorophyll_A_001_phosphate_plate5.tif,1,896.000,896,896
18817,F8_01_1_2_Chlorophyll_A_001_phosphate_plate5.tif,3,800.000,768,848
18818,F8_01_1_2_Chlorophyll_A_001_phosphate_plate5.tif,123,3092.943,768,16640
18819,F8_01_1_2_Chlorophyll_A_001_phosphate_plate5.tif,1,768.000,768,768
18820,F8_01_1_2_Chlorophyll_A_001_phosphate_plate5.tif,3,821.333,784,864
18821,F8_01_1_2_Chlorophyll_A_001_phosphate_plate5.tif,2,816.000,816,816
18822,F8_01_1_2_Chlorophyll_A_001_phosphate_plate5.tif,4,900.000,848,944
18823,F8_01_1_2_Chlorophyll_A_001_phosphate_plate5.tif,8,866.000,800,960
18824,F8_01_1_2_Chlorophyll_A_001_phosphate_plate5.tif,65,867.446,768,1136
18825,F8_01_1_2_Chlorophyll_A_001_phosphate_plate5.tif,34,889.412,768,1120
18826,F8_01_1_2_Chlorophyll_A_001_phosphate_plate5.tif,40,836.000,768,1008
18827,F8_01_1_2_Chlorophyll_A_001_phosphate_plate5.tif,26,870.154,784,1024
18828,F8_01_1_2_Chlorophyll_A_001_phosphate_plate5.tif,1,800.000,800,800
18829,F8_01_1_2_Chlorophyll_A_001_phosphate_plate5.tif,2,976.000,864,1088
18830,F8_01_1_2_Chlorophyll_A_001_phosphate_plate5.tif,2,800.000,800,800
18831,F8_01_1_2_Chlorophyll_A_001_phosphate_plate5.tif,1,928.000,928,928
18832,F8_01_1_2_Chlorophyll_A_001_phosphate_plate5.tif,1,768.000,768,768
18833,F8_01_1_2_Chlorophyll_A_001_phosphate_plate5.tif,1,816.000,816,816
18834,F8_01_1_2_Chlorophyll_A_001_phosphate_plate5.tif,10,856.000,768,976
18835,F8_01_1_2_Chlorophyll_A_001_phosphate_plate5.tif,1,832.000,832,832
18836,F8_01_1_2_Chlorophyll_A_001_phosphate_plate5.tif,5,851.200,800,960
18837,F8_01_1_2_Chlorophyll_A_001_phosphate_plate5.tif,3,778.667,768,800
18838,F8_01_1_2_Chlorophyll_A_001_phosphate_plate5.tif,1,784.000,784,784
18839,F8_01_1_2_Chlorophyll_A_001_phosphate_plate5.tif,1,784.000,784,784
18840,F8_01_1_2_Chlorophyll_A_001_phosphate_plate5.tif,1,800.000,800,800
18841,F8_01_1_2_Chlorophyll_A_001_phosphate_plate5.tif,1,944.000,944,944
18842,F8_01_1_2_Chlorophyll_A_001_phosphate_plate5.tif,3,842.667,800,912
18843,F8_01_1_2_Chlorophyll_A_001_phosphate_plate5.tif,2,816.000,800,832
18844,F8_01_1_2_Chlorophyll_A_001_phosphate_plate5.tif,1,816.000,816,816
18845,F8_01_1_2_Chlorophyll_A_001_phosphate_plate5.tif,1,1040.000,1040,1040
18846,F8_01_1_2_Chlorophyll_A_001_phosphate_plate5.tif,3,778.667,768,800
18847,F8_01_1_2_Chlorophyll_A_001_phosphate_plate5.tif,1,848.000,848,848
18848,F8_01_1_2_Chlorophyll_A_001_phosphate_plate5.tif,1,912.000,912,912
18849,F8_01_1_2_Chlorophyll_A_001_phosphate_plate5.tif,1,784.000,784,784
18850,F8_01_1_2_Chlorophyll_A_001_phosphate_plate5.tif,9,826.667,768,912
18851,F8_01_1_2_Chlorophyll_A_001_phosphate_plate5.tif,1,848.000,848,848
18852,F8_01_1_2_Chlorophyll_A_001_phosphate_plate5.tif,1,832.000,832,832
18853,F8_01_1_2_Chlorophyll_A_001_phosphate_plate5.tif,1,784.000,784,784
18854,F8_01_1_2_Chlorophyll_A_001_phosphate_plate5.tif,2,784.000,784,784
18855,F8_01_1_2_Chlorophyll_A_001_phosphate_plate5.tif,1,864.000,864,864
18856,F8_01_1_2_Chlorophyll_A_001_phosphate_plate5.tif,2,904.000,864,944
18857,F8_01_1_2_Chlorophyll_A_001_phosphate_plate5.tif,2,848.000,800,896
18858,F8_01_1_2_Chlorophyll_A_001_phosphate_plate5.tif,1,1024.000,1024,1024
18859,F8_01_1_2_Chlorophyll_A_001_phosphate_plate5.tif,1,784.000,784,784
18860,F8_01_1_2_Chlorophyll_A_001_phosphate_plate5.tif,2,1056.000,1008,1104
18861,F8_01_1_2_Chlorophyll_A_001_phosphate_plate5.tif,2,808.000,784,832
18862,F8_01_1_2_Chlorophyll_A_001_phosphate_plate5.tif,3,917.333,848,960
18863,F8_01_1_2_Chlorophyll_A_001_phosphate_plate5.tif,2,776.000,768,784
18864,F8_01_1_2_Chlorophyll_A_001_phosphate_plate5.tif,1,880.000,880,880
18865,F8_01_1_2_Chlorophyll_A_001_phosphate_plate5.tif,1,768.000,768,768
18866,F8_01_1_2_Chlorophyll_A_001_phosphate_plate5.tif,7,806.857,768,848
18867,F8_01_1_2_Chlorophyll_A_001_phosphate_plate5.tif,6,885.333,784,992
18868,F8_01_1_2_Chlorophyll_A_001_phosphate_plate5.tif,2,808.000,800,816
18869,F8_01_1_2_Chlorophyll_A_001_phosphate_plate5.tif,2,816.000,784,848
18870,F8_01_1_2_Chlorophyll_A_001_phosphate_plate5.tif,148,890.486,768,1232
18871,F8_01_1_2_Chlorophyll_A_001_phosphate_plate5.tif,2,776.000,768,784
18872,F8_01_1_2_Chlorophyll_A_001_phosphate_plate5.tif,9,871.111,800,1040
18873,F8_01_1_2_Chlorophyll_A_001_phosphate_plate5.tif,1,768.000,768,768
18874,F8_01_1_2_Chlorophyll_A_001_phosphate_plate5.tif,1,832.000,832,832
18875,F8_01_1_2_Chlorophyll_A_001_phosphate_plate5.tif,1,800.000,800,800
18876,F8_01_1_2_Chlorophyll_A_001_phosphate_plate5.tif,29,849.655,768,992
18877,F8_01_1_2_Chlorophyll_A_001_phosphate_plate5.tif,4,824.000,784,864
18878,F8_01_1_2_Chlorophyll_A_001_phosphate_plate5.tif,2,856.000,768,944
18879,F8_01_1_2_Chlorophyll_A_001_phosphate_plate5.tif,1,784.000,784,784
18880,F8_01_1_2_Chlorophyll_A_001_phosphate_plate5.tif,5,841.600,768,896
18881,F8_01_1_2_Chlorophyll_A_001_phosphate_plate5.tif,1,816.000,816,816
18882,F8_01_1_2_Chlorophyll_A_001_phosphate_plate5.tif,1,832.000,832,832
18883,F8_01_1_2_Chlorophyll_A_001_phosphate_plate5.tif,2,936.000,880,992
18884,F8_01_1_2_Chlorophyll_A_001_phosphate_plate5.tif,1,848.000,848,848
18885,F8_01_1_2_Chlorophyll_A_001_phosphate_plate5.tif,1,864.000,864,864
18886,F8_01_1_2_Chlorophyll_A_001_phosphate_plate5.tif,4,812.000,768,848
18887,F8_01_1_2_Chlorophyll_A_001_phosphate_plate5.tif,1,784.000,784,784
18888,F8_01_1_2_Chlorophyll_A_001_phosphate_plate5.tif,2,784.000,784,784
18889,F8_01_1_2_Chlorophyll_A_001_phosphate_plate5.tif,3,821.333,784,864
18890,F8_01_1_2_Chlorophyll_A_001_phosphate_plate5.tif,1,864.000,864,864
18891,F8_01_1_2_Chlorophyll_A_001_phosphate_plate5.tif,1,912.000,912,912
18892,F8_01_1_2_Chlorophyll_A_001_phosphate_plate5.tif,1,944.000,944,944
18893,F8_01_1_2_Chlorophyll_A_001_phosphate_plate5.tif,9,897.778,816,1088
18894,F8_01_1_2_Chlorophyll_A_001_phosphate_plate5.tif,1,784.000,784,784
18895,F8_01_1_2_Chlorophyll_A_001_phosphate_plate5.tif,2,896.000,848,944
18896,F8_01_1_2_Chlorophyll_A_001_phosphate_plate5.tif,3,821.333,784,864
18897,F8_01_1_2_Chlorophyll_A_001_phosphate_plate5.tif,2,856.000,832,880
18898,F8_01_1_2_Chlorophyll_A_001_phosphate_plate5.tif,1,784.000,784,784
18899,F8_01_1_2_Chlorophyll_A_001_phosphate_plate5.tif,2,832.000,768,896
18900,F8_01_1_2_Chlorophyll_A_001_phosphate_plate5.tif,1,800.000,800,800
18901,F8_01_1_2_Chlorophyll_A_001_phosphate_plate5.tif,3,826.667,800,864
18902,F8_01_1_2_Chlorophyll_A_001_phosphate_plate5.tif,1,784.000,784,784
18903,F8_01_1_2_Chlorophyll_A_001_phosphate_plate5.tif,1,816.000,816,816
18904,F8_01_1_2_Chlorophyll_A_001_phosphate_plate5.tif,1,768.000,768,768
18905,F8_01_1_2_Chlorophyll_A_001_phosphate_plate5.tif,1,784.000,784,784
18906,F8_01_1_2_Chlorophyll_A_001_phosphate_plate5.tif,1,832.000,832,832
18907,F8_01_1_2_Chlorophyll_A_001_phosphate_plate5.tif,1,816.000,816,816
18908,F8_01_1_2_Chlorophyll_A_001_phosphate_plate5.tif,4,836.000,768,944
18909,F8_01_1_2_Chlorophyll_A_001_phosphate_plate5.tif,1,768.000,768,768
18910,F8_01_1_2_Chlorophyll_A_001_phosphate_plate5.tif,3,816.000,768,896
18911,F8_01_1_2_Chlorophyll_A_001_phosphate_plate5.tif,1,800.000,800,800
18912,F8_01_1_2_Chlorophyll_A_001_phosphate_plate5.tif,1,768.000,768,768
18913,F8_01_1_2_Chlorophyll_A_001_phosphate_plate5.tif,1,896.000,896,896
18914,F8_01_1_2_Chlorophyll_A_001_phosphate_plate5.tif,1,848.000,848,848
18915,F8_01_1_2_Chlorophyll_A_001_phosphate_plate5.tif,1,848.000,848,848
18916,F8_01_1_2_Chlorophyll_A_001_phosphate_plate5.tif,2,872.000,800,944
18917,F8_01_1_2_Chlorophyll_A_001_phosphate_plate5.tif,1,880.000,880,880
18918,F8_01_1_2_Chlorophyll_A_001_phosphate_plate5.tif,1,768.000,768,768
18919,F8_01_1_2_Chlorophyll_A_001_phosphate_plate5.tif,1,800.000,800,800
18920,F8_01_1_2_Chlorophyll_A_001_phosphate_plate5.tif,1,800.000,800,800
18921,F8_01_1_2_Chlorophyll_A_001_phosphate_plate5.tif,1,768.000,768,768
18922,F8_01_1_2_Chlorophyll_A_001_phosphate_plate5.tif,2,784.000,768,800
18923,F8_01_1_2_Chlorophyll_A_001_phosphate_plate5.tif,1,784.000,784,784
18924,F8_01_1_2_Chlorophyll_A_001_phosphate_plate5.tif,1,816.000,816,816
18925,F8_01_1_2_Chlorophyll_A_001_phosphate_plate5.tif,3,869.333,816,976
18926,F8_01_1_2_Chlorophyll_A_001_phosphate_plate5.tif,1,784.000,784,784
18927,F8_01_1_2_Chlorophyll_A_001_phosphate_plate5.tif,5,832.000,784,880
18928,F8_01_1_2_Chlorophyll_A_001_phosphate_plate5.tif,1,768.000,768,768
18929,F8_01_1_2_Chlorophyll_A_001_phosphate_plate5.tif,7,934.857,768,1248
18930,F8_01_1_2_Chlorophyll_A_001_phosphate_plate5.tif,1,800.000,800,800
18931,F8_01_1_2_Chlorophyll_A_001_phosphate_plate5.tif,182,844.835,768,1136
18932,F8_01_1_2_Chlorophyll_A_001_phosphate_plate5.tif,1,768.000,768,768
18933,F8_01_1_2_Chlorophyll_A_001_phosphate_plate5.tif,2,808.000,800,816
18934,F8_01_1_2_Chlorophyll_A_001_phosphate_plate5.tif,36,854.667,768,1008
18935,F8_01_1_2_Chlorophyll_A_001_phosphate_plate5.tif,39,874.256,768,1184
18936,F8_01_1_2_Chlorophyll_A_001_phosphate_plate5.tif,3,944.000,864,1104
18937,F8_01_1_2_Chlorophyll_A_001_phosphate_plate5.tif,31,868.645,768,1040
18938,F8_01_1_2_Chlorophyll_A_001_phosphate_plate5.tif,11,839.273,768,944
18939,F8_01_1_2_Chlorophyll_A_001_phosphate_plate5.tif,5,944.000,848,1152
18940,F8_01_1_2_Chlorophyll_A_001_phosphate_plate5.tif,1,880.000,880,880
18941,F8_01_1_2_Chlorophyll_A_001_phosphate_plate5.tif,3,869.333,784,992
18942,F8_01_1_2_Chlorophyll_A_001_phosphate_plate5.tif,1,816.000,816,816
18943,F8_01_1_2_Chlorophyll_A_001_phosphate_plate5.tif,2,824.000,800,848
18944,F8_01_1_2_Chlorophyll_A_001_phosphate_plate5.tif,8,844.000,768,976
18945,F8_01_1_2_Chlorophyll_A_001_phosphate_plate5.tif,1,800.000,800,800
18946,F8_01_1_2_Chlorophyll_A_001_phosphate_plate5.tif,1,864.000,864,864
18947,F8_01_1_2_Chlorophyll_A_001_phosphate_plate5.tif,1,800.000,800,800
18948,F8_01_1_2_Chlorophyll_A_001_phosphate_plate5.tif,1,912.000,912,912
18949,F8_01_1_2_Chlorophyll_A_001_phosphate_plate5.tif,2,840.000,800,880
18950,F8_01_1_2_Chlorophyll_A_001_phosphate_plate5.tif,7,870.857,784,1008
18951,F8_01_1_2_Chlorophyll_A_001_phosphate_plate5.tif,1,912.000,912,912
18952,F8_01_1_2_Chlorophyll_A_001_phosphate_plate5.tif,1,960.000,960,960
18953,F8_01_1_2_Chlorophyll_A_001_phosphate_plate5.tif,1,912.000,912,912
18954,F8_01_1_2_Chlorophyll_A_001_phosphate_plate5.tif,1,800.000,800,800
18955,F8_01_1_2_Chlorophyll_A_001_phosphate_plate5.tif,1,896.000,896,896
18956,F8_01_1_2_Chlorophyll_A_001_phosphate_plate5.tif,1,800.000,800,800
18957,F8_01_1_2_Chlorophyll_A_001_phosphate_plate5.tif,1,880.000,880,880
18958,F8_01_1_2_Chlorophyll_A_001_phosphate_plate5.tif,11,882.909,768,1248
18959,F8_01_1_2_Chlorophyll_A_001_phosphate_plate5.tif,8,884.000,784,1152
18960,F8_01_1_2_Chlorophyll_A_001_phosphate_plate5.tif,2,792.000,768,816
18961,F8_01_1_2_Chlorophyll_A_001_phosphate_plate5.tif,1,848.000,848,848
18962,F8_01_1_2_Chlorophyll_A_001_phosphate_plate5.tif,2,848.000,800,896
18963,F8_01_1_2_Chlorophyll_A_001_phosphate_plate5.tif,1,928.000,928,928
18964,F8_01_1_2_Chlorophyll_A_001_phosphate_plate5.tif,1,800.000,800,800
18965,F8_01_1_2_Chlorophyll_A_001_phosphate_plate5.tif,1,976.000,976,976
18966,F8_01_1_2_Chlorophyll_A_001_phosphate_plate5.tif,2,816.000,768,864
18967,F8_01_1_2_Chlorophyll_A_001_phosphate_plate5.tif,3,826.667,768,864
18968,F8_01_1_2_Chlorophyll_A_001_phosphate_plate5.tif,6,824.000,784,912
18969,F8_01_1_2_Chlorophyll_A_001_phosphate_plate5.tif,1,768.000,768,768
18970,F8_01_1_2_Chlorophyll_A_001_phosphate_plate5.tif,1,784.000,784,784
18971,F8_01_1_2_Chlorophyll_A_001_phosphate_plate5.tif,3,885.333,768,960
18972,F8_01_1_2_Chlorophyll_A_001_phosphate_plate5.tif,2,776.000,768,784
18973,F8_01_1_2_Chlorophyll_A_001_phosphate_plate5.tif,4,820.000,800,864
18974,F8_01_1_2_Chlorophyll_A_001_phosphate_plate5.tif,1,800.000,800,800
18975,F8_01_1_2_Chlorophyll_A_001_phosphate_plate5.tif,1,768.000,768,768
18976,F8_01_1_2_Chlorophyll_A_001_phosphate_plate5.tif,1,768.000,768,768
18977,F8_01_1_2_Chlorophyll_A_001_phosphate_plate5.tif,7,818.286,768,1008
18978,F8_01_1_2_Chlorophyll_A_001_phosphate_plate5.tif,1,848.000,848,848
18979,F8_01_1_2_Chlorophyll_A_001_phosphate_plate5.tif,1,912.000,912,912
18980,F8_01_1_2_Chlorophyll_A_001_phosphate_plate5.tif,1,816.000,816,816
18981,F8_01_1_2_Chlorophyll_A_001_phosphate_plate5.tif,2,824.000,784,864
18982,F8_01_1_2_Chlorophyll_A_001_phosphate_plate5.tif,1,816.000,816,816
18983,F8_01_1_2_Chlorophyll_A_001_phosphate_plate5.tif,2,840.000,800,880
18984,F8_01_1_2_Chlorophyll_A_001_phosphate_plate5.tif,1,864.000,864,864
18985,F8_01_1_2_Chlorophyll_A_001_phosphate_plate5.tif,1,784.000,784,784
18986,F8_01_1_2_Chlorophyll_A_001_phosphate_plate5.tif,2,792.000,784,800
18987,F8_01_1_2_Chlorophyll_A_001_phosphate_plate5.tif,1,768.000,768,768
18988,F8_01_1_2_Chlorophyll_A_001_phosphate_plate5.tif,2,864.000,800,928
18989,F8_01_1_2_Chlorophyll_A_001_phosphate_plate5.tif,1,848.000,848,848
18990,F8_01_1_2_Chlorophyll_A_001_phosphate_plate5.tif,2,784.000,768,800
18991,F8_01_1_2_Chlorophyll_A_001_phosphate_plate5.tif,1,864.000,864,864
18992,F8_01_1_2_Chlorophyll_A_001_phosphate_plate5.tif,1,800.000,800,800
18993,F8_01_1_2_Chlorophyll_A_001_phosphate_plate5.tif,1,768.000,768,768
18994,F8_01_1_2_Chlorophyll_A_001_phosphate_plate5.tif,1,944.000,944,944
18995,F8_01_1_2_Chlorophyll_A_001_phosphate_plate5.tif,1,848.000,848,848
18996,F8_01_1_2_Chlorophyll_A_001_phosphate_plate5.tif,1,848.000,848,848
18997,F8_01_1_2_Chlorophyll_A_001_phosphate_plate5.tif,4,792.000,768,816
18998,F8_01_1_2_Chlorophyll_A_001_phosphate_plate5.tif,1,800.000,800,800
18999,F8_01_1_2_Chlorophyll_A_001_phosphate_plate5.tif,1,800.000,800,800
19000,F8_01_1_2_Chlorophyll_A_001_phosphate_plate5.tif,1,784.000,784,784
19001,F8_01_1_2_Chlorophyll_A_001_phosphate_plate5.tif,1,848.000,848,848
19002,F8_01_1_2_Chlorophyll_A_001_phosphate_plate5.tif,2,776.000,768,784
19003,F8_01_1_2_Chlorophyll_A_001_phosphate_plate5.tif,1,944.000,944,944
19004,F8_01_1_2_Chlorophyll_A_001_phosphate_plate5.tif,12,874.667,784,1072
19005,F8_01_1_2_Chlorophyll_A_001_phosphate_plate5.tif,1,992.000,992,992
19006,F8_01_1_2_Chlorophyll_A_001_phosphate_plate5.tif,48,888.000,768,1168
19007,F8_01_1_2_Chlorophyll_A_001_phosphate_plate5.tif,2,856.000,800,912
19008,F8_01_1_2_Chlorophyll_A_001_phosphate_plate5.tif,121,866.248,768,1056
19009,F8_01_1_2_Chlorophyll_A_001_phosphate_plate5.tif,1,800.000,800,800
19010,F8_01_1_2_Chlorophyll_A_001_phosphate_plate5.tif,4,888.000,784,1040
19011,F8_01_1_2_Chlorophyll_A_001_phosphate_plate5.tif,1,784.000,784,784
19012,F8_01_1_2_Chlorophyll_A_001_phosphate_plate5.tif,7,864.000,768,1024
19013,F8_01_1_2_Chlorophyll_A_001_phosphate_plate5.tif,2,856.000,800,912
19014,F8_01_1_2_Chlorophyll_A_001_phosphate_plate5.tif,3,912.000,816,1056
19015,F8_01_1_2_Chlorophyll_A_001_phosphate_plate5.tif,1,864.000,864,864
19016,F8_01_1_2_Chlorophyll_A_001_phosphate_plate5.tif,2,824.000,784,864
19017,F8_01_1_2_Chlorophyll_A_001_phosphate_plate5.tif,3,917.333,816,976
19018,F8_01_1_2_Chlorophyll_A_001_phosphate_plate5.tif,8,852.000,768,1088
19019,F8_01_1_2_Chlorophyll_A_001_phosphate_plate5.tif,4,824.000,800,848
19020,F8_01_1_2_Chlorophyll_A_001_phosphate_plate5.tif,6,845.333,784,960
19021,F8_01_1_2_Chlorophyll_A_001_phosphate_plate5.tif,5,851.200,784,928
19022,F8_01_1_2_Chlorophyll_A_001_phosphate_plate5.tif,4,828.000,768,928
19023,F8_01_1_2_Chlorophyll_A_001_phosphate_plate5.tif,2,800.000,784,816
19024,F8_01_1_2_Chlorophyll_A_001_phosphate_plate5.tif,6,848.000,768,944
19025,F8_01_1_2_Chlorophyll_A_001_phosphate_plate5.tif,2,808.000,800,816
19026,F8_01_1_2_Chlorophyll_A_001_phosphate_plate5.tif,2,824.000,800,848
19027,F8_01_1_2_Chlorophyll_A_001_phosphate_plate5.tif,2,864.000,768,960
19028,F8_01_1_2_Chlorophyll_A_001_phosphate_plate5.tif,1,928.000,928,928
19029,F8_01_1_2_Chlorophyll_A_001_phosphate_plate5.tif,4,784.000,768,816
19030,F8_01_1_2_Chlorophyll_A_001_phosphate_plate5.tif,3,810.667,800,816
19031,F8_01_1_2_Chlorophyll_A_001_phosphate_plate5.tif,1,800.000,800,800
19032,F8_01_1_2_Chlorophyll_A_001_phosphate_plate5.tif,2,824.000,800,848
19033,F8_01_1_2_Chlorophyll_A_001_phosphate_plate5.tif,1,832.000,832,832
19034,F8_01_1_2_Chlorophyll_A_001_phosphate_plate5.tif,4,840.000,768,896
19035,F8_01_1_2_Chlorophyll_A_001_phosphate_plate5.tif,1,784.000,784,784
19036,F8_01_1_2_Chlorophyll_A_001_phosphate_plate5.tif,1,816.000,816,816
19037,F8_01_1_2_Chlorophyll_A_001_phosphate_plate5.tif,1,880.000,880,880
19038,F8_01_1_2_Chlorophyll_A_001_phosphate_plate5.tif,1,816.000,816,816
19039,F8_01_1_2_Chlorophyll_A_001_phosphate_plate5.tif,1,800.000,800,800
19040,F8_01_1_2_Chlorophyll_A_001_phosphate_plate5.tif,1,784.000,784,784
19041,F8_01_1_2_Chlorophyll_A_001_phosphate_plate5.tif,2,784.000,768,800
19042,F8_01_1_2_Chlorophyll_A_001_phosphate_plate5.tif,1,768.000,768,768
19043,F8_01_1_2_Chlorophyll_A_001_phosphate_plate5.tif,1,800.000,800,800
19044,F8_01_1_2_Chlorophyll_A_001_phosphate_plate5.tif,1,784.000,784,784
19045,F8_01_1_2_Chlorophyll_A_001_phosphate_plate5.tif,1,768.000,768,768
19046,F8_01_1_2_Chlorophyll_A_001_phosphate_plate5.tif,1,768.000,768,768
19047,F8_01_1_2_Chlorophyll_A_001_phosphate_plate5.tif,3,794.667,768,848
19048,F8_01_1_2_Chlorophyll_A_001_phosphate_plate5.tif,1,800.000,800,800
19049,F8_01_1_2_Chlorophyll_A_001_phosphate_plate5.tif,1,816.000,816,816
19050,F8_01_1_2_Chlorophyll_A_001_phosphate_plate5.tif,1,896.000,896,896
19051,F8_01_1_2_Chlorophyll_A_001_phosphate_plate5.tif,1,784.000,784,784
19052,F8_01_1_2_Chlorophyll_A_001_phosphate_plate5.tif,1,928.000,928,928
19053,F8_01_1_2_Chlorophyll_A_001_phosphate_plate5.tif,2,824.000,800,848
19054,F8_01_1_2_Chlorophyll_A_001_phosphate_plate5.tif,1,800.000,800,800
19055,F8_01_1_2_Chlorophyll_A_001_phosphate_plate5.tif,4,792.000,768,800
19056,F8_01_1_2_Chlorophyll_A_001_phosphate_plate5.tif,4,892.000,784,1152
19057,F8_01_1_2_Chlorophyll_A_001_phosphate_plate5.tif,3,938.667,800,1168
19058,F8_01_1_2_Chlorophyll_A_001_phosphate_plate5.tif,48,859.667,768,1072
19059,F8_01_1_2_Chlorophyll_A_001_phosphate_plate5.tif,16,867.000,768,1072
19060,F8_01_1_2_Chlorophyll_A_001_phosphate_plate5.tif,25,859.520,768,976
19061,F8_01_1_2_Chlorophyll_A_001_phosphate_plate5.tif,4,864.000,768,960
19062,F8_01_1_2_Chlorophyll_A_001_phosphate_plate5.tif,1,928.000,928,928
19063,F8_01_1_2_Chlorophyll_A_001_phosphate_plate5.tif,4,876.000,800,992
19064,F8_01_1_2_Chlorophyll_A_001_phosphate_plate5.tif,1,816.000,816,816
19065,F8_01_1_2_Chlorophyll_A_001_phosphate_plate5.tif,6,853.333,784,912
19066,F8_01_1_2_Chlorophyll_A_001_phosphate_plate5.tif,6,853.333,768,1024
19067,F8_01_1_2_Chlorophyll_A_001_phosphate_plate5.tif,1,896.000,896,896
19068,F8_01_1_2_Chlorophyll_A_001_phosphate_plate5.tif,2,800.000,768,832
19069,F8_01_1_2_Chlorophyll_A_001_phosphate_plate5.tif,2,936.000,864,1008
19070,F8_01_1_2_Chlorophyll_A_001_phosphate_plate5.tif,1,816.000,816,816
19071,F8_01_1_2_Chlorophyll_A_001_phosphate_plate5.tif,1,800.000,800,800
19072,F8_01_1_2_Chlorophyll_A_001_phosphate_plate5.tif,1,1024.000,1024,1024
19073,F8_01_1_2_Chlorophyll_A_001_phosphate_plate5.tif,5,816.000,800,848
19074,F8_01_1_2_Chlorophyll_A_001_phosphate_plate5.tif,1,816.000,816,816
19075,F8_01_1_2_Chlorophyll_A_001_phosphate_plate5.tif,1,832.000,832,832
19076,F8_01_1_2_Chlorophyll_A_001_phosphate_plate5.tif,1,784.000,784,784
19077,F8_01_1_2_Chlorophyll_A_001_phosphate_plate5.tif,4,800.000,784,816
19078,F8_01_1_2_Chlorophyll_A_001_phosphate_plate5.tif,1,944.000,944,944
19079,F8_01_1_2_Chlorophyll_A_001_phosphate_plate5.tif,2,864.000,768,960
19080,F8_01_1_2_Chlorophyll_A_001_phosphate_plate5.tif,1,960.000,960,960
19081,F8_01_1_2_Chlorophyll_A_001_phosphate_plate5.tif,1,800.000,800,800
19082,F8_01_1_2_Chlorophyll_A_001_phosphate_plate5.tif,1,816.000,816,816
19083,F8_01_1_2_Chlorophyll_A_001_phosphate_plate5.tif,1,976.000,976,976
19084,F8_01_1_2_Chlorophyll_A_001_phosphate_plate5.tif,2,824.000,768,880
19085,F8_01_1_2_Chlorophyll_A_001_phosphate_plate5.tif,1,784.000,784,784
19086,F8_01_1_2_Chlorophyll_A_001_phosphate_plate5.tif,1,784.000,784,784
19087,F8_01_1_2_Chlorophyll_A_001_phosphate_plate5.tif,1,816.000,816,816
19088,F8_01_1_2_Chlorophyll_A_001_phosphate_plate5.tif,2,824.000,800,848
19089,F8_01_1_2_Chlorophyll_A_001_phosphate_plate5.tif,2,824.000,816,832
19090,F8_01_1_2_Chlorophyll_A_001_phosphate_plate5.tif,3,816.000,768,864
19091,F8_01_1_2_Chlorophyll_A_001_phosphate_plate5.tif,2,792.000,768,816
19092,F8_01_1_2_Chlorophyll_A_001_phosphate_plate5.tif,1,880.000,880,880
19093,F8_01_1_2_Chlorophyll_A_001_phosphate_plate5.tif,1,912.000,912,912
19094,F8_01_1_2_Chlorophyll_A_001_phosphate_plate5.tif,1,832.000,832,832
19095,F8_01_1_2_Chlorophyll_A_001_phosphate_plate5.tif,1,880.000,880,880
19096,F8_01_1_2_Chlorophyll_A_001_phosphate_plate5.tif,2,872.000,832,912
19097,F8_01_1_2_Chlorophyll_A_001_phosphate_plate5.tif,1,864.000,864,864
19098,F8_01_1_2_Chlorophyll_A_001_phosphate_plate5.tif,2,784.000,768,800
19099,F8_01_1_2_Chlorophyll_A_001_phosphate_plate5.tif,3,821.333,768,880
19100,F8_01_1_2_Chlorophyll_A_001_phosphate_plate5.tif,1,848.000,848,848
19101,F8_01_1_2_Chlorophyll_A_001_phosphate_plate5.tif,1,944.000,944,944
19102,F8_01_1_2_Chlorophyll_A_001_phosphate_plate5.tif,1,960.000,960,960
19103,F8_01_1_2_Chlorophyll_A_001_phosphate_plate5.tif,1,864.000,864,864
19104,F8_01_1_2_Chlorophyll_A_001_phosphate_plate5.tif,1,784.000,784,784
19105,F8_01_1_2_Chlorophyll_A_001_phosphate_plate5.tif,1,784.000,784,784
19106,F8_01_1_2_Chlorophyll_A_001_phosphate_plate5.tif,1,784.000,784,784
19107,F8_01_1_2_Chlorophyll_A_001_phosphate_plate5.tif,1,864.000,864,864
19108,F8_01_1_2_Chlorophyll_A_001_phosphate_plate5.tif,1,880.000,880,880
19109,F8_01_1_2_Chlorophyll_A_001_phosphate_plate5.tif,1,800.000,800,800
19110,F8_01_1_2_Chlorophyll_A_001_phosphate_plate5.tif,1,912.000,912,912
19111,F8_01_1_2_Chlorophyll_A_001_phosphate_plate5.tif,3,810.667,768,848
19112,F8_01_1_2_Chlorophyll_A_001_phosphate_plate5.tif,1,816.000,816,816
19113,F8_01_1_2_Chlorophyll_A_001_phosphate_plate5.tif,3,842.667,784,928
19114,F8_01_1_2_Chlorophyll_A_001_phosphate_plate5.tif,1,816.000,816,816
19115,F8_01_1_2_Chlorophyll_A_001_phosphate_plate5.tif,16,864.000,784,1040
19116,F8_01_1_2_Chlorophyll_A_001_phosphate_plate5.tif,38,846.737,768,976
19117,F8_01_1_2_Chlorophyll_A_001_phosphate_plate5.tif,27,863.407,768,1072
19118,F8_01_1_2_Chlorophyll_A_001_phosphate_plate5.tif,16,847.000,768,992
19119,F8_01_1_2_Chlorophyll_A_001_phosphate_plate5.tif,113,890.478,768,1104
19120,F8_01_1_2_Chlorophyll_A_001_phosphate_plate5.tif,48,873.000,768,1136
19121,F8_01_1_2_Chlorophyll_A_001_phosphate_plate5.tif,6,936.000,800,1120
19122,F8_01_1_2_Chlorophyll_A_001_phosphate_plate5.tif,143,867.580,768,1088
19123,F8_01_1_2_Chlorophyll_A_001_phosphate_plate5.tif,2,792.000,768,816
19124,F8_01_1_2_Chlorophyll_A_001_phosphate_plate5.tif,4,816.000,768,864
19125,F8_01_1_2_Chlorophyll_A_001_phosphate_plate5.tif,4,856.000,768,976
19126,F8_01_1_2_Chlorophyll_A_001_phosphate_plate5.tif,1,880.000,880,880
19127,F8_01_1_2_Chlorophyll_A_001_phosphate_plate5.tif,7,827.429,768,864
19128,F8_01_1_2_Chlorophyll_A_001_phosphate_plate5.tif,2,816.000,800,832
19129,F8_01_1_2_Chlorophyll_A_001_phosphate_plate5.tif,1,800.000,800,800
19130,F8_01_1_2_Chlorophyll_A_001_phosphate_plate5.tif,1,768.000,768,768
19131,F8_01_1_2_Chlorophyll_A_001_phosphate_plate5.tif,3,810.667,784,864
19132,F8_01_1_2_Chlorophyll_A_001_phosphate_plate5.tif,2,816.000,800,832
19133,F8_01_1_2_Chlorophyll_A_001_phosphate_plate5.tif,2,848.000,832,864
19134,F8_01_1_2_Chlorophyll_A_001_phosphate_plate5.tif,1,816.000,816,816
19135,F8_01_1_2_Chlorophyll_A_001_phosphate_plate5.tif,2,928.000,912,944
19136,F8_01_1_2_Chlorophyll_A_001_phosphate_plate5.tif,1,784.000,784,784
19137,F8_01_1_2_Chlorophyll_A_001_phosphate_plate5.tif,2,824.000,816,832
19138,F8_01_1_2_Chlorophyll_A_001_phosphate_plate5.tif,1,816.000,816,816
19139,F8_01_1_2_Chlorophyll_A_001_phosphate_plate5.tif,2,896.000,880,912
19140,F8_01_1_2_Chlorophyll_A_001_phosphate_plate5.tif,1,848.000,848,848
19141,F8_01_1_2_Chlorophyll_A_001_phosphate_plate5.tif,3,858.667,848,880
19142,F8_01_1_2_Chlorophyll_A_001_phosphate_plate5.tif,3,800.000,768,864
19143,F8_01_1_2_Chlorophyll_A_001_phosphate_plate5.tif,3,805.333,784,816
19144,F8_01_1_2_Chlorophyll_A_001_phosphate_plate5.tif,1,816.000,816,816
19145,F8_01_1_2_Chlorophyll_A_001_phosphate_plate5.tif,1,816.000,816,816
19146,F8_01_1_2_Chlorophyll_A_001_phosphate_plate5.tif,5,844.800,784,1040
19147,F8_01_1_2_Chlorophyll_A_001_phosphate_plate5.tif,2,816.000,768,864
19148,F8_01_1_2_Chlorophyll_A_001_phosphate_plate5.tif,1,864.000,864,864
19149,F8_01_1_2_Chlorophyll_A_001_phosphate_plate5.tif,1,784.000,784,784
19150,F8_01_1_2_Chlorophyll_A_001_phosphate_plate5.tif,1,896.000,896,896
19151,F8_01_1_2_Chlorophyll_A_001_phosphate_plate5.tif,1,784.000,784,784
19152,F8_01_1_2_Chlorophyll_A_001_phosphate_plate5.tif,1,784.000,784,784
19153,F8_01_1_2_Chlorophyll_A_001_phosphate_plate5.tif,1,848.000,848,848
19154,F8_01_1_2_Chlorophyll_A_001_phosphate_plate5.tif,1,832.000,832,832
19155,F8_01_1_2_Chlorophyll_A_001_phosphate_plate5.tif,1,800.000,800,800
19156,F8_01_1_2_Chlorophyll_A_001_phosphate_plate5.tif,1,768.000,768,768
19157,F8_01_1_2_Chlorophyll_A_001_phosphate_plate5.tif,1,864.000,864,864
19158,F8_01_1_2_Chlorophyll_A_001_phosphate_plate5.tif,2,792.000,768,816
19159,F8_01_1_2_Chlorophyll_A_001_phosphate_plate5.tif,1,784.000,784,784
19160,F8_01_1_2_Chlorophyll_A_001_phosphate_plate5.tif,1,784.000,784,784
19161,F8_01_1_2_Chlorophyll_A_001_phosphate_plate5.tif,1,768.000,768,768
19162,F8_01_1_2_Chlorophyll_A_001_phosphate_plate5.tif,3,885.333,832,992
19163,F8_01_1_2_Chlorophyll_A_001_phosphate_plate5.tif,2,816.000,768,864
19164,F8_01_1_2_Chlorophyll_A_001_phosphate_plate5.tif,1,832.000,832,832
19165,F8_01_1_2_Chlorophyll_A_001_phosphate_plate5.tif,2,816.000,784,848
19166,F8_01_1_2_Chlorophyll_A_001_phosphate_plate5.tif,2,904.000,816,992
19167,F8_01_1_2_Chlorophyll_A_001_phosphate_plate5.tif,1,816.000,816,816
19168,F8_01_1_2_Chlorophyll_A_001_phosphate_plate5.tif,1,896.000,896,896
19169,F8_01_1_2_Chlorophyll_A_001_phosphate_plate5.tif,17,859.294,768,1008
19170,F8_01_1_2_Chlorophyll_A_001_phosphate_plate5.tif,41,869.463,768,1072
19171,F8_01_1_2_Chlorophyll_A_001_phosphate_plate5.tif,112,858.000,768,1216
19172,F8_01_1_2_Chlorophyll_A_001_phosphate_plate5.tif,1,784.000,784,784
19173,F8_01_1_2_Chlorophyll_A_001_phosphate_plate5.tif,1,864.000,864,864
19174,F8_01_1_2_Chlorophyll_A_001_phosphate_plate5.tif,1,816.000,816,816
19175,F8_01_1_2_Chlorophyll_A_001_phosphate_plate5.tif,2,824.000,800,848
19176,F8_01_1_2_Chlorophyll_A_001_phosphate_plate5.tif,3,901.333,784,1024
19177,F8_01_1_2_Chlorophyll_A_001_phosphate_plate5.tif,1,896.000,896,896
19178,F8_01_1_2_Chlorophyll_A_001_phosphate_plate5.tif,1,768.000,768,768
19179,F8_01_1_2_Chlorophyll_A_001_phosphate_plate5.tif,1,880.000,880,880
19180,F8_01_1_2_Chlorophyll_A_001_phosphate_plate5.tif,3,906.667,784,1008
19181,F8_01_1_2_Chlorophyll_A_001_phosphate_plate5.tif,6,821.333,784,848
19182,F8_01_1_2_Chlorophyll_A_001_phosphate_plate5.tif,1,848.000,848,848
19183,F8_01_1_2_Chlorophyll_A_001_phosphate_plate5.tif,1,928.000,928,928
19184,F8_01_1_2_Chlorophyll_A_001_phosphate_plate5.tif,3,885.333,768,1024
19185,F8_01_1_2_Chlorophyll_A_001_phosphate_plate5.tif,1,848.000,848,848
19186,F8_01_1_2_Chlorophyll_A_001_phosphate_plate5.tif,1,912.000,912,912
19187,F8_01_1_2_Chlorophyll_A_001_phosphate_plate5.tif,2,808.000,768,848
19188,F8_01_1_2_Chlorophyll_A_001_phosphate_plate5.tif,4,772.000,768,784
19189,F8_01_1_2_Chlorophyll_A_001_phosphate_plate5.tif,1,784.000,784,784
19190,F8_01_1_2_Chlorophyll_A_001_phosphate_plate5.tif,2,792.000,768,816
19191,F8_01_1_2_Chlorophyll_A_001_phosphate_plate5.tif,1,848.000,848,848
19192,F8_01_1_2_Chlorophyll_A_001_phosphate_plate5.tif,1,880.000,880,880
19193,F8_01_1_2_Chlorophyll_A_001_phosphate_plate5.tif,1,768.000,768,768
19194,F8_01_1_2_Chlorophyll_A_001_phosphate_plate5.tif,1,832.000,832,832
19195,F8_01_1_2_Chlorophyll_A_001_phosphate_plate5.tif,4,796.000,768,832
19196,F8_01_1_2_Chlorophyll_A_001_phosphate_plate5.tif,2,792.000,784,800
19197,F8_01_1_2_Chlorophyll_A_001_phosphate_plate5.tif,1,880.000,880,880
19198,F8_01_1_2_Chlorophyll_A_001_phosphate_plate5.tif,3,816.000,768,864
19199,F8_01_1_2_Chlorophyll_A_001_phosphate_plate5.tif,3,832.000,800,896
19200,F8_01_1_2_Chlorophyll_A_001_phosphate_plate5.tif,2,800.000,768,832
19201,F8_01_1_2_Chlorophyll_A_001_phosphate_plate5.tif,1,928.000,928,928
19202,F8_01_1_2_Chlorophyll_A_001_phosphate_plate5.tif,1,880.000,880,880
19203,F8_01_1_2_Chlorophyll_A_001_phosphate_plate5.tif,1,800.000,800,800
19204,F8_01_1_2_Chlorophyll_A_001_phosphate_plate5.tif,1,784.000,784,784
19205,F8_01_1_2_Chlorophyll_A_001_phosphate_plate5.tif,1,784.000,784,784
19206,F8_01_1_2_Chlorophyll_A_001_phosphate_plate5.tif,1,768.000,768,768
19207,F8_01_1_2_Chlorophyll_A_001_phosphate_plate5.tif,1,768.000,768,768
19208,F8_01_1_2_Chlorophyll_A_001_phosphate_plate5.tif,1,832.000,832,832
19209,F8_01_1_2_Chlorophyll_A_001_phosphate_plate5.tif,1,944.000,944,944
19210,F8_01_1_2_Chlorophyll_A_001_phosphate_plate5.tif,2,848.000,832,864
19211,F8_01_1_2_Chlorophyll_A_001_phosphate_plate5.tif,1,768.000,768,768
19212,F8_01_1_2_Chlorophyll_A_001_phosphate_plate5.tif,1,784.000,784,784
19213,F8_01_1_2_Chlorophyll_A_001_phosphate_plate5.tif,2,800.000,800,800
19214,F8_01_1_2_Chlorophyll_A_001_phosphate_plate5.tif,1,992.000,992,992
19215,F8_01_1_2_Chlorophyll_A_001_phosphate_plate5.tif,1,1056.000,1056,1056
19216,F8_01_1_2_Chlorophyll_A_001_phosphate_plate5.tif,1,816.000,816,816
19217,F8_01_1_2_Chlorophyll_A_001_phosphate_plate5.tif,1,864.000,864,864
19218,F8_01_1_2_Chlorophyll_A_001_phosphate_plate5.tif,2,768.000,768,768
19219,F8_01_1_2_Chlorophyll_A_001_phosphate_plate5.tif,1,784.000,784,784
19220,F8_01_1_2_Chlorophyll_A_001_phosphate_plate5.tif,2,840.000,768,912
19221,F8_01_1_2_Chlorophyll_A_001_phosphate_plate5.tif,1,784.000,784,784
19222,F8_01_1_2_Chlorophyll_A_001_phosphate_plate5.tif,3,805.333,784,832
19223,F8_01_1_2_Chlorophyll_A_001_phosphate_plate5.tif,1,816.000,816,816
19224,F8_01_1_2_Chlorophyll_A_001_phosphate_plate5.tif,1,832.000,832,832
19225,F8_01_1_2_Chlorophyll_A_001_phosphate_plate5.tif,1,784.000,784,784
19226,F8_01_1_2_Chlorophyll_A_001_phosphate_plate5.tif,1,800.000,800,800
19227,F8_01_1_2_Chlorophyll_A_001_phosphate_plate5.tif,1,768.000,768,768
19228,F8_01_1_2_Chlorophyll_A_001_phosphate_plate5.tif,1,768.000,768,768
19229,F8_01_1_2_Chlorophyll_A_001_phosphate_plate5.tif,2,824.000,816,832
19230,F8_01_1_2_Chlorophyll_A_001_phosphate_plate5.tif,1,816.000,816,816
19231,F8_01_1_2_Chlorophyll_A_001_phosphate_plate5.tif,1,768.000,768,768
19232,F8_01_1_2_Chlorophyll_A_001_phosphate_plate5.tif,2,832.000,768,896
19233,F8_01_1_2_Chlorophyll_A_001_phosphate_plate5.tif,2,776.000,768,784
19234,F8_01_1_2_Chlorophyll_A_001_phosphate_plate5.tif,4,840.000,768,928
19235,F8_01_1_2_Chlorophyll_A_001_phosphate_plate5.tif,2,776.000,768,784
19236,F8_01_1_2_Chlorophyll_A_001_phosphate_plate5.tif,1,784.000,784,784
19237,F8_01_1_2_Chlorophyll_A_001_phosphate_plate5.tif,1,864.000,864,864
19238,F8_01_1_2_Chlorophyll_A_001_phosphate_plate5.tif,1,944.000,944,944
19239,F8_01_1_2_Chlorophyll_A_001_phosphate_plate5.tif,1,832.000,832,832
19240,F8_01_1_2_Chlorophyll_A_001_phosphate_plate5.tif,49,871.510,768,1120
19241,F8_01_1_2_Chlorophyll_A_001_phosphate_plate5.tif,6,842.667,784,976
19242,F8_01_1_2_Chlorophyll_A_001_phosphate_plate5.tif,1,784.000,784,784
19243,F8_01_1_2_Chlorophyll_A_001_phosphate_plate5.tif,4,792.000,768,816
19244,F8_01_1_2_Chlorophyll_A_001_phosphate_plate5.tif,1,944.000,944,944
19245,F8_01_1_2_Chlorophyll_A_001_phosphate_plate5.tif,1,864.000,864,864
19246,F8_01_1_2_Chlorophyll_A_001_phosphate_plate5.tif,1,768.000,768,768
19247,F8_01_1_2_Chlorophyll_A_001_phosphate_plate5.tif,1,784.000,784,784
19248,F8_01_1_2_Chlorophyll_A_001_phosphate_plate5.tif,5,857.600,768,992
19249,F8_01_1_2_Chlorophyll_A_001_phosphate_plate5.tif,2,800.000,784,816
19250,F8_01_1_2_Chlorophyll_A_001_phosphate_plate5.tif,2,896.000,832,960
19251,F8_01_1_2_Chlorophyll_A_001_phosphate_plate5.tif,1,944.000,944,944
19252,F8_01_1_2_Chlorophyll_A_001_phosphate_plate5.tif,1,864.000,864,864
19253,F8_01_1_2_Chlorophyll_A_001_phosphate_plate5.tif,1,784.000,784,784
19254,F8_01_1_2_Chlorophyll_A_001_phosphate_plate5.tif,1,768.000,768,768
19255,F8_01_1_2_Chlorophyll_A_001_phosphate_plate5.tif,1,800.000,800,800
19256,F8_01_1_2_Chlorophyll_A_001_phosphate_plate5.tif,1,800.000,800,800
19257,F8_01_1_2_Chlorophyll_A_001_phosphate_plate5.tif,1,784.000,784,784
19258,F8_01_1_2_Chlorophyll_A_001_phosphate_plate5.tif,2,792.000,768,816
19259,F8_01_1_2_Chlorophyll_A_001_phosphate_plate5.tif,1,864.000,864,864
19260,F8_01_1_2_Chlorophyll_A_001_phosphate_plate5.tif,1,784.000,784,784
19261,F8_01_1_2_Chlorophyll_A_001_phosphate_plate5.tif,1,784.000,784,784
19262,F8_01_1_2_Chlorophyll_A_001_phosphate_plate5.tif,1,784.000,784,784
19263,F8_01_1_2_Chlorophyll_A_001_phosphate_plate5.tif,2,904.000,880,928
19264,F8_01_1_2_Chlorophyll_A_001_phosphate_plate5.tif,1,784.000,784,784
19265,F8_01_1_2_Chlorophyll_A_001_phosphate_plate5.tif,1,784.000,784,784
19266,F8_01_1_2_Chlorophyll_A_001_phosphate_plate5.tif,2,816.000,800,832
19267,F8_01_1_2_Chlorophyll_A_001_phosphate_plate5.tif,1,800.000,800,800
19268,F8_01_1_2_Chlorophyll_A_001_phosphate_plate5.tif,1,800.000,800,800
19269,F8_01_1_2_Chlorophyll_A_001_phosphate_plate5.tif,1,880.000,880,880
19270,F8_01_1_2_Chlorophyll_A_001_phosphate_plate5.tif,1,864.000,864,864
19271,F8_01_1_2_Chlorophyll_A_001_phosphate_plate5.tif,1,784.000,784,784
19272,F8_01_1_2_Chlorophyll_A_001_phosphate_plate5.tif,1,768.000,768,768
19273,F8_01_1_2_Chlorophyll_A_001_phosphate_plate5.tif,1,800.000,800,800
19274,F8_01_1_2_Chlorophyll_A_001_phosphate_plate5.tif,1,816.000,816,816
19275,F8_01_1_2_Chlorophyll_A_001_phosphate_plate5.tif,1,784.000,784,784
19276,F8_01_1_2_Chlorophyll_A_001_phosphate_plate5.tif,1,848.000,848,848
19277,F8_01_1_2_Chlorophyll_A_001_phosphate_plate5.tif,1,800.000,800,800
19278,F8_01_1_2_Chlorophyll_A_001_phosphate_plate5.tif,1,800.000,800,800
19279,F8_01_1_2_Chlorophyll_A_001_phosphate_plate5.tif,1,880.000,880,880
19280,F8_01_1_2_Chlorophyll_A_001_phosphate_plate5.tif,5,835.200,784,944
19281,F8_01_1_2_Chlorophyll_A_001_phosphate_plate5.tif,7,870.857,784,1040
19282,F8_01_1_2_Chlorophyll_A_001_phosphate_plate5.tif,1,864.000,864,864
19283,F8_01_1_2_Chlorophyll_A_001_phosphate_plate5.tif,17,869.647,768,1184
19284,F8_01_1_2_Chlorophyll_A_001_phosphate_plate5.tif,3,805.333,768,832
19285,F8_01_1_2_Chlorophyll_A_001_phosphate_plate5.tif,283,1666.883,768,13744
19286,F8_01_1_2_Chlorophyll_A_001_phosphate_plate5.tif,5,870.400,816,944
19287,F8_01_1_2_Chlorophyll_A_001_phosphate_plate5.tif,11,817.455,768,928
19288,F8_01_1_2_Chlorophyll_A_001_phosphate_plate5.tif,1,864.000,864,864
19289,F8_01_1_2_Chlorophyll_A_001_phosphate_plate5.tif,2,840.000,832,848
19290,F8_01_1_2_Chlorophyll_A_001_phosphate_plate5.tif,1,800.000,800,800
19291,F8_01_1_2_Chlorophyll_A_001_phosphate_plate5.tif,5,857.600,768,1072
19292,F8_01_1_2_Chlorophyll_A_001_phosphate_plate5.tif,3,810.667,768,848
19293,F8_01_1_2_Chlorophyll_A_001_phosphate_plate5.tif,1,816.000,816,816
19294,F8_01_1_2_Chlorophyll_A_001_phosphate_plate5.tif,6,864.000,768,928
19295,F8_01_1_2_Chlorophyll_A_001_phosphate_plate5.tif,6,858.667,768,1008
19296,F8_01_1_2_Chlorophyll_A_001_phosphate_plate5.tif,1,864.000,864,864
19297,F8_01_1_2_Chlorophyll_A_001_phosphate_plate5.tif,2,848.000,848,848
19298,F8_01_1_2_Chlorophyll_A_001_phosphate_plate5.tif,2,864.000,864,864
19299,F8_01_1_2_Chlorophyll_A_001_phosphate_plate5.tif,7,820.571,768,896
19300,F8_01_1_2_Chlorophyll_A_001_phosphate_plate5.tif,1,800.000,800,800
19301,F8_01_1_2_Chlorophyll_A_001_phosphate_plate5.tif,5,841.600,784,880
19302,F8_01_1_2_Chlorophyll_A_001_phosphate_plate5.tif,1,832.000,832,832
19303,F8_01_1_2_Chlorophyll_A_001_phosphate_plate5.tif,3,848.000,784,896
19304,F8_01_1_2_Chlorophyll_A_001_phosphate_plate5.tif,1,976.000,976,976
19305,F8_01_1_2_Chlorophyll_A_001_phosphate_plate5.tif,1,832.000,832,832
19306,F8_01_1_2_Chlorophyll_A_001_phosphate_plate5.tif,3,810.667,768,848
19307,F8_01_1_2_Chlorophyll_A_001_phosphate_plate5.tif,1,800.000,800,800
19308,F8_01_1_2_Chlorophyll_A_001_phosphate_plate5.tif,1,784.000,784,784
19309,F8_01_1_2_Chlorophyll_A_001_phosphate_plate5.tif,1,864.000,864,864
19310,F8_01_1_2_Chlorophyll_A_001_phosphate_plate5.tif,1,768.000,768,768
19311,F8_01_1_2_Chlorophyll_A_001_phosphate_plate5.tif,1,768.000,768,768
19312,F8_01_1_2_Chlorophyll_A_001_phosphate_plate5.tif,1,784.000,784,784
19313,F8_01_1_2_Chlorophyll_A_001_phosphate_plate5.tif,3,810.667,784,864
19314,F8_01_1_2_Chlorophyll_A_001_phosphate_plate5.tif,2,920.000,896,944
19315,F8_01_1_2_Chlorophyll_A_001_phosphate_plate5.tif,2,824.000,768,880
19316,F8_01_1_2_Chlorophyll_A_001_phosphate_plate5.tif,1,768.000,768,768
19317,F8_01_1_2_Chlorophyll_A_001_phosphate_plate5.tif,2,776.000,768,784
19318,F8_01_1_2_Chlorophyll_A_001_phosphate_plate5.tif,1,848.000,848,848
19319,F8_01_1_2_Chlorophyll_A_001_phosphate_plate5.tif,2,912.000,880,944
19320,F8_01_1_2_Chlorophyll_A_001_phosphate_plate5.tif,1,960.000,960,960
19321,F8_01_1_2_Chlorophyll_A_001_phosphate_plate5.tif,1,784.000,784,784
19322,F8_01_1_2_Chlorophyll_A_001_phosphate_plate5.tif,2,800.000,768,832
19323,F8_01_1_2_Chlorophyll_A_001_phosphate_plate5.tif,1,848.000,848,848
19324,F8_01_1_2_Chlorophyll_A_001_phosphate_plate5.tif,1,832.000,832,832
19325,F8_01_1_2_Chlorophyll_A_001_phosphate_plate5.tif,2,848.000,816,880
19326,F8_01_1_2_Chlorophyll_A_001_phosphate_plate5.tif,1,880.000,880,880
19327,F8_01_1_2_Chlorophyll_A_001_phosphate_plate5.tif,2,864.000,768,960
19328,F8_01_1_2_Chlorophyll_A_001_phosphate_plate5.tif,1,864.000,864,864
19329,F8_01_1_2_Chlorophyll_A_001_phosphate_plate5.tif,1,928.000,928,928
19330,F8_01_1_2_Chlorophyll_A_001_phosphate_plate5.tif,1,784.000,784,784
19331,F8_01_1_2_Chlorophyll_A_001_phosphate_plate5.tif,96,3028.000,768,17920
19332,F8_01_1_2_Chlorophyll_A_001_phosphate_plate5.tif,1,944.000,944,944
19333,F8_01_1_2_Chlorophyll_A_001_phosphate_plate5.tif,1,800.000,800,800
19334,F8_01_1_2_Chlorophyll_A_001_phosphate_plate5.tif,1,768.000,768,768
19335,F8_01_1_2_Chlorophyll_A_001_phosphate_plate5.tif,1,848.000,848,848
19336,F8_01_1_2_Chlorophyll_A_001_phosphate_plate5.tif,1,784.000,784,784
19337,F8_01_1_2_Chlorophyll_A_001_phosphate_plate5.tif,1,768.000,768,768
19338,F8_01_1_2_Chlorophyll_A_001_phosphate_plate5.tif,1,848.000,848,848
19339,F8_01_1_2_Chlorophyll_A_001_phosphate_plate5.tif,2,848.000,816,880
19340,F8_01_1_2_Chlorophyll_A_001_phosphate_plate5.tif,1,864.000,864,864
19341,F8_01_1_2_Chlorophyll_A_001_phosphate_plate5.tif,3,816.000,768,848
19342,F8_01_1_2_Chlorophyll_A_001_phosphate_plate5.tif,1,784.000,784,784
19343,F8_01_1_2_Chlorophyll_A_001_phosphate_plate5.tif,6,861.333,768,976
19344,F8_01_1_2_Chlorophyll_A_001_phosphate_plate5.tif,2,896.000,784,1008
19345,F8_01_1_2_Chlorophyll_A_001_phosphate_plate5.tif,1,768.000,768,768
19346,F8_01_1_2_Chlorophyll_A_001_phosphate_plate5.tif,1,816.000,816,816
19347,F8_01_1_2_Chlorophyll_A_001_phosphate_plate5.tif,3,784.000,768,800
19348,F8_01_1_2_Chlorophyll_A_001_phosphate_plate5.tif,31,903.226,768,1120
19349,F8_01_1_2_Chlorophyll_A_001_phosphate_plate5.tif,61,865.574,768,1040
19350,F8_01_1_2_Chlorophyll_A_001_phosphate_plate5.tif,21,871.619,784,1008
19351,F8_01_1_2_Chlorophyll_A_001_phosphate_plate5.tif,1,880.000,880,880
19352,F8_01_1_2_Chlorophyll_A_001_phosphate_plate5.tif,1,896.000,896,896
19353,F8_01_1_2_Chlorophyll_A_001_phosphate_plate5.tif,1,912.000,912,912
19354,F8_01_1_2_Chlorophyll_A_001_phosphate_plate5.tif,13,891.077,800,1008
19355,F8_01_1_2_Chlorophyll_A_001_phosphate_plate5.tif,2,816.000,800,832
19356,F8_01_1_2_Chlorophyll_A_001_phosphate_plate5.tif,3,842.667,816,864
19357,F8_01_1_2_Chlorophyll_A_001_phosphate_plate5.tif,2,824.000,816,832
19358,F8_01_1_2_Chlorophyll_A_001_phosphate_plate5.tif,1,880.000,880,880
19359,F8_01_1_2_Chlorophyll_A_001_phosphate_plate5.tif,1,800.000,800,800
19360,F8_01_1_2_Chlorophyll_A_001_phosphate_plate5.tif,3,826.667,768,880
19361,F8_01_1_2_Chlorophyll_A_001_phosphate_plate5.tif,1,864.000,864,864
19362,F8_01_1_2_Chlorophyll_A_001_phosphate_plate5.tif,1,768.000,768,768
19363,F8_01_1_2_Chlorophyll_A_001_phosphate_plate5.tif,3,837.333,768,880
19364,F8_01_1_2_Chlorophyll_A_001_phosphate_plate5.tif,4,804.000,768,912
19365,F8_01_1_2_Chlorophyll_A_001_phosphate_plate5.tif,6,837.333,768,944
19366,F8_01_1_2_Chlorophyll_A_001_phosphate_plate5.tif,3,821.333,768,880
19367,F8_01_1_2_Chlorophyll_A_001_phosphate_plate5.tif,1,896.000,896,896
19368,F8_01_1_2_Chlorophyll_A_001_phosphate_plate5.tif,1,816.000,816,816
19369,F8_01_1_2_Chlorophyll_A_001_phosphate_plate5.tif,2,1008.000,992,1024
19370,F8_01_1_2_Chlorophyll_A_001_phosphate_plate5.tif,2,816.000,800,832
19371,F8_01_1_2_Chlorophyll_A_001_phosphate_plate5.tif,1,800.000,800,800
19372,F8_01_1_2_Chlorophyll_A_001_phosphate_plate5.tif,1,784.000,784,784
19373,F8_01_1_2_Chlorophyll_A_001_phosphate_plate5.tif,1,880.000,880,880
19374,F8_01_1_2_Chlorophyll_A_001_phosphate_plate5.tif,1,768.000,768,768
19375,F8_01_1_2_Chlorophyll_A_001_phosphate_plate5.tif,1,816.000,816,816
19376,F8_01_1_2_Chlorophyll_A_001_phosphate_plate5.tif,1,784.000,784,784
19377,F8_01_1_2_Chlorophyll_A_001_phosphate_plate5.tif,2,816.000,768,864
19378,F8_01_1_2_Chlorophyll_A_001_phosphate_plate5.tif,1,768.000,768,768
19379,F8_01_1_2_Chlorophyll_A_001_phosphate_plate5.tif,1,912.000,912,912
19380,F8_01_1_2_Chlorophyll_A_001_phosphate_plate5.tif,1,784.000,784,784
19381,F8_01_1_2_Chlorophyll_A_001_phosphate_plate5.tif,1,848.000,848,848
19382,F8_01_1_2_Chlorophyll_A_001_phosphate_plate5.tif,1,800.000,800,800
19383,F8_01_1_2_Chlorophyll_A_001_phosphate_plate5.tif,1,816.000,816,816
19384,F8_01_1_2_Chlorophyll_A_001_phosphate_plate5.tif,1,832.000,832,832
19385,F8_01_1_2_Chlorophyll_A_001_phosphate_plate5.tif,1,816.000,816,816
19386,F8_01_1_2_Chlorophyll_A_001_phosphate_plate5.tif,1,832.000,832,832
19387,F8_01_1_2_Chlorophyll_A_001_phosphate_plate5.tif,1,768.000,768,768
19388,F8_01_1_2_Chlorophyll_A_001_phosphate_plate5.tif,1,1008.000,1008,1008
19389,F8_01_1_2_Chlorophyll_A_001_phosphate_plate5.tif,1,912.000,912,912
19390,F8_01_1_2_Chlorophyll_A_001_phosphate_plate5.tif,1,832.000,832,832
19391,F8_01_1_2_Chlorophyll_A_001_phosphate_plate5.tif,1,784.000,784,784
19392,F8_01_1_2_Chlorophyll_A_001_phosphate_plate5.tif,3,778.667,768,800
19393,F8_01_1_2_Chlorophyll_A_001_phosphate_plate5.tif,2,864.000,848,880
19394,F8_01_1_2_Chlorophyll_A_001_phosphate_plate5.tif,1,832.000,832,832
19395,F8_01_1_2_Chlorophyll_A_001_phosphate_plate5.tif,3,848.000,768,944
19396,F8_01_1_2_Chlorophyll_A_001_phosphate_plate5.tif,4,820.000,768,912
19397,F8_01_1_2_Chlorophyll_A_001_phosphate_plate5.tif,2,808.000,768,848
19398,F8_01_1_2_Chlorophyll_A_001_phosphate_plate5.tif,2,816.000,768,864
19399,F8_01_1_2_Chlorophyll_A_001_phosphate_plate5.tif,1,864.000,864,864
19400,F8_01_1_2_Chlorophyll_A_001_phosphate_plate5.tif,1,864.000,864,864
19401,F8_01_1_2_Chlorophyll_A_001_phosphate_plate5.tif,2,848.000,816,880
19402,F8_01_1_2_Chlorophyll_A_001_phosphate_plate5.tif,1,768.000,768,768
19403,F8_01_1_2_Chlorophyll_A_001_phosphate_plate5.tif,18,889.778,768,1072
19404,F8_01_1_2_Chlorophyll_A_001_phosphate_plate5.tif,1,960.000,960,960
19405,F8_01_1_2_Chlorophyll_A_001_phosphate_plate5.tif,1,784.000,784,784
19406,F8_01_1_2_Chlorophyll_A_001_phosphate_plate5.tif,1,784.000,784,784
19407,F8_01_1_2_Chlorophyll_A_001_phosphate_plate5.tif,2,816.000,784,848
19408,F8_01_1_2_Chlorophyll_A_001_phosphate_plate5.tif,3,810.667,768,880
19409,F8_01_1_2_Chlorophyll_A_001_phosphate_plate5.tif,1,848.000,848,848
19410,F8_01_1_2_Chlorophyll_A_001_phosphate_plate5.tif,1,880.000,880,880
19411,F8_01_1_2_Chlorophyll_A_001_phosphate_plate5.tif,1,944.000,944,944
19412,F8_01_1_2_Chlorophyll_A_001_phosphate_plate5.tif,1,848.000,848,848
19413,F8_01_1_2_Chlorophyll_A_001_phosphate_plate5.tif,1,880.000,880,880
19414,F8_01_1_2_Chlorophyll_A_001_phosphate_plate5.tif,1,784.000,784,784
19415,F8_01_1_2_Chlorophyll_A_001_phosphate_plate5.tif,3,853.333,800,928
19416,F8_01_1_2_Chlorophyll_A_001_phosphate_plate5.tif,1,784.000,784,784
19417,F8_01_1_2_Chlorophyll_A_001_phosphate_plate5.tif,1,768.000,768,768
19418,F8_01_1_2_Chlorophyll_A_001_phosphate_plate5.tif,3,784.000,768,800
19419,F8_01_1_2_Chlorophyll_A_001_phosphate_plate5.tif,3,869.333,768,960
19420,F8_01_1_2_Chlorophyll_A_001_phosphate_plate5.tif,1,768.000,768,768
19421,F8_01_1_2_Chlorophyll_A_001_phosphate_plate5.tif,1,768.000,768,768
19422,F8_01_1_2_Chlorophyll_A_001_phosphate_plate5.tif,1,800.000,800,800
19423,F8_01_1_2_Chlorophyll_A_001_phosphate_plate5.tif,1,768.000,768,768
19424,F8_01_1_2_Chlorophyll_A_001_phosphate_plate5.tif,1,784.000,784,784
19425,F8_01_1_2_Chlorophyll_A_001_phosphate_plate5.tif,1,784.000,784,784
19426,F8_01_1_2_Chlorophyll_A_001_phosphate_plate5.tif,1,928.000,928,928
19427,F8_01_1_2_Chlorophyll_A_001_phosphate_plate5.tif,1,848.000,848,848
19428,F8_01_1_2_Chlorophyll_A_001_phosphate_plate5.tif,2,768.000,768,768
19429,F8_01_1_2_Chlorophyll_A_001_phosphate_plate5.tif,1,784.000,784,784
19430,F8_01_1_2_Chlorophyll_A_001_phosphate_plate5.tif,2,824.000,800,848
19431,F8_01_1_2_Chlorophyll_A_001_phosphate_plate5.tif,1,832.000,832,832
19432,F8_01_1_2_Chlorophyll_A_001_phosphate_plate5.tif,1,848.000,848,848
19433,F8_01_1_2_Chlorophyll_A_001_phosphate_plate5.tif,1,800.000,800,800
19434,F8_01_1_2_Chlorophyll_A_001_phosphate_plate5.tif,1,784.000,784,784
19435,F8_01_1_2_Chlorophyll_A_001_phosphate_plate5.tif,1,800.000,800,800
19436,F8_01_1_2_Chlorophyll_A_001_phosphate_plate5.tif,1,880.000,880,880
19437,F8_01_1_2_Chlorophyll_A_001_phosphate_plate5.tif,1,768.000,768,768
19438,F8_01_1_2_Chlorophyll_A_001_phosphate_plate5.tif,2,840.000,832,848
19439,F8_01_1_2_Chlorophyll_A_001_phosphate_plate5.tif,1,800.000,800,800
19440,F8_01_1_2_Chlorophyll_A_001_phosphate_plate5.tif,1,800.000,800,800
19441,F8_01_1_2_Chlorophyll_A_001_phosphate_plate5.tif,4,824.000,784,880
19442,F8_01_1_2_Chlorophyll_A_001_phosphate_plate5.tif,1,880.000,880,880
19443,F8_01_1_2_Chlorophyll_A_001_phosphate_plate5.tif,33,861.091,768,1024
19444,F8_01_1_2_Chlorophyll_A_001_phosphate_plate5.tif,30,880.000,768,1024
19445,F8_01_1_2_Chlorophyll_A_001_phosphate_plate5.tif,40,866.400,768,1040
19446,F8_01_1_2_Chlorophyll_A_001_phosphate_plate5.tif,65,880.246,768,1168
19447,F8_01_1_2_Chlorophyll_A_001_phosphate_plate5.tif,1,880.000,880,880
19448,F8_01_1_2_Chlorophyll_A_001_phosphate_plate5.tif,1,864.000,864,864
19449,F8_01_1_2_Chlorophyll_A_001_phosphate_plate5.tif,9,816.000,768,960
19450,F8_01_1_2_Chlorophyll_A_001_phosphate_plate5.tif,1,800.000,800,800
19451,F8_01_1_2_Chlorophyll_A_001_phosphate_plate5.tif,16,863.000,768,1056
19452,F8_01_1_2_Chlorophyll_A_001_phosphate_plate5.tif,3,794.667,768,832
19453,F8_01_1_2_Chlorophyll_A_001_phosphate_plate5.tif,2,840.000,832,848
19454,F8_01_1_2_Chlorophyll_A_001_phosphate_plate5.tif,6,840.000,784,896
19455,F8_01_1_2_Chlorophyll_A_001_phosphate_plate5.tif,1,912.000,912,912
19456,F8_01_1_2_Chlorophyll_A_001_phosphate_plate5.tif,2,800.000,768,832
19457,F8_01_1_2_Chlorophyll_A_001_phosphate_plate5.tif,4,848.000,768,928
19458,F8_01_1_2_Chlorophyll_A_001_phosphate_plate5.tif,6,840.000,768,976
19459,F8_01_1_2_Chlorophyll_A_001_phosphate_plate5.tif,1,784.000,784,784
19460,F8_01_1_2_Chlorophyll_A_001_phosphate_plate5.tif,1,768.000,768,768
19461,F8_01_1_2_Chlorophyll_A_001_phosphate_plate5.tif,2,792.000,768,816
19462,F8_01_1_2_Chlorophyll_A_001_phosphate_plate5.tif,4,824.000,784,912
19463,F8_01_1_2_Chlorophyll_A_001_phosphate_plate5.tif,1,784.000,784,784
19464,F8_01_1_2_Chlorophyll_A_001_phosphate_plate5.tif,5,844.800,800,912
19465,F8_01_1_2_Chlorophyll_A_001_phosphate_plate5.tif,1,960.000,960,960
19466,F8_01_1_2_Chlorophyll_A_001_phosphate_plate5.tif,1,944.000,944,944
19467,F8_01_1_2_Chlorophyll_A_001_phosphate_plate5.tif,1,784.000,784,784
19468,F8_01_1_2_Chlorophyll_A_001_phosphate_plate5.tif,1,864.000,864,864
19469,F8_01_1_2_Chlorophyll_A_001_phosphate_plate5.tif,1,784.000,784,784
19470,F8_01_1_2_Chlorophyll_A_001_phosphate_plate5.tif,2,792.000,784,800
19471,F8_01_1_2_Chlorophyll_A_001_phosphate_plate5.tif,1,800.000,800,800
19472,F8_01_1_2_Chlorophyll_A_001_phosphate_plate5.tif,1,816.000,816,816
19473,F8_01_1_2_Chlorophyll_A_001_phosphate_plate5.tif,1,768.000,768,768
19474,F8_01_1_2_Chlorophyll_A_001_phosphate_plate5.tif,2,848.000,816,880
19475,F8_01_1_2_Chlorophyll_A_001_phosphate_plate5.tif,2,912.000,864,960
19476,F8_01_1_2_Chlorophyll_A_001_phosphate_plate5.tif,2,856.000,800,912
19477,F8_01_1_2_Chlorophyll_A_001_phosphate_plate5.tif,2,856.000,800,912
19478,F8_01_1_2_Chlorophyll_A_001_phosphate_plate5.tif,1,768.000,768,768
19479,F8_01_1_2_Chlorophyll_A_001_phosphate_plate5.tif,1,976.000,976,976
19480,F8_01_1_2_Chlorophyll_A_001_phosphate_plate5.tif,1,848.000,848,848
19481,F8_01_1_2_Chlorophyll_A_001_phosphate_plate5.tif,1,800.000,800,800
19482,F8_01_1_2_Chlorophyll_A_001_phosphate_plate5.tif,1,880.000,880,880
19483,F8_01_1_2_Chlorophyll_A_001_phosphate_plate5.tif,1,848.000,848,848
19484,F8_01_1_2_Chlorophyll_A_001_phosphate_plate5.tif,1,768.000,768,768
19485,F8_01_1_2_Chlorophyll_A_001_phosphate_plate5.tif,1,784.000,784,784
19486,F8_01_1_2_Chlorophyll_A_001_phosphate_plate5.tif,1,800.000,800,800
19487,F8_01_1_2_Chlorophyll_A_001_phosphate_plate5.tif,1,864.000,864,864
19488,F8_01_1_2_Chlorophyll_A_001_phosphate_plate5.tif,1,784.000,784,784
19489,F8_01_1_2_Chlorophyll_A_001_phosphate_plate5.tif,1,768.000,768,768
19490,F8_01_1_2_Chlorophyll_A_001_phosphate_plate5.tif,1,768.000,768,768
19491,F8_01_1_2_Chlorophyll_A_001_phosphate_plate5.tif,7,834.286,768,1024
19492,F8_01_1_2_Chlorophyll_A_001_phosphate_plate5.tif,3,810.667,784,848
19493,F8_01_1_2_Chlorophyll_A_001_phosphate_plate5.tif,1,784.000,784,784
19494,F8_01_1_2_Chlorophyll_A_001_phosphate_plate5.tif,3,848.000,768,912
19495,F8_01_1_2_Chlorophyll_A_001_phosphate_plate5.tif,2,808.000,800,816
19496,F8_01_1_2_Chlorophyll_A_001_phosphate_plate5.tif,1,784.000,784,784
19497,F8_01_1_2_Chlorophyll_A_001_phosphate_plate5.tif,379,2032.464,768,26336
19498,F8_01_1_2_Chlorophyll_A_001_phosphate_plate5.tif,31,878.452,784,1024
19499,F8_01_1_2_Chlorophyll_A_001_phosphate_plate5.tif,1,928.000,928,928
19500,F8_01_1_2_Chlorophyll_A_001_phosphate_plate5.tif,3,816.000,784,880
19501,F8_01_1_2_Chlorophyll_A_001_phosphate_plate5.tif,3,842.667,784,928
19502,F8_01_1_2_Chlorophyll_A_001_phosphate_plate5.tif,1,768.000,768,768
19503,F8_01_1_2_Chlorophyll_A_001_phosphate_plate5.tif,3,810.667,784,848
19504,F8_01_1_2_Chlorophyll_A_001_phosphate_plate5.tif,1,832.000,832,832
19505,F8_01_1_2_Chlorophyll_A_001_phosphate_plate5.tif,1,800.000,800,800
19506,F8_01_1_2_Chlorophyll_A_001_phosphate_plate5.tif,1,864.000,864,864
19507,F8_01_1_2_Chlorophyll_A_001_phosphate_plate5.tif,4,836.000,800,896
19508,F8_01_1_2_Chlorophyll_A_001_phosphate_plate5.tif,3,821.333,768,896
19509,F8_01_1_2_Chlorophyll_A_001_phosphate_plate5.tif,5,841.600,800,864
19510,F8_01_1_2_Chlorophyll_A_001_phosphate_plate5.tif,1,768.000,768,768
19511,F8_01_1_2_Chlorophyll_A_001_phosphate_plate5.tif,1,768.000,768,768
19512,F8_01_1_2_Chlorophyll_A_001_phosphate_plate5.tif,7,816.000,768,928
19513,F8_01_1_2_Chlorophyll_A_001_phosphate_plate5.tif,2,800.000,768,832
19514,F8_01_1_2_Chlorophyll_A_001_phosphate_plate5.tif,1,784.000,784,784
19515,F8_01_1_2_Chlorophyll_A_001_phosphate_plate5.tif,2,816.000,800,832
19516,F8_01_1_2_Chlorophyll_A_001_phosphate_plate5.tif,2,808.000,768,848
19517,F8_01_1_2_Chlorophyll_A_001_phosphate_plate5.tif,3,773.333,768,784
19518,F8_01_1_2_Chlorophyll_A_001_phosphate_plate5.tif,1,880.000,880,880
19519,F8_01_1_2_Chlorophyll_A_001_phosphate_plate5.tif,12,826.667,768,976
19520,F8_01_1_2_Chlorophyll_A_001_phosphate_plate5.tif,1,816.000,816,816
19521,F8_01_1_2_Chlorophyll_A_001_phosphate_plate5.tif,3,789.333,768,832
19522,F8_01_1_2_Chlorophyll_A_001_phosphate_plate5.tif,3,864.000,800,976
19523,F8_01_1_2_Chlorophyll_A_001_phosphate_plate5.tif,1,800.000,800,800
19524,F8_01_1_2_Chlorophyll_A_001_phosphate_plate5.tif,1,816.000,816,816
19525,F8_01_1_2_Chlorophyll_A_001_phosphate_plate5.tif,1,832.000,832,832
19526,F8_01_1_2_Chlorophyll_A_001_phosphate_plate5.tif,1,864.000,864,864
19527,F8_01_1_2_Chlorophyll_A_001_phosphate_plate5.tif,1,784.000,784,784
19528,F8_01_1_2_Chlorophyll_A_001_phosphate_plate5.tif,3,805.333,768,832
19529,F8_01_1_2_Chlorophyll_A_001_phosphate_plate5.tif,1,800.000,800,800
19530,F8_01_1_2_Chlorophyll_A_001_phosphate_plate5.tif,1,816.000,816,816
19531,F8_01_1_2_Chlorophyll_A_001_phosphate_plate5.tif,1,784.000,784,784
19532,F8_01_1_2_Chlorophyll_A_001_phosphate_plate5.tif,1,800.000,800,800
19533,F8_01_1_2_Chlorophyll_A_001_phosphate_plate5.tif,1,768.000,768,768
19534,F8_01_1_2_Chlorophyll_A_001_phosphate_plate5.tif,2,840.000,816,864
19535,F8_01_1_2_Chlorophyll_A_001_phosphate_plate5.tif,1,832.000,832,832
19536,F8_01_1_2_Chlorophyll_A_001_phosphate_plate5.tif,3,842.667,784,960
19537,F8_01_1_2_Chlorophyll_A_001_phosphate_plate5.tif,1,816.000,816,816
19538,F8_01_1_2_Chlorophyll_A_001_phosphate_plate5.tif,1,832.000,832,832
19539,F8_01_1_2_Chlorophyll_A_001_phosphate_plate5.tif,1,800.000,800,800
19540,F8_01_1_2_Chlorophyll_A_001_phosphate_plate5.tif,1,784.000,784,784
19541,F8_01_1_2_Chlorophyll_A_001_phosphate_plate5.tif,1,784.000,784,784
19542,F8_01_1_2_Chlorophyll_A_001_phosphate_plate5.tif,1,864.000,864,864
19543,F8_01_1_2_Chlorophyll_A_001_phosphate_plate5.tif,2,840.000,768,912
19544,F8_01_1_2_Chlorophyll_A_001_phosphate_plate5.tif,2,864.000,768,960
19545,F8_01_1_2_Chlorophyll_A_001_phosphate_plate5.tif,1,800.000,800,800
19546,F8_01_1_2_Chlorophyll_A_001_phosphate_plate5.tif,3,794.667,768,848
19547,F8_01_1_2_Chlorophyll_A_001_phosphate_plate5.tif,5,876.800,816,960
19548,F8_01_1_2_Chlorophyll_A_001_phosphate_plate5.tif,1,928.000,928,928
19549,F8_01_1_2_Chlorophyll_A_001_phosphate_plate5.tif,3,874.667,768,976
19550,F8_01_1_2_Chlorophyll_A_001_phosphate_plate5.tif,33,891.152,768,1184
19551,F8_01_1_2_Chlorophyll_A_001_phosphate_plate5.tif,16,867.000,768,1008
19552,F8_01_1_2_Chlorophyll_A_001_phosphate_plate5.tif,24,897.333,768,1200
19553,F8_01_1_2_Chlorophyll_A_001_phosphate_plate5.tif,3,949.333,848,1104
19554,F8_01_1_2_Chlorophyll_A_001_phosphate_plate5.tif,1,816.000,816,816
19555,F8_01_1_2_Chlorophyll_A_001_phosphate_plate5.tif,16,848.000,768,1040
19556,F8_01_1_2_Chlorophyll_A_001_phosphate_plate5.tif,6,848.000,784,912
19557,F8_01_1_2_Chlorophyll_A_001_phosphate_plate5.tif,19,855.579,784,1088
19558,F8_01_1_2_Chlorophyll_A_001_phosphate_plate5.tif,3,874.667,832,912
19559,F8_01_1_2_Chlorophyll_A_001_phosphate_plate5.tif,3,826.667,768,864
19560,F8_01_1_2_Chlorophyll_A_001_phosphate_plate5.tif,1,816.000,816,816
19561,F8_01_1_2_Chlorophyll_A_001_phosphate_plate5.tif,1,960.000,960,960
19562,F8_01_1_2_Chlorophyll_A_001_phosphate_plate5.tif,1,800.000,800,800
19563,F8_01_1_2_Chlorophyll_A_001_phosphate_plate5.tif,6,802.667,784,848
19564,F8_01_1_2_Chlorophyll_A_001_phosphate_plate5.tif,3,821.333,800,848
19565,F8_01_1_2_Chlorophyll_A_001_phosphate_plate5.tif,2,824.000,800,848
19566,F8_01_1_2_Chlorophyll_A_001_phosphate_plate5.tif,3,837.333,768,896
19567,F8_01_1_2_Chlorophyll_A_001_phosphate_plate5.tif,3,826.667,768,896
19568,F8_01_1_2_Chlorophyll_A_001_phosphate_plate5.tif,7,866.286,768,992
19569,F8_01_1_2_Chlorophyll_A_001_phosphate_plate5.tif,4,888.000,784,976
19570,F8_01_1_2_Chlorophyll_A_001_phosphate_plate5.tif,1,784.000,784,784
19571,F8_01_1_2_Chlorophyll_A_001_phosphate_plate5.tif,3,821.333,800,848
19572,F8_01_1_2_Chlorophyll_A_001_phosphate_plate5.tif,1,848.000,848,848
19573,F8_01_1_2_Chlorophyll_A_001_phosphate_plate5.tif,1,800.000,800,800
19574,F8_01_1_2_Chlorophyll_A_001_phosphate_plate5.tif,1,768.000,768,768
19575,F8_01_1_2_Chlorophyll_A_001_phosphate_plate5.tif,1,960.000,960,960
19576,F8_01_1_2_Chlorophyll_A_001_phosphate_plate5.tif,2,840.000,832,848
19577,F8_01_1_2_Chlorophyll_A_001_phosphate_plate5.tif,2,888.000,848,928
19578,F8_01_1_2_Chlorophyll_A_001_phosphate_plate5.tif,2,808.000,768,848
19579,F8_01_1_2_Chlorophyll_A_001_phosphate_plate5.tif,8,864.000,768,1040
19580,F8_01_1_2_Chlorophyll_A_001_phosphate_plate5.tif,1,800.000,800,800
19581,F8_01_1_2_Chlorophyll_A_001_phosphate_plate5.tif,1,896.000,896,896
19582,F8_01_1_2_Chlorophyll_A_001_phosphate_plate5.tif,1,768.000,768,768
19583,F8_01_1_2_Chlorophyll_A_001_phosphate_plate5.tif,1,816.000,816,816
19584,F8_01_1_2_Chlorophyll_A_001_phosphate_plate5.tif,1,784.000,784,784
19585,F8_01_1_2_Chlorophyll_A_001_phosphate_plate5.tif,2,856.000,848,864
19586,F8_01_1_2_Chlorophyll_A_001_phosphate_plate5.tif,2,784.000,768,800
19587,F8_01_1_2_Chlorophyll_A_001_phosphate_plate5.tif,2,888.000,864,912
19588,F8_01_1_2_Chlorophyll_A_001_phosphate_plate5.tif,2,792.000,768,816
19589,F8_01_1_2_Chlorophyll_A_001_phosphate_plate5.tif,1,768.000,768,768
19590,F8_01_1_2_Chlorophyll_A_001_phosphate_plate5.tif,3,810.667,784,848
19591,F8_01_1_2_Chlorophyll_A_001_phosphate_plate5.tif,2,776.000,768,784
19592,F8_01_1_2_Chlorophyll_A_001_phosphate_plate5.tif,1,784.000,784,784
19593,F8_01_1_2_Chlorophyll_A_001_phosphate_plate5.tif,2,776.000,768,784
19594,F8_01_1_2_Chlorophyll_A_001_phosphate_plate5.tif,2,824.000,784,864
19595,F8_01_1_2_Chlorophyll_A_001_phosphate_plate5.tif,1,768.000,768,768
19596,F8_01_1_2_Chlorophyll_A_001_phosphate_plate5.tif,1,784.000,784,784
19597,F8_01_1_2_Chlorophyll_A_001_phosphate_plate5.tif,11,833.455,768,1008
19598,F8_01_1_2_Chlorophyll_A_001_phosphate_plate5.tif,3,837.333,784,912
19599,F8_01_1_2_Chlorophyll_A_001_phosphate_plate5.tif,2,808.000,768,848
19600,F8_01_1_2_Chlorophyll_A_001_phosphate_plate5.tif,54,835.259,768,1008
19601,F8_01_1_2_Chlorophyll_A_001_phosphate_plate5.tif,1,976.000,976,976
19602,F8_01_1_2_Chlorophyll_A_001_phosphate_plate5.tif,269,2246.900,768,20368
19603,F8_01_1_2_Chlorophyll_A_001_phosphate_plate5.tif,5,819.200,768,864
19604,F8_01_1_2_Chlorophyll_A_001_phosphate_plate5.tif,1,784.000,784,784
19605,F8_01_1_2_Chlorophyll_A_001_phosphate_plate5.tif,3,805.333,768,864
19606,F8_01_1_2_Chlorophyll_A_001_phosphate_plate5.tif,1,848.000,848,848
19607,F8_01_1_2_Chlorophyll_A_001_phosphate_plate5.tif,184,2050.609,768,12848
19608,F8_01_1_2_Chlorophyll_A_001_phosphate_plate5.tif,2,840.000,768,912
19609,F8_01_1_2_Chlorophyll_A_001_phosphate_plate5.tif,4,784.000,784,784
19610,F8_01_1_2_Chlorophyll_A_001_phosphate_plate5.tif,3,858.667,768,912
19611,F8_01_1_2_Chlorophyll_A_001_phosphate_plate5.tif,1,800.000,800,800
19612,F8_01_1_2_Chlorophyll_A_001_phosphate_plate5.tif,1,832.000,832,832
19613,F8_01_1_2_Chlorophyll_A_001_phosphate_plate5.tif,1,768.000,768,768
19614,F8_01_1_2_Chlorophyll_A_001_phosphate_plate5.tif,1,944.000,944,944
19615,F8_01_1_2_Chlorophyll_A_001_phosphate_plate5.tif,1,816.000,816,816
19616,F8_01_1_2_Chlorophyll_A_001_phosphate_plate5.tif,1,848.000,848,848
19617,F8_01_1_2_Chlorophyll_A_001_phosphate_plate5.tif,1,976.000,976,976
19618,F8_01_1_2_Chlorophyll_A_001_phosphate_plate5.tif,2,776.000,768,784
19619,F8_01_1_2_Chlorophyll_A_001_phosphate_plate5.tif,1,784.000,784,784
19620,F8_01_1_2_Chlorophyll_A_001_phosphate_plate5.tif,1,928.000,928,928
19621,F8_01_1_2_Chlorophyll_A_001_phosphate_plate5.tif,1,1040.000,1040,1040
19622,F8_01_1_2_Chlorophyll_A_001_phosphate_plate5.tif,1,768.000,768,768
19623,F8_01_1_2_Chlorophyll_A_001_phosphate_plate5.tif,1,800.000,800,800
19624,F8_01_1_2_Chlorophyll_A_001_phosphate_plate5.tif,1,784.000,784,784
19625,F8_01_1_2_Chlorophyll_A_001_phosphate_plate5.tif,1,944.000,944,944
19626,F8_01_1_2_Chlorophyll_A_001_phosphate_plate5.tif,1,816.000,816,816
19627,F8_01_1_2_Chlorophyll_A_001_phosphate_plate5.tif,4,804.000,768,832
19628,F8_01_1_2_Chlorophyll_A_001_phosphate_plate5.tif,2,816.000,800,832
19629,F8_01_1_2_Chlorophyll_A_001_phosphate_plate5.tif,11,826.182,768,864
19630,F8_01_1_2_Chlorophyll_A_001_phosphate_plate5.tif,3,789.333,784,800
19631,F8_01_1_2_Chlorophyll_A_001_phosphate_plate5.tif,2,888.000,880,896
19632,F8_01_1_2_Chlorophyll_A_001_phosphate_plate5.tif,1,784.000,784,784
19633,F8_01_1_2_Chlorophyll_A_001_phosphate_plate5.tif,2,872.000,832,912
19634,F8_01_1_2_Chlorophyll_A_001_phosphate_plate5.tif,1,912.000,912,912
19635,F8_01_1_2_Chlorophyll_A_001_phosphate_plate5.tif,5,822.400,768,896
19636,F8_01_1_2_Chlorophyll_A_001_phosphate_plate5.tif,1,768.000,768,768
19637,F8_01_1_2_Chlorophyll_A_001_phosphate_plate5.tif,1,800.000,800,800
19638,F8_01_1_2_Chlorophyll_A_001_phosphate_plate5.tif,1,784.000,784,784
19639,F8_01_1_2_Chlorophyll_A_001_phosphate_plate5.tif,1,928.000,928,928
19640,F8_01_1_2_Chlorophyll_A_001_phosphate_plate5.tif,1,1040.000,1040,1040
19641,F8_01_1_2_Chlorophyll_A_001_phosphate_plate5.tif,2,880.000,848,912
19642,F8_01_1_2_Chlorophyll_A_001_phosphate_plate5.tif,1,816.000,816,816
19643,F8_01_1_2_Chlorophyll_A_001_phosphate_plate5.tif,1,768.000,768,768
19644,F8_01_1_2_Chlorophyll_A_001_phosphate_plate5.tif,1,832.000,832,832
19645,F8_01_1_2_Chlorophyll_A_001_phosphate_plate5.tif,1,800.000,800,800
19646,F8_01_1_2_Chlorophyll_A_001_phosphate_plate5.tif,1,832.000,832,832
19647,F8_01_1_2_Chlorophyll_A_001_phosphate_plate5.tif,1,912.000,912,912
19648,F8_01_1_2_Chlorophyll_A_001_phosphate_plate5.tif,1,832.000,832,832
19649,F8_01_1_2_Chlorophyll_A_001_phosphate_plate5.tif,1,896.000,896,896
19650,F8_01_1_2_Chlorophyll_A_001_phosphate_plate5.tif,1,784.000,784,784
19651,F8_01_1_2_Chlorophyll_A_001_phosphate_plate5.tif,1,768.000,768,768
19652,F8_01_1_2_Chlorophyll_A_001_phosphate_plate5.tif,1,768.000,768,768
19653,F8_01_1_2_Chlorophyll_A_001_phosphate_plate5.tif,1,880.000,880,880
19654,F8_01_1_2_Chlorophyll_A_001_phosphate_plate5.tif,2,784.000,768,800
19655,F8_01_1_2_Chlorophyll_A_001_phosphate_plate5.tif,2,776.000,768,784
19656,F8_01_1_2_Chlorophyll_A_001_phosphate_plate5.tif,1,864.000,864,864
19657,F8_01_1_2_Chlorophyll_A_001_phosphate_plate5.tif,1,800.000,800,800
19658,F8_01_1_2_Chlorophyll_A_001_phosphate_plate5.tif,3,864.000,768,1008
19659,F8_01_1_2_Chlorophyll_A_001_phosphate_plate5.tif,1,848.000,848,848
19660,F8_01_1_2_Chlorophyll_A_001_phosphate_plate5.tif,14,821.714,768,944
19661,F8_01_1_2_Chlorophyll_A_001_phosphate_plate5.tif,1,816.000,816,816
19662,F8_01_1_2_Chlorophyll_A_001_phosphate_plate5.tif,23,850.783,768,1104
19663,F8_01_1_2_Chlorophyll_A_001_phosphate_plate5.tif,2,832.000,816,848
19664,F8_01_1_2_Chlorophyll_A_001_phosphate_plate5.tif,3,922.667,848,976
19665,F8_01_1_2_Chlorophyll_A_001_phosphate_plate5.tif,1,800.000,800,800
19666,F8_01_1_2_Chlorophyll_A_001_phosphate_plate5.tif,2,800.000,768,832
19667,F8_01_1_2_Chlorophyll_A_001_phosphate_plate5.tif,2,792.000,768,816
19668,F8_01_1_2_Chlorophyll_A_001_phosphate_plate5.tif,1,848.000,848,848
19669,F8_01_1_2_Chlorophyll_A_001_phosphate_plate5.tif,134,1836.657,768,10224
19670,F8_01_1_2_Chlorophyll_A_001_phosphate_plate5.tif,3,853.333,768,1008
19671,F8_01_1_2_Chlorophyll_A_001_phosphate_plate5.tif,3,821.333,784,864
19672,F8_01_1_2_Chlorophyll_A_001_phosphate_plate5.tif,1,896.000,896,896
19673,F8_01_1_2_Chlorophyll_A_001_phosphate_plate5.tif,3,869.333,784,976
19674,F8_01_1_2_Chlorophyll_A_001_phosphate_plate5.tif,1,816.000,816,816
19675,F8_01_1_2_Chlorophyll_A_001_phosphate_plate5.tif,2,840.000,800,880
19676,F8_01_1_2_Chlorophyll_A_001_phosphate_plate5.tif,1,816.000,816,816
19677,F8_01_1_2_Chlorophyll_A_001_phosphate_plate5.tif,1,768.000,768,768
19678,F8_01_1_2_Chlorophyll_A_001_phosphate_plate5.tif,1,864.000,864,864
19679,F8_01_1_2_Chlorophyll_A_001_phosphate_plate5.tif,1,768.000,768,768
19680,F8_01_1_2_Chlorophyll_A_001_phosphate_plate5.tif,109,2296.367,768,11024
19681,F8_01_1_2_Chlorophyll_A_001_phosphate_plate5.tif,2,848.000,832,864
19682,F8_01_1_2_Chlorophyll_A_001_phosphate_plate5.tif,1,880.000,880,880
19683,F8_01_1_2_Chlorophyll_A_001_phosphate_plate5.tif,1,944.000,944,944
19684,F8_01_1_2_Chlorophyll_A_001_phosphate_plate5.tif,2,888.000,864,912
19685,F8_01_1_2_Chlorophyll_A_001_phosphate_plate5.tif,1,784.000,784,784
19686,F8_01_1_2_Chlorophyll_A_001_phosphate_plate5.tif,1,816.000,816,816
19687,F8_01_1_2_Chlorophyll_A_001_phosphate_plate5.tif,2,864.000,864,864
19688,F8_01_1_2_Chlorophyll_A_001_phosphate_plate5.tif,1,864.000,864,864
19689,F8_01_1_2_Chlorophyll_A_001_phosphate_plate5.tif,1,928.000,928,928
19690,F8_01_1_2_Chlorophyll_A_001_phosphate_plate5.tif,1,800.000,800,800
19691,F8_01_1_2_Chlorophyll_A_001_phosphate_plate5.tif,2,784.000,768,800
19692,F8_01_1_2_Chlorophyll_A_001_phosphate_plate5.tif,1,992.000,992,992
19693,F8_01_1_2_Chlorophyll_A_001_phosphate_plate5.tif,2,776.000,768,784
19694,F8_01_1_2_Chlorophyll_A_001_phosphate_plate5.tif,1,800.000,800,800
19695,F8_01_1_2_Chlorophyll_A_001_phosphate_plate5.tif,1,768.000,768,768
19696,F8_01_1_2_Chlorophyll_A_001_phosphate_plate5.tif,1,832.000,832,832
19697,F8_01_1_2_Chlorophyll_A_001_phosphate_plate5.tif,126,3133.206,768,17312
19698,F8_01_1_2_Chlorophyll_A_001_phosphate_plate5.tif,1,864.000,864,864
19699,F8_01_1_2_Chlorophyll_A_001_phosphate_plate5.tif,1,784.000,784,784
19700,F8_01_1_2_Chlorophyll_A_001_phosphate_plate5.tif,1,1072.000,1072,1072
19701,F8_01_1_2_Chlorophyll_A_001_phosphate_plate5.tif,2,776.000,768,784
19702,F8_01_1_2_Chlorophyll_A_001_phosphate_plate5.tif,17,878.118,768,1136
19703,F8_01_1_2_Chlorophyll_A_001_phosphate_plate5.tif,29,848.552,768,1120
19704,F8_01_1_2_Chlorophyll_A_001_phosphate_plate5.tif,40,908.000,768,1136
19705,F8_01_1_2_Chlorophyll_A_001_phosphate_plate5.tif,26,882.462,768,1088
19706,F8_01_1_2_Chlorophyll_A_001_phosphate_plate5.tif,1,928.000,928,928
19707,F8_01_1_2_Chlorophyll_A_001_phosphate_plate5.tif,56,882.857,768,1024
19708,F8_01_1_2_Chlorophyll_A_001_phosphate_plate5.tif,2,800.000,768,832
19709,F8_01_1_2_Chlorophyll_A_001_phosphate_plate5.tif,1,800.000,800,800
19710,F8_01_1_2_Chlorophyll_A_001_phosphate_plate5.tif,4,852.000,784,896
19711,F8_01_1_2_Chlorophyll_A_001_phosphate_plate5.tif,1,800.000,800,800
19712,F8_01_1_2_Chlorophyll_A_001_phosphate_plate5.tif,2,848.000,848,848
19713,F8_01_1_2_Chlorophyll_A_001_phosphate_plate5.tif,1,784.000,784,784
19714,F8_01_1_2_Chlorophyll_A_001_phosphate_plate5.tif,2,880.000,880,880
19715,F8_01_1_2_Chlorophyll_A_001_phosphate_plate5.tif,4,868.000,784,1088
19716,F8_01_1_2_Chlorophyll_A_001_phosphate_plate5.tif,4,832.000,800,880
19717,F8_01_1_2_Chlorophyll_A_001_phosphate_plate5.tif,1,944.000,944,944
19718,F8_01_1_2_Chlorophyll_A_001_phosphate_plate5.tif,1,784.000,784,784
19719,F8_01_1_2_Chlorophyll_A_001_phosphate_plate5.tif,2,792.000,768,816
19720,F8_01_1_2_Chlorophyll_A_001_phosphate_plate5.tif,1,816.000,816,816
19721,F8_01_1_2_Chlorophyll_A_001_phosphate_plate5.tif,3,810.667,768,880
19722,F8_01_1_2_Chlorophyll_A_001_phosphate_plate5.tif,2,776.000,768,784
19723,F8_01_1_2_Chlorophyll_A_001_phosphate_plate5.tif,1,928.000,928,928
19724,F8_01_1_2_Chlorophyll_A_001_phosphate_plate5.tif,1,848.000,848,848
19725,F8_01_1_2_Chlorophyll_A_001_phosphate_plate5.tif,3,842.667,800,912
19726,F8_01_1_2_Chlorophyll_A_001_phosphate_plate5.tif,1,800.000,800,800
19727,F8_01_1_2_Chlorophyll_A_001_phosphate_plate5.tif,1,800.000,800,800
19728,F8_01_1_2_Chlorophyll_A_001_phosphate_plate5.tif,1,912.000,912,912
19729,F8_01_1_2_Chlorophyll_A_001_phosphate_plate5.tif,1,928.000,928,928
19730,F8_01_1_2_Chlorophyll_A_001_phosphate_plate5.tif,1,816.000,816,816
19731,F8_01_1_2_Chlorophyll_A_001_phosphate_plate5.tif,1,768.000,768,768
19732,F8_01_1_2_Chlorophyll_A_001_phosphate_plate5.tif,1,768.000,768,768
19733,F8_01_1_2_Chlorophyll_A_001_phosphate_plate5.tif,1,880.000,880,880
19734,F8_01_1_2_Chlorophyll_A_001_phosphate_plate5.tif,1,880.000,880,880
19735,F8_01_1_2_Chlorophyll_A_001_phosphate_plate5.tif,1,848.000,848,848
19736,F8_01_1_2_Chlorophyll_A_001_phosphate_plate5.tif,3,816.000,800,832
19737,F8_01_1_2_Chlorophyll_A_001_phosphate_plate5.tif,1,960.000,960,960
19738,F8_01_1_2_Chlorophyll_A_001_phosphate_plate5.tif,1,832.000,832,832
19739,F8_01_1_2_Chlorophyll_A_001_phosphate_plate5.tif,1,832.000,832,832
19740,F8_01_1_2_Chlorophyll_A_001_phosphate_plate5.tif,1,784.000,784,784
19741,F8_01_1_2_Chlorophyll_A_001_phosphate_plate5.tif,1,784.000,784,784
19742,F8_01_1_2_Chlorophyll_A_001_phosphate_plate5.tif,1,800.000,800,800
19743,F8_01_1_2_Chlorophyll_A_001_phosphate_plate5.tif,1,896.000,896,896
19744,F8_01_1_2_Chlorophyll_A_001_phosphate_plate5.tif,1,800.000,800,800
19745,F8_01_1_2_Chlorophyll_A_001_phosphate_plate5.tif,1,864.000,864,864
19746,F8_01_1_2_Chlorophyll_A_001_phosphate_plate5.tif,3,805.333,768,864
19747,F8_01_1_2_Chlorophyll_A_001_phosphate_plate5.tif,1,784.000,784,784
19748,F8_01_1_2_Chlorophyll_A_001_phosphate_plate5.tif,1,880.000,880,880
19749,F8_01_1_2_Chlorophyll_A_001_phosphate_plate5.tif,4,788.000,768,800
19750,F8_01_1_2_Chlorophyll_A_001_phosphate_plate5.tif,1,800.000,800,800
19751,F8_01_1_2_Chlorophyll_A_001_phosphate_plate5.tif,6,856.000,768,928
19752,F8_01_1_2_Chlorophyll_A_001_phosphate_plate5.tif,1,800.000,800,800
19753,F8_01_1_2_Chlorophyll_A_001_phosphate_plate5.tif,1,768.000,768,768
19754,F8_01_1_2_Chlorophyll_A_001_phosphate_plate5.tif,57,866.526,768,1040
19755,F8_01_1_2_Chlorophyll_A_001_phosphate_plate5.tif,28,906.857,768,1120
19756,F8_01_1_2_Chlorophyll_A_001_phosphate_plate5.tif,272,1584.059,768,11680
19757,F8_01_1_2_Chlorophyll_A_001_phosphate_plate5.tif,14,835.429,768,960
19758,F8_01_1_2_Chlorophyll_A_001_phosphate_plate5.tif,1,912.000,912,912
19759,F8_01_1_2_Chlorophyll_A_001_phosphate_plate5.tif,1,768.000,768,768
19760,F8_01_1_2_Chlorophyll_A_001_phosphate_plate5.tif,1,832.000,832,832
19761,F8_01_1_2_Chlorophyll_A_001_phosphate_plate5.tif,2,856.000,768,944
19762,F8_01_1_2_Chlorophyll_A_001_phosphate_plate5.tif,1,816.000,816,816
19763,F8_01_1_2_Chlorophyll_A_001_phosphate_plate5.tif,1,848.000,848,848
19764,F8_01_1_2_Chlorophyll_A_001_phosphate_plate5.tif,3,869.333,848,896
19765,F8_01_1_2_Chlorophyll_A_001_phosphate_plate5.tif,1,800.000,800,800
19766,F8_01_1_2_Chlorophyll_A_001_phosphate_plate5.tif,2,800.000,800,800
19767,F8_01_1_2_Chlorophyll_A_001_phosphate_plate5.tif,2,832.000,816,848
19768,F8_01_1_2_Chlorophyll_A_001_phosphate_plate5.tif,1,768.000,768,768
19769,F8_01_1_2_Chlorophyll_A_001_phosphate_plate5.tif,2,808.000,768,848
19770,F8_01_1_2_Chlorophyll_A_001_phosphate_plate5.tif,1,768.000,768,768
19771,F8_01_1_2_Chlorophyll_A_001_phosphate_plate5.tif,2,864.000,832,896
19772,F8_01_1_2_Chlorophyll_A_001_phosphate_plate5.tif,6,810.667,784,864
19773,F8_01_1_2_Chlorophyll_A_001_phosphate_plate5.tif,4,804.000,768,864
19774,F8_01_1_2_Chlorophyll_A_001_phosphate_plate5.tif,1,768.000,768,768
19775,F8_01_1_2_Chlorophyll_A_001_phosphate_plate5.tif,1,816.000,816,816
19776,F8_01_1_2_Chlorophyll_A_001_phosphate_plate5.tif,1,784.000,784,784
19777,F8_01_1_2_Chlorophyll_A_001_phosphate_plate5.tif,3,810.667,768,864
19778,F8_01_1_2_Chlorophyll_A_001_phosphate_plate5.tif,1,864.000,864,864
19779,F8_01_1_2_Chlorophyll_A_001_phosphate_plate5.tif,1,768.000,768,768
19780,F8_01_1_2_Chlorophyll_A_001_phosphate_plate5.tif,1,832.000,832,832
19781,F8_01_1_2_Chlorophyll_A_001_phosphate_plate5.tif,1,784.000,784,784
19782,F8_01_1_2_Chlorophyll_A_001_phosphate_plate5.tif,1,768.000,768,768
19783,F8_01_1_2_Chlorophyll_A_001_phosphate_plate5.tif,1,928.000,928,928
19784,F8_01_1_2_Chlorophyll_A_001_phosphate_plate5.tif,4,856.000,816,880
19785,F8_01_1_2_Chlorophyll_A_001_phosphate_plate5.tif,1,784.000,784,784
19786,F8_01_1_2_Chlorophyll_A_001_phosphate_plate5.tif,2,832.000,816,848
19787,F8_01_1_2_Chlorophyll_A_001_phosphate_plate5.tif,1,768.000,768,768
19788,F8_01_1_2_Chlorophyll_A_001_phosphate_plate5.tif,1,800.000,800,800
19789,F8_01_1_2_Chlorophyll_A_001_phosphate_plate5.tif,1,784.000,784,784
19790,F8_01_1_2_Chlorophyll_A_001_phosphate_plate5.tif,1,784.000,784,784
19791,F8_01_1_2_Chlorophyll_A_001_phosphate_plate5.tif,1,800.000,800,800
19792,F8_01_1_2_Chlorophyll_A_001_phosphate_plate5.tif,1,848.000,848,848
19793,F8_01_1_2_Chlorophyll_A_001_phosphate_plate5.tif,1,768.000,768,768
19794,F8_01_1_2_Chlorophyll_A_001_phosphate_plate5.tif,1,848.000,848,848
19795,F8_01_1_2_Chlorophyll_A_001_phosphate_plate5.tif,1,768.000,768,768
19796,F8_01_1_2_Chlorophyll_A_001_phosphate_plate5.tif,1,784.000,784,784
19797,F8_01_1_2_Chlorophyll_A_001_phosphate_plate5.tif,1,832.000,832,832
19798,F8_01_1_2_Chlorophyll_A_001_phosphate_plate5.tif,1,768.000,768,768
19799,F8_01_1_2_Chlorophyll_A_001_phosphate_plate5.tif,2,856.000,848,864
19800,F8_01_1_2_Chlorophyll_A_001_phosphate_plate5.tif,39,859.077,768,1136
19801,F8_01_1_2_Chlorophyll_A_001_phosphate_plate5.tif,15,845.867,768,1008
19802,F8_01_1_2_Chlorophyll_A_001_phosphate_plate5.tif,33,883.879,768,1056
19803,F8_01_1_2_Chlorophyll_A_001_phosphate_plate5.tif,126,879.873,768,1296
19804,F8_01_1_2_Chlorophyll_A_001_phosphate_plate5.tif,3,906.667,768,1072
19805,F8_01_1_2_Chlorophyll_A_001_phosphate_plate5.tif,3,842.667,800,912
19806,F8_01_1_2_Chlorophyll_A_001_phosphate_plate5.tif,2,824.000,800,848
19807,F8_01_1_2_Chlorophyll_A_001_phosphate_plate5.tif,26,838.154,768,992
19808,F8_01_1_2_Chlorophyll_A_001_phosphate_plate5.tif,2,920.000,800,1040
19809,F8_01_1_2_Chlorophyll_A_001_phosphate_plate5.tif,1,912.000,912,912
19810,F8_01_1_2_Chlorophyll_A_001_phosphate_plate5.tif,2,904.000,864,944
19811,F8_01_1_2_Chlorophyll_A_001_phosphate_plate5.tif,2,912.000,896,928
19812,F8_01_1_2_Chlorophyll_A_001_phosphate_plate5.tif,3,933.333,816,992
19813,F8_01_1_2_Chlorophyll_A_001_phosphate_plate5.tif,2,784.000,768,800
19814,F8_01_1_2_Chlorophyll_A_001_phosphate_plate5.tif,1,896.000,896,896
19815,F8_01_1_2_Chlorophyll_A_001_phosphate_plate5.tif,1,832.000,832,832
19816,F8_01_1_2_Chlorophyll_A_001_phosphate_plate5.tif,5,844.800,768,944
19817,F8_01_1_2_Chlorophyll_A_001_phosphate_plate5.tif,1,848.000,848,848
19818,F8_01_1_2_Chlorophyll_A_001_phosphate_plate5.tif,1,832.000,832,832
19819,F8_01_1_2_Chlorophyll_A_001_phosphate_plate5.tif,7,829.714,768,880
19820,F8_01_1_2_Chlorophyll_A_001_phosphate_plate5.tif,1,816.000,816,816
19821,F8_01_1_2_Chlorophyll_A_001_phosphate_plate5.tif,2,840.000,800,880
19822,F8_01_1_2_Chlorophyll_A_001_phosphate_plate5.tif,2,864.000,816,912
19823,F8_01_1_2_Chlorophyll_A_001_phosphate_plate5.tif,1,784.000,784,784
19824,F8_01_1_2_Chlorophyll_A_001_phosphate_plate5.tif,4,804.000,768,880
19825,F8_01_1_2_Chlorophyll_A_001_phosphate_plate5.tif,1,784.000,784,784
19826,F8_01_1_2_Chlorophyll_A_001_phosphate_plate5.tif,1,800.000,800,800
19827,F8_01_1_2_Chlorophyll_A_001_phosphate_plate5.tif,2,856.000,768,944
19828,F8_01_1_2_Chlorophyll_A_001_phosphate_plate5.tif,6,818.667,768,928
19829,F8_01_1_2_Chlorophyll_A_001_phosphate_plate5.tif,1,784.000,784,784
19830,F8_01_1_2_Chlorophyll_A_001_phosphate_plate5.tif,1,768.000,768,768
19831,F8_01_1_2_Chlorophyll_A_001_phosphate_plate5.tif,1,800.000,800,800
19832,F8_01_1_2_Chlorophyll_A_001_phosphate_plate5.tif,1,992.000,992,992
19833,F8_01_1_2_Chlorophyll_A_001_phosphate_plate5.tif,1,848.000,848,848
19834,F8_01_1_2_Chlorophyll_A_001_phosphate_plate5.tif,3,837.333,832,848
19835,F8_01_1_2_Chlorophyll_A_001_phosphate_plate5.tif,1,848.000,848,848
19836,F8_01_1_2_Chlorophyll_A_001_phosphate_plate5.tif,1,928.000,928,928
19837,F8_01_1_2_Chlorophyll_A_001_phosphate_plate5.tif,2,856.000,848,864
19838,F8_01_1_2_Chlorophyll_A_001_phosphate_plate5.tif,1,944.000,944,944
19839,F8_01_1_2_Chlorophyll_A_001_phosphate_plate5.tif,1,784.000,784,784
19840,F8_01_1_2_Chlorophyll_A_001_phosphate_plate5.tif,2,776.000,768,784
19841,F8_01_1_2_Chlorophyll_A_001_phosphate_plate5.tif,1,832.000,832,832
19842,F8_01_1_2_Chlorophyll_A_001_phosphate_plate5.tif,2,872.000,864,880
19843,F8_01_1_2_Chlorophyll_A_001_phosphate_plate5.tif,1,928.000,928,928
19844,F8_01_1_2_Chlorophyll_A_001_phosphate_plate5.tif,2,824.000,784,864
19845,F8_01_1_2_Chlorophyll_A_001_phosphate_plate5.tif,1,832.000,832,832
19846,F8_01_1_2_Chlorophyll_A_001_phosphate_plate5.tif,2,784.000,768,800
19847,F8_01_1_2_Chlorophyll_A_001_phosphate_plate5.tif,2,816.000,784,848
19848,F8_01_1_2_Chlorophyll_A_001_phosphate_plate5.tif,2,960.000,944,976
19849,F8_01_1_2_Chlorophyll_A_001_phosphate_plate5.tif,4,812.000,768,928
19850,F8_01_1_2_Chlorophyll_A_001_phosphate_plate5.tif,1,816.000,816,816
19851,F8_01_1_2_Chlorophyll_A_001_phosphate_plate5.tif,1,880.000,880,880
19852,F8_01_1_2_Chlorophyll_A_001_phosphate_plate5.tif,1,768.000,768,768
19853,F8_01_1_2_Chlorophyll_A_001_phosphate_plate5.tif,1,784.000,784,784
19854,F8_01_1_2_Chlorophyll_A_001_phosphate_plate5.tif,1,1008.000,1008,1008
19855,F8_01_1_2_Chlorophyll_A_001_phosphate_plate5.tif,21,866.286,768,1040
19856,F8_01_1_2_Chlorophyll_A_001_phosphate_plate5.tif,67,872.836,768,1232
19857,F8_01_1_2_Chlorophyll_A_001_phosphate_plate5.tif,14,904.000,784,1088
19858,F8_01_1_2_Chlorophyll_A_001_phosphate_plate5.tif,4,888.000,800,960
19859,F8_01_1_2_Chlorophyll_A_001_phosphate_plate5.tif,1,768.000,768,768
19860,F8_01_1_2_Chlorophyll_A_001_phosphate_plate5.tif,2,880.000,784,976
19861,F8_01_1_2_Chlorophyll_A_001_phosphate_plate5.tif,2,840.000,816,864
19862,F8_01_1_2_Chlorophyll_A_001_phosphate_plate5.tif,1,1088.000,1088,1088
19863,F8_01_1_2_Chlorophyll_A_001_phosphate_plate5.tif,1,768.000,768,768
19864,F8_01_1_2_Chlorophyll_A_001_phosphate_plate5.tif,1,784.000,784,784
19865,F8_01_1_2_Chlorophyll_A_001_phosphate_plate5.tif,1,768.000,768,768
19866,F8_01_1_2_Chlorophyll_A_001_phosphate_plate5.tif,2,944.000,896,992
19867,F8_01_1_2_Chlorophyll_A_001_phosphate_plate5.tif,1,960.000,960,960
19868,F8_01_1_2_Chlorophyll_A_001_phosphate_plate5.tif,4,892.000,832,960
19869,F8_01_1_2_Chlorophyll_A_001_phosphate_plate5.tif,1,960.000,960,960
19870,F8_01_1_2_Chlorophyll_A_001_phosphate_plate5.tif,1,784.000,784,784
19871,F8_01_1_2_Chlorophyll_A_001_phosphate_plate5.tif,2,816.000,816,816
19872,F8_01_1_2_Chlorophyll_A_001_phosphate_plate5.tif,11,855.273,768,976
19873,F8_01_1_2_Chlorophyll_A_001_phosphate_plate5.tif,1,848.000,848,848
19874,F8_01_1_2_Chlorophyll_A_001_phosphate_plate5.tif,2,856.000,784,928
19875,F8_01_1_2_Chlorophyll_A_001_phosphate_plate5.tif,1,816.000,816,816
19876,F8_01_1_2_Chlorophyll_A_001_phosphate_plate5.tif,2,816.000,800,832
19877,F8_01_1_2_Chlorophyll_A_001_phosphate_plate5.tif,8,828.000,768,880
19878,F8_01_1_2_Chlorophyll_A_001_phosphate_plate5.tif,1,816.000,816,816
19879,F8_01_1_2_Chlorophyll_A_001_phosphate_plate5.tif,2,824.000,800,848
19880,F8_01_1_2_Chlorophyll_A_001_phosphate_plate5.tif,1,784.000,784,784
19881,F8_01_1_2_Chlorophyll_A_001_phosphate_plate5.tif,2,864.000,816,912
19882,F8_01_1_2_Chlorophyll_A_001_phosphate_plate5.tif,1,800.000,800,800
19883,F8_01_1_2_Chlorophyll_A_001_phosphate_plate5.tif,1,848.000,848,848
19884,F8_01_1_2_Chlorophyll_A_001_phosphate_plate5.tif,1,768.000,768,768
19885,F8_01_1_2_Chlorophyll_A_001_phosphate_plate5.tif,1,832.000,832,832
19886,F8_01_1_2_Chlorophyll_A_001_phosphate_plate5.tif,1,768.000,768,768
19887,F8_01_1_2_Chlorophyll_A_001_phosphate_plate5.tif,1,848.000,848,848
19888,F8_01_1_2_Chlorophyll_A_001_phosphate_plate5.tif,1,880.000,880,880
19889,F8_01_1_2_Chlorophyll_A_001_phosphate_plate5.tif,1,992.000,992,992
19890,F8_01_1_2_Chlorophyll_A_001_phosphate_plate5.tif,2,832.000,784,880
19891,F8_01_1_2_Chlorophyll_A_001_phosphate_plate5.tif,1,800.000,800,800
19892,F8_01_1_2_Chlorophyll_A_001_phosphate_plate5.tif,1,768.000,768,768
19893,F8_01_1_2_Chlorophyll_A_001_phosphate_plate5.tif,1,768.000,768,768
19894,F8_01_1_2_Chlorophyll_A_001_phosphate_plate5.tif,1,848.000,848,848
19895,F8_01_1_2_Chlorophyll_A_001_phosphate_plate5.tif,1,800.000,800,800
19896,F8_01_1_2_Chlorophyll_A_001_phosphate_plate5.tif,1,768.000,768,768
19897,F8_01_1_2_Chlorophyll_A_001_phosphate_plate5.tif,1,816.000,816,816
19898,F8_01_1_2_Chlorophyll_A_001_phosphate_plate5.tif,2,864.000,784,944
19899,F8_01_1_2_Chlorophyll_A_001_phosphate_plate5.tif,1,768.000,768,768
19900,F8_01_1_2_Chlorophyll_A_001_phosphate_plate5.tif,3,800.000,784,816
19901,F8_01_1_2_Chlorophyll_A_001_phosphate_plate5.tif,1,800.000,800,800
19902,F8_01_1_2_Chlorophyll_A_001_phosphate_plate5.tif,136,864.000,768,1104
19903,F8_01_1_2_Chlorophyll_A_001_phosphate_plate5.tif,56,858.286,768,1120
19904,F8_01_1_2_Chlorophyll_A_001_phosphate_plate5.tif,67,875.463,768,1120
19905,F8_01_1_2_Chlorophyll_A_001_phosphate_plate5.tif,55,905.309,784,1280
19906,F8_01_1_2_Chlorophyll_A_001_phosphate_plate5.tif,1,912.000,912,912
19907,F8_01_1_2_Chlorophyll_A_001_phosphate_plate5.tif,1,768.000,768,768
19908,F8_01_1_2_Chlorophyll_A_001_phosphate_plate5.tif,1,1056.000,1056,1056
19909,F8_01_1_2_Chlorophyll_A_001_phosphate_plate5.tif,4,816.000,784,864
19910,F8_01_1_2_Chlorophyll_A_001_phosphate_plate5.tif,3,858.667,800,928
19911,F8_01_1_2_Chlorophyll_A_001_phosphate_plate5.tif,5,784.000,768,816
19912,F8_01_1_2_Chlorophyll_A_001_phosphate_plate5.tif,1,768.000,768,768
19913,F8_01_1_2_Chlorophyll_A_001_phosphate_plate5.tif,2,832.000,800,864
19914,F8_01_1_2_Chlorophyll_A_001_phosphate_plate5.tif,1,800.000,800,800
19915,F8_01_1_2_Chlorophyll_A_001_phosphate_plate5.tif,1,848.000,848,848
19916,F8_01_1_2_Chlorophyll_A_001_phosphate_plate5.tif,1,848.000,848,848
19917,F8_01_1_2_Chlorophyll_A_001_phosphate_plate5.tif,2,800.000,784,816
19918,F8_01_1_2_Chlorophyll_A_001_phosphate_plate5.tif,2,792.000,768,816
19919,F8_01_1_2_Chlorophyll_A_001_phosphate_plate5.tif,3,810.667,800,832
19920,F8_01_1_2_Chlorophyll_A_001_phosphate_plate5.tif,1,896.000,896,896
19921,F8_01_1_2_Chlorophyll_A_001_phosphate_plate5.tif,1,864.000,864,864
19922,F8_01_1_2_Chlorophyll_A_001_phosphate_plate5.tif,1,800.000,800,800
19923,F8_01_1_2_Chlorophyll_A_001_phosphate_plate5.tif,1,768.000,768,768
19924,F8_01_1_2_Chlorophyll_A_001_phosphate_plate5.tif,1,816.000,816,816
19925,F8_01_1_2_Chlorophyll_A_001_phosphate_plate5.tif,3,906.667,784,1024
19926,F8_01_1_2_Chlorophyll_A_001_phosphate_plate5.tif,1,848.000,848,848
19927,F8_01_1_2_Chlorophyll_A_001_phosphate_plate5.tif,2,800.000,800,800
19928,F8_01_1_2_Chlorophyll_A_001_phosphate_plate5.tif,1,784.000,784,784
19929,F8_01_1_2_Chlorophyll_A_001_phosphate_plate5.tif,1,848.000,848,848
19930,F8_01_1_2_Chlorophyll_A_001_phosphate_plate5.tif,2,824.000,800,848
19931,F8_01_1_2_Chlorophyll_A_001_phosphate_plate5.tif,1,768.000,768,768
19932,F8_01_1_2_Chlorophyll_A_001_phosphate_plate5.tif,135,3474.726,768,18448
19933,F8_01_1_2_Chlorophyll_A_001_phosphate_plate5.tif,1,896.000,896,896
19934,F8_01_1_2_Chlorophyll_A_001_phosphate_plate5.tif,1,784.000,784,784
19935,F8_01_1_2_Chlorophyll_A_001_phosphate_plate5.tif,2,816.000,800,832
19936,F8_01_1_2_Chlorophyll_A_001_phosphate_plate5.tif,1,768.000,768,768
19937,F8_01_1_2_Chlorophyll_A_001_phosphate_plate5.tif,2,784.000,768,800
19938,F8_01_1_2_Chlorophyll_A_001_phosphate_plate5.tif,1,800.000,800,800
19939,F8_01_1_2_Chlorophyll_A_001_phosphate_plate5.tif,1,768.000,768,768
19940,F8_01_1_2_Chlorophyll_A_001_phosphate_plate5.tif,1,784.000,784,784
19941,F8_01_1_2_Chlorophyll_A_001_phosphate_plate5.tif,2,832.000,816,848
19942,F8_01_1_2_Chlorophyll_A_001_phosphate_plate5.tif,2,840.000,800,880
19943,F8_01_1_2_Chlorophyll_A_001_phosphate_plate5.tif,1,800.000,800,800
19944,F8_01_1_2_Chlorophyll_A_001_phosphate_plate5.tif,1,848.000,848,848
19945,F8_01_1_2_Chlorophyll_A_001_phosphate_plate5.tif,4,796.000,784,832
19946,F8_01_1_2_Chlorophyll_A_001_phosphate_plate5.tif,1,816.000,816,816
19947,F8_01_1_2_Chlorophyll_A_001_phosphate_plate5.tif,5,838.400,768,1008
19948,F8_01_1_2_Chlorophyll_A_001_phosphate_plate5.tif,4,872.000,784,976
19949,F8_01_1_2_Chlorophyll_A_001_phosphate_plate5.tif,1,848.000,848,848
19950,F8_01_1_2_Chlorophyll_A_001_phosphate_plate5.tif,1,864.000,864,864
19951,F8_01_1_2_Chlorophyll_A_001_phosphate_plate5.tif,1,864.000,864,864
19952,F8_01_1_2_Chlorophyll_A_001_phosphate_plate5.tif,2,880.000,832,928
19953,F8_01_1_2_Chlorophyll_A_001_phosphate_plate5.tif,1,848.000,848,848
19954,F8_01_1_2_Chlorophyll_A_001_phosphate_plate5.tif,1,816.000,816,816
19955,F8_01_1_2_Chlorophyll_A_001_phosphate_plate5.tif,1,880.000,880,880
19956,F8_01_1_2_Chlorophyll_A_001_phosphate_plate5.tif,12,837.333,768,928
19957,F8_01_1_2_Chlorophyll_A_001_phosphate_plate5.tif,12,886.667,784,1040
19958,F8_01_1_2_Chlorophyll_A_001_phosphate_plate5.tif,1,896.000,896,896
19959,F8_01_1_2_Chlorophyll_A_001_phosphate_plate5.tif,1,832.000,832,832
19960,F8_01_1_2_Chlorophyll_A_001_phosphate_plate5.tif,1,800.000,800,800
19961,F8_01_1_2_Chlorophyll_A_001_phosphate_plate5.tif,6,794.667,768,848
19962,F8_01_1_2_Chlorophyll_A_001_phosphate_plate5.tif,1,832.000,832,832
19963,F8_01_1_2_Chlorophyll_A_001_phosphate_plate5.tif,2,808.000,784,832
19964,F8_01_1_2_Chlorophyll_A_001_phosphate_plate5.tif,1,912.000,912,912
19965,F8_01_1_2_Chlorophyll_A_001_phosphate_plate5.tif,1,768.000,768,768
19966,F8_01_1_2_Chlorophyll_A_001_phosphate_plate5.tif,1,800.000,800,800
19967,F8_01_1_2_Chlorophyll_A_001_phosphate_plate5.tif,1,768.000,768,768
19968,F8_01_1_2_Chlorophyll_A_001_phosphate_plate5.tif,3,885.333,784,992
19969,F8_01_1_2_Chlorophyll_A_001_phosphate_plate5.tif,3,805.333,768,832
19970,F8_01_1_2_Chlorophyll_A_001_phosphate_plate5.tif,1,784.000,784,784
19971,F8_01_1_2_Chlorophyll_A_001_phosphate_plate5.tif,1,848.000,848,848
19972,F8_01_1_2_Chlorophyll_A_001_phosphate_plate5.tif,1,784.000,784,784
19973,F8_01_1_2_Chlorophyll_A_001_phosphate_plate5.tif,2,848.000,816,880
19974,F8_01_1_2_Chlorophyll_A_001_phosphate_plate5.tif,4,836.000,768,896
19975,F8_01_1_2_Chlorophyll_A_001_phosphate_plate5.tif,2,824.000,784,864
19976,F8_01_1_2_Chlorophyll_A_001_phosphate_plate5.tif,2,792.000,784,800
19977,F8_01_1_2_Chlorophyll_A_001_phosphate_plate5.tif,1,800.000,800,800
19978,F8_01_1_2_Chlorophyll_A_001_phosphate_plate5.tif,2,816.000,768,864
19979,F8_01_1_2_Chlorophyll_A_001_phosphate_plate5.tif,1,800.000,800,800
19980,F8_01_1_2_Chlorophyll_A_001_phosphate_plate5.tif,1,816.000,816,816
19981,F8_01_1_2_Chlorophyll_A_001_phosphate_plate5.tif,2,824.000,768,880
19982,F8_01_1_2_Chlorophyll_A_001_phosphate_plate5.tif,2,808.000,768,848
19983,F8_01_1_2_Chlorophyll_A_001_phosphate_plate5.tif,1,912.000,912,912
19984,F8_01_1_2_Chlorophyll_A_001_phosphate_plate5.tif,1,912.000,912,912
19985,F8_01_1_2_Chlorophyll_A_001_phosphate_plate5.tif,1,768.000,768,768
19986,F8_01_1_2_Chlorophyll_A_001_phosphate_plate5.tif,1,864.000,864,864
19987,F8_01_1_2_Chlorophyll_A_001_phosphate_plate5.tif,1,784.000,784,784
19988,F8_01_1_2_Chlorophyll_A_001_phosphate_plate5.tif,1,768.000,768,768
19989,F8_01_1_2_Chlorophyll_A_001_phosphate_plate5.tif,1,1104.000,1104,1104
19990,F8_01_1_2_Chlorophyll_A_001_phosphate_plate5.tif,1,880.000,880,880
19991,F8_01_1_2_Chlorophyll_A_001_phosphate_plate5.tif,1,880.000,880,880
19992,F8_01_1_2_Chlorophyll_A_001_phosphate_plate5.tif,1,816.000,816,816
19993,F8_01_1_2_Chlorophyll_A_001_phosphate_plate5.tif,1,848.000,848,848
19994,F8_01_1_2_Chlorophyll_A_001_phosphate_plate5.tif,1,784.000,784,784
19995,F8_01_1_2_Chlorophyll_A_001_phosphate_plate5.tif,1,928.000,928,928
19996,F8_01_1_2_Chlorophyll_A_001_phosphate_plate5.tif,1,768.000,768,768
19997,F8_01_1_2_Chlorophyll_A_001_phosphate_plate5.tif,1,768.000,768,768
19998,F8_01_1_2_Chlorophyll_A_001_phosphate_plate5.tif,2,872.000,800,944
19999,F8_01_1_2_Chlorophyll_A_001_phosphate_plate5.tif,33,874.182,768,1088
20000,F8_01_1_2_Chlorophyll_A_001_phosphate_plate5.tif,1,912.000,912,912
20001,F8_01_1_2_Chlorophyll_A_001_phosphate_plate5.tif,54,878.815,768,1104
20002,F8_01_1_2_Chlorophyll_A_001_phosphate_plate5.tif,1,816.000,816,816
20003,F8_01_1_2_Chlorophyll_A_001_phosphate_plate5.tif,158,880.304,768,1200
20004,F8_01_1_2_Chlorophyll_A_001_phosphate_plate5.tif,2,768.000,768,768
20005,F8_01_1_2_Chlorophyll_A_001_phosphate_plate5.tif,10,876.800,800,944
20006,F8_01_1_2_Chlorophyll_A_001_phosphate_plate5.tif,1,816.000,816,816
20007,F8_01_1_2_Chlorophyll_A_001_phosphate_plate5.tif,1,800.000,800,800
20008,F8_01_1_2_Chlorophyll_A_001_phosphate_plate5.tif,1,896.000,896,896
20009,F8_01_1_2_Chlorophyll_A_001_phosphate_plate5.tif,1,816.000,816,816
20010,F8_01_1_2_Chlorophyll_A_001_phosphate_plate5.tif,1,800.000,800,800
20011,F8_01_1_2_Chlorophyll_A_001_phosphate_plate5.tif,7,870.857,768,1024
20012,F8_01_1_2_Chlorophyll_A_001_phosphate_plate5.tif,2,896.000,800,992
20013,F8_01_1_2_Chlorophyll_A_001_phosphate_plate5.tif,5,854.400,784,944
20014,F8_01_1_2_Chlorophyll_A_001_phosphate_plate5.tif,1,848.000,848,848
20015,F8_01_1_2_Chlorophyll_A_001_phosphate_plate5.tif,1,880.000,880,880
20016,F8_01_1_2_Chlorophyll_A_001_phosphate_plate5.tif,1,800.000,800,800
20017,F8_01_1_2_Chlorophyll_A_001_phosphate_plate5.tif,1,784.000,784,784
20018,F8_01_1_2_Chlorophyll_A_001_phosphate_plate5.tif,8,908.000,768,1168
20019,F8_01_1_2_Chlorophyll_A_001_phosphate_plate5.tif,7,818.286,768,880
20020,F8_01_1_2_Chlorophyll_A_001_phosphate_plate5.tif,1,848.000,848,848
20021,F8_01_1_2_Chlorophyll_A_001_phosphate_plate5.tif,7,859.429,784,1008
20022,F8_01_1_2_Chlorophyll_A_001_phosphate_plate5.tif,1,816.000,816,816
20023,F8_01_1_2_Chlorophyll_A_001_phosphate_plate5.tif,2,872.000,848,896
20024,F8_01_1_2_Chlorophyll_A_001_phosphate_plate5.tif,1,896.000,896,896
20025,F8_01_1_2_Chlorophyll_A_001_phosphate_plate5.tif,2,864.000,848,880
20026,F8_01_1_2_Chlorophyll_A_001_phosphate_plate5.tif,1,784.000,784,784
20027,F8_01_1_2_Chlorophyll_A_001_phosphate_plate5.tif,4,788.000,768,816
20028,F8_01_1_2_Chlorophyll_A_001_phosphate_plate5.tif,279,3278.796,768,29008
20029,F8_01_1_2_Chlorophyll_A_001_phosphate_plate5.tif,6,808.000,768,880
20030,F8_01_1_2_Chlorophyll_A_001_phosphate_plate5.tif,2,776.000,768,784
20031,F8_01_1_2_Chlorophyll_A_001_phosphate_plate5.tif,2,800.000,768,832
20032,F8_01_1_2_Chlorophyll_A_001_phosphate_plate5.tif,1,768.000,768,768
20033,F8_01_1_2_Chlorophyll_A_001_phosphate_plate5.tif,1,816.000,816,816
20034,F8_01_1_2_Chlorophyll_A_001_phosphate_plate5.tif,1,912.000,912,912
20035,F8_01_1_2_Chlorophyll_A_001_phosphate_plate5.tif,1,816.000,816,816
20036,F8_01_1_2_Chlorophyll_A_001_phosphate_plate5.tif,1,848.000,848,848
20037,F8_01_1_2_Chlorophyll_A_001_phosphate_plate5.tif,1,800.000,800,800
20038,F8_01_1_2_Chlorophyll_A_001_phosphate_plate5.tif,4,804.000,768,880
20039,F8_01_1_2_Chlorophyll_A_001_phosphate_plate5.tif,1,816.000,816,816
20040,F8_01_1_2_Chlorophyll_A_001_phosphate_plate5.tif,1,816.000,816,816
20041,F8_01_1_2_Chlorophyll_A_001_phosphate_plate5.tif,1,944.000,944,944
20042,F8_01_1_2_Chlorophyll_A_001_phosphate_plate5.tif,1,784.000,784,784
20043,F8_01_1_2_Chlorophyll_A_001_phosphate_plate5.tif,1,800.000,800,800
20044,F8_01_1_2_Chlorophyll_A_001_phosphate_plate5.tif,4,788.000,768,832
20045,F8_01_1_2_Chlorophyll_A_001_phosphate_plate5.tif,2,800.000,800,800
20046,F8_01_1_2_Chlorophyll_A_001_phosphate_plate5.tif,1,768.000,768,768
20047,F8_01_1_2_Chlorophyll_A_001_phosphate_plate5.tif,5,848.000,768,896
20048,F8_01_1_2_Chlorophyll_A_001_phosphate_plate5.tif,128,2225.625,768,12768
20049,F8_01_1_2_Chlorophyll_A_001_phosphate_plate5.tif,1,768.000,768,768
20050,F8_01_1_2_Chlorophyll_A_001_phosphate_plate5.tif,2,768.000,768,768
20051,F8_01_1_2_Chlorophyll_A_001_phosphate_plate5.tif,1,864.000,864,864
20052,F8_01_1_2_Chlorophyll_A_001_phosphate_plate5.tif,1,864.000,864,864
20053,F8_01_1_2_Chlorophyll_A_001_phosphate_plate5.tif,1,816.000,816,816
20054,F8_01_1_2_Chlorophyll_A_001_phosphate_plate5.tif,59,859.661,768,1008
20055,F8_01_1_2_Chlorophyll_A_001_phosphate_plate5.tif,2,848.000,832,864
20056,F8_01_1_2_Chlorophyll_A_001_phosphate_plate5.tif,1,768.000,768,768
20057,F8_01_1_2_Chlorophyll_A_001_phosphate_plate5.tif,2,840.000,784,896
20058,F8_01_1_2_Chlorophyll_A_001_phosphate_plate5.tif,1,976.000,976,976
20059,F8_01_1_2_Chlorophyll_A_001_phosphate_plate5.tif,4,896.000,784,992
20060,F8_01_1_2_Chlorophyll_A_001_phosphate_plate5.tif,13,914.462,784,1200
20061,F8_01_1_2_Chlorophyll_A_001_phosphate_plate5.tif,8,852.000,768,928
20062,F8_01_1_2_Chlorophyll_A_001_phosphate_plate5.tif,1,768.000,768,768
20063,F8_01_1_2_Chlorophyll_A_001_phosphate_plate5.tif,6,877.333,800,960
20064,F8_01_1_2_Chlorophyll_A_001_phosphate_plate5.tif,1,784.000,784,784
20065,F8_01_1_2_Chlorophyll_A_001_phosphate_plate5.tif,3,890.667,784,1088
20066,F8_01_1_2_Chlorophyll_A_001_phosphate_plate5.tif,3,922.667,848,1008
20067,F8_01_1_2_Chlorophyll_A_001_phosphate_plate5.tif,3,826.667,784,896
20068,F8_01_1_2_Chlorophyll_A_001_phosphate_plate5.tif,1,848.000,848,848
20069,F8_01_1_2_Chlorophyll_A_001_phosphate_plate5.tif,1,816.000,816,816
20070,F8_01_1_2_Chlorophyll_A_001_phosphate_plate5.tif,3,864.000,768,928
20071,F8_01_1_2_Chlorophyll_A_001_phosphate_plate5.tif,2,816.000,816,816
20072,F8_01_1_2_Chlorophyll_A_001_phosphate_plate5.tif,1,784.000,784,784
20073,F8_01_1_2_Chlorophyll_A_001_phosphate_plate5.tif,1,960.000,960,960
20074,F8_01_1_2_Chlorophyll_A_001_phosphate_plate5.tif,1,912.000,912,912
20075,F8_01_1_2_Chlorophyll_A_001_phosphate_plate5.tif,1,832.000,832,832
20076,F8_01_1_2_Chlorophyll_A_001_phosphate_plate5.tif,1,800.000,800,800
20077,F8_01_1_2_Chlorophyll_A_001_phosphate_plate5.tif,1,896.000,896,896
20078,F8_01_1_2_Chlorophyll_A_001_phosphate_plate5.tif,1,768.000,768,768
20079,F8_01_1_2_Chlorophyll_A_001_phosphate_plate5.tif,1,768.000,768,768
20080,F8_01_1_2_Chlorophyll_A_001_phosphate_plate5.tif,1,784.000,784,784
20081,F8_01_1_2_Chlorophyll_A_001_phosphate_plate5.tif,1,800.000,800,800
20082,F8_01_1_2_Chlorophyll_A_001_phosphate_plate5.tif,1,864.000,864,864
20083,F8_01_1_2_Chlorophyll_A_001_phosphate_plate5.tif,1,896.000,896,896
20084,F8_01_1_2_Chlorophyll_A_001_phosphate_plate5.tif,1,784.000,784,784
20085,F8_01_1_2_Chlorophyll_A_001_phosphate_plate5.tif,1,800.000,800,800
20086,F8_01_1_2_Chlorophyll_A_001_phosphate_plate5.tif,3,821.333,768,896
20087,F8_01_1_2_Chlorophyll_A_001_phosphate_plate5.tif,1,784.000,784,784
20088,F8_01_1_2_Chlorophyll_A_001_phosphate_plate5.tif,1,912.000,912,912
20089,F8_01_1_2_Chlorophyll_A_001_phosphate_plate5.tif,2,856.000,816,896
20090,F8_01_1_2_Chlorophyll_A_001_phosphate_plate5.tif,1,800.000,800,800
20091,F8_01_1_2_Chlorophyll_A_001_phosphate_plate5.tif,2,864.000,848,880
20092,F8_01_1_2_Chlorophyll_A_001_phosphate_plate5.tif,1,768.000,768,768
20093,F8_01_1_2_Chlorophyll_A_001_phosphate_plate5.tif,2,816.000,768,864
20094,F8_01_1_2_Chlorophyll_A_001_phosphate_plate5.tif,1,896.000,896,896
20095,F8_01_1_2_Chlorophyll_A_001_phosphate_plate5.tif,1,832.000,832,832
20096,F8_01_1_2_Chlorophyll_A_001_phosphate_plate5.tif,1,784.000,784,784
20097,F8_01_1_2_Chlorophyll_A_001_phosphate_plate5.tif,1,816.000,816,816
20098,F8_01_1_2_Chlorophyll_A_001_phosphate_plate5.tif,1,768.000,768,768
20099,F8_01_1_2_Chlorophyll_A_001_phosphate_plate5.tif,1,784.000,784,784
20100,F8_01_1_2_Chlorophyll_A_001_phosphate_plate5.tif,1,848.000,848,848
20101,F8_01_1_2_Chlorophyll_A_001_phosphate_plate5.tif,3,880.000,768,1024
20102,F8_01_1_2_Chlorophyll_A_001_phosphate_plate5.tif,1,960.000,960,960
20103,F8_01_1_2_Chlorophyll_A_001_phosphate_plate5.tif,44,883.273,768,1152
20104,F8_01_1_2_Chlorophyll_A_001_phosphate_plate5.tif,56,880.857,768,1120
20105,F8_01_1_2_Chlorophyll_A_001_phosphate_plate5.tif,158,1859.949,768,12320
20106,F8_01_1_2_Chlorophyll_A_001_phosphate_plate5.tif,1,832.000,832,832
20107,F8_01_1_2_Chlorophyll_A_001_phosphate_plate5.tif,2,968.000,880,1056
20108,F8_01_1_2_Chlorophyll_A_001_phosphate_plate5.tif,2,824.000,800,848
20109,F8_01_1_2_Chlorophyll_A_001_phosphate_plate5.tif,1,800.000,800,800
20110,F8_01_1_2_Chlorophyll_A_001_phosphate_plate5.tif,1,880.000,880,880
20111,F8_01_1_2_Chlorophyll_A_001_phosphate_plate5.tif,5,800.000,768,832
20112,F8_01_1_2_Chlorophyll_A_001_phosphate_plate5.tif,1,976.000,976,976
20113,F8_01_1_2_Chlorophyll_A_001_phosphate_plate5.tif,1,848.000,848,848
20114,F8_01_1_2_Chlorophyll_A_001_phosphate_plate5.tif,1,768.000,768,768
20115,F8_01_1_2_Chlorophyll_A_001_phosphate_plate5.tif,1,784.000,784,784
20116,F8_01_1_2_Chlorophyll_A_001_phosphate_plate5.tif,1,912.000,912,912
20117,F8_01_1_2_Chlorophyll_A_001_phosphate_plate5.tif,4,788.000,768,816
20118,F8_01_1_2_Chlorophyll_A_001_phosphate_plate5.tif,1,784.000,784,784
20119,F8_01_1_2_Chlorophyll_A_001_phosphate_plate5.tif,2,872.000,816,928
20120,F8_01_1_2_Chlorophyll_A_001_phosphate_plate5.tif,1,832.000,832,832
20121,F8_01_1_2_Chlorophyll_A_001_phosphate_plate5.tif,3,789.333,768,816
20122,F8_01_1_2_Chlorophyll_A_001_phosphate_plate5.tif,1,912.000,912,912
20123,F8_01_1_2_Chlorophyll_A_001_phosphate_plate5.tif,1,784.000,784,784
20124,F8_01_1_2_Chlorophyll_A_001_phosphate_plate5.tif,2,816.000,784,848
20125,F8_01_1_2_Chlorophyll_A_001_phosphate_plate5.tif,2,792.000,768,816
20126,F8_01_1_2_Chlorophyll_A_001_phosphate_plate5.tif,1,784.000,784,784
20127,F8_01_1_2_Chlorophyll_A_001_phosphate_plate5.tif,4,824.000,768,880
20128,F8_01_1_2_Chlorophyll_A_001_phosphate_plate5.tif,1,768.000,768,768
20129,F8_01_1_2_Chlorophyll_A_001_phosphate_plate5.tif,1,912.000,912,912
20130,F8_01_1_2_Chlorophyll_A_001_phosphate_plate5.tif,2,800.000,800,800
20131,F8_01_1_2_Chlorophyll_A_001_phosphate_plate5.tif,1,880.000,880,880
20132,F8_01_1_2_Chlorophyll_A_001_phosphate_plate5.tif,1,880.000,880,880
20133,F8_01_1_2_Chlorophyll_A_001_phosphate_plate5.tif,3,794.667,784,816
20134,F8_01_1_2_Chlorophyll_A_001_phosphate_plate5.tif,1,784.000,784,784
20135,F8_01_1_2_Chlorophyll_A_001_phosphate_plate5.tif,1,800.000,800,800
20136,F8_01_1_2_Chlorophyll_A_001_phosphate_plate5.tif,1,880.000,880,880
20137,F8_01_1_2_Chlorophyll_A_001_phosphate_plate5.tif,1,768.000,768,768
20138,F8_01_1_2_Chlorophyll_A_001_phosphate_plate5.tif,1,864.000,864,864
20139,F8_01_1_2_Chlorophyll_A_001_phosphate_plate5.tif,1,768.000,768,768
20140,F8_01_1_2_Chlorophyll_A_001_phosphate_plate5.tif,1,816.000,816,816
20141,F8_01_1_2_Chlorophyll_A_001_phosphate_plate5.tif,1,768.000,768,768
20142,F8_01_1_2_Chlorophyll_A_001_phosphate_plate5.tif,1,784.000,784,784
20143,F8_01_1_2_Chlorophyll_A_001_phosphate_plate5.tif,1,768.000,768,768
20144,F8_01_1_2_Chlorophyll_A_001_phosphate_plate5.tif,1,784.000,784,784
20145,F8_01_1_2_Chlorophyll_A_001_phosphate_plate5.tif,1,864.000,864,864
20146,F8_01_1_2_Chlorophyll_A_001_phosphate_plate5.tif,1,864.000,864,864
20147,F8_01_1_2_Chlorophyll_A_001_phosphate_plate5.tif,1,848.000,848,848
20148,F8_01_1_2_Chlorophyll_A_001_phosphate_plate5.tif,1,1088.000,1088,1088
20149,F8_01_1_2_Chlorophyll_A_001_phosphate_plate5.tif,1,800.000,800,800
20150,F8_01_1_2_Chlorophyll_A_001_phosphate_plate5.tif,1,784.000,784,784
20151,F8_01_1_2_Chlorophyll_A_001_phosphate_plate5.tif,1,768.000,768,768
20152,F8_01_1_2_Chlorophyll_A_001_phosphate_plate5.tif,1,800.000,800,800
20153,F8_01_1_2_Chlorophyll_A_001_phosphate_plate5.tif,1,880.000,880,880
20154,F8_01_1_2_Chlorophyll_A_001_phosphate_plate5.tif,1,768.000,768,768
20155,F8_01_1_2_Chlorophyll_A_001_phosphate_plate5.tif,1,928.000,928,928
20156,F8_01_1_2_Chlorophyll_A_001_phosphate_plate5.tif,1,832.000,832,832
20157,F8_01_1_2_Chlorophyll_A_001_phosphate_plate5.tif,1,784.000,784,784
20158,F8_01_1_2_Chlorophyll_A_001_phosphate_plate5.tif,1,800.000,800,800
20159,F8_01_1_2_Chlorophyll_A_001_phosphate_plate5.tif,9,826.667,768,1056
20160,F8_01_1_2_Chlorophyll_A_001_phosphate_plate5.tif,2,776.000,768,784
20161,F8_01_1_2_Chlorophyll_A_001_phosphate_plate5.tif,1,880.000,880,880
20162,F8_01_1_2_Chlorophyll_A_001_phosphate_plate5.tif,100,880.160,768,1136
20163,F8_01_1_2_Chlorophyll_A_001_phosphate_plate5.tif,51,884.706,768,1216
20164,F8_01_1_2_Chlorophyll_A_001_phosphate_plate5.tif,23,847.304,768,960
20165,F8_01_1_2_Chlorophyll_A_001_phosphate_plate5.tif,1,848.000,848,848
20166,F8_01_1_2_Chlorophyll_A_001_phosphate_plate5.tif,15,880.000,768,1056
20167,F8_01_1_2_Chlorophyll_A_001_phosphate_plate5.tif,2,776.000,768,784
20168,F8_01_1_2_Chlorophyll_A_001_phosphate_plate5.tif,1,976.000,976,976
20169,F8_01_1_2_Chlorophyll_A_001_phosphate_plate5.tif,1,784.000,784,784
20170,F8_01_1_2_Chlorophyll_A_001_phosphate_plate5.tif,1,816.000,816,816
20171,F8_01_1_2_Chlorophyll_A_001_phosphate_plate5.tif,1,896.000,896,896
20172,F8_01_1_2_Chlorophyll_A_001_phosphate_plate5.tif,1,864.000,864,864
20173,F8_01_1_2_Chlorophyll_A_001_phosphate_plate5.tif,5,851.200,784,944
20174,F8_01_1_2_Chlorophyll_A_001_phosphate_plate5.tif,1,784.000,784,784
20175,F8_01_1_2_Chlorophyll_A_001_phosphate_plate5.tif,1,832.000,832,832
20176,F8_01_1_2_Chlorophyll_A_001_phosphate_plate5.tif,1,832.000,832,832
20177,F8_01_1_2_Chlorophyll_A_001_phosphate_plate5.tif,2,904.000,816,992
20178,F8_01_1_2_Chlorophyll_A_001_phosphate_plate5.tif,3,906.667,896,928
20179,F8_01_1_2_Chlorophyll_A_001_phosphate_plate5.tif,2,784.000,768,800
20180,F8_01_1_2_Chlorophyll_A_001_phosphate_plate5.tif,2,776.000,768,784
20181,F8_01_1_2_Chlorophyll_A_001_phosphate_plate5.tif,1,768.000,768,768
20182,F8_01_1_2_Chlorophyll_A_001_phosphate_plate5.tif,1,768.000,768,768
20183,F8_01_1_2_Chlorophyll_A_001_phosphate_plate5.tif,1,912.000,912,912
20184,F8_01_1_2_Chlorophyll_A_001_phosphate_plate5.tif,1,816.000,816,816
20185,F8_01_1_2_Chlorophyll_A_001_phosphate_plate5.tif,1,784.000,784,784
20186,F8_01_1_2_Chlorophyll_A_001_phosphate_plate5.tif,1,864.000,864,864
20187,F8_01_1_2_Chlorophyll_A_001_phosphate_plate5.tif,1,816.000,816,816
20188,F8_01_1_2_Chlorophyll_A_001_phosphate_plate5.tif,3,778.667,768,784
20189,F8_01_1_2_Chlorophyll_A_001_phosphate_plate5.tif,4,796.000,768,848
20190,F8_01_1_2_Chlorophyll_A_001_phosphate_plate5.tif,1,768.000,768,768
20191,F8_01_1_2_Chlorophyll_A_001_phosphate_plate5.tif,1,816.000,816,816
20192,F8_01_1_2_Chlorophyll_A_001_phosphate_plate5.tif,1,784.000,784,784
20193,F8_01_1_2_Chlorophyll_A_001_phosphate_plate5.tif,1,816.000,816,816
20194,F8_01_1_2_Chlorophyll_A_001_phosphate_plate5.tif,1,800.000,800,800
20195,F8_01_1_2_Chlorophyll_A_001_phosphate_plate5.tif,2,784.000,768,800
20196,F8_01_1_2_Chlorophyll_A_001_phosphate_plate5.tif,1,768.000,768,768
20197,F8_01_1_2_Chlorophyll_A_001_phosphate_plate5.tif,1,816.000,816,816
20198,F8_01_1_2_Chlorophyll_A_001_phosphate_plate5.tif,1,784.000,784,784
20199,F8_01_1_2_Chlorophyll_A_001_phosphate_plate5.tif,2,936.000,912,960
20200,F8_01_1_2_Chlorophyll_A_001_phosphate_plate5.tif,1,960.000,960,960
20201,F8_01_1_2_Chlorophyll_A_001_phosphate_plate5.tif,2,904.000,880,928
20202,F8_01_1_2_Chlorophyll_A_001_phosphate_plate5.tif,2,880.000,880,880
20203,F8_01_1_2_Chlorophyll_A_001_phosphate_plate5.tif,2,800.000,768,832
20204,F8_01_1_2_Chlorophyll_A_001_phosphate_plate5.tif,4,824.000,784,896
20205,F8_01_1_2_Chlorophyll_A_001_phosphate_plate5.tif,2,800.000,784,816
20206,F8_01_1_2_Chlorophyll_A_001_phosphate_plate5.tif,3,853.333,816,880
20207,F8_01_1_2_Chlorophyll_A_001_phosphate_plate5.tif,3,928.000,864,992
20208,F8_01_1_2_Chlorophyll_A_001_phosphate_plate5.tif,1,816.000,816,816
20209,F8_01_1_2_Chlorophyll_A_001_phosphate_plate5.tif,1,928.000,928,928
20210,F8_01_1_2_Chlorophyll_A_001_phosphate_plate5.tif,10,819.200,768,896
20211,F8_01_1_2_Chlorophyll_A_001_phosphate_plate5.tif,1,960.000,960,960
20212,F8_01_1_2_Chlorophyll_A_001_phosphate_plate5.tif,2,816.000,800,832
20213,F8_01_1_2_Chlorophyll_A_001_phosphate_plate5.tif,1,1072.000,1072,1072
20214,F8_01_1_2_Chlorophyll_A_001_phosphate_plate5.tif,1,800.000,800,800
20215,F8_01_1_2_Chlorophyll_A_001_phosphate_plate5.tif,1,768.000,768,768
20216,F8_01_1_2_Chlorophyll_A_001_phosphate_plate5.tif,1,976.000,976,976
20217,F8_01_1_2_Chlorophyll_A_001_phosphate_plate5.tif,2,832.000,816,848
20218,F8_01_1_2_Chlorophyll_A_001_phosphate_plate5.tif,1,784.000,784,784
20219,F8_01_1_2_Chlorophyll_A_001_phosphate_plate5.tif,2,808.000,800,816
20220,F8_01_1_2_Chlorophyll_A_001_phosphate_plate5.tif,1,800.000,800,800
20221,F8_01_1_2_Chlorophyll_A_001_phosphate_plate5.tif,2,888.000,864,912
20222,F8_01_1_2_Chlorophyll_A_001_phosphate_plate5.tif,4,816.000,768,864
20223,F8_01_1_2_Chlorophyll_A_001_phosphate_plate5.tif,1,816.000,816,816
20224,F8_01_1_2_Chlorophyll_A_001_phosphate_plate5.tif,2,800.000,784,816
20225,F8_01_1_2_Chlorophyll_A_001_phosphate_plate5.tif,1,800.000,800,800
20226,F8_01_1_2_Chlorophyll_A_001_phosphate_plate5.tif,2,872.000,768,976
20227,F8_01_1_2_Chlorophyll_A_001_phosphate_plate5.tif,7,850.286,768,976
20228,F8_01_1_2_Chlorophyll_A_001_phosphate_plate5.tif,1,768.000,768,768
20229,F8_01_1_2_Chlorophyll_A_001_phosphate_plate5.tif,8,858.000,800,912
20230,F8_01_1_2_Chlorophyll_A_001_phosphate_plate5.tif,5,806.400,768,864
20231,F8_01_1_2_Chlorophyll_A_001_phosphate_plate5.tif,1,800.000,800,800
20232,F8_01_1_2_Chlorophyll_A_001_phosphate_plate5.tif,1,784.000,784,784
20233,F8_01_1_2_Chlorophyll_A_001_phosphate_plate5.tif,1,784.000,784,784
20234,F8_01_1_2_Chlorophyll_A_001_phosphate_plate5.tif,2,872.000,800,944
20235,F8_01_1_2_Chlorophyll_A_001_phosphate_plate5.tif,1,928.000,928,928
20236,F8_01_1_2_Chlorophyll_A_001_phosphate_plate5.tif,1,784.000,784,784
20237,F8_01_1_2_Chlorophyll_A_001_phosphate_plate5.tif,1,848.000,848,848
20238,F8_01_1_2_Chlorophyll_A_001_phosphate_plate5.tif,3,821.333,768,880
20239,F8_01_1_2_Chlorophyll_A_001_phosphate_plate5.tif,1,768.000,768,768
20240,F8_01_1_2_Chlorophyll_A_001_phosphate_plate5.tif,1,800.000,800,800
20241,F8_01_1_2_Chlorophyll_A_001_phosphate_plate5.tif,1,800.000,800,800
20242,F8_01_1_2_Chlorophyll_A_001_phosphate_plate5.tif,1,960.000,960,960
20243,F8_01_1_2_Chlorophyll_A_001_phosphate_plate5.tif,1,816.000,816,816
20244,F8_01_1_2_Chlorophyll_A_001_phosphate_plate5.tif,1,800.000,800,800
20245,F8_01_1_2_Chlorophyll_A_001_phosphate_plate5.tif,138,2913.507,768,14224
20246,F8_01_1_2_Chlorophyll_A_001_phosphate_plate5.tif,3,901.333,880,928
20247,F8_01_1_2_Chlorophyll_A_001_phosphate_plate5.tif,1,784.000,784,784
20248,F8_01_1_2_Chlorophyll_A_001_phosphate_plate5.tif,1,800.000,800,800
20249,F8_01_1_2_Chlorophyll_A_001_phosphate_plate5.tif,1,768.000,768,768
20250,F8_01_1_2_Chlorophyll_A_001_phosphate_plate5.tif,3,816.000,768,896
20251,F8_01_1_2_Chlorophyll_A_001_phosphate_plate5.tif,1,800.000,800,800
20252,F8_01_1_2_Chlorophyll_A_001_phosphate_plate5.tif,3,832.000,784,896
20253,F8_01_1_2_Chlorophyll_A_001_phosphate_plate5.tif,1,880.000,880,880
20254,F8_01_1_2_Chlorophyll_A_001_phosphate_plate5.tif,1,816.000,816,816
20255,F8_01_1_2_Chlorophyll_A_001_phosphate_plate5.tif,1,784.000,784,784
20256,F8_01_1_2_Chlorophyll_A_001_phosphate_plate5.tif,1,1008.000,1008,1008
20257,F8_01_1_2_Chlorophyll_A_001_phosphate_plate5.tif,1,912.000,912,912
20258,F8_01_1_2_Chlorophyll_A_001_phosphate_plate5.tif,1,976.000,976,976
20259,F8_01_1_2_Chlorophyll_A_001_phosphate_plate5.tif,2,904.000,864,944
20260,F8_01_1_2_Chlorophyll_A_001_phosphate_plate5.tif,3,912.000,816,1040
20261,F8_01_1_2_Chlorophyll_A_001_phosphate_plate5.tif,2,784.000,784,784
20262,F8_01_1_2_Chlorophyll_A_001_phosphate_plate5.tif,3,901.333,784,1008
20263,F8_01_1_2_Chlorophyll_A_001_phosphate_plate5.tif,2,848.000,784,912
20264,F8_01_1_2_Chlorophyll_A_001_phosphate_plate5.tif,5,838.400,784,928
20265,F8_01_1_2_Chlorophyll_A_001_phosphate_plate5.tif,3,842.667,800,864
20266,F8_01_1_2_Chlorophyll_A_001_phosphate_plate5.tif,3,853.333,816,928
20267,F8_01_1_2_Chlorophyll_A_001_phosphate_plate5.tif,5,816.000,768,864
20268,F8_01_1_2_Chlorophyll_A_001_phosphate_plate5.tif,2,816.000,784,848
20269,F8_01_1_2_Chlorophyll_A_001_phosphate_plate5.tif,1,864.000,864,864
20270,F8_01_1_2_Chlorophyll_A_001_phosphate_plate5.tif,2,808.000,800,816
20271,F8_01_1_2_Chlorophyll_A_001_phosphate_plate5.tif,1,864.000,864,864
20272,F8_01_1_2_Chlorophyll_A_001_phosphate_plate5.tif,2,864.000,864,864
20273,F8_01_1_2_Chlorophyll_A_001_phosphate_plate5.tif,2,832.000,768,896
20274,F8_01_1_2_Chlorophyll_A_001_phosphate_plate5.tif,2,808.000,784,832
20275,F8_01_1_2_Chlorophyll_A_001_phosphate_plate5.tif,2,832.000,816,848
20276,F8_01_1_2_Chlorophyll_A_001_phosphate_plate5.tif,4,832.000,784,912
20277,F8_01_1_2_Chlorophyll_A_001_phosphate_plate5.tif,1,800.000,800,800
20278,F8_01_1_2_Chlorophyll_A_001_phosphate_plate5.tif,1,912.000,912,912
20279,F8_01_1_2_Chlorophyll_A_001_phosphate_plate5.tif,3,864.000,768,992
20280,F8_01_1_2_Chlorophyll_A_001_phosphate_plate5.tif,1,784.000,784,784
20281,F8_01_1_2_Chlorophyll_A_001_phosphate_plate5.tif,1,768.000,768,768
20282,F8_01_1_2_Chlorophyll_A_001_phosphate_plate5.tif,1,768.000,768,768
20283,F8_01_1_2_Chlorophyll_A_001_phosphate_plate5.tif,1,816.000,816,816
20284,F8_01_1_2_Chlorophyll_A_001_phosphate_plate5.tif,1,832.000,832,832
20285,F8_01_1_2_Chlorophyll_A_001_phosphate_plate5.tif,1,848.000,848,848
20286,F8_01_1_2_Chlorophyll_A_001_phosphate_plate5.tif,2,816.000,816,816
20287,F8_01_1_2_Chlorophyll_A_001_phosphate_plate5.tif,1,800.000,800,800
20288,F8_01_1_2_Chlorophyll_A_001_phosphate_plate5.tif,1,800.000,800,800
20289,F8_01_1_2_Chlorophyll_A_001_phosphate_plate5.tif,2,920.000,864,976
20290,F8_01_1_2_Chlorophyll_A_001_phosphate_plate5.tif,1,880.000,880,880
20291,F8_01_1_2_Chlorophyll_A_001_phosphate_plate5.tif,1,864.000,864,864
20292,F8_01_1_2_Chlorophyll_A_001_phosphate_plate5.tif,1,784.000,784,784
20293,F8_01_1_2_Chlorophyll_A_001_phosphate_plate5.tif,1,784.000,784,784
20294,F8_01_1_2_Chlorophyll_A_001_phosphate_plate5.tif,1,928.000,928,928
20295,F8_01_1_2_Chlorophyll_A_001_phosphate_plate5.tif,2,792.000,768,816
20296,F8_01_1_2_Chlorophyll_A_001_phosphate_plate5.tif,1,976.000,976,976
20297,F8_01_1_2_Chlorophyll_A_001_phosphate_plate5.tif,1,768.000,768,768
20298,F8_01_1_2_Chlorophyll_A_001_phosphate_plate5.tif,1,832.000,832,832
20299,F8_01_1_2_Chlorophyll_A_001_phosphate_plate5.tif,1,848.000,848,848
20300,F8_01_1_2_Chlorophyll_A_001_phosphate_plate5.tif,1,800.000,800,800
20301,F8_01_1_2_Chlorophyll_A_001_phosphate_plate5.tif,1,864.000,864,864
20302,F8_01_1_2_Chlorophyll_A_001_phosphate_plate5.tif,1,960.000,960,960
20303,F8_01_1_2_Chlorophyll_A_001_phosphate_plate5.tif,1,768.000,768,768
20304,F8_01_1_2_Chlorophyll_A_001_phosphate_plate5.tif,1,864.000,864,864
20305,F8_01_1_2_Chlorophyll_A_001_phosphate_plate5.tif,7,857.143,800,960
20306,F8_01_1_2_Chlorophyll_A_001_phosphate_plate5.tif,2,968.000,880,1056
20307,F8_01_1_2_Chlorophyll_A_001_phosphate_plate5.tif,13,850.462,784,960
20308,F8_01_1_2_Chlorophyll_A_001_phosphate_plate5.tif,2,896.000,768,1024
20309,F8_01_1_2_Chlorophyll_A_001_phosphate_plate5.tif,15,846.933,768,1040
20310,F8_01_1_2_Chlorophyll_A_001_phosphate_plate5.tif,1,768.000,768,768
20311,F8_01_1_2_Chlorophyll_A_001_phosphate_plate5.tif,7,813.714,768,864
20312,F8_01_1_2_Chlorophyll_A_001_phosphate_plate5.tif,3,794.667,768,848
20313,F8_01_1_2_Chlorophyll_A_001_phosphate_plate5.tif,2,928.000,816,1040
20314,F8_01_1_2_Chlorophyll_A_001_phosphate_plate5.tif,2,840.000,816,864
20315,F8_01_1_2_Chlorophyll_A_001_phosphate_plate5.tif,2,880.000,832,928
20316,F8_01_1_2_Chlorophyll_A_001_phosphate_plate5.tif,5,809.600,768,848
20317,F8_01_1_2_Chlorophyll_A_001_phosphate_plate5.tif,1,816.000,816,816
20318,F8_01_1_2_Chlorophyll_A_001_phosphate_plate5.tif,7,859.429,784,960
20319,F8_01_1_2_Chlorophyll_A_001_phosphate_plate5.tif,1,880.000,880,880
20320,F8_01_1_2_Chlorophyll_A_001_phosphate_plate5.tif,1,848.000,848,848
20321,F8_01_1_2_Chlorophyll_A_001_phosphate_plate5.tif,1,784.000,784,784
20322,F8_01_1_2_Chlorophyll_A_001_phosphate_plate5.tif,2,864.000,832,896
20323,F8_01_1_2_Chlorophyll_A_001_phosphate_plate5.tif,1,800.000,800,800
20324,F8_01_1_2_Chlorophyll_A_001_phosphate_plate5.tif,1,800.000,800,800
20325,F8_01_1_2_Chlorophyll_A_001_phosphate_plate5.tif,2,792.000,768,816
20326,F8_01_1_2_Chlorophyll_A_001_phosphate_plate5.tif,1,928.000,928,928
20327,F8_01_1_2_Chlorophyll_A_001_phosphate_plate5.tif,2,808.000,784,832
20328,F8_01_1_2_Chlorophyll_A_001_phosphate_plate5.tif,1,816.000,816,816
20329,F8_01_1_2_Chlorophyll_A_001_phosphate_plate5.tif,1,832.000,832,832
20330,F8_01_1_2_Chlorophyll_A_001_phosphate_plate5.tif,4,792.000,768,816
20331,F8_01_1_2_Chlorophyll_A_001_phosphate_plate5.tif,1,784.000,784,784
20332,F8_01_1_2_Chlorophyll_A_001_phosphate_plate5.tif,1,768.000,768,768
20333,F8_01_1_2_Chlorophyll_A_001_phosphate_plate5.tif,1,800.000,800,800
20334,F8_01_1_2_Chlorophyll_A_001_phosphate_plate5.tif,3,896.000,816,1008
20335,F8_01_1_2_Chlorophyll_A_001_phosphate_plate5.tif,1,960.000,960,960
20336,F8_01_1_2_Chlorophyll_A_001_phosphate_plate5.tif,1,848.000,848,848
20337,F8_01_1_2_Chlorophyll_A_001_phosphate_plate5.tif,2,768.000,768,768
20338,F8_01_1_2_Chlorophyll_A_001_phosphate_plate5.tif,1,848.000,848,848
20339,F8_01_1_2_Chlorophyll_A_001_phosphate_plate5.tif,2,880.000,848,912
20340,F8_01_1_2_Chlorophyll_A_001_phosphate_plate5.tif,1,800.000,800,800
20341,F8_01_1_2_Chlorophyll_A_001_phosphate_plate5.tif,3,794.667,784,816
20342,F8_01_1_2_Chlorophyll_A_001_phosphate_plate5.tif,1,784.000,784,784
20343,F8_01_1_2_Chlorophyll_A_001_phosphate_plate5.tif,7,832.000,784,896
20344,F8_01_1_2_Chlorophyll_A_001_phosphate_plate5.tif,1,992.000,992,992
20345,F8_01_1_2_Chlorophyll_A_001_phosphate_plate5.tif,2,896.000,880,912
20346,F8_01_1_2_Chlorophyll_A_001_phosphate_plate5.tif,3,816.000,768,864
20347,F8_01_1_2_Chlorophyll_A_001_phosphate_plate5.tif,3,794.667,768,816
20348,F8_01_1_2_Chlorophyll_A_001_phosphate_plate5.tif,1,960.000,960,960
20349,F8_01_1_2_Chlorophyll_A_001_phosphate_plate5.tif,99,873.697,768,1168
20350,F8_01_1_2_Chlorophyll_A_001_phosphate_plate5.tif,17,874.353,784,1152
20351,F8_01_1_2_Chlorophyll_A_001_phosphate_plate5.tif,3,826.667,768,864
20352,F8_01_1_2_Chlorophyll_A_001_phosphate_plate5.tif,3,848.000,800,896
20353,F8_01_1_2_Chlorophyll_A_001_phosphate_plate5.tif,76,837.684,768,1040
20354,F8_01_1_2_Chlorophyll_A_001_phosphate_plate5.tif,5,892.800,768,1040
20355,F8_01_1_2_Chlorophyll_A_001_phosphate_plate5.tif,3,885.333,784,1008
20356,F8_01_1_2_Chlorophyll_A_001_phosphate_plate5.tif,1,816.000,816,816
20357,F8_01_1_2_Chlorophyll_A_001_phosphate_plate5.tif,1,864.000,864,864
20358,F8_01_1_2_Chlorophyll_A_001_phosphate_plate5.tif,1,864.000,864,864
20359,F8_01_1_2_Chlorophyll_A_001_phosphate_plate5.tif,1,896.000,896,896
20360,F8_01_1_2_Chlorophyll_A_001_phosphate_plate5.tif,1,800.000,800,800
20361,F8_01_1_2_Chlorophyll_A_001_phosphate_plate5.tif,1,816.000,816,816
20362,F8_01_1_2_Chlorophyll_A_001_phosphate_plate5.tif,2,864.000,864,864
20363,F8_01_1_2_Chlorophyll_A_001_phosphate_plate5.tif,1,848.000,848,848
20364,F8_01_1_2_Chlorophyll_A_001_phosphate_plate5.tif,1,768.000,768,768
20365,F8_01_1_2_Chlorophyll_A_001_phosphate_plate5.tif,1,784.000,784,784
20366,F8_01_1_2_Chlorophyll_A_001_phosphate_plate5.tif,1,784.000,784,784
20367,F8_01_1_2_Chlorophyll_A_001_phosphate_plate5.tif,2,880.000,816,944
20368,F8_01_1_2_Chlorophyll_A_001_phosphate_plate5.tif,1,928.000,928,928
20369,F8_01_1_2_Chlorophyll_A_001_phosphate_plate5.tif,1,816.000,816,816
20370,F8_01_1_2_Chlorophyll_A_001_phosphate_plate5.tif,12,853.333,784,992
20371,F8_01_1_2_Chlorophyll_A_001_phosphate_plate5.tif,1,784.000,784,784
20372,F8_01_1_2_Chlorophyll_A_001_phosphate_plate5.tif,2,840.000,768,912
20373,F8_01_1_2_Chlorophyll_A_001_phosphate_plate5.tif,1,816.000,816,816
20374,F8_01_1_2_Chlorophyll_A_001_phosphate_plate5.tif,1,784.000,784,784
20375,F8_01_1_2_Chlorophyll_A_001_phosphate_plate5.tif,131,2489.527,768,15296
20376,F8_01_1_2_Chlorophyll_A_001_phosphate_plate5.tif,1,912.000,912,912
20377,F8_01_1_2_Chlorophyll_A_001_phosphate_plate5.tif,1,800.000,800,800
20378,F8_01_1_2_Chlorophyll_A_001_phosphate_plate5.tif,1,832.000,832,832
20379,F8_01_1_2_Chlorophyll_A_001_phosphate_plate5.tif,1,816.000,816,816
20380,F8_01_1_2_Chlorophyll_A_001_phosphate_plate5.tif,1,768.000,768,768
20381,F8_01_1_2_Chlorophyll_A_001_phosphate_plate5.tif,3,784.000,768,800
20382,F8_01_1_2_Chlorophyll_A_001_phosphate_plate5.tif,1,800.000,800,800
20383,F8_01_1_2_Chlorophyll_A_001_phosphate_plate5.tif,1,832.000,832,832
20384,F8_01_1_2_Chlorophyll_A_001_phosphate_plate5.tif,1,816.000,816,816
20385,F8_01_1_2_Chlorophyll_A_001_phosphate_plate5.tif,7,806.857,768,880
20386,F8_01_1_2_Chlorophyll_A_001_phosphate_plate5.tif,1,832.000,832,832
20387,F8_01_1_2_Chlorophyll_A_001_phosphate_plate5.tif,2,824.000,800,848
20388,F8_01_1_2_Chlorophyll_A_001_phosphate_plate5.tif,1,912.000,912,912
20389,F8_01_1_2_Chlorophyll_A_001_phosphate_plate5.tif,1,800.000,800,800
20390,F8_01_1_2_Chlorophyll_A_001_phosphate_plate5.tif,1,784.000,784,784
20391,F8_01_1_2_Chlorophyll_A_001_phosphate_plate5.tif,1,768.000,768,768
20392,F8_01_1_2_Chlorophyll_A_001_phosphate_plate5.tif,1,832.000,832,832
20393,F8_01_1_2_Chlorophyll_A_001_phosphate_plate5.tif,1,896.000,896,896
20394,F8_01_1_2_Chlorophyll_A_001_phosphate_plate5.tif,1,816.000,816,816
20395,F8_01_1_2_Chlorophyll_A_001_phosphate_plate5.tif,1,848.000,848,848
20396,F8_01_1_2_Chlorophyll_A_001_phosphate_plate5.tif,1,848.000,848,848
20397,F8_01_1_2_Chlorophyll_A_001_phosphate_plate5.tif,2,816.000,784,848
20398,F8_01_1_2_Chlorophyll_A_001_phosphate_plate5.tif,1,768.000,768,768
20399,F8_01_1_2_Chlorophyll_A_001_phosphate_plate5.tif,1,784.000,784,784
20400,F8_01_1_2_Chlorophyll_A_001_phosphate_plate5.tif,4,884.000,816,992
20401,F8_01_1_2_Chlorophyll_A_001_phosphate_plate5.tif,1,1008.000,1008,1008
20402,F8_01_1_2_Chlorophyll_A_001_phosphate_plate5.tif,8,876.000,784,992
20403,F8_01_1_2_Chlorophyll_A_001_phosphate_plate5.tif,1,1104.000,1104,1104
20404,F8_01_1_2_Chlorophyll_A_001_phosphate_plate5.tif,3,842.667,816,896
20405,F8_01_1_2_Chlorophyll_A_001_phosphate_plate5.tif,275,861.847,768,1056
20406,F8_01_1_2_Chlorophyll_A_001_phosphate_plate5.tif,1,1040.000,1040,1040
20407,F8_01_1_2_Chlorophyll_A_001_phosphate_plate5.tif,1,976.000,976,976
20408,F8_01_1_2_Chlorophyll_A_001_phosphate_plate5.tif,3,821.333,800,864
20409,F8_01_1_2_Chlorophyll_A_001_phosphate_plate5.tif,1,928.000,928,928
20410,F8_01_1_2_Chlorophyll_A_001_phosphate_plate5.tif,6,861.333,816,896
20411,F8_01_1_2_Chlorophyll_A_001_phosphate_plate5.tif,1,864.000,864,864
20412,F8_01_1_2_Chlorophyll_A_001_phosphate_plate5.tif,3,816.000,768,848
20413,F8_01_1_2_Chlorophyll_A_001_phosphate_plate5.tif,2,792.000,768,816
20414,F8_01_1_2_Chlorophyll_A_001_phosphate_plate5.tif,1,800.000,800,800
20415,F8_01_1_2_Chlorophyll_A_001_phosphate_plate5.tif,1,816.000,816,816
20416,F8_01_1_2_Chlorophyll_A_001_phosphate_plate5.tif,2,832.000,768,896
20417,F8_01_1_2_Chlorophyll_A_001_phosphate_plate5.tif,1,784.000,784,784
20418,F8_01_1_2_Chlorophyll_A_001_phosphate_plate5.tif,1,768.000,768,768
20419,F8_01_1_2_Chlorophyll_A_001_phosphate_plate5.tif,1,832.000,832,832
20420,F8_01_1_2_Chlorophyll_A_001_phosphate_plate5.tif,1,784.000,784,784
20421,F8_01_1_2_Chlorophyll_A_001_phosphate_plate5.tif,2,864.000,848,880
20422,F8_01_1_2_Chlorophyll_A_001_phosphate_plate5.tif,53,1048.755,768,1520
20423,F8_01_1_2_Chlorophyll_A_001_phosphate_plate5.tif,1,880.000,880,880
20424,F8_01_1_2_Chlorophyll_A_001_phosphate_plate5.tif,2,800.000,768,832
20425,F8_01_1_2_Chlorophyll_A_001_phosphate_plate5.tif,2,768.000,768,768
20426,F8_01_1_2_Chlorophyll_A_001_phosphate_plate5.tif,1,864.000,864,864
20427,F8_01_1_2_Chlorophyll_A_001_phosphate_plate5.tif,1,800.000,800,800
20428,F8_01_1_2_Chlorophyll_A_001_phosphate_plate5.tif,1,880.000,880,880
20429,F8_01_1_2_Chlorophyll_A_001_phosphate_plate5.tif,1,864.000,864,864
20430,F8_01_1_2_Chlorophyll_A_001_phosphate_plate5.tif,1,800.000,800,800
20431,F8_01_1_2_Chlorophyll_A_001_phosphate_plate5.tif,1,848.000,848,848
20432,F8_01_1_2_Chlorophyll_A_001_phosphate_plate5.tif,1,864.000,864,864
20433,F8_01_1_2_Chlorophyll_A_001_phosphate_plate5.tif,1,864.000,864,864
20434,F8_01_1_2_Chlorophyll_A_001_phosphate_plate5.tif,1,816.000,816,816
20435,F8_01_1_2_Chlorophyll_A_001_phosphate_plate5.tif,1,768.000,768,768
20436,F8_01_1_2_Chlorophyll_A_001_phosphate_plate5.tif,1,864.000,864,864
20437,F8_01_1_2_Chlorophyll_A_001_phosphate_plate5.tif,1,848.000,848,848
20438,F8_01_1_2_Chlorophyll_A_001_phosphate_plate5.tif,6,810.667,768,896
20439,F8_01_1_2_Chlorophyll_A_001_phosphate_plate5.tif,5,864.000,768,1008
20440,F8_01_1_2_Chlorophyll_A_001_phosphate_plate5.tif,1,784.000,784,784
20441,F8_01_1_2_Chlorophyll_A_001_phosphate_plate5.tif,2,784.000,784,784
20442,F8_01_1_2_Chlorophyll_A_001_phosphate_plate5.tif,3,869.333,800,928
20443,F8_01_1_2_Chlorophyll_A_001_phosphate_plate5.tif,4,912.000,800,1008
20444,F8_01_1_2_Chlorophyll_A_001_phosphate_plate5.tif,12,921.333,784,1152
20445,F8_01_1_2_Chlorophyll_A_001_phosphate_plate5.tif,30,877.333,768,1072
20446,F8_01_1_2_Chlorophyll_A_001_phosphate_plate5.tif,43,857.302,768,1056
20447,F8_01_1_2_Chlorophyll_A_001_phosphate_plate5.tif,1,784.000,784,784
20448,F8_01_1_2_Chlorophyll_A_001_phosphate_plate5.tif,1,896.000,896,896
20449,F8_01_1_2_Chlorophyll_A_001_phosphate_plate5.tif,1,832.000,832,832
20450,F8_01_1_2_Chlorophyll_A_001_phosphate_plate5.tif,3,832.000,800,880
20451,F8_01_1_2_Chlorophyll_A_001_phosphate_plate5.tif,2,864.000,864,864
20452,F8_01_1_2_Chlorophyll_A_001_phosphate_plate5.tif,1,896.000,896,896
20453,F8_01_1_2_Chlorophyll_A_001_phosphate_plate5.tif,3,938.667,912,960
20454,F8_01_1_2_Chlorophyll_A_001_phosphate_plate5.tif,1,784.000,784,784
20455,F8_01_1_2_Chlorophyll_A_001_phosphate_plate5.tif,1,832.000,832,832
20456,F8_01_1_2_Chlorophyll_A_001_phosphate_plate5.tif,1,784.000,784,784
20457,F8_01_1_2_Chlorophyll_A_001_phosphate_plate5.tif,1,800.000,800,800
20458,F8_01_1_2_Chlorophyll_A_001_phosphate_plate5.tif,5,851.200,784,928
20459,F8_01_1_2_Chlorophyll_A_001_phosphate_plate5.tif,1,880.000,880,880
20460,F8_01_1_2_Chlorophyll_A_001_phosphate_plate5.tif,1,784.000,784,784
20461,F8_01_1_2_Chlorophyll_A_001_phosphate_plate5.tif,1,784.000,784,784
20462,F8_01_1_2_Chlorophyll_A_001_phosphate_plate5.tif,1,912.000,912,912
20463,F8_01_1_2_Chlorophyll_A_001_phosphate_plate5.tif,1,784.000,784,784
20464,F8_01_1_2_Chlorophyll_A_001_phosphate_plate5.tif,1,800.000,800,800
20465,F8_01_1_2_Chlorophyll_A_001_phosphate_plate5.tif,7,797.714,768,816
20466,F8_01_1_2_Chlorophyll_A_001_phosphate_plate5.tif,3,789.333,768,816
20467,F8_01_1_2_Chlorophyll_A_001_phosphate_plate5.tif,2,848.000,832,864
20468,F8_01_1_2_Chlorophyll_A_001_phosphate_plate5.tif,2,824.000,768,880
20469,F8_01_1_2_Chlorophyll_A_001_phosphate_plate5.tif,4,860.000,768,1008
20470,F8_01_1_2_Chlorophyll_A_001_phosphate_plate5.tif,1,768.000,768,768
20471,F8_01_1_2_Chlorophyll_A_001_phosphate_plate5.tif,1,768.000,768,768
20472,F8_01_1_2_Chlorophyll_A_001_phosphate_plate5.tif,3,778.667,768,800
20473,F8_01_1_2_Chlorophyll_A_001_phosphate_plate5.tif,2,808.000,800,816
20474,F8_01_1_2_Chlorophyll_A_001_phosphate_plate5.tif,1,864.000,864,864
20475,F8_01_1_2_Chlorophyll_A_001_phosphate_plate5.tif,2,896.000,784,1008
20476,F8_01_1_2_Chlorophyll_A_001_phosphate_plate5.tif,1,768.000,768,768
20477,F8_01_1_2_Chlorophyll_A_001_phosphate_plate5.tif,1,784.000,784,784
20478,F8_01_1_2_Chlorophyll_A_001_phosphate_plate5.tif,1,848.000,848,848
20479,F8_01_1_2_Chlorophyll_A_001_phosphate_plate5.tif,1,976.000,976,976
20480,F8_01_1_2_Chlorophyll_A_001_phosphate_plate5.tif,1,800.000,800,800
20481,F8_01_1_2_Chlorophyll_A_001_phosphate_plate5.tif,2,784.000,768,800
20482,F8_01_1_2_Chlorophyll_A_001_phosphate_plate5.tif,2,856.000,800,912
20483,F8_01_1_2_Chlorophyll_A_001_phosphate_plate5.tif,1,896.000,896,896
20484,F8_01_1_2_Chlorophyll_A_001_phosphate_plate5.tif,1,768.000,768,768
20485,F8_01_1_2_Chlorophyll_A_001_phosphate_plate5.tif,2,848.000,816,880
20486,F8_01_1_2_Chlorophyll_A_001_phosphate_plate5.tif,1,800.000,800,800
20487,F8_01_1_2_Chlorophyll_A_001_phosphate_plate5.tif,1,896.000,896,896
20488,F8_01_1_2_Chlorophyll_A_001_phosphate_plate5.tif,2,808.000,800,816
20489,F8_01_1_2_Chlorophyll_A_001_phosphate_plate5.tif,1,784.000,784,784
20490,F8_01_1_2_Chlorophyll_A_001_phosphate_plate5.tif,1,848.000,848,848
20491,F8_01_1_2_Chlorophyll_A_001_phosphate_plate5.tif,1,864.000,864,864
20492,F8_01_1_2_Chlorophyll_A_001_phosphate_plate5.tif,1,800.000,800,800
20493,F8_01_1_2_Chlorophyll_A_001_phosphate_plate5.tif,1,912.000,912,912
20494,F8_01_1_2_Chlorophyll_A_001_phosphate_plate5.tif,2,800.000,800,800
20495,F8_01_1_2_Chlorophyll_A_001_phosphate_plate5.tif,3,800.000,768,848
20496,F8_01_1_2_Chlorophyll_A_001_phosphate_plate5.tif,116,2781.793,768,12528
20497,F8_01_1_2_Chlorophyll_A_001_phosphate_plate5.tif,1,816.000,816,816
20498,F8_01_1_2_Chlorophyll_A_001_phosphate_plate5.tif,1,800.000,800,800
20499,F8_01_1_2_Chlorophyll_A_001_phosphate_plate5.tif,1,800.000,800,800
20500,F8_01_1_2_Chlorophyll_A_001_phosphate_plate5.tif,1,816.000,816,816
20501,F8_01_1_2_Chlorophyll_A_001_phosphate_plate5.tif,1,896.000,896,896
20502,F8_01_1_2_Chlorophyll_A_001_phosphate_plate5.tif,1,880.000,880,880
20503,F8_01_1_2_Chlorophyll_A_001_phosphate_plate5.tif,1,880.000,880,880
20504,F8_01_1_2_Chlorophyll_A_001_phosphate_plate5.tif,2,792.000,768,816
20505,F8_01_1_2_Chlorophyll_A_001_phosphate_plate5.tif,2,784.000,768,800
20506,F8_01_1_2_Chlorophyll_A_001_phosphate_plate5.tif,1,800.000,800,800
20507,F8_01_1_2_Chlorophyll_A_001_phosphate_plate5.tif,3,810.667,768,848
20508,F8_01_1_2_Chlorophyll_A_001_phosphate_plate5.tif,1,768.000,768,768
20509,F8_01_1_2_Chlorophyll_A_001_phosphate_plate5.tif,2,864.000,864,864
20510,F8_01_1_2_Chlorophyll_A_001_phosphate_plate5.tif,60,868.000,768,1184
20511,F8_01_1_2_Chlorophyll_A_001_phosphate_plate5.tif,156,2436.308,768,18304
20512,F8_01_1_2_Chlorophyll_A_001_phosphate_plate5.tif,37,870.054,768,1104
20513,F8_01_1_2_Chlorophyll_A_001_phosphate_plate5.tif,125,863.104,768,1072
20514,F8_01_1_2_Chlorophyll_A_001_phosphate_plate5.tif,1,832.000,832,832
20515,F8_01_1_2_Chlorophyll_A_001_phosphate_plate5.tif,1,960.000,960,960
20516,F8_01_1_2_Chlorophyll_A_001_phosphate_plate5.tif,1,896.000,896,896
20517,F8_01_1_2_Chlorophyll_A_001_phosphate_plate5.tif,1,928.000,928,928
20518,F8_01_1_2_Chlorophyll_A_001_phosphate_plate5.tif,4,824.000,768,896
20519,F8_01_1_2_Chlorophyll_A_001_phosphate_plate5.tif,1,800.000,800,800
20520,F8_01_1_2_Chlorophyll_A_001_phosphate_plate5.tif,1,800.000,800,800
20521,F8_01_1_2_Chlorophyll_A_001_phosphate_plate5.tif,2,872.000,816,928
20522,F8_01_1_2_Chlorophyll_A_001_phosphate_plate5.tif,1,880.000,880,880
20523,F8_01_1_2_Chlorophyll_A_001_phosphate_plate5.tif,1,768.000,768,768
20524,F8_01_1_2_Chlorophyll_A_001_phosphate_plate5.tif,6,834.667,784,912
20525,F8_01_1_2_Chlorophyll_A_001_phosphate_plate5.tif,2,808.000,784,832
20526,F8_01_1_2_Chlorophyll_A_001_phosphate_plate5.tif,3,858.667,768,1008
20527,F8_01_1_2_Chlorophyll_A_001_phosphate_plate5.tif,1,912.000,912,912
20528,F8_01_1_2_Chlorophyll_A_001_phosphate_plate5.tif,1,800.000,800,800
20529,F8_01_1_2_Chlorophyll_A_001_phosphate_plate5.tif,1,832.000,832,832
20530,F8_01_1_2_Chlorophyll_A_001_phosphate_plate5.tif,1,768.000,768,768
20531,F8_01_1_2_Chlorophyll_A_001_phosphate_plate5.tif,1,816.000,816,816
20532,F8_01_1_2_Chlorophyll_A_001_phosphate_plate5.tif,2,816.000,768,864
20533,F8_01_1_2_Chlorophyll_A_001_phosphate_plate5.tif,1,768.000,768,768
20534,F8_01_1_2_Chlorophyll_A_001_phosphate_plate5.tif,1,832.000,832,832
20535,F8_01_1_2_Chlorophyll_A_001_phosphate_plate5.tif,1,768.000,768,768
20536,F8_01_1_2_Chlorophyll_A_001_phosphate_plate5.tif,1,912.000,912,912
20537,F8_01_1_2_Chlorophyll_A_001_phosphate_plate5.tif,1,784.000,784,784
20538,F8_01_1_2_Chlorophyll_A_001_phosphate_plate5.tif,1,864.000,864,864
20539,F8_01_1_2_Chlorophyll_A_001_phosphate_plate5.tif,2,800.000,784,816
20540,F8_01_1_2_Chlorophyll_A_001_phosphate_plate5.tif,2,776.000,768,784
20541,F8_01_1_2_Chlorophyll_A_001_phosphate_plate5.tif,2,880.000,848,912
20542,F8_01_1_2_Chlorophyll_A_001_phosphate_plate5.tif,1,848.000,848,848
20543,F8_01_1_2_Chlorophyll_A_001_phosphate_plate5.tif,9,876.444,768,1152
20544,F8_01_1_2_Chlorophyll_A_001_phosphate_plate5.tif,4,820.000,784,912
20545,F8_01_1_2_Chlorophyll_A_001_phosphate_plate5.tif,47,874.213,768,1072
20546,F8_01_1_2_Chlorophyll_A_001_phosphate_plate5.tif,22,906.182,768,1152
20547,F8_01_1_2_Chlorophyll_A_001_phosphate_plate5.tif,1,768.000,768,768
20548,F8_01_1_2_Chlorophyll_A_001_phosphate_plate5.tif,13,834.462,768,896
20549,F8_01_1_2_Chlorophyll_A_001_phosphate_plate5.tif,5,864.000,784,1008
20550,F8_01_1_2_Chlorophyll_A_001_phosphate_plate5.tif,2,888.000,880,896
20551,F8_01_1_2_Chlorophyll_A_001_phosphate_plate5.tif,207,2036.870,768,17712
20552,F8_01_1_2_Chlorophyll_A_001_phosphate_plate5.tif,9,814.222,768,880
20553,F8_01_1_2_Chlorophyll_A_001_phosphate_plate5.tif,2,872.000,768,976
20554,F8_01_1_2_Chlorophyll_A_001_phosphate_plate5.tif,2,864.000,816,912
20555,F8_01_1_2_Chlorophyll_A_001_phosphate_plate5.tif,1,848.000,848,848
20556,F8_01_1_2_Chlorophyll_A_001_phosphate_plate5.tif,4,832.000,784,880
20557,F8_01_1_2_Chlorophyll_A_001_phosphate_plate5.tif,1,880.000,880,880
20558,F8_01_1_2_Chlorophyll_A_001_phosphate_plate5.tif,1,768.000,768,768
20559,F8_01_1_2_Chlorophyll_A_001_phosphate_plate5.tif,2,928.000,880,976
20560,F8_01_1_2_Chlorophyll_A_001_phosphate_plate5.tif,11,821.818,784,896
20561,F8_01_1_2_Chlorophyll_A_001_phosphate_plate5.tif,1,800.000,800,800
20562,F8_01_1_2_Chlorophyll_A_001_phosphate_plate5.tif,1,784.000,784,784
20563,F8_01_1_2_Chlorophyll_A_001_phosphate_plate5.tif,6,813.333,768,864
20564,F8_01_1_2_Chlorophyll_A_001_phosphate_plate5.tif,2,856.000,848,864
20565,F8_01_1_2_Chlorophyll_A_001_phosphate_plate5.tif,1,1072.000,1072,1072
20566,F8_01_1_2_Chlorophyll_A_001_phosphate_plate5.tif,1,896.000,896,896
20567,F8_01_1_2_Chlorophyll_A_001_phosphate_plate5.tif,1,864.000,864,864
20568,F8_01_1_2_Chlorophyll_A_001_phosphate_plate5.tif,3,800.000,784,816
20569,F8_01_1_2_Chlorophyll_A_001_phosphate_plate5.tif,1,800.000,800,800
20570,F8_01_1_2_Chlorophyll_A_001_phosphate_plate5.tif,3,794.667,768,816
20571,F8_01_1_2_Chlorophyll_A_001_phosphate_plate5.tif,3,778.667,768,800
20572,F8_01_1_2_Chlorophyll_A_001_phosphate_plate5.tif,3,832.000,816,848
20573,F8_01_1_2_Chlorophyll_A_001_phosphate_plate5.tif,2,872.000,816,928
20574,F8_01_1_2_Chlorophyll_A_001_phosphate_plate5.tif,1,896.000,896,896
20575,F8_01_1_2_Chlorophyll_A_001_phosphate_plate5.tif,1,816.000,816,816
20576,F8_01_1_2_Chlorophyll_A_001_phosphate_plate5.tif,1,816.000,816,816
20577,F8_01_1_2_Chlorophyll_A_001_phosphate_plate5.tif,1,800.000,800,800
20578,F8_01_1_2_Chlorophyll_A_001_phosphate_plate5.tif,2,840.000,784,896
20579,F8_01_1_2_Chlorophyll_A_001_phosphate_plate5.tif,2,800.000,768,832
20580,F8_01_1_2_Chlorophyll_A_001_phosphate_plate5.tif,1,784.000,784,784
20581,F8_01_1_2_Chlorophyll_A_001_phosphate_plate5.tif,1,800.000,800,800
20582,F8_01_1_2_Chlorophyll_A_001_phosphate_plate5.tif,1,784.000,784,784
20583,F8_01_1_2_Chlorophyll_A_001_phosphate_plate5.tif,1,784.000,784,784
20584,F8_01_1_2_Chlorophyll_A_001_phosphate_plate5.tif,1,832.000,832,832
20585,F8_01_1_2_Chlorophyll_A_001_phosphate_plate5.tif,1,992.000,992,992
20586,F8_01_1_2_Chlorophyll_A_001_phosphate_plate5.tif,1,800.000,800,800
20587,F8_01_1_2_Chlorophyll_A_001_phosphate_plate5.tif,1,768.000,768,768
20588,F8_01_1_2_Chlorophyll_A_001_phosphate_plate5.tif,1,768.000,768,768
20589,F8_01_1_2_Chlorophyll_A_001_phosphate_plate5.tif,1,800.000,800,800
20590,F8_01_1_2_Chlorophyll_A_001_phosphate_plate5.tif,2,792.000,768,816
20591,F8_01_1_2_Chlorophyll_A_001_phosphate_plate5.tif,3,826.667,800,864
20592,F8_01_1_2_Chlorophyll_A_001_phosphate_plate5.tif,1,800.000,800,800
20593,F8_01_1_2_Chlorophyll_A_001_phosphate_plate5.tif,1,1040.000,1040,1040
20594,F8_01_1_2_Chlorophyll_A_001_phosphate_plate5.tif,8,864.000,784,992
20595,F8_01_1_2_Chlorophyll_A_001_phosphate_plate5.tif,4,856.000,784,912
20596,F8_01_1_2_Chlorophyll_A_001_phosphate_plate5.tif,2,800.000,768,832
20597,F8_01_1_2_Chlorophyll_A_001_phosphate_plate5.tif,1,992.000,992,992
20598,F8_01_1_2_Chlorophyll_A_001_phosphate_plate5.tif,84,887.238,768,1136
20599,F8_01_1_2_Chlorophyll_A_001_phosphate_plate5.tif,1,912.000,912,912
20600,F8_01_1_2_Chlorophyll_A_001_phosphate_plate5.tif,19,871.579,768,1040
20601,F8_01_1_2_Chlorophyll_A_001_phosphate_plate5.tif,25,920.320,768,1072
20602,F8_01_1_2_Chlorophyll_A_001_phosphate_plate5.tif,51,890.667,768,1232
20603,F8_01_1_2_Chlorophyll_A_001_phosphate_plate5.tif,2,800.000,784,816
20604,F8_01_1_2_Chlorophyll_A_001_phosphate_plate5.tif,5,844.800,784,896
20605,F8_01_1_2_Chlorophyll_A_001_phosphate_plate5.tif,2,848.000,816,880
20606,F8_01_1_2_Chlorophyll_A_001_phosphate_plate5.tif,1,784.000,784,784
20607,F8_01_1_2_Chlorophyll_A_001_phosphate_plate5.tif,13,865.231,768,1056
20608,F8_01_1_2_Chlorophyll_A_001_phosphate_plate5.tif,1,832.000,832,832
20609,F8_01_1_2_Chlorophyll_A_001_phosphate_plate5.tif,2,832.000,816,848
20610,F8_01_1_2_Chlorophyll_A_001_phosphate_plate5.tif,2,840.000,816,864
20611,F8_01_1_2_Chlorophyll_A_001_phosphate_plate5.tif,8,848.000,768,960
20612,F8_01_1_2_Chlorophyll_A_001_phosphate_plate5.tif,1,848.000,848,848
20613,F8_01_1_2_Chlorophyll_A_001_phosphate_plate5.tif,2,776.000,768,784
20614,F8_01_1_2_Chlorophyll_A_001_phosphate_plate5.tif,3,816.000,784,848
20615,F8_01_1_2_Chlorophyll_A_001_phosphate_plate5.tif,1,784.000,784,784
20616,F8_01_1_2_Chlorophyll_A_001_phosphate_plate5.tif,4,804.000,768,848
20617,F8_01_1_2_Chlorophyll_A_001_phosphate_plate5.tif,1,800.000,800,800
20618,F8_01_1_2_Chlorophyll_A_001_phosphate_plate5.tif,3,874.667,816,928
20619,F8_01_1_2_Chlorophyll_A_001_phosphate_plate5.tif,1,784.000,784,784
20620,F8_01_1_2_Chlorophyll_A_001_phosphate_plate5.tif,1,928.000,928,928
20621,F8_01_1_2_Chlorophyll_A_001_phosphate_plate5.tif,1,816.000,816,816
20622,F8_01_1_2_Chlorophyll_A_001_phosphate_plate5.tif,1,848.000,848,848
20623,F8_01_1_2_Chlorophyll_A_001_phosphate_plate5.tif,1,768.000,768,768
20624,F8_01_1_2_Chlorophyll_A_001_phosphate_plate5.tif,6,842.667,768,1008
20625,F8_01_1_2_Chlorophyll_A_001_phosphate_plate5.tif,2,840.000,832,848
20626,F8_01_1_2_Chlorophyll_A_001_phosphate_plate5.tif,2,784.000,768,800
20627,F8_01_1_2_Chlorophyll_A_001_phosphate_plate5.tif,2,768.000,768,768
20628,F8_01_1_2_Chlorophyll_A_001_phosphate_plate5.tif,1,768.000,768,768
20629,F8_01_1_2_Chlorophyll_A_001_phosphate_plate5.tif,1,800.000,800,800
20630,F8_01_1_2_Chlorophyll_A_001_phosphate_plate5.tif,1,928.000,928,928
20631,F8_01_1_2_Chlorophyll_A_001_phosphate_plate5.tif,1,864.000,864,864
20632,F8_01_1_2_Chlorophyll_A_001_phosphate_plate5.tif,1,768.000,768,768
20633,F8_01_1_2_Chlorophyll_A_001_phosphate_plate5.tif,1,864.000,864,864
20634,F8_01_1_2_Chlorophyll_A_001_phosphate_plate5.tif,1,816.000,816,816
20635,F8_01_1_2_Chlorophyll_A_001_phosphate_plate5.tif,1,768.000,768,768
20636,F8_01_1_2_Chlorophyll_A_001_phosphate_plate5.tif,1,768.000,768,768
20637,F8_01_1_2_Chlorophyll_A_001_phosphate_plate5.tif,3,864.000,800,912
20638,F8_01_1_2_Chlorophyll_A_001_phosphate_plate5.tif,1,864.000,864,864
20639,F8_01_1_2_Chlorophyll_A_001_phosphate_plate5.tif,2,776.000,768,784
20640,F8_01_1_2_Chlorophyll_A_001_phosphate_plate5.tif,1,784.000,784,784
20641,F8_01_1_2_Chlorophyll_A_001_phosphate_plate5.tif,2,864.000,816,912
20642,F8_01_1_2_Chlorophyll_A_001_phosphate_plate5.tif,1,768.000,768,768
20643,F8_01_1_2_Chlorophyll_A_001_phosphate_plate5.tif,1,880.000,880,880
20644,F8_01_1_2_Chlorophyll_A_001_phosphate_plate5.tif,1,832.000,832,832
20645,F8_01_1_2_Chlorophyll_A_001_phosphate_plate5.tif,1,960.000,960,960
20646,F8_01_1_2_Chlorophyll_A_001_phosphate_plate5.tif,2,768.000,768,768
20647,F8_01_1_2_Chlorophyll_A_001_phosphate_plate5.tif,3,837.333,800,880
20648,F8_01_1_2_Chlorophyll_A_001_phosphate_plate5.tif,4,820.000,784,880
20649,F8_01_1_2_Chlorophyll_A_001_phosphate_plate5.tif,3,922.667,832,976
20650,F8_01_1_2_Chlorophyll_A_001_phosphate_plate5.tif,2,904.000,816,992
20651,F8_01_1_2_Chlorophyll_A_001_phosphate_plate5.tif,1,784.000,784,784
20652,F8_01_1_2_Chlorophyll_A_001_phosphate_plate5.tif,2,808.000,784,832
20653,F8_01_1_2_Chlorophyll_A_001_phosphate_plate5.tif,31,885.677,768,1120
20654,F8_01_1_2_Chlorophyll_A_001_phosphate_plate5.tif,104,852.000,768,1088
20655,F8_01_1_2_Chlorophyll_A_001_phosphate_plate5.tif,1,848.000,848,848
20656,F8_01_1_2_Chlorophyll_A_001_phosphate_plate5.tif,6,794.667,768,896
20657,F8_01_1_2_Chlorophyll_A_001_phosphate_plate5.tif,2,816.000,800,832
20658,F8_01_1_2_Chlorophyll_A_001_phosphate_plate5.tif,1,768.000,768,768
20659,F8_01_1_2_Chlorophyll_A_001_phosphate_plate5.tif,4,840.000,784,944
20660,F8_01_1_2_Chlorophyll_A_001_phosphate_plate5.tif,3,842.667,816,864
20661,F8_01_1_2_Chlorophyll_A_001_phosphate_plate5.tif,1,912.000,912,912
20662,F8_01_1_2_Chlorophyll_A_001_phosphate_plate5.tif,3,858.667,816,912
20663,F8_01_1_2_Chlorophyll_A_001_phosphate_plate5.tif,2,864.000,816,912
20664,F8_01_1_2_Chlorophyll_A_001_phosphate_plate5.tif,1,1040.000,1040,1040
20665,F8_01_1_2_Chlorophyll_A_001_phosphate_plate5.tif,4,928.000,848,1008
20666,F8_01_1_2_Chlorophyll_A_001_phosphate_plate5.tif,1,768.000,768,768
20667,F8_01_1_2_Chlorophyll_A_001_phosphate_plate5.tif,10,889.600,784,1008
20668,F8_01_1_2_Chlorophyll_A_001_phosphate_plate5.tif,1,768.000,768,768
20669,F8_01_1_2_Chlorophyll_A_001_phosphate_plate5.tif,5,860.800,768,1024
20670,F8_01_1_2_Chlorophyll_A_001_phosphate_plate5.tif,7,829.714,768,928
20671,F8_01_1_2_Chlorophyll_A_001_phosphate_plate5.tif,1,960.000,960,960
20672,F8_01_1_2_Chlorophyll_A_001_phosphate_plate5.tif,1,800.000,800,800
20673,F8_01_1_2_Chlorophyll_A_001_phosphate_plate5.tif,1,768.000,768,768
20674,F8_01_1_2_Chlorophyll_A_001_phosphate_plate5.tif,5,902.400,816,1040
20675,F8_01_1_2_Chlorophyll_A_001_phosphate_plate5.tif,8,850.000,784,976
20676,F8_01_1_2_Chlorophyll_A_001_phosphate_plate5.tif,7,795.429,768,832
20677,F8_01_1_2_Chlorophyll_A_001_phosphate_plate5.tif,3,810.667,768,864
20678,F8_01_1_2_Chlorophyll_A_001_phosphate_plate5.tif,1,880.000,880,880
20679,F8_01_1_2_Chlorophyll_A_001_phosphate_plate5.tif,1,864.000,864,864
20680,F8_01_1_2_Chlorophyll_A_001_phosphate_plate5.tif,1,816.000,816,816
20681,F8_01_1_2_Chlorophyll_A_001_phosphate_plate5.tif,1,768.000,768,768
20682,F8_01_1_2_Chlorophyll_A_001_phosphate_plate5.tif,1,816.000,816,816
20683,F8_01_1_2_Chlorophyll_A_001_phosphate_plate5.tif,4,860.000,784,960
20684,F8_01_1_2_Chlorophyll_A_001_phosphate_plate5.tif,1,800.000,800,800
20685,F8_01_1_2_Chlorophyll_A_001_phosphate_plate5.tif,2,848.000,832,864
20686,F8_01_1_2_Chlorophyll_A_001_phosphate_plate5.tif,1,912.000,912,912
20687,F8_01_1_2_Chlorophyll_A_001_phosphate_plate5.tif,1,784.000,784,784
20688,F8_01_1_2_Chlorophyll_A_001_phosphate_plate5.tif,1,880.000,880,880
20689,F8_01_1_2_Chlorophyll_A_001_phosphate_plate5.tif,1,816.000,816,816
20690,F8_01_1_2_Chlorophyll_A_001_phosphate_plate5.tif,1,800.000,800,800
20691,F8_01_1_2_Chlorophyll_A_001_phosphate_plate5.tif,1,832.000,832,832
20692,F8_01_1_2_Chlorophyll_A_001_phosphate_plate5.tif,1,784.000,784,784
20693,F8_01_1_2_Chlorophyll_A_001_phosphate_plate5.tif,2,768.000,768,768
20694,F8_01_1_2_Chlorophyll_A_001_phosphate_plate5.tif,2,792.000,768,816
20695,F8_01_1_2_Chlorophyll_A_001_phosphate_plate5.tif,2,784.000,768,800
20696,F8_01_1_2_Chlorophyll_A_001_phosphate_plate5.tif,1,800.000,800,800
20697,F8_01_1_2_Chlorophyll_A_001_phosphate_plate5.tif,1,768.000,768,768
20698,F8_01_1_2_Chlorophyll_A_001_phosphate_plate5.tif,1,880.000,880,880
20699,F8_01_1_2_Chlorophyll_A_001_phosphate_plate5.tif,1,880.000,880,880
20700,F8_01_1_2_Chlorophyll_A_001_phosphate_plate5.tif,1,800.000,800,800
20701,F8_01_1_2_Chlorophyll_A_001_phosphate_plate5.tif,1,784.000,784,784
20702,F8_01_1_2_Chlorophyll_A_001_phosphate_plate5.tif,2,800.000,800,800
20703,F8_01_1_2_Chlorophyll_A_001_phosphate_plate5.tif,1,864.000,864,864
20704,F8_01_1_2_Chlorophyll_A_001_phosphate_plate5.tif,1,912.000,912,912
20705,F8_01_1_2_Chlorophyll_A_001_phosphate_plate5.tif,1,832.000,832,832
20706,F8_01_1_2_Chlorophyll_A_001_phosphate_plate5.tif,1,784.000,784,784
20707,F8_01_1_2_Chlorophyll_A_001_phosphate_plate5.tif,3,789.333,768,816
20708,F8_01_1_2_Chlorophyll_A_001_phosphate_plate5.tif,3,821.333,784,864
20709,F8_01_1_2_Chlorophyll_A_001_phosphate_plate5.tif,1,816.000,816,816
20710,F8_01_1_2_Chlorophyll_A_001_phosphate_plate5.tif,2,840.000,784,896
20711,F8_01_1_2_Chlorophyll_A_001_phosphate_plate5.tif,2,808.000,800,816
20712,F8_01_1_2_Chlorophyll_A_001_phosphate_plate5.tif,2,784.000,784,784
20713,F8_01_1_2_Chlorophyll_A_001_phosphate_plate5.tif,1,768.000,768,768
20714,F8_01_1_2_Chlorophyll_A_001_phosphate_plate5.tif,3,821.333,784,864
20715,F8_01_1_2_Chlorophyll_A_001_phosphate_plate5.tif,1,816.000,816,816
20716,F8_01_1_2_Chlorophyll_A_001_phosphate_plate5.tif,16,826.000,768,944
20717,F8_01_1_2_Chlorophyll_A_001_phosphate_plate5.tif,1,960.000,960,960
20718,F8_01_1_2_Chlorophyll_A_001_phosphate_plate5.tif,1,848.000,848,848
20719,F8_01_1_2_Chlorophyll_A_001_phosphate_plate5.tif,2,872.000,864,880
20720,F8_01_1_2_Chlorophyll_A_001_phosphate_plate5.tif,2,800.000,768,832
20721,F8_01_1_2_Chlorophyll_A_001_phosphate_plate5.tif,2,824.000,768,880
20722,F8_01_1_2_Chlorophyll_A_001_phosphate_plate5.tif,9,890.667,784,1120
20723,F8_01_1_2_Chlorophyll_A_001_phosphate_plate5.tif,4,812.000,768,832
20724,F8_01_1_2_Chlorophyll_A_001_phosphate_plate5.tif,1,912.000,912,912
20725,F8_01_1_2_Chlorophyll_A_001_phosphate_plate5.tif,1,848.000,848,848
20726,F8_01_1_2_Chlorophyll_A_001_phosphate_plate5.tif,1,816.000,816,816
20727,F8_01_1_2_Chlorophyll_A_001_phosphate_plate5.tif,1,848.000,848,848
20728,F8_01_1_2_Chlorophyll_A_001_phosphate_plate5.tif,1,816.000,816,816
20729,F8_01_1_2_Chlorophyll_A_001_phosphate_plate5.tif,4,796.000,768,848
20730,F8_01_1_2_Chlorophyll_A_001_phosphate_plate5.tif,2,928.000,896,960
20731,F8_01_1_2_Chlorophyll_A_001_phosphate_plate5.tif,1,976.000,976,976
20732,F8_01_1_2_Chlorophyll_A_001_phosphate_plate5.tif,1,784.000,784,784
20733,F8_01_1_2_Chlorophyll_A_001_phosphate_plate5.tif,1,800.000,800,800
20734,F8_01_1_2_Chlorophyll_A_001_phosphate_plate5.tif,4,836.000,768,912
20735,F8_01_1_2_Chlorophyll_A_001_phosphate_plate5.tif,1,816.000,816,816
20736,F8_01_1_2_Chlorophyll_A_001_phosphate_plate5.tif,1,768.000,768,768
20737,F8_01_1_2_Chlorophyll_A_001_phosphate_plate5.tif,1,768.000,768,768
20738,F8_01_1_2_Chlorophyll_A_001_phosphate_plate5.tif,2,792.000,784,800
20739,F8_01_1_2_Chlorophyll_A_001_phosphate_plate5.tif,2,880.000,800,960
20740,F8_01_1_2_Chlorophyll_A_001_phosphate_plate5.tif,1,816.000,816,816
20741,F8_01_1_2_Chlorophyll_A_001_phosphate_plate5.tif,2,792.000,784,800
20742,F8_01_1_2_Chlorophyll_A_001_phosphate_plate5.tif,1,1008.000,1008,1008
20743,F8_01_1_2_Chlorophyll_A_001_phosphate_plate5.tif,3,800.000,768,816
20744,F8_01_1_2_Chlorophyll_A_001_phosphate_plate5.tif,2,872.000,800,944
20745,F8_01_1_2_Chlorophyll_A_001_phosphate_plate5.tif,1,768.000,768,768
20746,F8_01_1_2_Chlorophyll_A_001_phosphate_plate5.tif,1,960.000,960,960
20747,F8_01_1_2_Chlorophyll_A_001_phosphate_plate5.tif,1,784.000,784,784
20748,F8_01_1_2_Chlorophyll_A_001_phosphate_plate5.tif,1,960.000,960,960
20749,F8_01_1_2_Chlorophyll_A_001_phosphate_plate5.tif,2,792.000,768,816
20750,F8_01_1_2_Chlorophyll_A_001_phosphate_plate5.tif,1,800.000,800,800
20751,F8_01_1_2_Chlorophyll_A_001_phosphate_plate5.tif,1,784.000,784,784
20752,F8_01_1_2_Chlorophyll_A_001_phosphate_plate5.tif,2,888.000,816,960
20753,F8_01_1_2_Chlorophyll_A_001_phosphate_plate5.tif,1,816.000,816,816
20754,F8_01_1_2_Chlorophyll_A_001_phosphate_plate5.tif,1,768.000,768,768
20755,F8_01_1_2_Chlorophyll_A_001_phosphate_plate5.tif,1,800.000,800,800
20756,F8_01_1_2_Chlorophyll_A_001_phosphate_plate5.tif,1,848.000,848,848
20757,F8_01_1_2_Chlorophyll_A_001_phosphate_plate5.tif,1,960.000,960,960
20758,F8_01_1_2_Chlorophyll_A_001_phosphate_plate5.tif,4,804.000,768,832
20759,F8_01_1_2_Chlorophyll_A_001_phosphate_plate5.tif,1,784.000,784,784
20760,F8_01_1_2_Chlorophyll_A_001_phosphate_plate5.tif,49,856.816,768,1040
20761,F8_01_1_2_Chlorophyll_A_001_phosphate_plate5.tif,54,877.333,768,1040
20762,F8_01_1_2_Chlorophyll_A_001_phosphate_plate5.tif,32,873.500,768,1056
20763,F8_01_1_2_Chlorophyll_A_001_phosphate_plate5.tif,1,784.000,784,784
20764,F8_01_1_2_Chlorophyll_A_001_phosphate_plate5.tif,1,800.000,800,800
20765,F8_01_1_2_Chlorophyll_A_001_phosphate_plate5.tif,11,842.182,768,960
20766,F8_01_1_2_Chlorophyll_A_001_phosphate_plate5.tif,6,853.333,768,928
20767,F8_01_1_2_Chlorophyll_A_001_phosphate_plate5.tif,1,848.000,848,848
20768,F8_01_1_2_Chlorophyll_A_001_phosphate_plate5.tif,1,832.000,832,832
20769,F8_01_1_2_Chlorophyll_A_001_phosphate_plate5.tif,1,880.000,880,880
20770,F8_01_1_2_Chlorophyll_A_001_phosphate_plate5.tif,1,816.000,816,816
20771,F8_01_1_2_Chlorophyll_A_001_phosphate_plate5.tif,4,792.000,768,800
20772,F8_01_1_2_Chlorophyll_A_001_phosphate_plate5.tif,4,848.000,768,928
20773,F8_01_1_2_Chlorophyll_A_001_phosphate_plate5.tif,5,819.200,768,928
20774,F8_01_1_2_Chlorophyll_A_001_phosphate_plate5.tif,2,840.000,784,896
20775,F8_01_1_2_Chlorophyll_A_001_phosphate_plate5.tif,2,872.000,864,880
20776,F8_01_1_2_Chlorophyll_A_001_phosphate_plate5.tif,2,896.000,880,912
20777,F8_01_1_2_Chlorophyll_A_001_phosphate_plate5.tif,1,912.000,912,912
20778,F8_01_1_2_Chlorophyll_A_001_phosphate_plate5.tif,1,880.000,880,880
20779,F8_01_1_2_Chlorophyll_A_001_phosphate_plate5.tif,1,880.000,880,880
20780,F8_01_1_2_Chlorophyll_A_001_phosphate_plate5.tif,1,768.000,768,768
20781,F8_01_1_2_Chlorophyll_A_001_phosphate_plate5.tif,1,800.000,800,800
20782,F8_01_1_2_Chlorophyll_A_001_phosphate_plate5.tif,97,3581.856,768,21392
20783,F8_01_1_2_Chlorophyll_A_001_phosphate_plate5.tif,1,768.000,768,768
20784,F8_01_1_2_Chlorophyll_A_001_phosphate_plate5.tif,1,800.000,800,800
20785,F8_01_1_2_Chlorophyll_A_001_phosphate_plate5.tif,1,832.000,832,832
20786,F8_01_1_2_Chlorophyll_A_001_phosphate_plate5.tif,1,768.000,768,768
20787,F8_01_1_2_Chlorophyll_A_001_phosphate_plate5.tif,1,800.000,800,800
20788,F8_01_1_2_Chlorophyll_A_001_phosphate_plate5.tif,1,880.000,880,880
20789,F8_01_1_2_Chlorophyll_A_001_phosphate_plate5.tif,1,832.000,832,832
20790,F8_01_1_2_Chlorophyll_A_001_phosphate_plate5.tif,1,800.000,800,800
20791,F8_01_1_2_Chlorophyll_A_001_phosphate_plate5.tif,4,800.000,768,864
20792,F8_01_1_2_Chlorophyll_A_001_phosphate_plate5.tif,2,800.000,768,832
20793,F8_01_1_2_Chlorophyll_A_001_phosphate_plate5.tif,1,816.000,816,816
20794,F8_01_1_2_Chlorophyll_A_001_phosphate_plate5.tif,1,800.000,800,800
20795,F8_01_1_2_Chlorophyll_A_001_phosphate_plate5.tif,1,816.000,816,816
20796,F8_01_1_2_Chlorophyll_A_001_phosphate_plate5.tif,1,784.000,784,784
20797,F8_01_1_2_Chlorophyll_A_001_phosphate_plate5.tif,1,832.000,832,832
20798,F8_01_1_2_Chlorophyll_A_001_phosphate_plate5.tif,2,952.000,928,976
20799,F8_01_1_2_Chlorophyll_A_001_phosphate_plate5.tif,4,912.000,848,976
20800,F8_01_1_2_Chlorophyll_A_001_phosphate_plate5.tif,1,880.000,880,880
20801,F8_01_1_2_Chlorophyll_A_001_phosphate_plate5.tif,1,800.000,800,800
20802,F8_01_1_2_Chlorophyll_A_001_phosphate_plate5.tif,17,869.647,768,1152
20803,F8_01_1_2_Chlorophyll_A_001_phosphate_plate5.tif,19,884.211,768,1120
20804,F8_01_1_2_Chlorophyll_A_001_phosphate_plate5.tif,20,855.200,768,1104
20805,F8_01_1_2_Chlorophyll_A_001_phosphate_plate5.tif,1,896.000,896,896
20806,F8_01_1_2_Chlorophyll_A_001_phosphate_plate5.tif,17,839.529,768,960
20807,F8_01_1_2_Chlorophyll_A_001_phosphate_plate5.tif,1,832.000,832,832
20808,F8_01_1_2_Chlorophyll_A_001_phosphate_plate5.tif,1,880.000,880,880
20809,F8_01_1_2_Chlorophyll_A_001_phosphate_plate5.tif,1,768.000,768,768
20810,F8_01_1_2_Chlorophyll_A_001_phosphate_plate5.tif,1,944.000,944,944
20811,F8_01_1_2_Chlorophyll_A_001_phosphate_plate5.tif,1,832.000,832,832
20812,F8_01_1_2_Chlorophyll_A_001_phosphate_plate5.tif,1,1008.000,1008,1008
20813,F8_01_1_2_Chlorophyll_A_001_phosphate_plate5.tif,5,835.200,784,912
20814,F8_01_1_2_Chlorophyll_A_001_phosphate_plate5.tif,5,838.400,784,928
20815,F8_01_1_2_Chlorophyll_A_001_phosphate_plate5.tif,1,992.000,992,992
20816,F8_01_1_2_Chlorophyll_A_001_phosphate_plate5.tif,6,821.333,768,896
20817,F8_01_1_2_Chlorophyll_A_001_phosphate_plate5.tif,2,992.000,976,1008
20818,F8_01_1_2_Chlorophyll_A_001_phosphate_plate5.tif,2,792.000,768,816
20819,F8_01_1_2_Chlorophyll_A_001_phosphate_plate5.tif,1,832.000,832,832
20820,F8_01_1_2_Chlorophyll_A_001_phosphate_plate5.tif,1,832.000,832,832
20821,F8_01_1_2_Chlorophyll_A_001_phosphate_plate5.tif,1,784.000,784,784
20822,F8_01_1_2_Chlorophyll_A_001_phosphate_plate5.tif,1,848.000,848,848
20823,F8_01_1_2_Chlorophyll_A_001_phosphate_plate5.tif,2,840.000,816,864
20824,F8_01_1_2_Chlorophyll_A_001_phosphate_plate5.tif,4,900.000,864,944
20825,F8_01_1_2_Chlorophyll_A_001_phosphate_plate5.tif,2,816.000,816,816
20826,F8_01_1_2_Chlorophyll_A_001_phosphate_plate5.tif,5,854.400,768,944
20827,F8_01_1_2_Chlorophyll_A_001_phosphate_plate5.tif,1,768.000,768,768
20828,F8_01_1_2_Chlorophyll_A_001_phosphate_plate5.tif,1,816.000,816,816
20829,F8_01_1_2_Chlorophyll_A_001_phosphate_plate5.tif,4,856.000,800,944
20830,F8_01_1_2_Chlorophyll_A_001_phosphate_plate5.tif,1,768.000,768,768
20831,F8_01_1_2_Chlorophyll_A_001_phosphate_plate5.tif,1,864.000,864,864
20832,F8_01_1_2_Chlorophyll_A_001_phosphate_plate5.tif,1,816.000,816,816
20833,F8_01_1_2_Chlorophyll_A_001_phosphate_plate5.tif,4,868.000,816,976
20834,F8_01_1_2_Chlorophyll_A_001_phosphate_plate5.tif,1,944.000,944,944
20835,F8_01_1_2_Chlorophyll_A_001_phosphate_plate5.tif,1,784.000,784,784
20836,F8_01_1_2_Chlorophyll_A_001_phosphate_plate5.tif,1,816.000,816,816
20837,F8_01_1_2_Chlorophyll_A_001_phosphate_plate5.tif,1,768.000,768,768
20838,F8_01_1_2_Chlorophyll_A_001_phosphate_plate5.tif,1,768.000,768,768
20839,F8_01_1_2_Chlorophyll_A_001_phosphate_plate5.tif,1,816.000,816,816
20840,F8_01_1_2_Chlorophyll_A_001_phosphate_plate5.tif,1,816.000,816,816
20841,F8_01_1_2_Chlorophyll_A_001_phosphate_plate5.tif,1,976.000,976,976
20842,F8_01_1_2_Chlorophyll_A_001_phosphate_plate5.tif,1,944.000,944,944
20843,F8_01_1_2_Chlorophyll_A_001_phosphate_plate5.tif,1,880.000,880,880
20844,F8_01_1_2_Chlorophyll_A_001_phosphate_plate5.tif,1,800.000,800,800
20845,F8_01_1_2_Chlorophyll_A_001_phosphate_plate5.tif,1,800.000,800,800
20846,F8_01_1_2_Chlorophyll_A_001_phosphate_plate5.tif,1,928.000,928,928
20847,F8_01_1_2_Chlorophyll_A_001_phosphate_plate5.tif,1,768.000,768,768
20848,F8_01_1_2_Chlorophyll_A_001_phosphate_plate5.tif,3,789.333,768,816
20849,F8_01_1_2_Chlorophyll_A_001_phosphate_plate5.tif,2,800.000,784,816
20850,F8_01_1_2_Chlorophyll_A_001_phosphate_plate5.tif,1,928.000,928,928
20851,F8_01_1_2_Chlorophyll_A_001_phosphate_plate5.tif,1,768.000,768,768
20852,F8_01_1_2_Chlorophyll_A_001_phosphate_plate5.tif,1,816.000,816,816
20853,F8_01_1_2_Chlorophyll_A_001_phosphate_plate5.tif,1,816.000,816,816
20854,F8_01_1_2_Chlorophyll_A_001_phosphate_plate5.tif,2,840.000,784,896
20855,F8_01_1_2_Chlorophyll_A_001_phosphate_plate5.tif,1,768.000,768,768
20856,F8_01_1_2_Chlorophyll_A_001_phosphate_plate5.tif,1,800.000,800,800
20857,F8_01_1_2_Chlorophyll_A_001_phosphate_plate5.tif,1,800.000,800,800
20858,F8_01_1_2_Chlorophyll_A_001_phosphate_plate5.tif,1,832.000,832,832
20859,F8_01_1_2_Chlorophyll_A_001_phosphate_plate5.tif,1,816.000,816,816
20860,F8_01_1_2_Chlorophyll_A_001_phosphate_plate5.tif,1,768.000,768,768
20861,F8_01_1_2_Chlorophyll_A_001_phosphate_plate5.tif,3,896.000,816,1024
20862,F8_01_1_2_Chlorophyll_A_001_phosphate_plate5.tif,2,808.000,768,848
20863,F8_01_1_2_Chlorophyll_A_001_phosphate_plate5.tif,1,768.000,768,768
20864,F8_01_1_2_Chlorophyll_A_001_phosphate_plate5.tif,1,768.000,768,768
20865,F8_01_1_2_Chlorophyll_A_001_phosphate_plate5.tif,1,976.000,976,976
20866,F8_01_1_2_Chlorophyll_A_001_phosphate_plate5.tif,1,800.000,800,800
20867,F8_01_1_2_Chlorophyll_A_001_phosphate_plate5.tif,1,768.000,768,768
20868,F8_01_1_2_Chlorophyll_A_001_phosphate_plate5.tif,60,860.533,768,1088
20869,F8_01_1_2_Chlorophyll_A_001_phosphate_plate5.tif,1,864.000,864,864
20870,F8_01_1_2_Chlorophyll_A_001_phosphate_plate5.tif,50,873.600,768,1056
20871,F8_01_1_2_Chlorophyll_A_001_phosphate_plate5.tif,8,874.000,784,992
20872,F8_01_1_2_Chlorophyll_A_001_phosphate_plate5.tif,1,848.000,848,848
20873,F8_01_1_2_Chlorophyll_A_001_phosphate_plate5.tif,22,894.545,768,1040
20874,F8_01_1_2_Chlorophyll_A_001_phosphate_plate5.tif,4,864.000,800,928
20875,F8_01_1_2_Chlorophyll_A_001_phosphate_plate5.tif,5,870.400,816,928
20876,F8_01_1_2_Chlorophyll_A_001_phosphate_plate5.tif,1,800.000,800,800
20877,F8_01_1_2_Chlorophyll_A_001_phosphate_plate5.tif,1,800.000,800,800
20878,F8_01_1_2_Chlorophyll_A_001_phosphate_plate5.tif,3,912.000,768,1072
20879,F8_01_1_2_Chlorophyll_A_001_phosphate_plate5.tif,3,837.333,768,976
20880,F8_01_1_2_Chlorophyll_A_001_phosphate_plate5.tif,2,848.000,848,848
20881,F8_01_1_2_Chlorophyll_A_001_phosphate_plate5.tif,14,819.429,768,960
20882,F8_01_1_2_Chlorophyll_A_001_phosphate_plate5.tif,1,832.000,832,832
20883,F8_01_1_2_Chlorophyll_A_001_phosphate_plate5.tif,1,784.000,784,784
20884,F8_01_1_2_Chlorophyll_A_001_phosphate_plate5.tif,1,928.000,928,928
20885,F8_01_1_2_Chlorophyll_A_001_phosphate_plate5.tif,1,784.000,784,784
20886,F8_01_1_2_Chlorophyll_A_001_phosphate_plate5.tif,1,800.000,800,800
20887,F8_01_1_2_Chlorophyll_A_001_phosphate_plate5.tif,1,768.000,768,768
20888,F8_01_1_2_Chlorophyll_A_001_phosphate_plate5.tif,5,800.000,768,864
20889,F8_01_1_2_Chlorophyll_A_001_phosphate_plate5.tif,1,832.000,832,832
20890,F8_01_1_2_Chlorophyll_A_001_phosphate_plate5.tif,1,816.000,816,816
20891,F8_01_1_2_Chlorophyll_A_001_phosphate_plate5.tif,2,792.000,768,816
20892,F8_01_1_2_Chlorophyll_A_001_phosphate_plate5.tif,1,816.000,816,816
20893,F8_01_1_2_Chlorophyll_A_001_phosphate_plate5.tif,1,768.000,768,768
20894,F8_01_1_2_Chlorophyll_A_001_phosphate_plate5.tif,1,800.000,800,800
20895,F8_01_1_2_Chlorophyll_A_001_phosphate_plate5.tif,1,784.000,784,784
20896,F8_01_1_2_Chlorophyll_A_001_phosphate_plate5.tif,1,816.000,816,816
20897,F8_01_1_2_Chlorophyll_A_001_phosphate_plate5.tif,1,848.000,848,848
20898,F8_01_1_2_Chlorophyll_A_001_phosphate_plate5.tif,1,816.000,816,816
20899,F8_01_1_2_Chlorophyll_A_001_phosphate_plate5.tif,2,848.000,768,928
20900,F8_01_1_2_Chlorophyll_A_001_phosphate_plate5.tif,2,784.000,768,800
20901,F8_01_1_2_Chlorophyll_A_001_phosphate_plate5.tif,2,864.000,800,928
20902,F8_01_1_2_Chlorophyll_A_001_phosphate_plate5.tif,1,896.000,896,896
20903,F8_01_1_2_Chlorophyll_A_001_phosphate_plate5.tif,2,864.000,800,928
20904,F8_01_1_2_Chlorophyll_A_001_phosphate_plate5.tif,3,826.667,784,880
20905,F8_01_1_2_Chlorophyll_A_001_phosphate_plate5.tif,1,784.000,784,784
20906,F8_01_1_2_Chlorophyll_A_001_phosphate_plate5.tif,2,856.000,768,944
20907,F8_01_1_2_Chlorophyll_A_001_phosphate_plate5.tif,1,912.000,912,912
20908,F8_01_1_2_Chlorophyll_A_001_phosphate_plate5.tif,147,892.735,768,1104
20909,F8_01_1_2_Chlorophyll_A_001_phosphate_plate5.tif,2,792.000,768,816
20910,F8_01_1_2_Chlorophyll_A_001_phosphate_plate5.tif,4,820.000,768,848
20911,F8_01_1_2_Chlorophyll_A_001_phosphate_plate5.tif,3,885.333,784,944
20912,F8_01_1_2_Chlorophyll_A_001_phosphate_plate5.tif,3,842.667,816,864
20913,F8_01_1_2_Chlorophyll_A_001_phosphate_plate5.tif,3,853.333,848,864
20914,F8_01_1_2_Chlorophyll_A_001_phosphate_plate5.tif,9,844.444,768,1008
20915,F8_01_1_2_Chlorophyll_A_001_phosphate_plate5.tif,1,864.000,864,864
20916,F8_01_1_2_Chlorophyll_A_001_phosphate_plate5.tif,1,848.000,848,848
20917,F8_01_1_2_Chlorophyll_A_001_phosphate_plate5.tif,1,912.000,912,912
20918,F8_01_1_2_Chlorophyll_A_001_phosphate_plate5.tif,9,849.778,784,912
20919,F8_01_1_2_Chlorophyll_A_001_phosphate_plate5.tif,1,784.000,784,784
20920,F8_01_1_2_Chlorophyll_A_001_phosphate_plate5.tif,7,797.714,768,848
20921,F8_01_1_2_Chlorophyll_A_001_phosphate_plate5.tif,2,848.000,784,912
20922,F8_01_1_2_Chlorophyll_A_001_phosphate_plate5.tif,7,882.286,784,976
20923,F8_01_1_2_Chlorophyll_A_001_phosphate_plate5.tif,4,840.000,768,1008
20924,F8_01_1_2_Chlorophyll_A_001_phosphate_plate5.tif,2,824.000,816,832
20925,F8_01_1_2_Chlorophyll_A_001_phosphate_plate5.tif,1,768.000,768,768
20926,F8_01_1_2_Chlorophyll_A_001_phosphate_plate5.tif,1,768.000,768,768
20927,F8_01_1_2_Chlorophyll_A_001_phosphate_plate5.tif,1,800.000,800,800
20928,F8_01_1_2_Chlorophyll_A_001_phosphate_plate5.tif,2,896.000,848,944
20929,F8_01_1_2_Chlorophyll_A_001_phosphate_plate5.tif,2,808.000,784,832
20930,F8_01_1_2_Chlorophyll_A_001_phosphate_plate5.tif,1,768.000,768,768
20931,F8_01_1_2_Chlorophyll_A_001_phosphate_plate5.tif,1,784.000,784,784
20932,F8_01_1_2_Chlorophyll_A_001_phosphate_plate5.tif,2,816.000,784,848
20933,F8_01_1_2_Chlorophyll_A_001_phosphate_plate5.tif,1,928.000,928,928
20934,F8_01_1_2_Chlorophyll_A_001_phosphate_plate5.tif,1,800.000,800,800
20935,F8_01_1_2_Chlorophyll_A_001_phosphate_plate5.tif,2,800.000,784,816
20936,F8_01_1_2_Chlorophyll_A_001_phosphate_plate5.tif,1,800.000,800,800
20937,F8_01_1_2_Chlorophyll_A_001_phosphate_plate5.tif,1,880.000,880,880
20938,F8_01_1_2_Chlorophyll_A_001_phosphate_plate5.tif,1,816.000,816,816
20939,F8_01_1_2_Chlorophyll_A_001_phosphate_plate5.tif,1,816.000,816,816
20940,F8_01_1_2_Chlorophyll_A_001_phosphate_plate5.tif,1,800.000,800,800
20941,F8_01_1_2_Chlorophyll_A_001_phosphate_plate5.tif,1,832.000,832,832
20942,F8_01_1_2_Chlorophyll_A_001_phosphate_plate5.tif,2,776.000,768,784
20943,F8_01_1_2_Chlorophyll_A_001_phosphate_plate5.tif,1,832.000,832,832
20944,F8_01_1_2_Chlorophyll_A_001_phosphate_plate5.tif,3,848.000,800,928
20945,F8_01_1_2_Chlorophyll_A_001_phosphate_plate5.tif,1,816.000,816,816
20946,F8_01_1_2_Chlorophyll_A_001_phosphate_plate5.tif,1,800.000,800,800
20947,F8_01_1_2_Chlorophyll_A_001_phosphate_plate5.tif,1,800.000,800,800
20948,F8_01_1_2_Chlorophyll_A_001_phosphate_plate5.tif,1,816.000,816,816
20949,F8_01_1_2_Chlorophyll_A_001_phosphate_plate5.tif,1,816.000,816,816
20950,F8_01_1_2_Chlorophyll_A_001_phosphate_plate5.tif,1,784.000,784,784
20951,F8_01_1_2_Chlorophyll_A_001_phosphate_plate5.tif,2,784.000,768,800
20952,F8_01_1_2_Chlorophyll_A_001_phosphate_plate5.tif,1,784.000,784,784
20953,F8_01_1_2_Chlorophyll_A_001_phosphate_plate5.tif,1,816.000,816,816
20954,F8_01_1_2_Chlorophyll_A_001_phosphate_plate5.tif,1,848.000,848,848
20955,F8_01_1_2_Chlorophyll_A_001_phosphate_plate5.tif,1,864.000,864,864
20956,F8_01_1_2_Chlorophyll_A_001_phosphate_plate5.tif,2,784.000,768,800
20957,F8_01_1_2_Chlorophyll_A_001_phosphate_plate5.tif,1,800.000,800,800
20958,F8_01_1_2_Chlorophyll_A_001_phosphate_plate5.tif,1,800.000,800,800
20959,F8_01_1_2_Chlorophyll_A_001_phosphate_plate5.tif,1,784.000,784,784
20960,F8_01_1_2_Chlorophyll_A_001_phosphate_plate5.tif,3,842.667,800,880
20961,F8_01_1_2_Chlorophyll_A_001_phosphate_plate5.tif,1,1008.000,1008,1008
20962,F8_01_1_2_Chlorophyll_A_001_phosphate_plate5.tif,1,960.000,960,960
20963,F8_01_1_2_Chlorophyll_A_001_phosphate_plate5.tif,1,864.000,864,864
20964,F8_01_1_2_Chlorophyll_A_001_phosphate_plate5.tif,1,768.000,768,768
20965,F8_01_1_2_Chlorophyll_A_001_phosphate_plate5.tif,9,887.111,800,1136
20966,F8_01_1_2_Chlorophyll_A_001_phosphate_plate5.tif,82,874.146,768,1072
20967,F8_01_1_2_Chlorophyll_A_001_phosphate_plate5.tif,12,865.333,768,1024
20968,F8_01_1_2_Chlorophyll_A_001_phosphate_plate5.tif,32,867.000,768,1088
20969,F8_01_1_2_Chlorophyll_A_001_phosphate_plate5.tif,22,886.545,768,1088
20970,F8_01_1_2_Chlorophyll_A_001_phosphate_plate5.tif,1,896.000,896,896
20971,F8_01_1_2_Chlorophyll_A_001_phosphate_plate5.tif,1,784.000,784,784
20972,F8_01_1_2_Chlorophyll_A_001_phosphate_plate5.tif,1,800.000,800,800
20973,F8_01_1_2_Chlorophyll_A_001_phosphate_plate5.tif,2,936.000,912,960
20974,F8_01_1_2_Chlorophyll_A_001_phosphate_plate5.tif,3,912.000,816,992
20975,F8_01_1_2_Chlorophyll_A_001_phosphate_plate5.tif,3,880.000,784,960
20976,F8_01_1_2_Chlorophyll_A_001_phosphate_plate5.tif,2,888.000,768,1008
20977,F8_01_1_2_Chlorophyll_A_001_phosphate_plate5.tif,1,768.000,768,768
20978,F8_01_1_2_Chlorophyll_A_001_phosphate_plate5.tif,3,896.000,816,960
20979,F8_01_1_2_Chlorophyll_A_001_phosphate_plate5.tif,3,874.667,816,976
20980,F8_01_1_2_Chlorophyll_A_001_phosphate_plate5.tif,1,768.000,768,768
20981,F8_01_1_2_Chlorophyll_A_001_phosphate_plate5.tif,1,800.000,800,800
20982,F8_01_1_2_Chlorophyll_A_001_phosphate_plate5.tif,1,944.000,944,944
20983,F8_01_1_2_Chlorophyll_A_001_phosphate_plate5.tif,4,844.000,800,896
20984,F8_01_1_2_Chlorophyll_A_001_phosphate_plate5.tif,6,842.667,768,976
20985,F8_01_1_2_Chlorophyll_A_001_phosphate_plate5.tif,5,800.000,768,896
20986,F8_01_1_2_Chlorophyll_A_001_phosphate_plate5.tif,3,805.333,800,816
20987,F8_01_1_2_Chlorophyll_A_001_phosphate_plate5.tif,2,848.000,768,928
20988,F8_01_1_2_Chlorophyll_A_001_phosphate_plate5.tif,1,784.000,784,784
20989,F8_01_1_2_Chlorophyll_A_001_phosphate_plate5.tif,2,840.000,800,880
20990,F8_01_1_2_Chlorophyll_A_001_phosphate_plate5.tif,1,848.000,848,848
20991,F8_01_1_2_Chlorophyll_A_001_phosphate_plate5.tif,3,805.333,768,848
20992,F8_01_1_2_Chlorophyll_A_001_phosphate_plate5.tif,1,864.000,864,864
20993,F8_01_1_2_Chlorophyll_A_001_phosphate_plate5.tif,2,808.000,800,816
20994,F8_01_1_2_Chlorophyll_A_001_phosphate_plate5.tif,1,944.000,944,944
20995,F8_01_1_2_Chlorophyll_A_001_phosphate_plate5.tif,1,768.000,768,768
20996,F8_01_1_2_Chlorophyll_A_001_phosphate_plate5.tif,2,776.000,768,784
20997,F8_01_1_2_Chlorophyll_A_001_phosphate_plate5.tif,1,800.000,800,800
20998,F8_01_1_2_Chlorophyll_A_001_phosphate_plate5.tif,1,816.000,816,816
20999,F8_01_1_2_Chlorophyll_A_001_phosphate_plate5.tif,2,896.000,816,976
21000,F8_01_1_2_Chlorophyll_A_001_phosphate_plate5.tif,2,928.000,816,1040
21001,F8_01_1_2_Chlorophyll_A_001_phosphate_plate5.tif,2,824.000,768,880
21002,F8_01_1_2_Chlorophyll_A_001_phosphate_plate5.tif,1,912.000,912,912
21003,F8_01_1_2_Chlorophyll_A_001_phosphate_plate5.tif,1,816.000,816,816
21004,F8_01_1_2_Chlorophyll_A_001_phosphate_plate5.tif,1,800.000,800,800
21005,F8_01_1_2_Chlorophyll_A_001_phosphate_plate5.tif,1,880.000,880,880
21006,F8_01_1_2_Chlorophyll_A_001_phosphate_plate5.tif,1,832.000,832,832
21007,F8_01_1_2_Chlorophyll_A_001_phosphate_plate5.tif,1,784.000,784,784
21008,F8_01_1_2_Chlorophyll_A_001_phosphate_plate5.tif,1,784.000,784,784
21009,F8_01_1_2_Chlorophyll_A_001_phosphate_plate5.tif,1,768.000,768,768
21010,F8_01_1_2_Chlorophyll_A_001_phosphate_plate5.tif,1,880.000,880,880
21011,F8_01_1_2_Chlorophyll_A_001_phosphate_plate5.tif,1,816.000,816,816
21012,F8_01_1_2_Chlorophyll_A_001_phosphate_plate5.tif,14,833.143,768,960
21013,F8_01_1_2_Chlorophyll_A_001_phosphate_plate5.tif,5,806.400,768,864
21014,F8_01_1_2_Chlorophyll_A_001_phosphate_plate5.tif,2,800.000,784,816
21015,F8_01_1_2_Chlorophyll_A_001_phosphate_plate5.tif,1,912.000,912,912
21016,F8_01_1_2_Chlorophyll_A_001_phosphate_plate5.tif,1,832.000,832,832
21017,F8_01_1_2_Chlorophyll_A_001_phosphate_plate5.tif,1,832.000,832,832
21018,F8_01_1_2_Chlorophyll_A_001_phosphate_plate5.tif,1,816.000,816,816
21019,F8_01_1_2_Chlorophyll_A_001_phosphate_plate5.tif,2,776.000,768,784
21020,F8_01_1_2_Chlorophyll_A_001_phosphate_plate5.tif,1,944.000,944,944
21021,F8_01_1_2_Chlorophyll_A_001_phosphate_plate5.tif,1,896.000,896,896
21022,F8_01_1_2_Chlorophyll_A_001_phosphate_plate5.tif,5,796.800,768,848
21023,F8_01_1_2_Chlorophyll_A_001_phosphate_plate5.tif,1,848.000,848,848
21024,F8_01_1_2_Chlorophyll_A_001_phosphate_plate5.tif,1,816.000,816,816
21025,F8_01_1_2_Chlorophyll_A_001_phosphate_plate5.tif,2,872.000,864,880
21026,F8_01_1_2_Chlorophyll_A_001_phosphate_plate5.tif,3,810.667,784,832
21027,F8_01_1_2_Chlorophyll_A_001_phosphate_plate5.tif,2,832.000,784,880
21028,F8_01_1_2_Chlorophyll_A_001_phosphate_plate5.tif,1,864.000,864,864
21029,F8_01_1_2_Chlorophyll_A_001_phosphate_plate5.tif,10,819.200,768,896
21030,F8_01_1_2_Chlorophyll_A_001_phosphate_plate5.tif,10,929.600,816,1088
21031,F8_01_1_2_Chlorophyll_A_001_phosphate_plate5.tif,1,928.000,928,928
21032,F8_01_1_2_Chlorophyll_A_001_phosphate_plate5.tif,8,832.000,784,912
21033,F8_01_1_2_Chlorophyll_A_001_phosphate_plate5.tif,4,848.000,768,1072
21034,F8_01_1_2_Chlorophyll_A_001_phosphate_plate5.tif,4,832.000,768,896
21035,F8_01_1_2_Chlorophyll_A_001_phosphate_plate5.tif,2,904.000,880,928
21036,F8_01_1_2_Chlorophyll_A_001_phosphate_plate5.tif,2,880.000,816,944
21037,F8_01_1_2_Chlorophyll_A_001_phosphate_plate5.tif,10,849.600,768,1056
21038,F8_01_1_2_Chlorophyll_A_001_phosphate_plate5.tif,3,901.333,800,1040
21039,F8_01_1_2_Chlorophyll_A_001_phosphate_plate5.tif,4,792.000,784,800
21040,F8_01_1_2_Chlorophyll_A_001_phosphate_plate5.tif,1,784.000,784,784
21041,F8_01_1_2_Chlorophyll_A_001_phosphate_plate5.tif,3,874.667,816,992
21042,F8_01_1_2_Chlorophyll_A_001_phosphate_plate5.tif,2,888.000,848,928
21043,F8_01_1_2_Chlorophyll_A_001_phosphate_plate5.tif,1,784.000,784,784
21044,F8_01_1_2_Chlorophyll_A_001_phosphate_plate5.tif,2,816.000,784,848
21045,F8_01_1_2_Chlorophyll_A_001_phosphate_plate5.tif,15,818.133,768,912
21046,F8_01_1_2_Chlorophyll_A_001_phosphate_plate5.tif,3,800.000,768,848
21047,F8_01_1_2_Chlorophyll_A_001_phosphate_plate5.tif,2,952.000,928,976
21048,F8_01_1_2_Chlorophyll_A_001_phosphate_plate5.tif,4,820.000,800,848
21049,F8_01_1_2_Chlorophyll_A_001_phosphate_plate5.tif,1,800.000,800,800
21050,F8_01_1_2_Chlorophyll_A_001_phosphate_plate5.tif,2,768.000,768,768
21051,F8_01_1_2_Chlorophyll_A_001_phosphate_plate5.tif,1,848.000,848,848
21052,F8_01_1_2_Chlorophyll_A_001_phosphate_plate5.tif,3,848.000,816,880
21053,F8_01_1_2_Chlorophyll_A_001_phosphate_plate5.tif,1,832.000,832,832
21054,F8_01_1_2_Chlorophyll_A_001_phosphate_plate5.tif,1,864.000,864,864
21055,F8_01_1_2_Chlorophyll_A_001_phosphate_plate5.tif,1,864.000,864,864
21056,F8_01_1_2_Chlorophyll_A_001_phosphate_plate5.tif,1,784.000,784,784
21057,F8_01_1_2_Chlorophyll_A_001_phosphate_plate5.tif,1,768.000,768,768
21058,F8_01_1_2_Chlorophyll_A_001_phosphate_plate5.tif,1,784.000,784,784
21059,F8_01_1_2_Chlorophyll_A_001_phosphate_plate5.tif,1,1040.000,1040,1040
21060,F8_01_1_2_Chlorophyll_A_001_phosphate_plate5.tif,1,864.000,864,864
21061,F8_01_1_2_Chlorophyll_A_001_phosphate_plate5.tif,1,816.000,816,816
21062,F8_01_1_2_Chlorophyll_A_001_phosphate_plate5.tif,2,832.000,784,880
21063,F8_01_1_2_Chlorophyll_A_001_phosphate_plate5.tif,2,776.000,768,784
21064,F8_01_1_2_Chlorophyll_A_001_phosphate_plate5.tif,1,768.000,768,768
21065,F8_01_1_2_Chlorophyll_A_001_phosphate_plate5.tif,2,816.000,800,832
21066,F8_01_1_2_Chlorophyll_A_001_phosphate_plate5.tif,1,768.000,768,768
21067,F8_01_1_2_Chlorophyll_A_001_phosphate_plate5.tif,1,800.000,800,800
21068,F8_01_1_2_Chlorophyll_A_001_phosphate_plate5.tif,1,768.000,768,768
21069,F8_01_1_2_Chlorophyll_A_001_phosphate_plate5.tif,1,832.000,832,832
21070,F8_01_1_2_Chlorophyll_A_001_phosphate_plate5.tif,1,864.000,864,864
21071,F8_01_1_2_Chlorophyll_A_001_phosphate_plate5.tif,1,784.000,784,784
21072,F8_01_1_2_Chlorophyll_A_001_phosphate_plate5.tif,1,896.000,896,896
21073,F8_01_1_2_Chlorophyll_A_001_phosphate_plate5.tif,2,816.000,784,848
21074,F8_01_1_2_Chlorophyll_A_001_phosphate_plate5.tif,1,784.000,784,784
21075,F8_01_1_2_Chlorophyll_A_001_phosphate_plate5.tif,1,816.000,816,816
21076,F8_01_1_2_Chlorophyll_A_001_phosphate_plate5.tif,1,784.000,784,784
21077,F8_01_1_2_Chlorophyll_A_001_phosphate_plate5.tif,1,800.000,800,800
21078,F8_01_1_2_Chlorophyll_A_001_phosphate_plate5.tif,2,856.000,800,912
21079,F8_01_1_2_Chlorophyll_A_001_phosphate_plate5.tif,1,768.000,768,768
21080,F8_01_1_2_Chlorophyll_A_001_phosphate_plate5.tif,4,872.000,768,976
21081,F8_01_1_2_Chlorophyll_A_001_phosphate_plate5.tif,1,784.000,784,784
21082,F8_01_1_2_Chlorophyll_A_001_phosphate_plate5.tif,1,800.000,800,800
21083,F8_01_1_2_Chlorophyll_A_001_phosphate_plate5.tif,1,912.000,912,912
21084,F8_01_1_2_Chlorophyll_A_001_phosphate_plate5.tif,1,912.000,912,912
21085,F8_01_1_2_Chlorophyll_A_001_phosphate_plate5.tif,2,944.000,912,976
21086,F8_01_1_2_Chlorophyll_A_001_phosphate_plate5.tif,4,788.000,768,816
21087,F8_01_1_2_Chlorophyll_A_001_phosphate_plate5.tif,1,784.000,784,784
21088,F8_01_1_2_Chlorophyll_A_001_phosphate_plate5.tif,1,848.000,848,848
21089,F8_01_1_2_Chlorophyll_A_001_phosphate_plate5.tif,8,898.000,816,1024
21090,F8_01_1_2_Chlorophyll_A_001_phosphate_plate5.tif,1,944.000,944,944
21091,F8_01_1_2_Chlorophyll_A_001_phosphate_plate5.tif,2,856.000,784,928
21092,F8_01_1_2_Chlorophyll_A_001_phosphate_plate5.tif,3,778.667,768,784
21093,F8_01_1_2_Chlorophyll_A_001_phosphate_plate5.tif,7,825.143,768,880
21094,F8_01_1_2_Chlorophyll_A_001_phosphate_plate5.tif,1,864.000,864,864
21095,F8_01_1_2_Chlorophyll_A_001_phosphate_plate5.tif,1,880.000,880,880
21096,F8_01_1_2_Chlorophyll_A_001_phosphate_plate5.tif,1,768.000,768,768
21097,F8_01_1_2_Chlorophyll_A_001_phosphate_plate5.tif,9,819.556,784,896
21098,F8_01_1_2_Chlorophyll_A_001_phosphate_plate5.tif,3,810.667,800,832
21099,F8_01_1_2_Chlorophyll_A_001_phosphate_plate5.tif,2,880.000,848,912
21100,F8_01_1_2_Chlorophyll_A_001_phosphate_plate5.tif,1,896.000,896,896
21101,F8_01_1_2_Chlorophyll_A_001_phosphate_plate5.tif,2,800.000,784,816
21102,F8_01_1_2_Chlorophyll_A_001_phosphate_plate5.tif,1,848.000,848,848
21103,F8_01_1_2_Chlorophyll_A_001_phosphate_plate5.tif,1,800.000,800,800
21104,F8_01_1_2_Chlorophyll_A_001_phosphate_plate5.tif,1,768.000,768,768
21105,F8_01_1_2_Chlorophyll_A_001_phosphate_plate5.tif,1,768.000,768,768
21106,F8_01_1_2_Chlorophyll_A_001_phosphate_plate5.tif,1,816.000,816,816
21107,F8_01_1_2_Chlorophyll_A_001_phosphate_plate5.tif,1,768.000,768,768
21108,F8_01_1_2_Chlorophyll_A_001_phosphate_plate5.tif,1,768.000,768,768
21109,F8_01_1_2_Chlorophyll_A_001_phosphate_plate5.tif,1,832.000,832,832
21110,F8_01_1_2_Chlorophyll_A_001_phosphate_plate5.tif,1,800.000,800,800
21111,F8_01_1_2_Chlorophyll_A_001_phosphate_plate5.tif,1,816.000,816,816
21112,F8_01_1_2_Chlorophyll_A_001_phosphate_plate5.tif,1,816.000,816,816
21113,F8_01_1_2_Chlorophyll_A_001_phosphate_plate5.tif,1,800.000,800,800
21114,F8_01_1_2_Chlorophyll_A_001_phosphate_plate5.tif,1,768.000,768,768
21115,F8_01_1_2_Chlorophyll_A_001_phosphate_plate5.tif,120,3372.000,768,28224
21116,F8_01_1_2_Chlorophyll_A_001_phosphate_plate5.tif,1,768.000,768,768
21117,F8_01_1_2_Chlorophyll_A_001_phosphate_plate5.tif,1,800.000,800,800
21118,F8_01_1_2_Chlorophyll_A_001_phosphate_plate5.tif,1,816.000,816,816
21119,F8_01_1_2_Chlorophyll_A_001_phosphate_plate5.tif,2,880.000,784,976
21120,F8_01_1_2_Chlorophyll_A_001_phosphate_plate5.tif,1,976.000,976,976
21121,F8_01_1_2_Chlorophyll_A_001_phosphate_plate5.tif,2,808.000,768,848
21122,F8_01_1_2_Chlorophyll_A_001_phosphate_plate5.tif,1,896.000,896,896
21123,F8_01_1_2_Chlorophyll_A_001_phosphate_plate5.tif,1,960.000,960,960
21124,F8_01_1_2_Chlorophyll_A_001_phosphate_plate5.tif,2,840.000,768,912
21125,F8_01_1_2_Chlorophyll_A_001_phosphate_plate5.tif,1,832.000,832,832
21126,F8_01_1_2_Chlorophyll_A_001_phosphate_plate5.tif,1,880.000,880,880
21127,F8_01_1_2_Chlorophyll_A_001_phosphate_plate5.tif,1,832.000,832,832
21128,F8_01_1_2_Chlorophyll_A_001_phosphate_plate5.tif,9,865.778,768,1072
21129,F8_01_1_2_Chlorophyll_A_001_phosphate_plate5.tif,1,816.000,816,816
21130,F8_01_1_2_Chlorophyll_A_001_phosphate_plate5.tif,1,784.000,784,784
21131,F8_01_1_2_Chlorophyll_A_001_phosphate_plate5.tif,17,863.059,768,1056
21132,F8_01_1_2_Chlorophyll_A_001_phosphate_plate5.tif,4,836.000,768,928
21133,F8_01_1_2_Chlorophyll_A_001_phosphate_plate5.tif,1,816.000,816,816
21134,F8_01_1_2_Chlorophyll_A_001_phosphate_plate5.tif,1,864.000,864,864
21135,F8_01_1_2_Chlorophyll_A_001_phosphate_plate5.tif,1,880.000,880,880
21136,F8_01_1_2_Chlorophyll_A_001_phosphate_plate5.tif,1,976.000,976,976
21137,F8_01_1_2_Chlorophyll_A_001_phosphate_plate5.tif,1,816.000,816,816
21138,F8_01_1_2_Chlorophyll_A_001_phosphate_plate5.tif,1,960.000,960,960
21139,F8_01_1_2_Chlorophyll_A_001_phosphate_plate5.tif,1,768.000,768,768
21140,F8_01_1_2_Chlorophyll_A_001_phosphate_plate5.tif,1,848.000,848,848
21141,F8_01_1_2_Chlorophyll_A_001_phosphate_plate5.tif,1,800.000,800,800
21142,F8_01_1_2_Chlorophyll_A_001_phosphate_plate5.tif,3,794.667,768,832
21143,F8_01_1_2_Chlorophyll_A_001_phosphate_plate5.tif,1,864.000,864,864
21144,F8_01_1_2_Chlorophyll_A_001_phosphate_plate5.tif,1,944.000,944,944
21145,F8_01_1_2_Chlorophyll_A_001_phosphate_plate5.tif,1,864.000,864,864
21146,F8_01_1_2_Chlorophyll_A_001_phosphate_plate5.tif,2,856.000,816,896
21147,F8_01_1_2_Chlorophyll_A_001_phosphate_plate5.tif,1,768.000,768,768
21148,F8_01_1_2_Chlorophyll_A_001_phosphate_plate5.tif,1,816.000,816,816
21149,F8_01_1_2_Chlorophyll_A_001_phosphate_plate5.tif,1,832.000,832,832
21150,F8_01_1_2_Chlorophyll_A_001_phosphate_plate5.tif,1,768.000,768,768
21151,F8_01_1_2_Chlorophyll_A_001_phosphate_plate5.tif,3,810.667,784,848
21152,F8_01_1_2_Chlorophyll_A_001_phosphate_plate5.tif,1,784.000,784,784
21153,F8_01_1_2_Chlorophyll_A_001_phosphate_plate5.tif,1,1024.000,1024,1024
21154,F8_01_1_2_Chlorophyll_A_001_phosphate_plate5.tif,1,768.000,768,768
21155,F8_01_1_2_Chlorophyll_A_001_phosphate_plate5.tif,1,816.000,816,816
21156,F8_01_1_2_Chlorophyll_A_001_phosphate_plate5.tif,2,808.000,800,816
21157,F8_01_1_2_Chlorophyll_A_001_phosphate_plate5.tif,1,864.000,864,864
21158,F8_01_1_2_Chlorophyll_A_001_phosphate_plate5.tif,1,880.000,880,880
21159,F8_01_1_2_Chlorophyll_A_001_phosphate_plate5.tif,6,845.333,784,928
21160,F8_01_1_2_Chlorophyll_A_001_phosphate_plate5.tif,2,864.000,832,896
21161,F8_01_1_2_Chlorophyll_A_001_phosphate_plate5.tif,1,816.000,816,816
21162,F8_01_1_2_Chlorophyll_A_001_phosphate_plate5.tif,1,848.000,848,848
21163,F8_01_1_2_Chlorophyll_A_001_phosphate_plate5.tif,1,768.000,768,768
21164,F8_01_1_2_Chlorophyll_A_001_phosphate_plate5.tif,1,848.000,848,848
21165,F8_01_1_2_Chlorophyll_A_001_phosphate_plate5.tif,1,800.000,800,800
21166,F8_01_1_2_Chlorophyll_A_001_phosphate_plate5.tif,3,800.000,784,832
21167,F8_01_1_2_Chlorophyll_A_001_phosphate_plate5.tif,1,784.000,784,784
21168,F8_01_1_2_Chlorophyll_A_001_phosphate_plate5.tif,1,928.000,928,928
21169,F8_01_1_2_Chlorophyll_A_001_phosphate_plate5.tif,1,800.000,800,800
21170,F8_01_1_2_Chlorophyll_A_001_phosphate_plate5.tif,1,832.000,832,832
21171,F8_01_1_2_Chlorophyll_A_001_phosphate_plate5.tif,1,800.000,800,800
21172,F8_01_1_2_Chlorophyll_A_001_phosphate_plate5.tif,1,768.000,768,768
21173,F8_01_1_2_Chlorophyll_A_001_phosphate_plate5.tif,1,848.000,848,848
21174,F8_01_1_2_Chlorophyll_A_001_phosphate_plate5.tif,1,1008.000,1008,1008
21175,F8_01_1_2_Chlorophyll_A_001_phosphate_plate5.tif,1,848.000,848,848
21176,F8_01_1_2_Chlorophyll_A_001_phosphate_plate5.tif,1,784.000,784,784
21177,F8_01_1_2_Chlorophyll_A_001_phosphate_plate5.tif,1,768.000,768,768
21178,F8_01_1_2_Chlorophyll_A_001_phosphate_plate5.tif,1,880.000,880,880
21179,F8_01_1_2_Chlorophyll_A_001_phosphate_plate5.tif,29,900.966,784,1072
21180,F8_01_1_2_Chlorophyll_A_001_phosphate_plate5.tif,36,872.444,768,1232
21181,F8_01_1_2_Chlorophyll_A_001_phosphate_plate5.tif,29,891.034,768,1232
21182,F8_01_1_2_Chlorophyll_A_001_phosphate_plate5.tif,117,862.632,768,1104
21183,F8_01_1_2_Chlorophyll_A_001_phosphate_plate5.tif,2,888.000,832,944
21184,F8_01_1_2_Chlorophyll_A_001_phosphate_plate5.tif,1,880.000,880,880
21185,F8_01_1_2_Chlorophyll_A_001_phosphate_plate5.tif,41,857.756,768,1056
21186,F8_01_1_2_Chlorophyll_A_001_phosphate_plate5.tif,2,792.000,784,800
21187,F8_01_1_2_Chlorophyll_A_001_phosphate_plate5.tif,1,800.000,800,800
21188,F8_01_1_2_Chlorophyll_A_001_phosphate_plate5.tif,22,843.636,784,1008
21189,F8_01_1_2_Chlorophyll_A_001_phosphate_plate5.tif,4,944.000,848,1056
21190,F8_01_1_2_Chlorophyll_A_001_phosphate_plate5.tif,2,928.000,832,1024
21191,F8_01_1_2_Chlorophyll_A_001_phosphate_plate5.tif,6,856.000,768,992
21192,F8_01_1_2_Chlorophyll_A_001_phosphate_plate5.tif,1,944.000,944,944
21193,F8_01_1_2_Chlorophyll_A_001_phosphate_plate5.tif,1,800.000,800,800
21194,F8_01_1_2_Chlorophyll_A_001_phosphate_plate5.tif,1,768.000,768,768
21195,F8_01_1_2_Chlorophyll_A_001_phosphate_plate5.tif,1,832.000,832,832
21196,F8_01_1_2_Chlorophyll_A_001_phosphate_plate5.tif,3,842.667,768,912
21197,F8_01_1_2_Chlorophyll_A_001_phosphate_plate5.tif,2,936.000,864,1008
21198,F8_01_1_2_Chlorophyll_A_001_phosphate_plate5.tif,1,800.000,800,800
21199,F8_01_1_2_Chlorophyll_A_001_phosphate_plate5.tif,1,800.000,800,800
21200,F8_01_1_2_Chlorophyll_A_001_phosphate_plate5.tif,6,816.000,768,864
21201,F8_01_1_2_Chlorophyll_A_001_phosphate_plate5.tif,6,816.000,768,896
21202,F8_01_1_2_Chlorophyll_A_001_phosphate_plate5.tif,4,876.000,816,944
21203,F8_01_1_2_Chlorophyll_A_001_phosphate_plate5.tif,2,824.000,816,832
21204,F8_01_1_2_Chlorophyll_A_001_phosphate_plate5.tif,2,848.000,816,880
21205,F8_01_1_2_Chlorophyll_A_001_phosphate_plate5.tif,2,808.000,768,848
21206,F8_01_1_2_Chlorophyll_A_001_phosphate_plate5.tif,1,784.000,784,784
21207,F8_01_1_2_Chlorophyll_A_001_phosphate_plate5.tif,5,870.400,800,960
21208,F8_01_1_2_Chlorophyll_A_001_phosphate_plate5.tif,1,784.000,784,784
21209,F8_01_1_2_Chlorophyll_A_001_phosphate_plate5.tif,2,792.000,768,816
21210,F8_01_1_2_Chlorophyll_A_001_phosphate_plate5.tif,2,784.000,768,800
21211,F8_01_1_2_Chlorophyll_A_001_phosphate_plate5.tif,2,800.000,800,800
21212,F8_01_1_2_Chlorophyll_A_001_phosphate_plate5.tif,1,848.000,848,848
21213,F8_01_1_2_Chlorophyll_A_001_phosphate_plate5.tif,4,888.000,816,976
21214,F8_01_1_2_Chlorophyll_A_001_phosphate_plate5.tif,1,880.000,880,880
21215,F8_01_1_2_Chlorophyll_A_001_phosphate_plate5.tif,1,800.000,800,800
21216,F8_01_1_2_Chlorophyll_A_001_phosphate_plate5.tif,1,768.000,768,768
21217,F8_01_1_2_Chlorophyll_A_001_phosphate_plate5.tif,1,768.000,768,768
21218,F8_01_1_2_Chlorophyll_A_001_phosphate_plate5.tif,1,816.000,816,816
21219,F8_01_1_2_Chlorophyll_A_001_phosphate_plate5.tif,1,768.000,768,768
21220,F8_01_1_2_Chlorophyll_A_001_phosphate_plate5.tif,1,784.000,784,784
21221,F8_01_1_2_Chlorophyll_A_001_phosphate_plate5.tif,1,944.000,944,944
21222,F8_01_1_2_Chlorophyll_A_001_phosphate_plate5.tif,1,848.000,848,848
21223,F8_01_1_2_Chlorophyll_A_001_phosphate_plate5.tif,1,800.000,800,800
21224,F8_01_1_2_Chlorophyll_A_001_phosphate_plate5.tif,1,768.000,768,768
21225,F8_01_1_2_Chlorophyll_A_001_phosphate_plate5.tif,3,794.667,768,816
21226,F8_01_1_2_Chlorophyll_A_001_phosphate_plate5.tif,1,848.000,848,848
21227,F8_01_1_2_Chlorophyll_A_001_phosphate_plate5.tif,42,952.762,768,1376
21228,F8_01_1_2_Chlorophyll_A_001_phosphate_plate5.tif,2,864.000,848,880
21229,F8_01_1_2_Chlorophyll_A_001_phosphate_plate5.tif,4,796.000,768,832
21230,F8_01_1_2_Chlorophyll_A_001_phosphate_plate5.tif,1,784.000,784,784
21231,F8_01_1_2_Chlorophyll_A_001_phosphate_plate5.tif,1,784.000,784,784
21232,F8_01_1_2_Chlorophyll_A_001_phosphate_plate5.tif,1,848.000,848,848
21233,F8_01_1_2_Chlorophyll_A_001_phosphate_plate5.tif,2,840.000,768,912
21234,F8_01_1_2_Chlorophyll_A_001_phosphate_plate5.tif,1,800.000,800,800
21235,F8_01_1_2_Chlorophyll_A_001_phosphate_plate5.tif,241,3559.303,768,32016
21236,F8_01_1_2_Chlorophyll_A_001_phosphate_plate5.tif,1,784.000,784,784
21237,F8_01_1_2_Chlorophyll_A_001_phosphate_plate5.tif,1,816.000,816,816
21238,F8_01_1_2_Chlorophyll_A_001_phosphate_plate5.tif,1,848.000,848,848
21239,F8_01_1_2_Chlorophyll_A_001_phosphate_plate5.tif,2,912.000,768,1056
21240,F8_01_1_2_Chlorophyll_A_001_phosphate_plate5.tif,4,836.000,784,880
21241,F8_01_1_2_Chlorophyll_A_001_phosphate_plate5.tif,2,792.000,768,816
21242,F8_01_1_2_Chlorophyll_A_001_phosphate_plate5.tif,1,784.000,784,784
21243,F8_01_1_2_Chlorophyll_A_001_phosphate_plate5.tif,1,800.000,800,800
21244,F8_01_1_2_Chlorophyll_A_001_phosphate_plate5.tif,76,869.474,768,1120
21245,F8_01_1_2_Chlorophyll_A_001_phosphate_plate5.tif,10,913.600,768,1008
21246,F8_01_1_2_Chlorophyll_A_001_phosphate_plate5.tif,68,891.765,768,1072
21247,F8_01_1_2_Chlorophyll_A_001_phosphate_plate5.tif,32,902.500,784,1120
21248,F8_01_1_2_Chlorophyll_A_001_phosphate_plate5.tif,67,908.418,768,1248
21249,F8_01_1_2_Chlorophyll_A_001_phosphate_plate5.tif,6,874.667,816,1024
21250,F8_01_1_2_Chlorophyll_A_001_phosphate_plate5.tif,7,859.429,832,880
21251,F8_01_1_2_Chlorophyll_A_001_phosphate_plate5.tif,2,976.000,880,1072
21252,F8_01_1_2_Chlorophyll_A_001_phosphate_plate5.tif,4,848.000,800,912
21253,F8_01_1_2_Chlorophyll_A_001_phosphate_plate5.tif,1,768.000,768,768
21254,F8_01_1_2_Chlorophyll_A_001_phosphate_plate5.tif,4,820.000,768,912
21255,F8_01_1_2_Chlorophyll_A_001_phosphate_plate5.tif,2,792.000,784,800
21256,F8_01_1_2_Chlorophyll_A_001_phosphate_plate5.tif,5,841.600,784,928
21257,F8_01_1_2_Chlorophyll_A_001_phosphate_plate5.tif,1,784.000,784,784
21258,F8_01_1_2_Chlorophyll_A_001_phosphate_plate5.tif,1,800.000,800,800
21259,F8_01_1_2_Chlorophyll_A_001_phosphate_plate5.tif,3,848.000,768,960
21260,F8_01_1_2_Chlorophyll_A_001_phosphate_plate5.tif,1,896.000,896,896
21261,F8_01_1_2_Chlorophyll_A_001_phosphate_plate5.tif,1,816.000,816,816
21262,F8_01_1_2_Chlorophyll_A_001_phosphate_plate5.tif,1,816.000,816,816
21263,F8_01_1_2_Chlorophyll_A_001_phosphate_plate5.tif,1,784.000,784,784
21264,F8_01_1_2_Chlorophyll_A_001_phosphate_plate5.tif,1,928.000,928,928
21265,F8_01_1_2_Chlorophyll_A_001_phosphate_plate5.tif,1,864.000,864,864
21266,F8_01_1_2_Chlorophyll_A_001_phosphate_plate5.tif,2,776.000,768,784
21267,F8_01_1_2_Chlorophyll_A_001_phosphate_plate5.tif,1,864.000,864,864
21268,F8_01_1_2_Chlorophyll_A_001_phosphate_plate5.tif,1,800.000,800,800
21269,F8_01_1_2_Chlorophyll_A_001_phosphate_plate5.tif,2,816.000,768,864
21270,F8_01_1_2_Chlorophyll_A_001_phosphate_plate5.tif,7,845.714,784,1024
21271,F8_01_1_2_Chlorophyll_A_001_phosphate_plate5.tif,2,888.000,848,928
21272,F8_01_1_2_Chlorophyll_A_001_phosphate_plate5.tif,1,944.000,944,944
21273,F8_01_1_2_Chlorophyll_A_001_phosphate_plate5.tif,2,784.000,768,800
21274,F8_01_1_2_Chlorophyll_A_001_phosphate_plate5.tif,1,768.000,768,768
21275,F8_01_1_2_Chlorophyll_A_001_phosphate_plate5.tif,2,832.000,832,832
21276,F8_01_1_2_Chlorophyll_A_001_phosphate_plate5.tif,2,808.000,800,816
21277,F8_01_1_2_Chlorophyll_A_001_phosphate_plate5.tif,1,848.000,848,848
21278,F8_01_1_2_Chlorophyll_A_001_phosphate_plate5.tif,1,960.000,960,960
21279,F8_01_1_2_Chlorophyll_A_001_phosphate_plate5.tif,3,821.333,768,864
21280,F8_01_1_2_Chlorophyll_A_001_phosphate_plate5.tif,1,800.000,800,800
21281,F8_01_1_2_Chlorophyll_A_001_phosphate_plate5.tif,1,864.000,864,864
21282,F8_01_1_2_Chlorophyll_A_001_phosphate_plate5.tif,1,800.000,800,800
21283,F8_01_1_2_Chlorophyll_A_001_phosphate_plate5.tif,2,832.000,816,848
21284,F8_01_1_2_Chlorophyll_A_001_phosphate_plate5.tif,1,832.000,832,832
21285,F8_01_1_2_Chlorophyll_A_001_phosphate_plate5.tif,2,848.000,784,912
21286,F8_01_1_2_Chlorophyll_A_001_phosphate_plate5.tif,1,912.000,912,912
21287,F8_01_1_2_Chlorophyll_A_001_phosphate_plate5.tif,8,814.000,768,960
21288,F8_01_1_2_Chlorophyll_A_001_phosphate_plate5.tif,1,784.000,784,784
21289,F8_01_1_2_Chlorophyll_A_001_phosphate_plate5.tif,2,768.000,768,768
21290,F8_01_1_2_Chlorophyll_A_001_phosphate_plate5.tif,1,768.000,768,768
21291,F8_01_1_2_Chlorophyll_A_001_phosphate_plate5.tif,2,832.000,816,848
21292,F8_01_1_2_Chlorophyll_A_001_phosphate_plate5.tif,2,792.000,784,800
21293,F8_01_1_2_Chlorophyll_A_001_phosphate_plate5.tif,1,912.000,912,912
21294,F8_01_1_2_Chlorophyll_A_001_phosphate_plate5.tif,13,865.231,800,960
21295,F8_01_1_2_Chlorophyll_A_001_phosphate_plate5.tif,1,784.000,784,784
21296,F8_01_1_2_Chlorophyll_A_001_phosphate_plate5.tif,1,800.000,800,800
21297,F8_01_1_2_Chlorophyll_A_001_phosphate_plate5.tif,1,848.000,848,848
21298,F8_01_1_2_Chlorophyll_A_001_phosphate_plate5.tif,1,768.000,768,768
21299,F8_01_1_2_Chlorophyll_A_001_phosphate_plate5.tif,23,886.957,768,1056
21300,F8_01_1_2_Chlorophyll_A_001_phosphate_plate5.tif,22,857.455,768,1040
21301,F8_01_1_2_Chlorophyll_A_001_phosphate_plate5.tif,88,891.091,768,1152
21302,F8_01_1_2_Chlorophyll_A_001_phosphate_plate5.tif,57,875.789,768,1168
21303,F8_01_1_2_Chlorophyll_A_001_phosphate_plate5.tif,1,880.000,880,880
21304,F8_01_1_2_Chlorophyll_A_001_phosphate_plate5.tif,1,816.000,816,816
21305,F8_01_1_2_Chlorophyll_A_001_phosphate_plate5.tif,1,912.000,912,912
21306,F8_01_1_2_Chlorophyll_A_001_phosphate_plate5.tif,1,816.000,816,816
21307,F8_01_1_2_Chlorophyll_A_001_phosphate_plate5.tif,52,849.846,768,1104
21308,F8_01_1_2_Chlorophyll_A_001_phosphate_plate5.tif,1,848.000,848,848
21309,F8_01_1_2_Chlorophyll_A_001_phosphate_plate5.tif,1,784.000,784,784
21310,F8_01_1_2_Chlorophyll_A_001_phosphate_plate5.tif,1,992.000,992,992
21311,F8_01_1_2_Chlorophyll_A_001_phosphate_plate5.tif,1,832.000,832,832
21312,F8_01_1_2_Chlorophyll_A_001_phosphate_plate5.tif,1,768.000,768,768
21313,F8_01_1_2_Chlorophyll_A_001_phosphate_plate5.tif,1,784.000,784,784
21314,F8_01_1_2_Chlorophyll_A_001_phosphate_plate5.tif,4,824.000,784,864
21315,F8_01_1_2_Chlorophyll_A_001_phosphate_plate5.tif,1,832.000,832,832
21316,F8_01_1_2_Chlorophyll_A_001_phosphate_plate5.tif,2,824.000,800,848
21317,F8_01_1_2_Chlorophyll_A_001_phosphate_plate5.tif,1,800.000,800,800
21318,F8_01_1_2_Chlorophyll_A_001_phosphate_plate5.tif,1,816.000,816,816
21319,F8_01_1_2_Chlorophyll_A_001_phosphate_plate5.tif,5,857.600,768,992
21320,F8_01_1_2_Chlorophyll_A_001_phosphate_plate5.tif,5,876.800,768,976
21321,F8_01_1_2_Chlorophyll_A_001_phosphate_plate5.tif,1,768.000,768,768
21322,F8_01_1_2_Chlorophyll_A_001_phosphate_plate5.tif,1,928.000,928,928
21323,F8_01_1_2_Chlorophyll_A_001_phosphate_plate5.tif,2,776.000,768,784
21324,F8_01_1_2_Chlorophyll_A_001_phosphate_plate5.tif,1,784.000,784,784
21325,F8_01_1_2_Chlorophyll_A_001_phosphate_plate5.tif,3,773.333,768,784
21326,F8_01_1_2_Chlorophyll_A_001_phosphate_plate5.tif,4,804.000,768,848
21327,F8_01_1_2_Chlorophyll_A_001_phosphate_plate5.tif,1,816.000,816,816
21328,F8_01_1_2_Chlorophyll_A_001_phosphate_plate5.tif,1,816.000,816,816
21329,F8_01_1_2_Chlorophyll_A_001_phosphate_plate5.tif,1,864.000,864,864
21330,F8_01_1_2_Chlorophyll_A_001_phosphate_plate5.tif,1,832.000,832,832
21331,F8_01_1_2_Chlorophyll_A_001_phosphate_plate5.tif,3,805.333,784,832
21332,F8_01_1_2_Chlorophyll_A_001_phosphate_plate5.tif,1,848.000,848,848
21333,F8_01_1_2_Chlorophyll_A_001_phosphate_plate5.tif,1,912.000,912,912
21334,F8_01_1_2_Chlorophyll_A_001_phosphate_plate5.tif,2,872.000,816,928
21335,F8_01_1_2_Chlorophyll_A_001_phosphate_plate5.tif,1,800.000,800,800
21336,F8_01_1_2_Chlorophyll_A_001_phosphate_plate5.tif,1,816.000,816,816
21337,F8_01_1_2_Chlorophyll_A_001_phosphate_plate5.tif,1,848.000,848,848
21338,F8_01_1_2_Chlorophyll_A_001_phosphate_plate5.tif,1,784.000,784,784
21339,F8_01_1_2_Chlorophyll_A_001_phosphate_plate5.tif,1,880.000,880,880
21340,F8_01_1_2_Chlorophyll_A_001_phosphate_plate5.tif,1,784.000,784,784
21341,F8_01_1_2_Chlorophyll_A_001_phosphate_plate5.tif,1,880.000,880,880
21342,F8_01_1_2_Chlorophyll_A_001_phosphate_plate5.tif,3,784.000,768,800
21343,F8_01_1_2_Chlorophyll_A_001_phosphate_plate5.tif,2,808.000,768,848
21344,F8_01_1_2_Chlorophyll_A_001_phosphate_plate5.tif,1,800.000,800,800
21345,F8_01_1_2_Chlorophyll_A_001_phosphate_plate5.tif,2,888.000,800,976
21346,F8_01_1_2_Chlorophyll_A_001_phosphate_plate5.tif,1,784.000,784,784
21347,F8_01_1_2_Chlorophyll_A_001_phosphate_plate5.tif,1,816.000,816,816
21348,F8_01_1_2_Chlorophyll_A_001_phosphate_plate5.tif,1,800.000,800,800
21349,F8_01_1_2_Chlorophyll_A_001_phosphate_plate5.tif,1,848.000,848,848
21350,F8_01_1_2_Chlorophyll_A_001_phosphate_plate5.tif,39,898.872,768,1200
21351,F8_01_1_2_Chlorophyll_A_001_phosphate_plate5.tif,1,944.000,944,944
21352,F8_01_1_2_Chlorophyll_A_001_phosphate_plate5.tif,6,842.667,768,928
21353,F8_01_1_2_Chlorophyll_A_001_phosphate_plate5.tif,34,849.412,768,992
21354,F8_01_1_2_Chlorophyll_A_001_phosphate_plate5.tif,1,832.000,832,832
21355,F8_01_1_2_Chlorophyll_A_001_phosphate_plate5.tif,1,848.000,848,848
21356,F8_01_1_2_Chlorophyll_A_001_phosphate_plate5.tif,3,816.000,800,848
21357,F8_01_1_2_Chlorophyll_A_001_phosphate_plate5.tif,1,880.000,880,880
21358,F8_01_1_2_Chlorophyll_A_001_phosphate_plate5.tif,1,880.000,880,880
21359,F8_01_1_2_Chlorophyll_A_001_phosphate_plate5.tif,1,880.000,880,880
21360,F8_01_1_2_Chlorophyll_A_001_phosphate_plate5.tif,1,768.000,768,768
21361,F8_01_1_2_Chlorophyll_A_001_phosphate_plate5.tif,4,812.000,768,864
21362,F8_01_1_2_Chlorophyll_A_001_phosphate_plate5.tif,8,842.000,768,1088
21363,F8_01_1_2_Chlorophyll_A_001_phosphate_plate5.tif,1,768.000,768,768
21364,F8_01_1_2_Chlorophyll_A_001_phosphate_plate5.tif,1,784.000,784,784
21365,F8_01_1_2_Chlorophyll_A_001_phosphate_plate5.tif,1,864.000,864,864
21366,F8_01_1_2_Chlorophyll_A_001_phosphate_plate5.tif,2,808.000,800,816
21367,F8_01_1_2_Chlorophyll_A_001_phosphate_plate5.tif,4,852.000,800,896
21368,F8_01_1_2_Chlorophyll_A_001_phosphate_plate5.tif,2,832.000,800,864
21369,F8_01_1_2_Chlorophyll_A_001_phosphate_plate5.tif,2,944.000,816,1072
21370,F8_01_1_2_Chlorophyll_A_001_phosphate_plate5.tif,1,928.000,928,928
21371,F8_01_1_2_Chlorophyll_A_001_phosphate_plate5.tif,1,912.000,912,912
21372,F8_01_1_2_Chlorophyll_A_001_phosphate_plate5.tif,2,896.000,784,1008
21373,F8_01_1_2_Chlorophyll_A_001_phosphate_plate5.tif,2,856.000,816,896
21374,F8_01_1_2_Chlorophyll_A_001_phosphate_plate5.tif,1,1024.000,1024,1024
21375,F8_01_1_2_Chlorophyll_A_001_phosphate_plate5.tif,1,768.000,768,768
21376,F8_01_1_2_Chlorophyll_A_001_phosphate_plate5.tif,1,768.000,768,768
21377,F8_01_1_2_Chlorophyll_A_001_phosphate_plate5.tif,1,784.000,784,784
21378,F8_01_1_2_Chlorophyll_A_001_phosphate_plate5.tif,1,816.000,816,816
21379,F8_01_1_2_Chlorophyll_A_001_phosphate_plate5.tif,10,817.600,768,912
21380,F8_01_1_2_Chlorophyll_A_001_phosphate_plate5.tif,1,784.000,784,784
21381,F8_01_1_2_Chlorophyll_A_001_phosphate_plate5.tif,1,816.000,816,816
21382,F8_01_1_2_Chlorophyll_A_001_phosphate_plate5.tif,2,832.000,816,848
21383,F8_01_1_2_Chlorophyll_A_001_phosphate_plate5.tif,4,824.000,784,896
21384,F8_01_1_2_Chlorophyll_A_001_phosphate_plate5.tif,1,864.000,864,864
21385,F8_01_1_2_Chlorophyll_A_001_phosphate_plate5.tif,1,768.000,768,768
21386,F8_01_1_2_Chlorophyll_A_001_phosphate_plate5.tif,2,840.000,800,880
21387,F8_01_1_2_Chlorophyll_A_001_phosphate_plate5.tif,4,788.000,768,816
21388,F8_01_1_2_Chlorophyll_A_001_phosphate_plate5.tif,1,784.000,784,784
21389,F8_01_1_2_Chlorophyll_A_001_phosphate_plate5.tif,1,848.000,848,848
21390,F8_01_1_2_Chlorophyll_A_001_phosphate_plate5.tif,1,832.000,832,832
21391,F8_01_1_2_Chlorophyll_A_001_phosphate_plate5.tif,1,800.000,800,800
21392,F8_01_1_2_Chlorophyll_A_001_phosphate_plate5.tif,1,960.000,960,960
21393,F8_01_1_2_Chlorophyll_A_001_phosphate_plate5.tif,1,768.000,768,768
21394,F8_01_1_2_Chlorophyll_A_001_phosphate_plate5.tif,1,784.000,784,784
21395,F8_01_1_2_Chlorophyll_A_001_phosphate_plate5.tif,2,872.000,768,976
21396,F8_01_1_2_Chlorophyll_A_001_phosphate_plate5.tif,5,809.600,768,896
21397,F8_01_1_2_Chlorophyll_A_001_phosphate_plate5.tif,1,896.000,896,896
21398,F8_01_1_2_Chlorophyll_A_001_phosphate_plate5.tif,199,4015.196,768,24816
21399,F8_01_1_2_Chlorophyll_A_001_phosphate_plate5.tif,5,851.200,784,992
21400,F8_01_1_2_Chlorophyll_A_001_phosphate_plate5.tif,2,792.000,784,800
21401,F8_01_1_2_Chlorophyll_A_001_phosphate_plate5.tif,1,768.000,768,768
21402,F8_01_1_2_Chlorophyll_A_001_phosphate_plate5.tif,1,832.000,832,832
21403,F8_01_1_2_Chlorophyll_A_001_phosphate_plate5.tif,2,848.000,816,880
21404,F8_01_1_2_Chlorophyll_A_001_phosphate_plate5.tif,1,784.000,784,784
21405,F8_01_1_2_Chlorophyll_A_001_phosphate_plate5.tif,2,856.000,848,864
21406,F8_01_1_2_Chlorophyll_A_001_phosphate_plate5.tif,1,960.000,960,960
21407,F8_01_1_2_Chlorophyll_A_001_phosphate_plate5.tif,1,864.000,864,864
21408,F8_01_1_2_Chlorophyll_A_001_phosphate_plate5.tif,1,816.000,816,816
21409,F8_01_1_2_Chlorophyll_A_001_phosphate_plate5.tif,1,784.000,784,784
21410,F8_01_1_2_Chlorophyll_A_001_phosphate_plate5.tif,1,896.000,896,896
21411,F8_01_1_2_Chlorophyll_A_001_phosphate_plate5.tif,1,784.000,784,784
21412,F8_01_1_2_Chlorophyll_A_001_phosphate_plate5.tif,1,864.000,864,864
21413,F8_01_1_2_Chlorophyll_A_001_phosphate_plate5.tif,3,794.667,768,848
21414,F8_01_1_2_Chlorophyll_A_001_phosphate_plate5.tif,3,794.667,784,816
21415,F8_01_1_2_Chlorophyll_A_001_phosphate_plate5.tif,1,768.000,768,768
21416,F8_01_1_2_Chlorophyll_A_001_phosphate_plate5.tif,84,870.095,768,1152
21417,F8_01_1_2_Chlorophyll_A_001_phosphate_plate5.tif,48,881.667,768,1152
21418,F8_01_1_2_Chlorophyll_A_001_phosphate_plate5.tif,13,813.538,768,864
21419,F8_01_1_2_Chlorophyll_A_001_phosphate_plate5.tif,2,776.000,768,784
21420,F8_01_1_2_Chlorophyll_A_001_phosphate_plate5.tif,1,848.000,848,848
21421,F8_01_1_2_Chlorophyll_A_001_phosphate_plate5.tif,5,841.600,784,912
21422,F8_01_1_2_Chlorophyll_A_001_phosphate_plate5.tif,1,864.000,864,864
21423,F8_01_1_2_Chlorophyll_A_001_phosphate_plate5.tif,2,784.000,768,800
21424,F8_01_1_2_Chlorophyll_A_001_phosphate_plate5.tif,5,832.000,784,928
21425,F8_01_1_2_Chlorophyll_A_001_phosphate_plate5.tif,1,992.000,992,992
21426,F8_01_1_2_Chlorophyll_A_001_phosphate_plate5.tif,1,960.000,960,960
21427,F8_01_1_2_Chlorophyll_A_001_phosphate_plate5.tif,1,976.000,976,976
21428,F8_01_1_2_Chlorophyll_A_001_phosphate_plate5.tif,1,848.000,848,848
21429,F8_01_1_2_Chlorophyll_A_001_phosphate_plate5.tif,3,938.667,832,1008
21430,F8_01_1_2_Chlorophyll_A_001_phosphate_plate5.tif,122,2456.525,768,14400
21431,F8_01_1_2_Chlorophyll_A_001_phosphate_plate5.tif,1,816.000,816,816
21432,F8_01_1_2_Chlorophyll_A_001_phosphate_plate5.tif,72,1740.444,768,9424
21433,F8_01_1_2_Chlorophyll_A_001_phosphate_plate5.tif,1,784.000,784,784
21434,F8_01_1_2_Chlorophyll_A_001_phosphate_plate5.tif,1,832.000,832,832
21435,F8_01_1_2_Chlorophyll_A_001_phosphate_plate5.tif,1,896.000,896,896
21436,F8_01_1_2_Chlorophyll_A_001_phosphate_plate5.tif,1,768.000,768,768
21437,F8_01_1_2_Chlorophyll_A_001_phosphate_plate5.tif,1,800.000,800,800
21438,F8_01_1_2_Chlorophyll_A_001_phosphate_plate5.tif,1,784.000,784,784
21439,F8_01_1_2_Chlorophyll_A_001_phosphate_plate5.tif,1,800.000,800,800
21440,F8_01_1_2_Chlorophyll_A_001_phosphate_plate5.tif,1,800.000,800,800
21441,F8_01_1_2_Chlorophyll_A_001_phosphate_plate5.tif,1,832.000,832,832
21442,F8_01_1_2_Chlorophyll_A_001_phosphate_plate5.tif,1,848.000,848,848
21443,F8_01_1_2_Chlorophyll_A_001_phosphate_plate5.tif,1,848.000,848,848
21444,F8_01_1_2_Chlorophyll_A_001_phosphate_plate5.tif,2,808.000,768,848
21445,F8_01_1_2_Chlorophyll_A_001_phosphate_plate5.tif,1,784.000,784,784
21446,F8_01_1_2_Chlorophyll_A_001_phosphate_plate5.tif,2,768.000,768,768
21447,F8_01_1_2_Chlorophyll_A_001_phosphate_plate5.tif,1,864.000,864,864
21448,F8_01_1_2_Chlorophyll_A_001_phosphate_plate5.tif,2,800.000,784,816
21449,F8_01_1_2_Chlorophyll_A_001_phosphate_plate5.tif,1,800.000,800,800
21450,F8_01_1_2_Chlorophyll_A_001_phosphate_plate5.tif,1,800.000,800,800
21451,F8_01_1_2_Chlorophyll_A_001_phosphate_plate5.tif,1,816.000,816,816
21452,F8_01_1_2_Chlorophyll_A_001_phosphate_plate5.tif,5,860.800,784,928
21453,F8_01_1_2_Chlorophyll_A_001_phosphate_plate5.tif,1,960.000,960,960
21454,F8_01_1_2_Chlorophyll_A_001_phosphate_plate5.tif,26,838.769,768,960
21455,F8_01_1_2_Chlorophyll_A_001_phosphate_plate5.tif,55,858.764,768,1040
21456,F8_01_1_2_Chlorophyll_A_001_phosphate_plate5.tif,236,1619.864,768,10400
21457,F8_01_1_2_Chlorophyll_A_001_phosphate_plate5.tif,70,864.686,768,1120
21458,F8_01_1_2_Chlorophyll_A_001_phosphate_plate5.tif,2,888.000,848,928
21459,F8_01_1_2_Chlorophyll_A_001_phosphate_plate5.tif,300,1830.080,768,19728
21460,F8_01_1_2_Chlorophyll_A_001_phosphate_plate5.tif,24,849.333,768,1040
21461,F8_01_1_2_Chlorophyll_A_001_phosphate_plate5.tif,2,848.000,800,896
21462,F8_01_1_2_Chlorophyll_A_001_phosphate_plate5.tif,2,832.000,768,896
21463,F8_01_1_2_Chlorophyll_A_001_phosphate_plate5.tif,2,824.000,800,848
21464,F8_01_1_2_Chlorophyll_A_001_phosphate_plate5.tif,2,872.000,784,960
21465,F8_01_1_2_Chlorophyll_A_001_phosphate_plate5.tif,2,896.000,848,944
21466,F8_01_1_2_Chlorophyll_A_001_phosphate_plate5.tif,2,840.000,800,880
21467,F8_01_1_2_Chlorophyll_A_001_phosphate_plate5.tif,1,768.000,768,768
21468,F8_01_1_2_Chlorophyll_A_001_phosphate_plate5.tif,1,864.000,864,864
21469,F8_01_1_2_Chlorophyll_A_001_phosphate_plate5.tif,2,800.000,800,800
21470,F8_01_1_2_Chlorophyll_A_001_phosphate_plate5.tif,2,936.000,896,976
21471,F8_01_1_2_Chlorophyll_A_001_phosphate_plate5.tif,1,848.000,848,848
21472,F8_01_1_2_Chlorophyll_A_001_phosphate_plate5.tif,1,768.000,768,768
21473,F8_01_1_2_Chlorophyll_A_001_phosphate_plate5.tif,1,896.000,896,896
21474,F8_01_1_2_Chlorophyll_A_001_phosphate_plate5.tif,1,1024.000,1024,1024
21475,F8_01_1_2_Chlorophyll_A_001_phosphate_plate5.tif,4,876.000,784,1040
21476,F8_01_1_2_Chlorophyll_A_001_phosphate_plate5.tif,1,880.000,880,880
21477,F8_01_1_2_Chlorophyll_A_001_phosphate_plate5.tif,1,800.000,800,800
21478,F8_01_1_2_Chlorophyll_A_001_phosphate_plate5.tif,1,816.000,816,816
21479,F8_01_1_2_Chlorophyll_A_001_phosphate_plate5.tif,1,912.000,912,912
21480,F8_01_1_2_Chlorophyll_A_001_phosphate_plate5.tif,1,768.000,768,768
21481,F8_01_1_2_Chlorophyll_A_001_phosphate_plate5.tif,1,784.000,784,784
21482,F8_01_1_2_Chlorophyll_A_001_phosphate_plate5.tif,2,824.000,784,864
21483,F8_01_1_2_Chlorophyll_A_001_phosphate_plate5.tif,1,880.000,880,880
21484,F8_01_1_2_Chlorophyll_A_001_phosphate_plate5.tif,1,800.000,800,800
21485,F8_01_1_2_Chlorophyll_A_001_phosphate_plate5.tif,7,850.286,768,1008
21486,F8_01_1_2_Chlorophyll_A_001_phosphate_plate5.tif,1,864.000,864,864
21487,F8_01_1_2_Chlorophyll_A_001_phosphate_plate5.tif,1,848.000,848,848
21488,F8_01_1_2_Chlorophyll_A_001_phosphate_plate5.tif,2,784.000,784,784
21489,F8_01_1_2_Chlorophyll_A_001_phosphate_plate5.tif,1,768.000,768,768
21490,F8_01_1_2_Chlorophyll_A_001_phosphate_plate5.tif,1,816.000,816,816
21491,F8_01_1_2_Chlorophyll_A_001_phosphate_plate5.tif,2,840.000,816,864
21492,F8_01_1_2_Chlorophyll_A_001_phosphate_plate5.tif,2,840.000,768,912
21493,F8_01_1_2_Chlorophyll_A_001_phosphate_plate5.tif,1,848.000,848,848
21494,F8_01_1_2_Chlorophyll_A_001_phosphate_plate5.tif,1,768.000,768,768
21495,F8_01_1_2_Chlorophyll_A_001_phosphate_plate5.tif,1,784.000,784,784
21496,F8_01_1_2_Chlorophyll_A_001_phosphate_plate5.tif,1,784.000,784,784
21497,F8_01_1_2_Chlorophyll_A_001_phosphate_plate5.tif,2,808.000,768,848
21498,F8_01_1_2_Chlorophyll_A_001_phosphate_plate5.tif,1,832.000,832,832
21499,F8_01_1_2_Chlorophyll_A_001_phosphate_plate5.tif,17,898.824,768,1152
21500,F8_01_1_2_Chlorophyll_A_001_phosphate_plate5.tif,2,768.000,768,768
21501,F8_01_1_2_Chlorophyll_A_001_phosphate_plate5.tif,1,800.000,800,800
21502,F8_01_1_2_Chlorophyll_A_001_phosphate_plate5.tif,1,944.000,944,944
21503,F8_01_1_2_Chlorophyll_A_001_phosphate_plate5.tif,1,816.000,816,816
21504,F8_01_1_2_Chlorophyll_A_001_phosphate_plate5.tif,2,808.000,784,832
21505,F8_01_1_2_Chlorophyll_A_001_phosphate_plate5.tif,2,792.000,784,800
21506,F8_01_1_2_Chlorophyll_A_001_phosphate_plate5.tif,1,784.000,784,784
21507,F8_01_1_2_Chlorophyll_A_001_phosphate_plate5.tif,16,854.000,768,944
21508,F8_01_1_2_Chlorophyll_A_001_phosphate_plate5.tif,153,871.007,768,1136
21509,F8_01_1_2_Chlorophyll_A_001_phosphate_plate5.tif,1,832.000,832,832
21510,F8_01_1_2_Chlorophyll_A_001_phosphate_plate5.tif,2,800.000,784,816
21511,F8_01_1_2_Chlorophyll_A_001_phosphate_plate5.tif,7,838.857,768,944
21512,F8_01_1_2_Chlorophyll_A_001_phosphate_plate5.tif,1,864.000,864,864
21513,F8_01_1_2_Chlorophyll_A_001_phosphate_plate5.tif,4,816.000,784,880
21514,F8_01_1_2_Chlorophyll_A_001_phosphate_plate5.tif,3,794.667,768,848
21515,F8_01_1_2_Chlorophyll_A_001_phosphate_plate5.tif,4,784.000,768,832
21516,F8_01_1_2_Chlorophyll_A_001_phosphate_plate5.tif,125,2260.480,768,12544
21517,F8_01_1_2_Chlorophyll_A_001_phosphate_plate5.tif,8,870.000,768,1072
21518,F8_01_1_2_Chlorophyll_A_001_phosphate_plate5.tif,5,844.800,800,896
21519,F8_01_1_2_Chlorophyll_A_001_phosphate_plate5.tif,1,784.000,784,784
21520,F8_01_1_2_Chlorophyll_A_001_phosphate_plate5.tif,1,816.000,816,816
21521,F8_01_1_2_Chlorophyll_A_001_phosphate_plate5.tif,3,778.667,768,784
21522,F8_01_1_2_Chlorophyll_A_001_phosphate_plate5.tif,1,832.000,832,832
21523,F8_01_1_2_Chlorophyll_A_001_phosphate_plate5.tif,1,832.000,832,832
21524,F8_01_1_2_Chlorophyll_A_001_phosphate_plate5.tif,1,784.000,784,784
21525,F8_01_1_2_Chlorophyll_A_001_phosphate_plate5.tif,1,848.000,848,848
21526,F8_01_1_2_Chlorophyll_A_001_phosphate_plate5.tif,2,784.000,768,800
21527,F8_01_1_2_Chlorophyll_A_001_phosphate_plate5.tif,3,805.333,768,880
21528,F8_01_1_2_Chlorophyll_A_001_phosphate_plate5.tif,1,816.000,816,816
21529,F8_01_1_2_Chlorophyll_A_001_phosphate_plate5.tif,1,944.000,944,944
21530,F8_01_1_2_Chlorophyll_A_001_phosphate_plate5.tif,1,800.000,800,800
21531,F8_01_1_2_Chlorophyll_A_001_phosphate_plate5.tif,6,840.000,768,912
21532,F8_01_1_2_Chlorophyll_A_001_phosphate_plate5.tif,1,816.000,816,816
21533,F8_01_1_2_Chlorophyll_A_001_phosphate_plate5.tif,2,784.000,784,784
21534,F8_01_1_2_Chlorophyll_A_001_phosphate_plate5.tif,1,800.000,800,800
21535,F8_01_1_2_Chlorophyll_A_001_phosphate_plate5.tif,1,864.000,864,864
21536,F8_01_1_2_Chlorophyll_A_001_phosphate_plate5.tif,1,784.000,784,784
21537,F8_01_1_2_Chlorophyll_A_001_phosphate_plate5.tif,1,784.000,784,784
21538,F8_01_1_2_Chlorophyll_A_001_phosphate_plate5.tif,2,840.000,768,912
21539,F8_01_1_2_Chlorophyll_A_001_phosphate_plate5.tif,1,800.000,800,800
21540,F8_01_1_2_Chlorophyll_A_001_phosphate_plate5.tif,2,768.000,768,768
21541,F8_01_1_2_Chlorophyll_A_001_phosphate_plate5.tif,1,848.000,848,848
21542,F8_01_1_2_Chlorophyll_A_001_phosphate_plate5.tif,2,800.000,800,800
21543,F8_01_1_2_Chlorophyll_A_001_phosphate_plate5.tif,2,792.000,768,816
21544,F8_01_1_2_Chlorophyll_A_001_phosphate_plate5.tif,8,812.000,768,928
21545,F8_01_1_2_Chlorophyll_A_001_phosphate_plate5.tif,43,886.326,768,1120
21546,F8_01_1_2_Chlorophyll_A_001_phosphate_plate5.tif,4,944.000,896,1056
21547,F8_01_1_2_Chlorophyll_A_001_phosphate_plate5.tif,64,879.000,768,1168
21548,F8_01_1_2_Chlorophyll_A_001_phosphate_plate5.tif,3,832.000,784,896
21549,F8_01_1_2_Chlorophyll_A_001_phosphate_plate5.tif,1,800.000,800,800
21550,F8_01_1_2_Chlorophyll_A_001_phosphate_plate5.tif,2,880.000,816,944
21551,F8_01_1_2_Chlorophyll_A_001_phosphate_plate5.tif,1,848.000,848,848
21552,F8_01_1_2_Chlorophyll_A_001_phosphate_plate5.tif,1,880.000,880,880
21553,F8_01_1_2_Chlorophyll_A_001_phosphate_plate5.tif,2,856.000,848,864
21554,F8_01_1_2_Chlorophyll_A_001_phosphate_plate5.tif,1,928.000,928,928
21555,F8_01_1_2_Chlorophyll_A_001_phosphate_plate5.tif,4,840.000,784,896
21556,F8_01_1_2_Chlorophyll_A_001_phosphate_plate5.tif,2,896.000,880,912
21557,F8_01_1_2_Chlorophyll_A_001_phosphate_plate5.tif,1,848.000,848,848
21558,F8_01_1_2_Chlorophyll_A_001_phosphate_plate5.tif,1,800.000,800,800
21559,F8_01_1_2_Chlorophyll_A_001_phosphate_plate5.tif,1,896.000,896,896
21560,F8_01_1_2_Chlorophyll_A_001_phosphate_plate5.tif,1,768.000,768,768
21561,F8_01_1_2_Chlorophyll_A_001_phosphate_plate5.tif,1,896.000,896,896
21562,F8_01_1_2_Chlorophyll_A_001_phosphate_plate5.tif,2,848.000,832,864
21563,F8_01_1_2_Chlorophyll_A_001_phosphate_plate5.tif,3,869.333,800,928
21564,F8_01_1_2_Chlorophyll_A_001_phosphate_plate5.tif,1,800.000,800,800
21565,F8_01_1_2_Chlorophyll_A_001_phosphate_plate5.tif,1,832.000,832,832
21566,F8_01_1_2_Chlorophyll_A_001_phosphate_plate5.tif,1,800.000,800,800
21567,F8_01_1_2_Chlorophyll_A_001_phosphate_plate5.tif,3,794.667,784,816
21568,F8_01_1_2_Chlorophyll_A_001_phosphate_plate5.tif,2,792.000,784,800
21569,F8_01_1_2_Chlorophyll_A_001_phosphate_plate5.tif,1,896.000,896,896
21570,F8_01_1_2_Chlorophyll_A_001_phosphate_plate5.tif,1,912.000,912,912
21571,F8_01_1_2_Chlorophyll_A_001_phosphate_plate5.tif,1,928.000,928,928
21572,F8_01_1_2_Chlorophyll_A_001_phosphate_plate5.tif,1,832.000,832,832
21573,F8_01_1_2_Chlorophyll_A_001_phosphate_plate5.tif,1,768.000,768,768
21574,F8_01_1_2_Chlorophyll_A_001_phosphate_plate5.tif,1,784.000,784,784
21575,F8_01_1_2_Chlorophyll_A_001_phosphate_plate5.tif,4,788.000,768,848
21576,F8_01_1_2_Chlorophyll_A_001_phosphate_plate5.tif,3,837.333,816,880
21577,F8_01_1_2_Chlorophyll_A_001_phosphate_plate5.tif,1,768.000,768,768
21578,F8_01_1_2_Chlorophyll_A_001_phosphate_plate5.tif,1,784.000,784,784
21579,F8_01_1_2_Chlorophyll_A_001_phosphate_plate5.tif,1,768.000,768,768
21580,F8_01_1_2_Chlorophyll_A_001_phosphate_plate5.tif,1,832.000,832,832
21581,F8_01_1_2_Chlorophyll_A_001_phosphate_plate5.tif,2,792.000,784,800
21582,F8_01_1_2_Chlorophyll_A_001_phosphate_plate5.tif,1,1024.000,1024,1024
21583,F8_01_1_2_Chlorophyll_A_001_phosphate_plate5.tif,4,860.000,768,960
21584,F8_01_1_2_Chlorophyll_A_001_phosphate_plate5.tif,1,816.000,816,816
21585,F8_01_1_2_Chlorophyll_A_001_phosphate_plate5.tif,1,768.000,768,768
21586,F8_01_1_2_Chlorophyll_A_001_phosphate_plate5.tif,4,780.000,768,784
21587,F8_01_1_2_Chlorophyll_A_001_phosphate_plate5.tif,1,816.000,816,816
21588,F8_01_1_2_Chlorophyll_A_001_phosphate_plate5.tif,1,864.000,864,864
21589,F8_01_1_2_Chlorophyll_A_001_phosphate_plate5.tif,1,816.000,816,816
21590,F8_01_1_2_Chlorophyll_A_001_phosphate_plate5.tif,1,864.000,864,864
21591,F8_01_1_2_Chlorophyll_A_001_phosphate_plate5.tif,1,768.000,768,768
21592,F8_01_1_2_Chlorophyll_A_001_phosphate_plate5.tif,2,832.000,816,848
21593,F8_01_1_2_Chlorophyll_A_001_phosphate_plate5.tif,2,784.000,768,800
21594,F8_01_1_2_Chlorophyll_A_001_phosphate_plate5.tif,1,784.000,784,784
21595,F8_01_1_2_Chlorophyll_A_001_phosphate_plate5.tif,1,768.000,768,768
21596,F8_01_1_2_Chlorophyll_A_001_phosphate_plate5.tif,1,800.000,800,800
21597,F8_01_1_2_Chlorophyll_A_001_phosphate_plate5.tif,2,816.000,768,864
21598,F8_01_1_2_Chlorophyll_A_001_phosphate_plate5.tif,2,864.000,784,944
21599,F8_01_1_2_Chlorophyll_A_001_phosphate_plate5.tif,1,784.000,784,784
21600,F8_01_1_2_Chlorophyll_A_001_phosphate_plate5.tif,3,842.667,800,912
21601,F8_01_1_2_Chlorophyll_A_001_phosphate_plate5.tif,1,768.000,768,768
21602,F8_01_1_2_Chlorophyll_A_001_phosphate_plate5.tif,2,880.000,784,976
21603,F8_01_1_2_Chlorophyll_A_001_phosphate_plate5.tif,1,800.000,800,800
21604,F8_01_1_2_Chlorophyll_A_001_phosphate_plate5.tif,1,848.000,848,848
21605,F8_01_1_2_Chlorophyll_A_001_phosphate_plate5.tif,1,832.000,832,832
21606,F8_01_1_2_Chlorophyll_A_001_phosphate_plate5.tif,4,800.000,768,816
21607,F8_01_1_2_Chlorophyll_A_001_phosphate_plate5.tif,1,848.000,848,848
21608,F8_01_1_2_Chlorophyll_A_001_phosphate_plate5.tif,4,844.000,768,1040
21609,F8_01_1_2_Chlorophyll_A_001_phosphate_plate5.tif,2,848.000,800,896
21610,F8_01_1_2_Chlorophyll_A_001_phosphate_plate5.tif,1,832.000,832,832
21611,F8_01_1_2_Chlorophyll_A_001_phosphate_plate5.tif,1,784.000,784,784
21612,F8_01_1_2_Chlorophyll_A_001_phosphate_plate5.tif,1,896.000,896,896
21613,F8_01_1_2_Chlorophyll_A_001_phosphate_plate5.tif,1,800.000,800,800
21614,F8_01_1_2_Chlorophyll_A_001_phosphate_plate5.tif,1,864.000,864,864
21615,F8_01_1_2_Chlorophyll_A_001_phosphate_plate5.tif,2,816.000,784,848
21616,F8_01_1_2_Chlorophyll_A_001_phosphate_plate5.tif,1,784.000,784,784
21617,F8_01_1_2_Chlorophyll_A_001_phosphate_plate5.tif,2,864.000,768,960
21618,F8_01_1_2_Chlorophyll_A_001_phosphate_plate5.tif,1,864.000,864,864
21619,F8_01_1_2_Chlorophyll_A_001_phosphate_plate5.tif,1,768.000,768,768
21620,F8_01_1_2_Chlorophyll_A_001_phosphate_plate5.tif,1,864.000,864,864
21621,F8_01_1_2_Chlorophyll_A_001_phosphate_plate5.tif,1,768.000,768,768
21622,F8_01_1_2_Chlorophyll_A_001_phosphate_plate5.tif,6,837.333,768,944
21623,F8_01_1_2_Chlorophyll_A_001_phosphate_plate5.tif,1,816.000,816,816
21624,F8_01_1_2_Chlorophyll_A_001_phosphate_plate5.tif,3,789.333,768,816
21625,F8_01_1_2_Chlorophyll_A_001_phosphate_plate5.tif,2,832.000,816,848
21626,F8_01_1_2_Chlorophyll_A_001_phosphate_plate5.tif,1,864.000,864,864
21627,F8_01_1_2_Chlorophyll_A_001_phosphate_plate5.tif,1,784.000,784,784
21628,F8_01_1_2_Chlorophyll_A_001_phosphate_plate5.tif,1,768.000,768,768
21629,F8_01_1_2_Chlorophyll_A_001_phosphate_plate5.tif,1,816.000,816,816
21630,F8_01_1_2_Chlorophyll_A_001_phosphate_plate5.tif,1,784.000,784,784
21631,F8_01_1_2_Chlorophyll_A_001_phosphate_plate5.tif,2,808.000,768,848
21632,F8_01_1_2_Chlorophyll_A_001_phosphate_plate5.tif,2,800.000,800,800
21633,F8_01_1_2_Chlorophyll_A_001_phosphate_plate5.tif,2,808.000,800,816
21634,F8_01_1_2_Chlorophyll_A_001_phosphate_plate5.tif,1,784.000,784,784
21635,F8_01_1_2_Chlorophyll_A_001_phosphate_plate5.tif,1,784.000,784,784
21636,F8_01_1_2_Chlorophyll_A_001_phosphate_plate5.tif,1,784.000,784,784
21637,F8_01_1_2_Chlorophyll_A_001_phosphate_plate5.tif,1,800.000,800,800
21638,F8_01_1_2_Chlorophyll_A_001_phosphate_plate5.tif,1,800.000,800,800
21639,F8_01_1_2_Chlorophyll_A_001_phosphate_plate5.tif,1,880.000,880,880
21640,F8_01_1_2_Chlorophyll_A_001_phosphate_plate5.tif,2,824.000,768,880
21641,F8_01_1_2_Chlorophyll_A_001_phosphate_plate5.tif,2,896.000,896,896
21642,F8_01_1_2_Chlorophyll_A_001_phosphate_plate5.tif,1,816.000,816,816
21643,F8_01_1_2_Chlorophyll_A_001_phosphate_plate5.tif,1,800.000,800,800
21644,F8_01_1_2_Chlorophyll_A_001_phosphate_plate5.tif,12,834.667,768,912
21645,F8_01_1_2_Chlorophyll_A_001_phosphate_plate5.tif,53,872.453,768,1136
21646,F8_01_1_2_Chlorophyll_A_001_phosphate_plate5.tif,23,891.826,784,1040
21647,F8_01_1_2_Chlorophyll_A_001_phosphate_plate5.tif,7,804.571,768,928
21648,F8_01_1_2_Chlorophyll_A_001_phosphate_plate5.tif,1,864.000,864,864
21649,F8_01_1_2_Chlorophyll_A_001_phosphate_plate5.tif,7,834.286,768,928
21650,F8_01_1_2_Chlorophyll_A_001_phosphate_plate5.tif,2,864.000,800,928
21651,F8_01_1_2_Chlorophyll_A_001_phosphate_plate5.tif,5,841.600,768,944
21652,F8_01_1_2_Chlorophyll_A_001_phosphate_plate5.tif,5,790.400,768,816
21653,F8_01_1_2_Chlorophyll_A_001_phosphate_plate5.tif,112,1876.000,768,9552
21654,F8_01_1_2_Chlorophyll_A_001_phosphate_plate5.tif,7,848.000,784,944
21655,F8_01_1_2_Chlorophyll_A_001_phosphate_plate5.tif,1,944.000,944,944
21656,F8_01_1_2_Chlorophyll_A_001_phosphate_plate5.tif,1,800.000,800,800
21657,F8_01_1_2_Chlorophyll_A_001_phosphate_plate5.tif,2,832.000,784,880
21658,F8_01_1_2_Chlorophyll_A_001_phosphate_plate5.tif,1,768.000,768,768
21659,F8_01_1_2_Chlorophyll_A_001_phosphate_plate5.tif,2,888.000,800,976
21660,F8_01_1_2_Chlorophyll_A_001_phosphate_plate5.tif,2,800.000,768,832
21661,F8_01_1_2_Chlorophyll_A_001_phosphate_plate5.tif,1,864.000,864,864
21662,F8_01_1_2_Chlorophyll_A_001_phosphate_plate5.tif,1,800.000,800,800
21663,F8_01_1_2_Chlorophyll_A_001_phosphate_plate5.tif,1,1024.000,1024,1024
21664,F8_01_1_2_Chlorophyll_A_001_phosphate_plate5.tif,2,824.000,800,848
21665,F8_01_1_2_Chlorophyll_A_001_phosphate_plate5.tif,1,800.000,800,800
21666,F8_01_1_2_Chlorophyll_A_001_phosphate_plate5.tif,1,768.000,768,768
21667,F8_01_1_2_Chlorophyll_A_001_phosphate_plate5.tif,2,768.000,768,768
21668,F8_01_1_2_Chlorophyll_A_001_phosphate_plate5.tif,1,768.000,768,768
21669,F8_01_1_2_Chlorophyll_A_001_phosphate_plate5.tif,1,864.000,864,864
21670,F8_01_1_2_Chlorophyll_A_001_phosphate_plate5.tif,2,800.000,784,816
21671,F8_01_1_2_Chlorophyll_A_001_phosphate_plate5.tif,1,912.000,912,912
21672,F8_01_1_2_Chlorophyll_A_001_phosphate_plate5.tif,1,896.000,896,896
21673,F8_01_1_2_Chlorophyll_A_001_phosphate_plate5.tif,1,848.000,848,848
21674,F8_01_1_2_Chlorophyll_A_001_phosphate_plate5.tif,1,880.000,880,880
21675,F8_01_1_2_Chlorophyll_A_001_phosphate_plate5.tif,1,800.000,800,800
21676,F8_01_1_2_Chlorophyll_A_001_phosphate_plate5.tif,1,784.000,784,784
21677,F8_01_1_2_Chlorophyll_A_001_phosphate_plate5.tif,1,768.000,768,768
21678,F8_01_1_2_Chlorophyll_A_001_phosphate_plate5.tif,1,768.000,768,768
21679,F8_01_1_2_Chlorophyll_A_001_phosphate_plate5.tif,1,880.000,880,880
21680,F8_01_1_2_Chlorophyll_A_001_phosphate_plate5.tif,1,768.000,768,768
21681,F8_01_1_2_Chlorophyll_A_001_phosphate_plate5.tif,1,800.000,800,800
21682,F8_01_1_2_Chlorophyll_A_001_phosphate_plate5.tif,2,776.000,768,784
21683,F8_01_1_2_Chlorophyll_A_001_phosphate_plate5.tif,1,800.000,800,800
21684,F8_01_1_2_Chlorophyll_A_001_phosphate_plate5.tif,1,848.000,848,848
21685,F8_01_1_2_Chlorophyll_A_001_phosphate_plate5.tif,2,848.000,768,928
21686,F8_01_1_2_Chlorophyll_A_001_phosphate_plate5.tif,2,800.000,784,816
21687,F8_01_1_2_Chlorophyll_A_001_phosphate_plate5.tif,1,816.000,816,816
21688,F8_01_1_2_Chlorophyll_A_001_phosphate_plate5.tif,2,832.000,800,864
21689,F8_01_1_2_Chlorophyll_A_001_phosphate_plate5.tif,1,864.000,864,864
21690,F8_01_1_2_Chlorophyll_A_001_phosphate_plate5.tif,1,784.000,784,784
21691,F8_01_1_2_Chlorophyll_A_001_phosphate_plate5.tif,2,896.000,800,992
21692,F8_01_1_2_Chlorophyll_A_001_phosphate_plate5.tif,38,910.737,768,1120
21693,F8_01_1_2_Chlorophyll_A_001_phosphate_plate5.tif,1,864.000,864,864
21694,F8_01_1_2_Chlorophyll_A_001_phosphate_plate5.tif,2,904.000,832,976
21695,F8_01_1_2_Chlorophyll_A_001_phosphate_plate5.tif,94,856.681,768,1056
21696,F8_01_1_2_Chlorophyll_A_001_phosphate_plate5.tif,1,848.000,848,848
21697,F8_01_1_2_Chlorophyll_A_001_phosphate_plate5.tif,12,869.333,768,976
21698,F8_01_1_2_Chlorophyll_A_001_phosphate_plate5.tif,5,793.600,768,816
21699,F8_01_1_2_Chlorophyll_A_001_phosphate_plate5.tif,3,816.000,784,864
21700,F8_01_1_2_Chlorophyll_A_001_phosphate_plate5.tif,6,893.333,768,1136
21701,F8_01_1_2_Chlorophyll_A_001_phosphate_plate5.tif,2,896.000,864,928
21702,F8_01_1_2_Chlorophyll_A_001_phosphate_plate5.tif,3,805.333,784,832
21703,F8_01_1_2_Chlorophyll_A_001_phosphate_plate5.tif,1,864.000,864,864
21704,F8_01_1_2_Chlorophyll_A_001_phosphate_plate5.tif,1,832.000,832,832
21705,F8_01_1_2_Chlorophyll_A_001_phosphate_plate5.tif,1,896.000,896,896
21706,F8_01_1_2_Chlorophyll_A_001_phosphate_plate5.tif,1,944.000,944,944
21707,F8_01_1_2_Chlorophyll_A_001_phosphate_plate5.tif,5,844.800,784,944
21708,F8_01_1_2_Chlorophyll_A_001_phosphate_plate5.tif,1,800.000,800,800
21709,F8_01_1_2_Chlorophyll_A_001_phosphate_plate5.tif,1,832.000,832,832
21710,F8_01_1_2_Chlorophyll_A_001_phosphate_plate5.tif,2,904.000,848,960
21711,F8_01_1_2_Chlorophyll_A_001_phosphate_plate5.tif,1,912.000,912,912
21712,F8_01_1_2_Chlorophyll_A_001_phosphate_plate5.tif,1,768.000,768,768
21713,F8_01_1_2_Chlorophyll_A_001_phosphate_plate5.tif,1,800.000,800,800
21714,F8_01_1_2_Chlorophyll_A_001_phosphate_plate5.tif,1,832.000,832,832
21715,F8_01_1_2_Chlorophyll_A_001_phosphate_plate5.tif,1,1008.000,1008,1008
21716,F8_01_1_2_Chlorophyll_A_001_phosphate_plate5.tif,2,808.000,800,816
21717,F8_01_1_2_Chlorophyll_A_001_phosphate_plate5.tif,1,784.000,784,784
21718,F8_01_1_2_Chlorophyll_A_001_phosphate_plate5.tif,1,1040.000,1040,1040
21719,F8_01_1_2_Chlorophyll_A_001_phosphate_plate5.tif,3,800.000,768,864
21720,F8_01_1_2_Chlorophyll_A_001_phosphate_plate5.tif,1,800.000,800,800
21721,F8_01_1_2_Chlorophyll_A_001_phosphate_plate5.tif,2,840.000,816,864
21722,F8_01_1_2_Chlorophyll_A_001_phosphate_plate5.tif,1,880.000,880,880
21723,F8_01_1_2_Chlorophyll_A_001_phosphate_plate5.tif,1,768.000,768,768
21724,F8_01_1_2_Chlorophyll_A_001_phosphate_plate5.tif,1,800.000,800,800
21725,F8_01_1_2_Chlorophyll_A_001_phosphate_plate5.tif,1,864.000,864,864
21726,F8_01_1_2_Chlorophyll_A_001_phosphate_plate5.tif,1,768.000,768,768
21727,F8_01_1_2_Chlorophyll_A_001_phosphate_plate5.tif,1,832.000,832,832
21728,F8_01_1_2_Chlorophyll_A_001_phosphate_plate5.tif,1,896.000,896,896
21729,F8_01_1_2_Chlorophyll_A_001_phosphate_plate5.tif,1,768.000,768,768
21730,F8_01_1_2_Chlorophyll_A_001_phosphate_plate5.tif,1,816.000,816,816
21731,F8_01_1_2_Chlorophyll_A_001_phosphate_plate5.tif,1,784.000,784,784
21732,F8_01_1_2_Chlorophyll_A_001_phosphate_plate5.tif,1,768.000,768,768
21733,F8_01_1_2_Chlorophyll_A_001_phosphate_plate5.tif,2,880.000,768,992
21734,F8_01_1_2_Chlorophyll_A_001_phosphate_plate5.tif,1,816.000,816,816
21735,F8_01_1_2_Chlorophyll_A_001_phosphate_plate5.tif,91,862.945,768,1056
21736,F8_01_1_2_Chlorophyll_A_001_phosphate_plate5.tif,77,875.844,768,1088
21737,F8_01_1_2_Chlorophyll_A_001_phosphate_plate5.tif,1,864.000,864,864
21738,F8_01_1_2_Chlorophyll_A_001_phosphate_plate5.tif,3,869.333,784,912
21739,F8_01_1_2_Chlorophyll_A_001_phosphate_plate5.tif,1,848.000,848,848
21740,F8_01_1_2_Chlorophyll_A_001_phosphate_plate5.tif,2,808.000,768,848
21741,F8_01_1_2_Chlorophyll_A_001_phosphate_plate5.tif,8,882.000,768,1008
21742,F8_01_1_2_Chlorophyll_A_001_phosphate_plate5.tif,3,880.000,784,960
21743,F8_01_1_2_Chlorophyll_A_001_phosphate_plate5.tif,1,832.000,832,832
21744,F8_01_1_2_Chlorophyll_A_001_phosphate_plate5.tif,1,768.000,768,768
21745,F8_01_1_2_Chlorophyll_A_001_phosphate_plate5.tif,1,816.000,816,816
21746,F8_01_1_2_Chlorophyll_A_001_phosphate_plate5.tif,1,912.000,912,912
21747,F8_01_1_2_Chlorophyll_A_001_phosphate_plate5.tif,3,901.333,800,960
21748,F8_01_1_2_Chlorophyll_A_001_phosphate_plate5.tif,2,840.000,832,848
21749,F8_01_1_2_Chlorophyll_A_001_phosphate_plate5.tif,1,896.000,896,896
21750,F8_01_1_2_Chlorophyll_A_001_phosphate_plate5.tif,1,768.000,768,768
21751,F8_01_1_2_Chlorophyll_A_001_phosphate_plate5.tif,3,784.000,768,800
21752,F8_01_1_2_Chlorophyll_A_001_phosphate_plate5.tif,1,976.000,976,976
21753,F8_01_1_2_Chlorophyll_A_001_phosphate_plate5.tif,1,816.000,816,816
21754,F8_01_1_2_Chlorophyll_A_001_phosphate_plate5.tif,1,784.000,784,784
21755,F8_01_1_2_Chlorophyll_A_001_phosphate_plate5.tif,4,816.000,768,928
21756,F8_01_1_2_Chlorophyll_A_001_phosphate_plate5.tif,1,816.000,816,816
21757,F8_01_1_2_Chlorophyll_A_001_phosphate_plate5.tif,1,768.000,768,768
21758,F8_01_1_2_Chlorophyll_A_001_phosphate_plate5.tif,1,800.000,800,800
21759,F8_01_1_2_Chlorophyll_A_001_phosphate_plate5.tif,2,832.000,816,848
21760,F8_01_1_2_Chlorophyll_A_001_phosphate_plate5.tif,3,832.000,768,960
21761,F8_01_1_2_Chlorophyll_A_001_phosphate_plate5.tif,1,784.000,784,784
21762,F8_01_1_2_Chlorophyll_A_001_phosphate_plate5.tif,1,784.000,784,784
21763,F8_01_1_2_Chlorophyll_A_001_phosphate_plate5.tif,1,768.000,768,768
21764,F8_01_1_2_Chlorophyll_A_001_phosphate_plate5.tif,2,768.000,768,768
21765,F8_01_1_2_Chlorophyll_A_001_phosphate_plate5.tif,1,784.000,784,784
21766,F8_01_1_2_Chlorophyll_A_001_phosphate_plate5.tif,2,840.000,816,864
21767,F8_01_1_2_Chlorophyll_A_001_phosphate_plate5.tif,1,848.000,848,848
21768,F8_01_1_2_Chlorophyll_A_001_phosphate_plate5.tif,2,832.000,816,848
21769,F8_01_1_2_Chlorophyll_A_001_phosphate_plate5.tif,4,844.000,768,960
21770,F8_01_1_2_Chlorophyll_A_001_phosphate_plate5.tif,1,816.000,816,816
21771,F8_01_1_2_Chlorophyll_A_001_phosphate_plate5.tif,4,800.000,784,816
21772,F8_01_1_2_Chlorophyll_A_001_phosphate_plate5.tif,1,768.000,768,768
21773,F8_01_1_2_Chlorophyll_A_001_phosphate_plate5.tif,1,848.000,848,848
21774,F8_01_1_2_Chlorophyll_A_001_phosphate_plate5.tif,1,896.000,896,896
21775,F8_01_1_2_Chlorophyll_A_001_phosphate_plate5.tif,1,784.000,784,784
21776,F8_01_1_2_Chlorophyll_A_001_phosphate_plate5.tif,1,816.000,816,816
21777,F8_01_1_2_Chlorophyll_A_001_phosphate_plate5.tif,1,832.000,832,832
21778,F8_01_1_2_Chlorophyll_A_001_phosphate_plate5.tif,1,816.000,816,816
21779,F8_01_1_2_Chlorophyll_A_001_phosphate_plate5.tif,1,880.000,880,880
21780,F8_01_1_2_Chlorophyll_A_001_phosphate_plate5.tif,1,976.000,976,976
21781,F8_01_1_2_Chlorophyll_A_001_phosphate_plate5.tif,1,800.000,800,800
21782,F8_01_1_2_Chlorophyll_A_001_phosphate_plate5.tif,1,768.000,768,768
21783,F8_01_1_2_Chlorophyll_A_001_phosphate_plate5.tif,1,800.000,800,800
21784,F8_01_1_2_Chlorophyll_A_001_phosphate_plate5.tif,1,864.000,864,864
21785,F8_01_1_2_Chlorophyll_A_001_phosphate_plate5.tif,1,768.000,768,768
21786,F8_01_1_2_Chlorophyll_A_001_phosphate_plate5.tif,1,816.000,816,816
21787,F8_01_1_2_Chlorophyll_A_001_phosphate_plate5.tif,2,864.000,848,880
21788,F8_01_1_2_Chlorophyll_A_001_phosphate_plate5.tif,7,802.286,768,912
21789,F8_01_1_2_Chlorophyll_A_001_phosphate_plate5.tif,1,912.000,912,912
21790,F8_01_1_2_Chlorophyll_A_001_phosphate_plate5.tif,1,912.000,912,912
21791,F8_01_1_2_Chlorophyll_A_001_phosphate_plate5.tif,115,853.287,768,1120
21792,F8_01_1_2_Chlorophyll_A_001_phosphate_plate5.tif,37,899.027,768,1216
21793,F8_01_1_2_Chlorophyll_A_001_phosphate_plate5.tif,29,897.103,768,1168
21794,F8_01_1_2_Chlorophyll_A_001_phosphate_plate5.tif,64,888.500,768,1120
21795,F8_01_1_2_Chlorophyll_A_001_phosphate_plate5.tif,46,914.435,768,1232
21796,F8_01_1_2_Chlorophyll_A_001_phosphate_plate5.tif,32,887.000,768,1056
21797,F8_01_1_2_Chlorophyll_A_001_phosphate_plate5.tif,2,816.000,784,848
21798,F8_01_1_2_Chlorophyll_A_001_phosphate_plate5.tif,1,816.000,816,816
21799,F8_01_1_2_Chlorophyll_A_001_phosphate_plate5.tif,1,848.000,848,848
21800,F8_01_1_2_Chlorophyll_A_001_phosphate_plate5.tif,2,872.000,768,976
21801,F8_01_1_2_Chlorophyll_A_001_phosphate_plate5.tif,9,848.000,768,960
21802,F8_01_1_2_Chlorophyll_A_001_phosphate_plate5.tif,1,912.000,912,912
21803,F8_01_1_2_Chlorophyll_A_001_phosphate_plate5.tif,1,800.000,800,800
21804,F8_01_1_2_Chlorophyll_A_001_phosphate_plate5.tif,1,912.000,912,912
21805,F8_01_1_2_Chlorophyll_A_001_phosphate_plate5.tif,1,816.000,816,816
21806,F8_01_1_2_Chlorophyll_A_001_phosphate_plate5.tif,1,784.000,784,784
21807,F8_01_1_2_Chlorophyll_A_001_phosphate_plate5.tif,1,848.000,848,848
21808,F8_01_1_2_Chlorophyll_A_001_phosphate_plate5.tif,2,824.000,768,880
21809,F8_01_1_2_Chlorophyll_A_001_phosphate_plate5.tif,10,820.800,784,896
21810,F8_01_1_2_Chlorophyll_A_001_phosphate_plate5.tif,1,848.000,848,848
21811,F8_01_1_2_Chlorophyll_A_001_phosphate_plate5.tif,1,816.000,816,816
21812,F8_01_1_2_Chlorophyll_A_001_phosphate_plate5.tif,1,800.000,800,800
21813,F8_01_1_2_Chlorophyll_A_001_phosphate_plate5.tif,1,800.000,800,800
21814,F8_01_1_2_Chlorophyll_A_001_phosphate_plate5.tif,1,768.000,768,768
21815,F8_01_1_2_Chlorophyll_A_001_phosphate_plate5.tif,1,800.000,800,800
21816,F8_01_1_2_Chlorophyll_A_001_phosphate_plate5.tif,2,808.000,768,848
21817,F8_01_1_2_Chlorophyll_A_001_phosphate_plate5.tif,1,768.000,768,768
21818,F8_01_1_2_Chlorophyll_A_001_phosphate_plate5.tif,1,992.000,992,992
21819,F8_01_1_2_Chlorophyll_A_001_phosphate_plate5.tif,1,784.000,784,784
21820,F8_01_1_2_Chlorophyll_A_001_phosphate_plate5.tif,1,800.000,800,800
21821,F8_01_1_2_Chlorophyll_A_001_phosphate_plate5.tif,1,768.000,768,768
21822,F8_01_1_2_Chlorophyll_A_001_phosphate_plate5.tif,1,768.000,768,768
21823,F8_01_1_2_Chlorophyll_A_001_phosphate_plate5.tif,1,864.000,864,864
21824,F8_01_1_2_Chlorophyll_A_001_phosphate_plate5.tif,1,864.000,864,864
21825,F8_01_1_2_Chlorophyll_A_001_phosphate_plate5.tif,2,768.000,768,768
21826,F8_01_1_2_Chlorophyll_A_001_phosphate_plate5.tif,1,784.000,784,784
21827,F8_01_1_2_Chlorophyll_A_001_phosphate_plate5.tif,2,912.000,832,992
21828,F8_01_1_2_Chlorophyll_A_001_phosphate_plate5.tif,2,784.000,784,784
21829,F8_01_1_2_Chlorophyll_A_001_phosphate_plate5.tif,1,800.000,800,800
21830,F8_01_1_2_Chlorophyll_A_001_phosphate_plate5.tif,1,928.000,928,928
21831,F8_01_1_2_Chlorophyll_A_001_phosphate_plate5.tif,1,784.000,784,784
21832,F8_01_1_2_Chlorophyll_A_001_phosphate_plate5.tif,1,800.000,800,800
21833,F8_01_1_2_Chlorophyll_A_001_phosphate_plate5.tif,1,896.000,896,896
21834,F8_01_1_2_Chlorophyll_A_001_phosphate_plate5.tif,1,864.000,864,864
21835,F8_01_1_2_Chlorophyll_A_001_phosphate_plate5.tif,1,992.000,992,992
21836,F8_01_1_2_Chlorophyll_A_001_phosphate_plate5.tif,1,816.000,816,816
21837,F8_01_1_2_Chlorophyll_A_001_phosphate_plate5.tif,1,816.000,816,816
21838,F8_01_1_2_Chlorophyll_A_001_phosphate_plate5.tif,1,768.000,768,768
21839,F8_01_1_2_Chlorophyll_A_001_phosphate_plate5.tif,17,847.059,768,992
21840,F8_01_1_2_Chlorophyll_A_001_phosphate_plate5.tif,23,871.652,768,1104
21841,F8_01_1_2_Chlorophyll_A_001_phosphate_plate5.tif,47,874.213,768,1088
21842,F8_01_1_2_Chlorophyll_A_001_phosphate_plate5.tif,13,866.462,768,1024
21843,F8_01_1_2_Chlorophyll_A_001_phosphate_plate5.tif,72,845.111,768,1008
21844,F8_01_1_2_Chlorophyll_A_001_phosphate_plate5.tif,80,837.800,768,1120
21845,F8_01_1_2_Chlorophyll_A_001_phosphate_plate5.tif,1,976.000,976,976
21846,F8_01_1_2_Chlorophyll_A_001_phosphate_plate5.tif,5,816.000,768,896
21847,F8_01_1_2_Chlorophyll_A_001_phosphate_plate5.tif,2,856.000,800,912
21848,F8_01_1_2_Chlorophyll_A_001_phosphate_plate5.tif,1,784.000,784,784
21849,F8_01_1_2_Chlorophyll_A_001_phosphate_plate5.tif,1,768.000,768,768
21850,F8_01_1_2_Chlorophyll_A_001_phosphate_plate5.tif,8,824.000,784,880
21851,F8_01_1_2_Chlorophyll_A_001_phosphate_plate5.tif,2,848.000,832,864
21852,F8_01_1_2_Chlorophyll_A_001_phosphate_plate5.tif,5,806.400,784,832
21853,F8_01_1_2_Chlorophyll_A_001_phosphate_plate5.tif,1,848.000,848,848
21854,F8_01_1_2_Chlorophyll_A_001_phosphate_plate5.tif,2,880.000,816,944
21855,F8_01_1_2_Chlorophyll_A_001_phosphate_plate5.tif,124,2075.742,768,16560
21856,F8_01_1_2_Chlorophyll_A_001_phosphate_plate5.tif,2,848.000,800,896
21857,F8_01_1_2_Chlorophyll_A_001_phosphate_plate5.tif,3,821.333,784,864
21858,F8_01_1_2_Chlorophyll_A_001_phosphate_plate5.tif,1,768.000,768,768
21859,F8_01_1_2_Chlorophyll_A_001_phosphate_plate5.tif,1,800.000,800,800
21860,F8_01_1_2_Chlorophyll_A_001_phosphate_plate5.tif,1,832.000,832,832
21861,F8_01_1_2_Chlorophyll_A_001_phosphate_plate5.tif,1,768.000,768,768
21862,F8_01_1_2_Chlorophyll_A_001_phosphate_plate5.tif,2,832.000,784,880
21863,F8_01_1_2_Chlorophyll_A_001_phosphate_plate5.tif,1,784.000,784,784
21864,F8_01_1_2_Chlorophyll_A_001_phosphate_plate5.tif,2,784.000,768,800
21865,F8_01_1_2_Chlorophyll_A_001_phosphate_plate5.tif,3,810.667,784,848
21866,F8_01_1_2_Chlorophyll_A_001_phosphate_plate5.tif,1,832.000,832,832
21867,F8_01_1_2_Chlorophyll_A_001_phosphate_plate5.tif,1,784.000,784,784
21868,F8_01_1_2_Chlorophyll_A_001_phosphate_plate5.tif,1,784.000,784,784
21869,F8_01_1_2_Chlorophyll_A_001_phosphate_plate5.tif,1,816.000,816,816
21870,F8_01_1_2_Chlorophyll_A_001_phosphate_plate5.tif,2,832.000,800,864
21871,F8_01_1_2_Chlorophyll_A_001_phosphate_plate5.tif,1,784.000,784,784
21872,F8_01_1_2_Chlorophyll_A_001_phosphate_plate5.tif,1,768.000,768,768
21873,F8_01_1_2_Chlorophyll_A_001_phosphate_plate5.tif,1,768.000,768,768
21874,F8_01_1_2_Chlorophyll_A_001_phosphate_plate5.tif,1,880.000,880,880
21875,F8_01_1_2_Chlorophyll_A_001_phosphate_plate5.tif,2,776.000,768,784
21876,F8_01_1_2_Chlorophyll_A_001_phosphate_plate5.tif,1,784.000,784,784
21877,F8_01_1_2_Chlorophyll_A_001_phosphate_plate5.tif,1,896.000,896,896
21878,F8_01_1_2_Chlorophyll_A_001_phosphate_plate5.tif,1,784.000,784,784
21879,F8_01_1_2_Chlorophyll_A_001_phosphate_plate5.tif,1,816.000,816,816
21880,F8_01_1_2_Chlorophyll_A_001_phosphate_plate5.tif,3,810.667,784,864
21881,F8_01_1_2_Chlorophyll_A_001_phosphate_plate5.tif,1,784.000,784,784
21882,F8_01_1_2_Chlorophyll_A_001_phosphate_plate5.tif,1,880.000,880,880
21883,F8_01_1_2_Chlorophyll_A_001_phosphate_plate5.tif,1,800.000,800,800
21884,F8_01_1_2_Chlorophyll_A_001_phosphate_plate5.tif,1,816.000,816,816
21885,F8_01_1_2_Chlorophyll_A_001_phosphate_plate5.tif,1,800.000,800,800
21886,F8_01_1_2_Chlorophyll_A_001_phosphate_plate5.tif,1,768.000,768,768
21887,F8_01_1_2_Chlorophyll_A_001_phosphate_plate5.tif,1,960.000,960,960
21888,F8_01_1_2_Chlorophyll_A_001_phosphate_plate5.tif,2,888.000,848,928
21889,F8_01_1_2_Chlorophyll_A_001_phosphate_plate5.tif,1,800.000,800,800
21890,F8_01_1_2_Chlorophyll_A_001_phosphate_plate5.tif,1,768.000,768,768
21891,F8_01_1_2_Chlorophyll_A_001_phosphate_plate5.tif,1,784.000,784,784
21892,F8_01_1_2_Chlorophyll_A_001_phosphate_plate5.tif,1,880.000,880,880
21893,F8_01_1_2_Chlorophyll_A_001_phosphate_plate5.tif,1,848.000,848,848
21894,F8_01_1_2_Chlorophyll_A_001_phosphate_plate5.tif,1,768.000,768,768
21895,F8_01_1_2_Chlorophyll_A_001_phosphate_plate5.tif,1,848.000,848,848
21896,F8_01_1_2_Chlorophyll_A_001_phosphate_plate5.tif,3,805.333,800,816
21897,F8_01_1_2_Chlorophyll_A_001_phosphate_plate5.tif,40,888.800,768,1152
21898,F8_01_1_2_Chlorophyll_A_001_phosphate_plate5.tif,1,784.000,784,784
21899,F8_01_1_2_Chlorophyll_A_001_phosphate_plate5.tif,2,1024.000,928,1120
21900,F8_01_1_2_Chlorophyll_A_001_phosphate_plate5.tif,1,896.000,896,896
21901,F8_01_1_2_Chlorophyll_A_001_phosphate_plate5.tif,3,853.333,784,912
21902,F8_01_1_2_Chlorophyll_A_001_phosphate_plate5.tif,10,859.200,768,992
21903,F8_01_1_2_Chlorophyll_A_001_phosphate_plate5.tif,2,816.000,768,864
21904,F8_01_1_2_Chlorophyll_A_001_phosphate_plate5.tif,1,800.000,800,800
21905,F8_01_1_2_Chlorophyll_A_001_phosphate_plate5.tif,1,784.000,784,784
21906,F8_01_1_2_Chlorophyll_A_001_phosphate_plate5.tif,3,800.000,768,816
21907,F8_01_1_2_Chlorophyll_A_001_phosphate_plate5.tif,1,784.000,784,784
21908,F8_01_1_2_Chlorophyll_A_001_phosphate_plate5.tif,1,784.000,784,784
21909,F8_01_1_2_Chlorophyll_A_001_phosphate_plate5.tif,2,840.000,800,880
21910,F8_01_1_2_Chlorophyll_A_001_phosphate_plate5.tif,2,800.000,800,800
21911,F8_01_1_2_Chlorophyll_A_001_phosphate_plate5.tif,1,832.000,832,832
21912,F8_01_1_2_Chlorophyll_A_001_phosphate_plate5.tif,2,816.000,768,864
21913,F8_01_1_2_Chlorophyll_A_001_phosphate_plate5.tif,1,880.000,880,880
21914,F8_01_1_2_Chlorophyll_A_001_phosphate_plate5.tif,1,816.000,816,816
21915,F8_01_1_2_Chlorophyll_A_001_phosphate_plate5.tif,1,816.000,816,816
21916,F8_01_1_2_Chlorophyll_A_001_phosphate_plate5.tif,1,816.000,816,816
21917,F8_01_1_2_Chlorophyll_A_001_phosphate_plate5.tif,1,928.000,928,928
21918,F8_01_1_2_Chlorophyll_A_001_phosphate_plate5.tif,1,784.000,784,784
21919,F8_01_1_2_Chlorophyll_A_001_phosphate_plate5.tif,1,800.000,800,800
21920,F8_01_1_2_Chlorophyll_A_001_phosphate_plate5.tif,3,805.333,784,816
21921,F8_01_1_2_Chlorophyll_A_001_phosphate_plate5.tif,1,800.000,800,800
21922,F8_01_1_2_Chlorophyll_A_001_phosphate_plate5.tif,1,800.000,800,800
21923,F8_01_1_2_Chlorophyll_A_001_phosphate_plate5.tif,1,864.000,864,864
21924,F8_01_1_2_Chlorophyll_A_001_phosphate_plate5.tif,1,896.000,896,896
21925,F8_01_1_2_Chlorophyll_A_001_phosphate_plate5.tif,1,768.000,768,768
21926,F8_01_1_2_Chlorophyll_A_001_phosphate_plate5.tif,1,880.000,880,880
21927,F8_01_1_2_Chlorophyll_A_001_phosphate_plate5.tif,1,800.000,800,800
21928,F8_01_1_2_Chlorophyll_A_001_phosphate_plate5.tif,1,816.000,816,816
21929,F8_01_1_2_Chlorophyll_A_001_phosphate_plate5.tif,1,784.000,784,784
21930,F8_01_1_2_Chlorophyll_A_001_phosphate_plate5.tif,1,800.000,800,800
21931,F8_01_1_2_Chlorophyll_A_001_phosphate_plate5.tif,2,824.000,784,864
21932,F8_01_1_2_Chlorophyll_A_001_phosphate_plate5.tif,1,800.000,800,800
21933,F8_01_1_2_Chlorophyll_A_001_phosphate_plate5.tif,1,784.000,784,784
21934,F8_01_1_2_Chlorophyll_A_001_phosphate_plate5.tif,1,784.000,784,784
21935,F8_01_1_2_Chlorophyll_A_001_phosphate_plate5.tif,1,768.000,768,768
21936,F8_01_1_2_Chlorophyll_A_001_phosphate_plate5.tif,2,800.000,784,816
21937,F8_01_1_2_Chlorophyll_A_001_phosphate_plate5.tif,2,784.000,784,784
21938,F8_01_1_2_Chlorophyll_A_001_phosphate_plate5.tif,25,853.120,768,1088
21939,F8_01_1_2_Chlorophyll_A_001_phosphate_plate5.tif,1,816.000,816,816
21940,F8_01_1_2_Chlorophyll_A_001_phosphate_plate5.tif,3,848.000,800,880
21941,F8_01_1_2_Chlorophyll_A_001_phosphate_plate5.tif,44,861.818,768,1104
21942,F8_01_1_2_Chlorophyll_A_001_phosphate_plate5.tif,43,896.372,768,1136
21943,F8_01_1_2_Chlorophyll_A_001_phosphate_plate5.tif,33,884.364,768,1088
21944,F8_01_1_2_Chlorophyll_A_001_phosphate_plate5.tif,1,896.000,896,896
21945,F8_01_1_2_Chlorophyll_A_001_phosphate_plate5.tif,5,864.000,784,1024
21946,F8_01_1_2_Chlorophyll_A_001_phosphate_plate5.tif,2,824.000,784,864
21947,F8_01_1_2_Chlorophyll_A_001_phosphate_plate5.tif,3,928.000,784,1056
21948,F8_01_1_2_Chlorophyll_A_001_phosphate_plate5.tif,3,778.667,768,800
21949,F8_01_1_2_Chlorophyll_A_001_phosphate_plate5.tif,1,960.000,960,960
21950,F8_01_1_2_Chlorophyll_A_001_phosphate_plate5.tif,1,832.000,832,832
21951,F8_01_1_2_Chlorophyll_A_001_phosphate_plate5.tif,1,768.000,768,768
21952,F8_01_1_2_Chlorophyll_A_001_phosphate_plate5.tif,2,912.000,896,928
21953,F8_01_1_2_Chlorophyll_A_001_phosphate_plate5.tif,2,928.000,864,992
21954,F8_01_1_2_Chlorophyll_A_001_phosphate_plate5.tif,1,768.000,768,768
21955,F8_01_1_2_Chlorophyll_A_001_phosphate_plate5.tif,1,768.000,768,768
21956,F8_01_1_2_Chlorophyll_A_001_phosphate_plate5.tif,2,896.000,816,976
21957,F8_01_1_2_Chlorophyll_A_001_phosphate_plate5.tif,1,784.000,784,784
21958,F8_01_1_2_Chlorophyll_A_001_phosphate_plate5.tif,1,768.000,768,768
21959,F8_01_1_2_Chlorophyll_A_001_phosphate_plate5.tif,4,828.000,768,896
21960,F8_01_1_2_Chlorophyll_A_001_phosphate_plate5.tif,1,944.000,944,944
21961,F8_01_1_2_Chlorophyll_A_001_phosphate_plate5.tif,1,832.000,832,832
21962,F8_01_1_2_Chlorophyll_A_001_phosphate_plate5.tif,1,768.000,768,768
21963,F8_01_1_2_Chlorophyll_A_001_phosphate_plate5.tif,1,912.000,912,912
21964,F8_01_1_2_Chlorophyll_A_001_phosphate_plate5.tif,2,864.000,848,880
21965,F8_01_1_2_Chlorophyll_A_001_phosphate_plate5.tif,1,832.000,832,832
21966,F8_01_1_2_Chlorophyll_A_001_phosphate_plate5.tif,1,768.000,768,768
21967,F8_01_1_2_Chlorophyll_A_001_phosphate_plate5.tif,1,848.000,848,848
21968,F8_01_1_2_Chlorophyll_A_001_phosphate_plate5.tif,2,952.000,848,1056
21969,F8_01_1_2_Chlorophyll_A_001_phosphate_plate5.tif,1,912.000,912,912
21970,F8_01_1_2_Chlorophyll_A_001_phosphate_plate5.tif,3,832.000,800,848
21971,F8_01_1_2_Chlorophyll_A_001_phosphate_plate5.tif,3,869.333,784,928
21972,F8_01_1_2_Chlorophyll_A_001_phosphate_plate5.tif,1,784.000,784,784
21973,F8_01_1_2_Chlorophyll_A_001_phosphate_plate5.tif,1,848.000,848,848
21974,F8_01_1_2_Chlorophyll_A_001_phosphate_plate5.tif,1,816.000,816,816
21975,F8_01_1_2_Chlorophyll_A_001_phosphate_plate5.tif,93,2792.086,768,9792
21976,F8_01_1_2_Chlorophyll_A_001_phosphate_plate5.tif,2,848.000,784,912
21977,F8_01_1_2_Chlorophyll_A_001_phosphate_plate5.tif,1,784.000,784,784
21978,F8_01_1_2_Chlorophyll_A_001_phosphate_plate5.tif,1,768.000,768,768
21979,F8_01_1_2_Chlorophyll_A_001_phosphate_plate5.tif,1,848.000,848,848
21980,F8_01_1_2_Chlorophyll_A_001_phosphate_plate5.tif,1,800.000,800,800
21981,F8_01_1_2_Chlorophyll_A_001_phosphate_plate5.tif,1,944.000,944,944
21982,F8_01_1_2_Chlorophyll_A_001_phosphate_plate5.tif,1,768.000,768,768
21983,F8_01_1_2_Chlorophyll_A_001_phosphate_plate5.tif,1,800.000,800,800
21984,F8_01_1_2_Chlorophyll_A_001_phosphate_plate5.tif,1,768.000,768,768
21985,F8_01_1_2_Chlorophyll_A_001_phosphate_plate5.tif,2,864.000,816,912
21986,F8_01_1_2_Chlorophyll_A_001_phosphate_plate5.tif,1,800.000,800,800
21987,F8_01_1_2_Chlorophyll_A_001_phosphate_plate5.tif,1,816.000,816,816
21988,F8_01_1_2_Chlorophyll_A_001_phosphate_plate5.tif,1,880.000,880,880
21989,F8_01_1_2_Chlorophyll_A_001_phosphate_plate5.tif,35,860.800,768,1152
21990,F8_01_1_2_Chlorophyll_A_001_phosphate_plate5.tif,71,904.113,768,1152
21991,F8_01_1_2_Chlorophyll_A_001_phosphate_plate5.tif,2,848.000,784,912
21992,F8_01_1_2_Chlorophyll_A_001_phosphate_plate5.tif,58,844.138,768,1024
21993,F8_01_1_2_Chlorophyll_A_001_phosphate_plate5.tif,8,860.000,784,944
21994,F8_01_1_2_Chlorophyll_A_001_phosphate_plate5.tif,49,859.102,768,1056
21995,F8_01_1_2_Chlorophyll_A_001_phosphate_plate5.tif,1,816.000,816,816
21996,F8_01_1_2_Chlorophyll_A_001_phosphate_plate5.tif,6,850.667,768,928
21997,F8_01_1_2_Chlorophyll_A_001_phosphate_plate5.tif,2,792.000,784,800
21998,F8_01_1_2_Chlorophyll_A_001_phosphate_plate5.tif,2,840.000,832,848
21999,F8_01_1_2_Chlorophyll_A_001_phosphate_plate5.tif,1,768.000,768,768
22000,F8_01_1_2_Chlorophyll_A_001_phosphate_plate5.tif,2,920.000,864,976
22001,F8_01_1_2_Chlorophyll_A_001_phosphate_plate5.tif,3,869.333,784,1008
22002,F8_01_1_2_Chlorophyll_A_001_phosphate_plate5.tif,8,828.000,768,912
22003,F8_01_1_2_Chlorophyll_A_001_phosphate_plate5.tif,1,768.000,768,768
22004,F8_01_1_2_Chlorophyll_A_001_phosphate_plate5.tif,1,784.000,784,784
22005,F8_01_1_2_Chlorophyll_A_001_phosphate_plate5.tif,2,808.000,784,832
22006,F8_01_1_2_Chlorophyll_A_001_phosphate_plate5.tif,2,784.000,784,784
22007,F8_01_1_2_Chlorophyll_A_001_phosphate_plate5.tif,2,800.000,768,832
22008,F8_01_1_2_Chlorophyll_A_001_phosphate_plate5.tif,1,848.000,848,848
22009,F8_01_1_2_Chlorophyll_A_001_phosphate_plate5.tif,1,800.000,800,800
22010,F8_01_1_2_Chlorophyll_A_001_phosphate_plate5.tif,2,768.000,768,768
22011,F8_01_1_2_Chlorophyll_A_001_phosphate_plate5.tif,1,832.000,832,832
22012,F8_01_1_2_Chlorophyll_A_001_phosphate_plate5.tif,3,789.333,768,800
22013,F8_01_1_2_Chlorophyll_A_001_phosphate_plate5.tif,2,800.000,784,816
22014,F8_01_1_2_Chlorophyll_A_001_phosphate_plate5.tif,1,768.000,768,768
22015,F8_01_1_2_Chlorophyll_A_001_phosphate_plate5.tif,2,904.000,896,912
22016,F8_01_1_2_Chlorophyll_A_001_phosphate_plate5.tif,1,784.000,784,784
22017,F8_01_1_2_Chlorophyll_A_001_phosphate_plate5.tif,2,824.000,768,880
22018,F8_01_1_2_Chlorophyll_A_001_phosphate_plate5.tif,2,784.000,768,800
22019,F8_01_1_2_Chlorophyll_A_001_phosphate_plate5.tif,1,832.000,832,832
22020,F8_01_1_2_Chlorophyll_A_001_phosphate_plate5.tif,1,768.000,768,768
22021,F8_01_1_2_Chlorophyll_A_001_phosphate_plate5.tif,2,864.000,784,944
22022,F8_01_1_2_Chlorophyll_A_001_phosphate_plate5.tif,2,848.000,816,880
22023,F8_01_1_2_Chlorophyll_A_001_phosphate_plate5.tif,1,768.000,768,768
22024,F8_01_1_2_Chlorophyll_A_001_phosphate_plate5.tif,2,824.000,784,864
22025,F8_01_1_2_Chlorophyll_A_001_phosphate_plate5.tif,1,864.000,864,864
22026,F8_01_1_2_Chlorophyll_A_001_phosphate_plate5.tif,1,832.000,832,832
22027,F8_01_1_2_Chlorophyll_A_001_phosphate_plate5.tif,1,960.000,960,960
22028,F8_01_1_2_Chlorophyll_A_001_phosphate_plate5.tif,1,880.000,880,880
22029,F8_01_1_2_Chlorophyll_A_001_phosphate_plate5.tif,1,848.000,848,848
22030,F8_01_1_2_Chlorophyll_A_001_phosphate_plate5.tif,1,960.000,960,960
22031,F8_01_1_2_Chlorophyll_A_001_phosphate_plate5.tif,2,776.000,768,784
22032,F8_01_1_2_Chlorophyll_A_001_phosphate_plate5.tif,1,816.000,816,816
22033,F8_01_1_2_Chlorophyll_A_001_phosphate_plate5.tif,2,808.000,800,816
22034,F8_01_1_2_Chlorophyll_A_001_phosphate_plate5.tif,1,784.000,784,784
22035,F8_01_1_2_Chlorophyll_A_001_phosphate_plate5.tif,2,912.000,832,992
22036,F8_01_1_2_Chlorophyll_A_001_phosphate_plate5.tif,1,848.000,848,848
22037,F8_01_1_2_Chlorophyll_A_001_phosphate_plate5.tif,1,768.000,768,768
22038,F8_01_1_2_Chlorophyll_A_001_phosphate_plate5.tif,2,904.000,896,912
22039,F8_01_1_2_Chlorophyll_A_001_phosphate_plate5.tif,30,915.200,768,1216
22040,F8_01_1_2_Chlorophyll_A_001_phosphate_plate5.tif,21,848.762,768,1040
22041,F8_01_1_2_Chlorophyll_A_001_phosphate_plate5.tif,2,840.000,800,880
22042,F8_01_1_2_Chlorophyll_A_001_phosphate_plate5.tif,48,885.000,768,1168
22043,F8_01_1_2_Chlorophyll_A_001_phosphate_plate5.tif,5,848.000,768,944
22044,F8_01_1_2_Chlorophyll_A_001_phosphate_plate5.tif,6,864.000,768,896
22045,F8_01_1_2_Chlorophyll_A_001_phosphate_plate5.tif,11,858.182,768,1072
22046,F8_01_1_2_Chlorophyll_A_001_phosphate_plate5.tif,2,840.000,832,848
22047,F8_01_1_2_Chlorophyll_A_001_phosphate_plate5.tif,2,872.000,816,928
22048,F8_01_1_2_Chlorophyll_A_001_phosphate_plate5.tif,6,834.667,768,1024
22049,F8_01_1_2_Chlorophyll_A_001_phosphate_plate5.tif,1,816.000,816,816
22050,F8_01_1_2_Chlorophyll_A_001_phosphate_plate5.tif,3,826.667,800,848
22051,F8_01_1_2_Chlorophyll_A_001_phosphate_plate5.tif,1,928.000,928,928
22052,F8_01_1_2_Chlorophyll_A_001_phosphate_plate5.tif,2,808.000,784,832
22053,F8_01_1_2_Chlorophyll_A_001_phosphate_plate5.tif,2,848.000,768,928
22054,F8_01_1_2_Chlorophyll_A_001_phosphate_plate5.tif,2,816.000,768,864
22055,F8_01_1_2_Chlorophyll_A_001_phosphate_plate5.tif,1,864.000,864,864
22056,F8_01_1_2_Chlorophyll_A_001_phosphate_plate5.tif,1,800.000,800,800
22057,F8_01_1_2_Chlorophyll_A_001_phosphate_plate5.tif,3,773.333,768,784
22058,F8_01_1_2_Chlorophyll_A_001_phosphate_plate5.tif,1,768.000,768,768
22059,F8_01_1_2_Chlorophyll_A_001_phosphate_plate5.tif,1,784.000,784,784
22060,F8_01_1_2_Chlorophyll_A_001_phosphate_plate5.tif,1,880.000,880,880
22061,F8_01_1_2_Chlorophyll_A_001_phosphate_plate5.tif,1,816.000,816,816
22062,F8_01_1_2_Chlorophyll_A_001_phosphate_plate5.tif,1,768.000,768,768
22063,F8_01_1_2_Chlorophyll_A_001_phosphate_plate5.tif,2,816.000,784,848
22064,F8_01_1_2_Chlorophyll_A_001_phosphate_plate5.tif,3,842.667,784,912
22065,F8_01_1_2_Chlorophyll_A_001_phosphate_plate5.tif,1,800.000,800,800
22066,F8_01_1_2_Chlorophyll_A_001_phosphate_plate5.tif,2,824.000,800,848
22067,F8_01_1_2_Chlorophyll_A_001_phosphate_plate5.tif,1,864.000,864,864
22068,F8_01_1_2_Chlorophyll_A_001_phosphate_plate5.tif,2,832.000,784,880
22069,F8_01_1_2_Chlorophyll_A_001_phosphate_plate5.tif,1,928.000,928,928
22070,F8_01_1_2_Chlorophyll_A_001_phosphate_plate5.tif,1,768.000,768,768
22071,F8_01_1_2_Chlorophyll_A_001_phosphate_plate5.tif,1,864.000,864,864
22072,F8_01_1_2_Chlorophyll_A_001_phosphate_plate5.tif,1,816.000,816,816
22073,F8_01_1_2_Chlorophyll_A_001_phosphate_plate5.tif,1,800.000,800,800
22074,F8_01_1_2_Chlorophyll_A_001_phosphate_plate5.tif,1,784.000,784,784
22075,F8_01_1_2_Chlorophyll_A_001_phosphate_plate5.tif,1,864.000,864,864
22076,F8_01_1_2_Chlorophyll_A_001_phosphate_plate5.tif,1,800.000,800,800
22077,F8_01_1_2_Chlorophyll_A_001_phosphate_plate5.tif,1,784.000,784,784
22078,F8_01_1_2_Chlorophyll_A_001_phosphate_plate5.tif,1,800.000,800,800
22079,F8_01_1_2_Chlorophyll_A_001_phosphate_plate5.tif,13,844.308,768,960
22080,F8_01_1_2_Chlorophyll_A_001_phosphate_plate5.tif,24,866.000,768,1072
22081,F8_01_1_2_Chlorophyll_A_001_phosphate_plate5.tif,60,857.067,768,1024
22082,F8_01_1_2_Chlorophyll_A_001_phosphate_plate5.tif,65,872.123,768,1136
22083,F8_01_1_2_Chlorophyll_A_001_phosphate_plate5.tif,28,864.000,768,1152
22084,F8_01_1_2_Chlorophyll_A_001_phosphate_plate5.tif,1,864.000,864,864
22085,F8_01_1_2_Chlorophyll_A_001_phosphate_plate5.tif,1,784.000,784,784
22086,F8_01_1_2_Chlorophyll_A_001_phosphate_plate5.tif,12,857.333,768,976
22087,F8_01_1_2_Chlorophyll_A_001_phosphate_plate5.tif,2,840.000,784,896
22088,F8_01_1_2_Chlorophyll_A_001_phosphate_plate5.tif,1,768.000,768,768
22089,F8_01_1_2_Chlorophyll_A_001_phosphate_plate5.tif,2,856.000,784,928
22090,F8_01_1_2_Chlorophyll_A_001_phosphate_plate5.tif,2,784.000,768,800
22091,F8_01_1_2_Chlorophyll_A_001_phosphate_plate5.tif,3,864.000,848,896
22092,F8_01_1_2_Chlorophyll_A_001_phosphate_plate5.tif,1,848.000,848,848
22093,F8_01_1_2_Chlorophyll_A_001_phosphate_plate5.tif,7,797.714,768,848
22094,F8_01_1_2_Chlorophyll_A_001_phosphate_plate5.tif,1,848.000,848,848
22095,F8_01_1_2_Chlorophyll_A_001_phosphate_plate5.tif,7,806.857,768,928
22096,F8_01_1_2_Chlorophyll_A_001_phosphate_plate5.tif,1,944.000,944,944
22097,F8_01_1_2_Chlorophyll_A_001_phosphate_plate5.tif,1,768.000,768,768
22098,F8_01_1_2_Chlorophyll_A_001_phosphate_plate5.tif,3,842.667,800,864
22099,F8_01_1_2_Chlorophyll_A_001_phosphate_plate5.tif,6,794.667,768,832
22100,F8_01_1_2_Chlorophyll_A_001_phosphate_plate5.tif,5,844.800,816,912
22101,F8_01_1_2_Chlorophyll_A_001_phosphate_plate5.tif,5,828.800,768,896
22102,F8_01_1_2_Chlorophyll_A_001_phosphate_plate5.tif,6,842.667,768,944
22103,F8_01_1_2_Chlorophyll_A_001_phosphate_plate5.tif,2,792.000,784,800
22104,F8_01_1_2_Chlorophyll_A_001_phosphate_plate5.tif,1,816.000,816,816
22105,F8_01_1_2_Chlorophyll_A_001_phosphate_plate5.tif,1,784.000,784,784
22106,F8_01_1_2_Chlorophyll_A_001_phosphate_plate5.tif,3,864.000,816,928
22107,F8_01_1_2_Chlorophyll_A_001_phosphate_plate5.tif,1,768.000,768,768
22108,F8_01_1_2_Chlorophyll_A_001_phosphate_plate5.tif,1,848.000,848,848
22109,F8_01_1_2_Chlorophyll_A_001_phosphate_plate5.tif,1,768.000,768,768
22110,F8_01_1_2_Chlorophyll_A_001_phosphate_plate5.tif,1,896.000,896,896
22111,F8_01_1_2_Chlorophyll_A_001_phosphate_plate5.tif,1,944.000,944,944
22112,F8_01_1_2_Chlorophyll_A_001_phosphate_plate5.tif,1,784.000,784,784
22113,F8_01_1_2_Chlorophyll_A_001_phosphate_plate5.tif,1,768.000,768,768
22114,F8_01_1_2_Chlorophyll_A_001_phosphate_plate5.tif,1,784.000,784,784
22115,F8_01_1_2_Chlorophyll_A_001_phosphate_plate5.tif,1,768.000,768,768
22116,F8_01_1_2_Chlorophyll_A_001_phosphate_plate5.tif,2,792.000,784,800
22117,F8_01_1_2_Chlorophyll_A_001_phosphate_plate5.tif,2,792.000,784,800
22118,F8_01_1_2_Chlorophyll_A_001_phosphate_plate5.tif,1,816.000,816,816
22119,F8_01_1_2_Chlorophyll_A_001_phosphate_plate5.tif,1,800.000,800,800
22120,F8_01_1_2_Chlorophyll_A_001_phosphate_plate5.tif,1,800.000,800,800
22121,F8_01_1_2_Chlorophyll_A_001_phosphate_plate5.tif,1,848.000,848,848
22122,F8_01_1_2_Chlorophyll_A_001_phosphate_plate5.tif,1,800.000,800,800
22123,F8_01_1_2_Chlorophyll_A_001_phosphate_plate5.tif,1,800.000,800,800
22124,F8_01_1_2_Chlorophyll_A_001_phosphate_plate5.tif,1,1008.000,1008,1008
22125,F8_01_1_2_Chlorophyll_A_001_phosphate_plate5.tif,4,848.000,768,1008
22126,F8_01_1_2_Chlorophyll_A_001_phosphate_plate5.tif,11,840.727,784,1008
22127,F8_01_1_2_Chlorophyll_A_001_phosphate_plate5.tif,1,800.000,800,800
22128,F8_01_1_2_Chlorophyll_A_001_phosphate_plate5.tif,3,821.333,784,896
22129,F8_01_1_2_Chlorophyll_A_001_phosphate_plate5.tif,118,865.492,768,1136
22130,F8_01_1_2_Chlorophyll_A_001_phosphate_plate5.tif,49,873.143,768,1104
22131,F8_01_1_2_Chlorophyll_A_001_phosphate_plate5.tif,23,876.522,768,1152
22132,F8_01_1_2_Chlorophyll_A_001_phosphate_plate5.tif,57,867.930,768,1088
22133,F8_01_1_2_Chlorophyll_A_001_phosphate_plate5.tif,3,848.000,768,1008
22134,F8_01_1_2_Chlorophyll_A_001_phosphate_plate5.tif,2,776.000,768,784
22135,F8_01_1_2_Chlorophyll_A_001_phosphate_plate5.tif,2,848.000,816,880
22136,F8_01_1_2_Chlorophyll_A_001_phosphate_plate5.tif,3,933.333,848,1008
22137,F8_01_1_2_Chlorophyll_A_001_phosphate_plate5.tif,1,800.000,800,800
22138,F8_01_1_2_Chlorophyll_A_001_phosphate_plate5.tif,1,864.000,864,864
22139,F8_01_1_2_Chlorophyll_A_001_phosphate_plate5.tif,1,880.000,880,880
22140,F8_01_1_2_Chlorophyll_A_001_phosphate_plate5.tif,1,768.000,768,768
22141,F8_01_1_2_Chlorophyll_A_001_phosphate_plate5.tif,1,816.000,816,816
22142,F8_01_1_2_Chlorophyll_A_001_phosphate_plate5.tif,5,838.400,784,944
22143,F8_01_1_2_Chlorophyll_A_001_phosphate_plate5.tif,1,816.000,816,816
22144,F8_01_1_2_Chlorophyll_A_001_phosphate_plate5.tif,1,976.000,976,976
22145,F8_01_1_2_Chlorophyll_A_001_phosphate_plate5.tif,1,1024.000,1024,1024
22146,F8_01_1_2_Chlorophyll_A_001_phosphate_plate5.tif,8,834.000,768,944
22147,F8_01_1_2_Chlorophyll_A_001_phosphate_plate5.tif,1,784.000,784,784
22148,F8_01_1_2_Chlorophyll_A_001_phosphate_plate5.tif,1,800.000,800,800
22149,F8_01_1_2_Chlorophyll_A_001_phosphate_plate5.tif,1,784.000,784,784
22150,F8_01_1_2_Chlorophyll_A_001_phosphate_plate5.tif,5,870.400,784,960
22151,F8_01_1_2_Chlorophyll_A_001_phosphate_plate5.tif,1,832.000,832,832
22152,F8_01_1_2_Chlorophyll_A_001_phosphate_plate5.tif,7,804.571,768,880
22153,F8_01_1_2_Chlorophyll_A_001_phosphate_plate5.tif,1,768.000,768,768
22154,F8_01_1_2_Chlorophyll_A_001_phosphate_plate5.tif,1,816.000,816,816
22155,F8_01_1_2_Chlorophyll_A_001_phosphate_plate5.tif,6,797.333,768,928
22156,F8_01_1_2_Chlorophyll_A_001_phosphate_plate5.tif,1,800.000,800,800
22157,F8_01_1_2_Chlorophyll_A_001_phosphate_plate5.tif,1,832.000,832,832
22158,F8_01_1_2_Chlorophyll_A_001_phosphate_plate5.tif,1,784.000,784,784
22159,F8_01_1_2_Chlorophyll_A_001_phosphate_plate5.tif,1,768.000,768,768
22160,F8_01_1_2_Chlorophyll_A_001_phosphate_plate5.tif,1,784.000,784,784
22161,F8_01_1_2_Chlorophyll_A_001_phosphate_plate5.tif,1,864.000,864,864
22162,F8_01_1_2_Chlorophyll_A_001_phosphate_plate5.tif,1,864.000,864,864
22163,F8_01_1_2_Chlorophyll_A_001_phosphate_plate5.tif,2,816.000,768,864
22164,F8_01_1_2_Chlorophyll_A_001_phosphate_plate5.tif,2,808.000,768,848
22165,F8_01_1_2_Chlorophyll_A_001_phosphate_plate5.tif,3,869.333,784,944
22166,F8_01_1_2_Chlorophyll_A_001_phosphate_plate5.tif,1,816.000,816,816
22167,F8_01_1_2_Chlorophyll_A_001_phosphate_plate5.tif,2,784.000,768,800
22168,F8_01_1_2_Chlorophyll_A_001_phosphate_plate5.tif,1,848.000,848,848
22169,F8_01_1_2_Chlorophyll_A_001_phosphate_plate5.tif,1,816.000,816,816
22170,F8_01_1_2_Chlorophyll_A_001_phosphate_plate5.tif,1,880.000,880,880
22171,F8_01_1_2_Chlorophyll_A_001_phosphate_plate5.tif,1,896.000,896,896
22172,F8_01_1_2_Chlorophyll_A_001_phosphate_plate5.tif,1,880.000,880,880
22173,F8_01_1_2_Chlorophyll_A_001_phosphate_plate5.tif,1,848.000,848,848
22174,F8_01_1_2_Chlorophyll_A_001_phosphate_plate5.tif,1,768.000,768,768
22175,F8_01_1_2_Chlorophyll_A_001_phosphate_plate5.tif,1,928.000,928,928
22176,F8_01_1_2_Chlorophyll_A_001_phosphate_plate5.tif,1,768.000,768,768
22177,F8_01_1_2_Chlorophyll_A_001_phosphate_plate5.tif,107,880.897,768,1232
22178,F8_01_1_2_Chlorophyll_A_001_phosphate_plate5.tif,2,968.000,768,1168
22179,F8_01_1_2_Chlorophyll_A_001_phosphate_plate5.tif,7,875.429,800,1008
22180,F8_01_1_2_Chlorophyll_A_001_phosphate_plate5.tif,1,800.000,800,800
22181,F8_01_1_2_Chlorophyll_A_001_phosphate_plate5.tif,57,868.772,768,1056
22182,F8_01_1_2_Chlorophyll_A_001_phosphate_plate5.tif,1,816.000,816,816
22183,F8_01_1_2_Chlorophyll_A_001_phosphate_plate5.tif,2,856.000,848,864
22184,F8_01_1_2_Chlorophyll_A_001_phosphate_plate5.tif,2,792.000,784,800
22185,F8_01_1_2_Chlorophyll_A_001_phosphate_plate5.tif,1,976.000,976,976
22186,F8_01_1_2_Chlorophyll_A_001_phosphate_plate5.tif,1,816.000,816,816
22187,F8_01_1_2_Chlorophyll_A_001_phosphate_plate5.tif,3,816.000,768,896
22188,F8_01_1_2_Chlorophyll_A_001_phosphate_plate5.tif,1,816.000,816,816
22189,F8_01_1_2_Chlorophyll_A_001_phosphate_plate5.tif,7,809.143,784,896
22190,F8_01_1_2_Chlorophyll_A_001_phosphate_plate5.tif,8,838.000,768,912
22191,F8_01_1_2_Chlorophyll_A_001_phosphate_plate5.tif,2,792.000,784,800
22192,F8_01_1_2_Chlorophyll_A_001_phosphate_plate5.tif,4,832.000,768,928
22193,F8_01_1_2_Chlorophyll_A_001_phosphate_plate5.tif,1,784.000,784,784
22194,F8_01_1_2_Chlorophyll_A_001_phosphate_plate5.tif,15,843.733,768,1008
22195,F8_01_1_2_Chlorophyll_A_001_phosphate_plate5.tif,8,808.000,768,928
22196,F8_01_1_2_Chlorophyll_A_001_phosphate_plate5.tif,1,848.000,848,848
22197,F8_01_1_2_Chlorophyll_A_001_phosphate_plate5.tif,1,896.000,896,896
22198,F8_01_1_2_Chlorophyll_A_001_phosphate_plate5.tif,1,784.000,784,784
22199,F8_01_1_2_Chlorophyll_A_001_phosphate_plate5.tif,2,848.000,848,848
22200,F8_01_1_2_Chlorophyll_A_001_phosphate_plate5.tif,1,800.000,800,800
22201,F8_01_1_2_Chlorophyll_A_001_phosphate_plate5.tif,4,796.000,768,880
22202,F8_01_1_2_Chlorophyll_A_001_phosphate_plate5.tif,1,880.000,880,880
22203,F8_01_1_2_Chlorophyll_A_001_phosphate_plate5.tif,2,824.000,816,832
22204,F8_01_1_2_Chlorophyll_A_001_phosphate_plate5.tif,4,832.000,768,896
22205,F8_01_1_2_Chlorophyll_A_001_phosphate_plate5.tif,1,768.000,768,768
22206,F8_01_1_2_Chlorophyll_A_001_phosphate_plate5.tif,2,840.000,816,864
22207,F8_01_1_2_Chlorophyll_A_001_phosphate_plate5.tif,3,778.667,768,784
22208,F8_01_1_2_Chlorophyll_A_001_phosphate_plate5.tif,1,928.000,928,928
22209,F8_01_1_2_Chlorophyll_A_001_phosphate_plate5.tif,1,768.000,768,768
22210,F8_01_1_2_Chlorophyll_A_001_phosphate_plate5.tif,1,848.000,848,848
22211,F8_01_1_2_Chlorophyll_A_001_phosphate_plate5.tif,30,895.467,768,1328
22212,F8_01_1_2_Chlorophyll_A_001_phosphate_plate5.tif,2,872.000,800,944
22213,F8_01_1_2_Chlorophyll_A_001_phosphate_plate5.tif,2,800.000,784,816
22214,F8_01_1_2_Chlorophyll_A_001_phosphate_plate5.tif,1,784.000,784,784
22215,F8_01_1_2_Chlorophyll_A_001_phosphate_plate5.tif,1,784.000,784,784
22216,F8_01_1_2_Chlorophyll_A_001_phosphate_plate5.tif,1,864.000,864,864
22217,F8_01_1_2_Chlorophyll_A_001_phosphate_plate5.tif,1,800.000,800,800
22218,F8_01_1_2_Chlorophyll_A_001_phosphate_plate5.tif,3,794.667,784,816
22219,F8_01_1_2_Chlorophyll_A_001_phosphate_plate5.tif,1,768.000,768,768
22220,F8_01_1_2_Chlorophyll_A_001_phosphate_plate5.tif,1,864.000,864,864
22221,F8_01_1_2_Chlorophyll_A_001_phosphate_plate5.tif,1,800.000,800,800
22222,F8_01_1_2_Chlorophyll_A_001_phosphate_plate5.tif,1,976.000,976,976
22223,F8_01_1_2_Chlorophyll_A_001_phosphate_plate5.tif,1,880.000,880,880
22224,F8_01_1_2_Chlorophyll_A_001_phosphate_plate5.tif,3,821.333,800,848
22225,F8_01_1_2_Chlorophyll_A_001_phosphate_plate5.tif,4,812.000,768,896
22226,F8_01_1_2_Chlorophyll_A_001_phosphate_plate5.tif,53,876.981,768,1184
22227,F8_01_1_2_Chlorophyll_A_001_phosphate_plate5.tif,17,805.647,768,912
22228,F8_01_1_2_Chlorophyll_A_001_phosphate_plate5.tif,21,865.524,768,1008
22229,F8_01_1_2_Chlorophyll_A_001_phosphate_plate5.tif,21,862.476,768,1008
22230,F8_01_1_2_Chlorophyll_A_001_phosphate_plate5.tif,1,800.000,800,800
22231,F8_01_1_2_Chlorophyll_A_001_phosphate_plate5.tif,7,790.857,768,816
22232,F8_01_1_2_Chlorophyll_A_001_phosphate_plate5.tif,3,821.333,800,864
22233,F8_01_1_2_Chlorophyll_A_001_phosphate_plate5.tif,2,816.000,816,816
22234,F8_01_1_2_Chlorophyll_A_001_phosphate_plate5.tif,2,816.000,784,848
22235,F8_01_1_2_Chlorophyll_A_001_phosphate_plate5.tif,3,885.333,848,928
22236,F8_01_1_2_Chlorophyll_A_001_phosphate_plate5.tif,2,840.000,784,896
22237,F8_01_1_2_Chlorophyll_A_001_phosphate_plate5.tif,1,880.000,880,880
22238,F8_01_1_2_Chlorophyll_A_001_phosphate_plate5.tif,1,768.000,768,768
22239,F8_01_1_2_Chlorophyll_A_001_phosphate_plate5.tif,1,816.000,816,816
22240,F8_01_1_2_Chlorophyll_A_001_phosphate_plate5.tif,1,928.000,928,928
22241,F8_01_1_2_Chlorophyll_A_001_phosphate_plate5.tif,2,792.000,784,800
22242,F8_01_1_2_Chlorophyll_A_001_phosphate_plate5.tif,2,840.000,816,864
22243,F8_01_1_2_Chlorophyll_A_001_phosphate_plate5.tif,3,917.333,784,1104
22244,F8_01_1_2_Chlorophyll_A_001_phosphate_plate5.tif,1,880.000,880,880
22245,F8_01_1_2_Chlorophyll_A_001_phosphate_plate5.tif,1,784.000,784,784
22246,F8_01_1_2_Chlorophyll_A_001_phosphate_plate5.tif,1,880.000,880,880
22247,F8_01_1_2_Chlorophyll_A_001_phosphate_plate5.tif,4,792.000,768,816
22248,F8_01_1_2_Chlorophyll_A_001_phosphate_plate5.tif,2,840.000,800,880
22249,F8_01_1_2_Chlorophyll_A_001_phosphate_plate5.tif,1,800.000,800,800
22250,F8_01_1_2_Chlorophyll_A_001_phosphate_plate5.tif,3,853.333,832,880
22251,F8_01_1_2_Chlorophyll_A_001_phosphate_plate5.tif,5,780.800,768,800
22252,F8_01_1_2_Chlorophyll_A_001_phosphate_plate5.tif,1,816.000,816,816
22253,F8_01_1_2_Chlorophyll_A_001_phosphate_plate5.tif,1,784.000,784,784
22254,F8_01_1_2_Chlorophyll_A_001_phosphate_plate5.tif,1,784.000,784,784
22255,F8_01_1_2_Chlorophyll_A_001_phosphate_plate5.tif,1,896.000,896,896
22256,F8_01_1_2_Chlorophyll_A_001_phosphate_plate5.tif,2,832.000,784,880
22257,F8_01_1_2_Chlorophyll_A_001_phosphate_plate5.tif,2,824.000,816,832
22258,F8_01_1_2_Chlorophyll_A_001_phosphate_plate5.tif,1,832.000,832,832
22259,F8_01_1_2_Chlorophyll_A_001_phosphate_plate5.tif,1,784.000,784,784
22260,F8_01_1_2_Chlorophyll_A_001_phosphate_plate5.tif,1,784.000,784,784
22261,F8_01_1_2_Chlorophyll_A_001_phosphate_plate5.tif,2,816.000,768,864
22262,F8_01_1_2_Chlorophyll_A_001_phosphate_plate5.tif,1,784.000,784,784
22263,F8_01_1_2_Chlorophyll_A_001_phosphate_plate5.tif,1,816.000,816,816
22264,F8_01_1_2_Chlorophyll_A_001_phosphate_plate5.tif,1,848.000,848,848
22265,F8_01_1_2_Chlorophyll_A_001_phosphate_plate5.tif,5,838.400,784,976
22266,F8_01_1_2_Chlorophyll_A_001_phosphate_plate5.tif,1,896.000,896,896
22267,F8_01_1_2_Chlorophyll_A_001_phosphate_plate5.tif,1,816.000,816,816
22268,F8_01_1_2_Chlorophyll_A_001_phosphate_plate5.tif,1,784.000,784,784
22269,F8_01_1_2_Chlorophyll_A_001_phosphate_plate5.tif,1,864.000,864,864
22270,F8_01_1_2_Chlorophyll_A_001_phosphate_plate5.tif,1,768.000,768,768
22271,F8_01_1_2_Chlorophyll_A_001_phosphate_plate5.tif,1,816.000,816,816
22272,F8_01_1_2_Chlorophyll_A_001_phosphate_plate5.tif,2,832.000,768,896
22273,F8_01_1_2_Chlorophyll_A_001_phosphate_plate5.tif,3,810.667,768,880
22274,F8_01_1_2_Chlorophyll_A_001_phosphate_plate5.tif,1,784.000,784,784
22275,F8_01_1_2_Chlorophyll_A_001_phosphate_plate5.tif,1,800.000,800,800
22276,F8_01_1_2_Chlorophyll_A_001_phosphate_plate5.tif,1,816.000,816,816
22277,F8_01_1_2_Chlorophyll_A_001_phosphate_plate5.tif,1,768.000,768,768
22278,F8_01_1_2_Chlorophyll_A_001_phosphate_plate5.tif,2,784.000,784,784
22279,F8_01_1_2_Chlorophyll_A_001_phosphate_plate5.tif,2,792.000,784,800
22280,F8_01_1_2_Chlorophyll_A_001_phosphate_plate5.tif,2,792.000,784,800
22281,F8_01_1_2_Chlorophyll_A_001_phosphate_plate5.tif,3,832.000,800,880
22282,F8_01_1_2_Chlorophyll_A_001_phosphate_plate5.tif,4,808.000,768,848
22283,F8_01_1_2_Chlorophyll_A_001_phosphate_plate5.tif,2,768.000,768,768
22284,F8_01_1_2_Chlorophyll_A_001_phosphate_plate5.tif,2,880.000,768,992
22285,F8_01_1_2_Chlorophyll_A_001_phosphate_plate5.tif,38,880.421,768,1136
22286,F8_01_1_2_Chlorophyll_A_001_phosphate_plate5.tif,24,844.667,768,1104
22287,F8_01_1_2_Chlorophyll_A_001_phosphate_plate5.tif,6,864.000,784,992
22288,F8_01_1_2_Chlorophyll_A_001_phosphate_plate5.tif,1,800.000,800,800
22289,F8_01_1_2_Chlorophyll_A_001_phosphate_plate5.tif,24,853.333,768,1040
22290,F8_01_1_2_Chlorophyll_A_001_phosphate_plate5.tif,1,960.000,960,960
22291,F8_01_1_2_Chlorophyll_A_001_phosphate_plate5.tif,3,816.000,768,896
22292,F8_01_1_2_Chlorophyll_A_001_phosphate_plate5.tif,2,888.000,864,912
22293,F8_01_1_2_Chlorophyll_A_001_phosphate_plate5.tif,19,836.211,768,1024
22294,F8_01_1_2_Chlorophyll_A_001_phosphate_plate5.tif,1,784.000,784,784
22295,F8_01_1_2_Chlorophyll_A_001_phosphate_plate5.tif,9,798.222,768,880
22296,F8_01_1_2_Chlorophyll_A_001_phosphate_plate5.tif,1,800.000,800,800
22297,F8_01_1_2_Chlorophyll_A_001_phosphate_plate5.tif,2,856.000,784,928
22298,F8_01_1_2_Chlorophyll_A_001_phosphate_plate5.tif,1,784.000,784,784
22299,F8_01_1_2_Chlorophyll_A_001_phosphate_plate5.tif,2,880.000,768,992
22300,F8_01_1_2_Chlorophyll_A_001_phosphate_plate5.tif,1,816.000,816,816
22301,F8_01_1_2_Chlorophyll_A_001_phosphate_plate5.tif,1,768.000,768,768
22302,F8_01_1_2_Chlorophyll_A_001_phosphate_plate5.tif,5,828.800,800,848
22303,F8_01_1_2_Chlorophyll_A_001_phosphate_plate5.tif,1,800.000,800,800
22304,F8_01_1_2_Chlorophyll_A_001_phosphate_plate5.tif,1,832.000,832,832
22305,F8_01_1_2_Chlorophyll_A_001_phosphate_plate5.tif,1,848.000,848,848
22306,F8_01_1_2_Chlorophyll_A_001_phosphate_plate5.tif,1,960.000,960,960
22307,F8_01_1_2_Chlorophyll_A_001_phosphate_plate5.tif,1,912.000,912,912
22308,F8_01_1_2_Chlorophyll_A_001_phosphate_plate5.tif,9,823.111,768,896
22309,F8_01_1_2_Chlorophyll_A_001_phosphate_plate5.tif,2,832.000,816,848
22310,F8_01_1_2_Chlorophyll_A_001_phosphate_plate5.tif,2,800.000,768,832
22311,F8_01_1_2_Chlorophyll_A_001_phosphate_plate5.tif,2,824.000,768,880
22312,F8_01_1_2_Chlorophyll_A_001_phosphate_plate5.tif,1,800.000,800,800
22313,F8_01_1_2_Chlorophyll_A_001_phosphate_plate5.tif,4,840.000,800,880
22314,F8_01_1_2_Chlorophyll_A_001_phosphate_plate5.tif,1,768.000,768,768
22315,F8_01_1_2_Chlorophyll_A_001_phosphate_plate5.tif,2,824.000,800,848
22316,F8_01_1_2_Chlorophyll_A_001_phosphate_plate5.tif,1,928.000,928,928
22317,F8_01_1_2_Chlorophyll_A_001_phosphate_plate5.tif,1,816.000,816,816
22318,F8_01_1_2_Chlorophyll_A_001_phosphate_plate5.tif,1,848.000,848,848
22319,F8_01_1_2_Chlorophyll_A_001_phosphate_plate5.tif,2,824.000,768,880
22320,F8_01_1_2_Chlorophyll_A_001_phosphate_plate5.tif,1,784.000,784,784
22321,F8_01_1_2_Chlorophyll_A_001_phosphate_plate5.tif,1,784.000,784,784
22322,F8_01_1_2_Chlorophyll_A_001_phosphate_plate5.tif,1,816.000,816,816
22323,F8_01_1_2_Chlorophyll_A_001_phosphate_plate5.tif,1,816.000,816,816
22324,F8_01_1_2_Chlorophyll_A_001_phosphate_plate5.tif,7,827.429,800,864
22325,F8_01_1_2_Chlorophyll_A_001_phosphate_plate5.tif,1,832.000,832,832
22326,F8_01_1_2_Chlorophyll_A_001_phosphate_plate5.tif,1,800.000,800,800
22327,F8_01_1_2_Chlorophyll_A_001_phosphate_plate5.tif,1,848.000,848,848
22328,F8_01_1_2_Chlorophyll_A_001_phosphate_plate5.tif,3,928.000,864,1024
22329,F8_01_1_2_Chlorophyll_A_001_phosphate_plate5.tif,1,784.000,784,784
22330,F8_01_1_2_Chlorophyll_A_001_phosphate_plate5.tif,37,886.486,784,1040
22331,F8_01_1_2_Chlorophyll_A_001_phosphate_plate5.tif,55,887.273,768,1312
22332,F8_01_1_2_Chlorophyll_A_001_phosphate_plate5.tif,6,874.667,784,1056
22333,F8_01_1_2_Chlorophyll_A_001_phosphate_plate5.tif,1,864.000,864,864
22334,F8_01_1_2_Chlorophyll_A_001_phosphate_plate5.tif,3,896.000,816,1024
22335,F8_01_1_2_Chlorophyll_A_001_phosphate_plate5.tif,1,864.000,864,864
22336,F8_01_1_2_Chlorophyll_A_001_phosphate_plate5.tif,1,896.000,896,896
22337,F8_01_1_2_Chlorophyll_A_001_phosphate_plate5.tif,2,816.000,784,848
22338,F8_01_1_2_Chlorophyll_A_001_phosphate_plate5.tif,8,860.000,784,944
22339,F8_01_1_2_Chlorophyll_A_001_phosphate_plate5.tif,1,944.000,944,944
22340,F8_01_1_2_Chlorophyll_A_001_phosphate_plate5.tif,1,784.000,784,784
22341,F8_01_1_2_Chlorophyll_A_001_phosphate_plate5.tif,3,885.333,800,992
22342,F8_01_1_2_Chlorophyll_A_001_phosphate_plate5.tif,1,832.000,832,832
22343,F8_01_1_2_Chlorophyll_A_001_phosphate_plate5.tif,2,856.000,848,864
22344,F8_01_1_2_Chlorophyll_A_001_phosphate_plate5.tif,3,789.333,768,800
22345,F8_01_1_2_Chlorophyll_A_001_phosphate_plate5.tif,1,768.000,768,768
22346,F8_01_1_2_Chlorophyll_A_001_phosphate_plate5.tif,2,840.000,832,848
22347,F8_01_1_2_Chlorophyll_A_001_phosphate_plate5.tif,1,768.000,768,768
22348,F8_01_1_2_Chlorophyll_A_001_phosphate_plate5.tif,2,768.000,768,768
22349,F8_01_1_2_Chlorophyll_A_001_phosphate_plate5.tif,2,888.000,848,928
22350,F8_01_1_2_Chlorophyll_A_001_phosphate_plate5.tif,3,789.333,768,816
22351,F8_01_1_2_Chlorophyll_A_001_phosphate_plate5.tif,1,848.000,848,848
22352,F8_01_1_2_Chlorophyll_A_001_phosphate_plate5.tif,3,805.333,768,848
22353,F8_01_1_2_Chlorophyll_A_001_phosphate_plate5.tif,2,888.000,864,912
22354,F8_01_1_2_Chlorophyll_A_001_phosphate_plate5.tif,3,816.000,768,880
22355,F8_01_1_2_Chlorophyll_A_001_phosphate_plate5.tif,1,864.000,864,864
22356,F8_01_1_2_Chlorophyll_A_001_phosphate_plate5.tif,2,792.000,784,800
22357,F8_01_1_2_Chlorophyll_A_001_phosphate_plate5.tif,1,784.000,784,784
22358,F8_01_1_2_Chlorophyll_A_001_phosphate_plate5.tif,1,768.000,768,768
22359,F8_01_1_2_Chlorophyll_A_001_phosphate_plate5.tif,1,768.000,768,768
22360,F8_01_1_2_Chlorophyll_A_001_phosphate_plate5.tif,2,792.000,768,816
22361,F8_01_1_2_Chlorophyll_A_001_phosphate_plate5.tif,1,816.000,816,816
22362,F8_01_1_2_Chlorophyll_A_001_phosphate_plate5.tif,1,816.000,816,816
22363,F8_01_1_2_Chlorophyll_A_001_phosphate_plate5.tif,1,816.000,816,816
22364,F8_01_1_2_Chlorophyll_A_001_phosphate_plate5.tif,1,864.000,864,864
22365,F8_01_1_2_Chlorophyll_A_001_phosphate_plate5.tif,1,864.000,864,864
22366,F8_01_1_2_Chlorophyll_A_001_phosphate_plate5.tif,2,832.000,800,864
22367,F8_01_1_2_Chlorophyll_A_001_phosphate_plate5.tif,1,816.000,816,816
22368,F8_01_1_2_Chlorophyll_A_001_phosphate_plate5.tif,1,848.000,848,848
22369,F8_01_1_2_Chlorophyll_A_001_phosphate_plate5.tif,1,928.000,928,928
22370,F8_01_1_2_Chlorophyll_A_001_phosphate_plate5.tif,1,768.000,768,768
22371,F8_01_1_2_Chlorophyll_A_001_phosphate_plate5.tif,1,848.000,848,848
22372,F8_01_1_2_Chlorophyll_A_001_phosphate_plate5.tif,1,864.000,864,864
22373,F8_01_1_2_Chlorophyll_A_001_phosphate_plate5.tif,3,821.333,768,880
22374,F8_01_1_2_Chlorophyll_A_001_phosphate_plate5.tif,2,792.000,768,816
22375,F8_01_1_2_Chlorophyll_A_001_phosphate_plate5.tif,16,891.000,768,1088
22376,F8_01_1_2_Chlorophyll_A_001_phosphate_plate5.tif,2,984.000,960,1008
22377,F8_01_1_2_Chlorophyll_A_001_phosphate_plate5.tif,1,880.000,880,880
22378,F8_01_1_2_Chlorophyll_A_001_phosphate_plate5.tif,2,808.000,800,816
22379,F8_01_1_2_Chlorophyll_A_001_phosphate_plate5.tif,1,1024.000,1024,1024
22380,F8_01_1_2_Chlorophyll_A_001_phosphate_plate5.tif,2,800.000,784,816
22381,F8_01_1_2_Chlorophyll_A_001_phosphate_plate5.tif,4,832.000,800,864
22382,F8_01_1_2_Chlorophyll_A_001_phosphate_plate5.tif,1,816.000,816,816
22383,F8_01_1_2_Chlorophyll_A_001_phosphate_plate5.tif,8,834.000,800,864
22384,F8_01_1_2_Chlorophyll_A_001_phosphate_plate5.tif,1,784.000,784,784
22385,F8_01_1_2_Chlorophyll_A_001_phosphate_plate5.tif,1,944.000,944,944
22386,F8_01_1_2_Chlorophyll_A_001_phosphate_plate5.tif,1,800.000,800,800
22387,F8_01_1_2_Chlorophyll_A_001_phosphate_plate5.tif,1,864.000,864,864
22388,F8_01_1_2_Chlorophyll_A_001_phosphate_plate5.tif,2,800.000,768,832
22389,F8_01_1_2_Chlorophyll_A_001_phosphate_plate5.tif,1,912.000,912,912
22390,F8_01_1_2_Chlorophyll_A_001_phosphate_plate5.tif,8,826.000,768,896
22391,F8_01_1_2_Chlorophyll_A_001_phosphate_plate5.tif,1,800.000,800,800
22392,F8_01_1_2_Chlorophyll_A_001_phosphate_plate5.tif,2,824.000,816,832
22393,F8_01_1_2_Chlorophyll_A_001_phosphate_plate5.tif,5,803.200,768,928
22394,F8_01_1_2_Chlorophyll_A_001_phosphate_plate5.tif,4,808.000,768,896
22395,F8_01_1_2_Chlorophyll_A_001_phosphate_plate5.tif,1,784.000,784,784
22396,F8_01_1_2_Chlorophyll_A_001_phosphate_plate5.tif,2,792.000,768,816
22397,F8_01_1_2_Chlorophyll_A_001_phosphate_plate5.tif,1,784.000,784,784
22398,F8_01_1_2_Chlorophyll_A_001_phosphate_plate5.tif,1,864.000,864,864
22399,F8_01_1_2_Chlorophyll_A_001_phosphate_plate5.tif,1,800.000,800,800
22400,F8_01_1_2_Chlorophyll_A_001_phosphate_plate5.tif,2,808.000,800,816
22401,F8_01_1_2_Chlorophyll_A_001_phosphate_plate5.tif,1,768.000,768,768
22402,F8_01_1_2_Chlorophyll_A_001_phosphate_plate5.tif,1,800.000,800,800
22403,F8_01_1_2_Chlorophyll_A_001_phosphate_plate5.tif,4,836.000,768,944
22404,F8_01_1_2_Chlorophyll_A_001_phosphate_plate5.tif,2,784.000,768,800
22405,F8_01_1_2_Chlorophyll_A_001_phosphate_plate5.tif,1,880.000,880,880
22406,F8_01_1_2_Chlorophyll_A_001_phosphate_plate5.tif,1,800.000,800,800
22407,F8_01_1_2_Chlorophyll_A_001_phosphate_plate5.tif,1,928.000,928,928
22408,F8_01_1_2_Chlorophyll_A_001_phosphate_plate5.tif,1,1008.000,1008,1008
22409,F8_01_1_2_Chlorophyll_A_001_phosphate_plate5.tif,1,800.000,800,800
22410,F8_01_1_2_Chlorophyll_A_001_phosphate_plate5.tif,1,864.000,864,864
22411,F8_01_1_2_Chlorophyll_A_001_phosphate_plate5.tif,1,768.000,768,768
22412,F8_01_1_2_Chlorophyll_A_001_phosphate_plate5.tif,1,784.000,784,784
22413,F8_01_1_2_Chlorophyll_A_001_phosphate_plate5.tif,3,816.000,768,864
22414,F8_01_1_2_Chlorophyll_A_001_phosphate_plate5.tif,190,2627.705,768,18352
22415,F8_01_1_2_Chlorophyll_A_001_phosphate_plate5.tif,19,863.158,768,928
22416,F8_01_1_2_Chlorophyll_A_001_phosphate_plate5.tif,33,861.091,768,1120
22417,F8_01_1_2_Chlorophyll_A_001_phosphate_plate5.tif,65,884.431,768,1168
22418,F8_01_1_2_Chlorophyll_A_001_phosphate_plate5.tif,9,865.778,768,1072
22419,F8_01_1_2_Chlorophyll_A_001_phosphate_plate5.tif,135,846.696,768,1120
22420,F8_01_1_2_Chlorophyll_A_001_phosphate_plate5.tif,29,877.241,768,1040
22421,F8_01_1_2_Chlorophyll_A_001_phosphate_plate5.tif,1,864.000,864,864
22422,F8_01_1_2_Chlorophyll_A_001_phosphate_plate5.tif,1,784.000,784,784
22423,F8_01_1_2_Chlorophyll_A_001_phosphate_plate5.tif,1,992.000,992,992
22424,F8_01_1_2_Chlorophyll_A_001_phosphate_plate5.tif,6,858.667,768,1040
22425,F8_01_1_2_Chlorophyll_A_001_phosphate_plate5.tif,1,768.000,768,768
22426,F8_01_1_2_Chlorophyll_A_001_phosphate_plate5.tif,2,808.000,784,832
22427,F8_01_1_2_Chlorophyll_A_001_phosphate_plate5.tif,4,816.000,768,864
22428,F8_01_1_2_Chlorophyll_A_001_phosphate_plate5.tif,2,808.000,800,816
22429,F8_01_1_2_Chlorophyll_A_001_phosphate_plate5.tif,1,816.000,816,816
22430,F8_01_1_2_Chlorophyll_A_001_phosphate_plate5.tif,2,880.000,784,976
22431,F8_01_1_2_Chlorophyll_A_001_phosphate_plate5.tif,3,901.333,832,1008
22432,F8_01_1_2_Chlorophyll_A_001_phosphate_plate5.tif,1,944.000,944,944
22433,F8_01_1_2_Chlorophyll_A_001_phosphate_plate5.tif,3,848.000,784,880
22434,F8_01_1_2_Chlorophyll_A_001_phosphate_plate5.tif,1,896.000,896,896
22435,F8_01_1_2_Chlorophyll_A_001_phosphate_plate5.tif,3,789.333,768,832
22436,F8_01_1_2_Chlorophyll_A_001_phosphate_plate5.tif,1,832.000,832,832
22437,F8_01_1_2_Chlorophyll_A_001_phosphate_plate5.tif,1,848.000,848,848
22438,F8_01_1_2_Chlorophyll_A_001_phosphate_plate5.tif,1,784.000,784,784
22439,F8_01_1_2_Chlorophyll_A_001_phosphate_plate5.tif,5,787.200,768,816
22440,F8_01_1_2_Chlorophyll_A_001_phosphate_plate5.tif,1,800.000,800,800
22441,F8_01_1_2_Chlorophyll_A_001_phosphate_plate5.tif,1,816.000,816,816
22442,F8_01_1_2_Chlorophyll_A_001_phosphate_plate5.tif,1,848.000,848,848
22443,F8_01_1_2_Chlorophyll_A_001_phosphate_plate5.tif,1,768.000,768,768
22444,F8_01_1_2_Chlorophyll_A_001_phosphate_plate5.tif,1,784.000,784,784
22445,F8_01_1_2_Chlorophyll_A_001_phosphate_plate5.tif,1,880.000,880,880
22446,F8_01_1_2_Chlorophyll_A_001_phosphate_plate5.tif,1,800.000,800,800
22447,F8_01_1_2_Chlorophyll_A_001_phosphate_plate5.tif,1,816.000,816,816
22448,F8_01_1_2_Chlorophyll_A_001_phosphate_plate5.tif,1,768.000,768,768
22449,F8_01_1_2_Chlorophyll_A_001_phosphate_plate5.tif,1,768.000,768,768
22450,F8_01_1_2_Chlorophyll_A_001_phosphate_plate5.tif,3,784.000,768,816
22451,F8_01_1_2_Chlorophyll_A_001_phosphate_plate5.tif,1,784.000,784,784
22452,F8_01_1_2_Chlorophyll_A_001_phosphate_plate5.tif,1,800.000,800,800
22453,F8_01_1_2_Chlorophyll_A_001_phosphate_plate5.tif,3,826.667,768,928
22454,F8_01_1_2_Chlorophyll_A_001_phosphate_plate5.tif,3,890.667,768,1024
22455,F8_01_1_2_Chlorophyll_A_001_phosphate_plate5.tif,3,837.333,784,944
22456,F8_01_1_2_Chlorophyll_A_001_phosphate_plate5.tif,4,840.000,784,880
22457,F8_01_1_2_Chlorophyll_A_001_phosphate_plate5.tif,1,800.000,800,800
22458,F8_01_1_2_Chlorophyll_A_001_phosphate_plate5.tif,4,900.000,864,960
22459,F8_01_1_2_Chlorophyll_A_001_phosphate_plate5.tif,1,800.000,800,800
22460,F8_01_1_2_Chlorophyll_A_001_phosphate_plate5.tif,75,877.867,768,1088
22461,F8_01_1_2_Chlorophyll_A_001_phosphate_plate5.tif,10,902.400,784,1104
22462,F8_01_1_2_Chlorophyll_A_001_phosphate_plate5.tif,31,867.613,768,1104
22463,F8_01_1_2_Chlorophyll_A_001_phosphate_plate5.tif,3,810.667,784,848
22464,F8_01_1_2_Chlorophyll_A_001_phosphate_plate5.tif,5,854.400,816,928
22465,F8_01_1_2_Chlorophyll_A_001_phosphate_plate5.tif,27,846.815,768,1104
22466,F8_01_1_2_Chlorophyll_A_001_phosphate_plate5.tif,2,776.000,768,784
22467,F8_01_1_2_Chlorophyll_A_001_phosphate_plate5.tif,1,832.000,832,832
22468,F8_01_1_2_Chlorophyll_A_001_phosphate_plate5.tif,4,804.000,768,864
22469,F8_01_1_2_Chlorophyll_A_001_phosphate_plate5.tif,19,842.105,768,976
22470,F8_01_1_2_Chlorophyll_A_001_phosphate_plate5.tif,1,848.000,848,848
22471,F8_01_1_2_Chlorophyll_A_001_phosphate_plate5.tif,1,800.000,800,800
22472,F8_01_1_2_Chlorophyll_A_001_phosphate_plate5.tif,1,784.000,784,784
22473,F8_01_1_2_Chlorophyll_A_001_phosphate_plate5.tif,1,944.000,944,944
22474,F8_01_1_2_Chlorophyll_A_001_phosphate_plate5.tif,6,848.000,768,960
22475,F8_01_1_2_Chlorophyll_A_001_phosphate_plate5.tif,1,784.000,784,784
22476,F8_01_1_2_Chlorophyll_A_001_phosphate_plate5.tif,1,784.000,784,784
22477,F8_01_1_2_Chlorophyll_A_001_phosphate_plate5.tif,7,852.571,768,928
22478,F8_01_1_2_Chlorophyll_A_001_phosphate_plate5.tif,3,848.000,784,960
22479,F8_01_1_2_Chlorophyll_A_001_phosphate_plate5.tif,2,824.000,800,848
22480,F8_01_1_2_Chlorophyll_A_001_phosphate_plate5.tif,3,842.667,768,880
22481,F8_01_1_2_Chlorophyll_A_001_phosphate_plate5.tif,3,826.667,768,944
22482,F8_01_1_2_Chlorophyll_A_001_phosphate_plate5.tif,1,944.000,944,944
22483,F8_01_1_2_Chlorophyll_A_001_phosphate_plate5.tif,3,800.000,768,832
22484,F8_01_1_2_Chlorophyll_A_001_phosphate_plate5.tif,1,880.000,880,880
22485,F8_01_1_2_Chlorophyll_A_001_phosphate_plate5.tif,3,805.333,768,832
22486,F8_01_1_2_Chlorophyll_A_001_phosphate_plate5.tif,1,800.000,800,800
22487,F8_01_1_2_Chlorophyll_A_001_phosphate_plate5.tif,1,768.000,768,768
22488,F8_01_1_2_Chlorophyll_A_001_phosphate_plate5.tif,1,880.000,880,880
22489,F8_01_1_2_Chlorophyll_A_001_phosphate_plate5.tif,2,912.000,784,1040
22490,F8_01_1_2_Chlorophyll_A_001_phosphate_plate5.tif,1,800.000,800,800
22491,F8_01_1_2_Chlorophyll_A_001_phosphate_plate5.tif,1,800.000,800,800
22492,F8_01_1_2_Chlorophyll_A_001_phosphate_plate5.tif,1,800.000,800,800
22493,F8_01_1_2_Chlorophyll_A_001_phosphate_plate5.tif,1,880.000,880,880
22494,F8_01_1_2_Chlorophyll_A_001_phosphate_plate5.tif,1,800.000,800,800
22495,F8_01_1_2_Chlorophyll_A_001_phosphate_plate5.tif,1,800.000,800,800
22496,F8_01_1_2_Chlorophyll_A_001_phosphate_plate5.tif,1,832.000,832,832
22497,F8_01_1_2_Chlorophyll_A_001_phosphate_plate5.tif,1,848.000,848,848
22498,F8_01_1_2_Chlorophyll_A_001_phosphate_plate5.tif,1,816.000,816,816
22499,F8_01_1_2_Chlorophyll_A_001_phosphate_plate5.tif,1,800.000,800,800
22500,F8_01_1_2_Chlorophyll_A_001_phosphate_plate5.tif,1,768.000,768,768
22501,F8_01_1_2_Chlorophyll_A_001_phosphate_plate5.tif,1,816.000,816,816
22502,F8_01_1_2_Chlorophyll_A_001_phosphate_plate5.tif,1,784.000,784,784
22503,F8_01_1_2_Chlorophyll_A_001_phosphate_plate5.tif,1,784.000,784,784
22504,F8_01_1_2_Chlorophyll_A_001_phosphate_plate5.tif,1,768.000,768,768
22505,F8_01_1_2_Chlorophyll_A_001_phosphate_plate5.tif,3,800.000,768,864
22506,F8_01_1_2_Chlorophyll_A_001_phosphate_plate5.tif,3,832.000,816,848
22507,F8_01_1_2_Chlorophyll_A_001_phosphate_plate5.tif,5,835.200,768,944
22508,F8_01_1_2_Chlorophyll_A_001_phosphate_plate5.tif,1,800.000,800,800
22509,F8_01_1_2_Chlorophyll_A_001_phosphate_plate5.tif,1,1024.000,1024,1024
22510,F8_01_1_2_Chlorophyll_A_001_phosphate_plate5.tif,116,868.000,768,1072
22511,F8_01_1_2_Chlorophyll_A_001_phosphate_plate5.tif,4,876.000,784,1008
22512,F8_01_1_2_Chlorophyll_A_001_phosphate_plate5.tif,31,844.903,768,1040
22513,F8_01_1_2_Chlorophyll_A_001_phosphate_plate5.tif,15,883.200,768,1104
22514,F8_01_1_2_Chlorophyll_A_001_phosphate_plate5.tif,57,874.386,768,1088
22515,F8_01_1_2_Chlorophyll_A_001_phosphate_plate5.tif,3,805.333,768,864
22516,F8_01_1_2_Chlorophyll_A_001_phosphate_plate5.tif,3,922.667,832,1040
22517,F8_01_1_2_Chlorophyll_A_001_phosphate_plate5.tif,8,802.000,768,880
22518,F8_01_1_2_Chlorophyll_A_001_phosphate_plate5.tif,6,890.667,784,1024
22519,F8_01_1_2_Chlorophyll_A_001_phosphate_plate5.tif,8,876.000,768,1024
22520,F8_01_1_2_Chlorophyll_A_001_phosphate_plate5.tif,8,844.000,768,896
22521,F8_01_1_2_Chlorophyll_A_001_phosphate_plate5.tif,1,800.000,800,800
22522,F8_01_1_2_Chlorophyll_A_001_phosphate_plate5.tif,1,800.000,800,800
22523,F8_01_1_2_Chlorophyll_A_001_phosphate_plate5.tif,1,768.000,768,768
22524,F8_01_1_2_Chlorophyll_A_001_phosphate_plate5.tif,1,896.000,896,896
22525,F8_01_1_2_Chlorophyll_A_001_phosphate_plate5.tif,1,816.000,816,816
22526,F8_01_1_2_Chlorophyll_A_001_phosphate_plate5.tif,1,800.000,800,800
22527,F8_01_1_2_Chlorophyll_A_001_phosphate_plate5.tif,2,904.000,880,928
22528,F8_01_1_2_Chlorophyll_A_001_phosphate_plate5.tif,7,859.429,768,1040
22529,F8_01_1_2_Chlorophyll_A_001_phosphate_plate5.tif,1,832.000,832,832
22530,F8_01_1_2_Chlorophyll_A_001_phosphate_plate5.tif,10,865.600,768,1072
22531,F8_01_1_2_Chlorophyll_A_001_phosphate_plate5.tif,3,853.333,800,928
22532,F8_01_1_2_Chlorophyll_A_001_phosphate_plate5.tif,1,784.000,784,784
22533,F8_01_1_2_Chlorophyll_A_001_phosphate_plate5.tif,3,821.333,784,864
22534,F8_01_1_2_Chlorophyll_A_001_phosphate_plate5.tif,4,856.000,784,928
22535,F8_01_1_2_Chlorophyll_A_001_phosphate_plate5.tif,4,804.000,784,832
22536,F8_01_1_2_Chlorophyll_A_001_phosphate_plate5.tif,1,880.000,880,880
22537,F8_01_1_2_Chlorophyll_A_001_phosphate_plate5.tif,2,872.000,864,880
22538,F8_01_1_2_Chlorophyll_A_001_phosphate_plate5.tif,2,864.000,800,928
22539,F8_01_1_2_Chlorophyll_A_001_phosphate_plate5.tif,1,768.000,768,768
22540,F8_01_1_2_Chlorophyll_A_001_phosphate_plate5.tif,1,928.000,928,928
22541,F8_01_1_2_Chlorophyll_A_001_phosphate_plate5.tif,4,804.000,768,864
22542,F8_01_1_2_Chlorophyll_A_001_phosphate_plate5.tif,1,768.000,768,768
22543,F8_01_1_2_Chlorophyll_A_001_phosphate_plate5.tif,1,768.000,768,768
22544,F8_01_1_2_Chlorophyll_A_001_phosphate_plate5.tif,1,864.000,864,864
22545,F8_01_1_2_Chlorophyll_A_001_phosphate_plate5.tif,1,784.000,784,784
22546,F8_01_1_2_Chlorophyll_A_001_phosphate_plate5.tif,2,840.000,800,880
22547,F8_01_1_2_Chlorophyll_A_001_phosphate_plate5.tif,4,852.000,768,928
22548,F8_01_1_2_Chlorophyll_A_001_phosphate_plate5.tif,1,784.000,784,784
22549,F8_01_1_2_Chlorophyll_A_001_phosphate_plate5.tif,4,820.000,784,864
22550,F8_01_1_2_Chlorophyll_A_001_phosphate_plate5.tif,1,816.000,816,816
22551,F8_01_1_2_Chlorophyll_A_001_phosphate_plate5.tif,3,794.667,768,848
22552,F8_01_1_2_Chlorophyll_A_001_phosphate_plate5.tif,1,816.000,816,816
22553,F8_01_1_2_Chlorophyll_A_001_phosphate_plate5.tif,1,768.000,768,768
22554,F8_01_1_2_Chlorophyll_A_001_phosphate_plate5.tif,1,864.000,864,864
22555,F8_01_1_2_Chlorophyll_A_001_phosphate_plate5.tif,1,800.000,800,800
22556,F8_01_1_2_Chlorophyll_A_001_phosphate_plate5.tif,1,784.000,784,784
22557,F8_01_1_2_Chlorophyll_A_001_phosphate_plate5.tif,1,784.000,784,784
22558,F8_01_1_2_Chlorophyll_A_001_phosphate_plate5.tif,2,768.000,768,768
22559,F8_01_1_2_Chlorophyll_A_001_phosphate_plate5.tif,1,768.000,768,768
22560,F8_01_1_2_Chlorophyll_A_001_phosphate_plate5.tif,4,892.000,816,992
22561,F8_01_1_2_Chlorophyll_A_001_phosphate_plate5.tif,1,800.000,800,800
22562,F8_01_1_2_Chlorophyll_A_001_phosphate_plate5.tif,1,768.000,768,768
22563,F8_01_1_2_Chlorophyll_A_001_phosphate_plate5.tif,1,768.000,768,768
22564,F8_01_1_2_Chlorophyll_A_001_phosphate_plate5.tif,1,896.000,896,896
22565,F8_01_1_2_Chlorophyll_A_001_phosphate_plate5.tif,1,848.000,848,848
22566,F8_01_1_2_Chlorophyll_A_001_phosphate_plate5.tif,8,872.000,768,976
22567,F8_01_1_2_Chlorophyll_A_001_phosphate_plate5.tif,2,848.000,800,896
22568,F8_01_1_2_Chlorophyll_A_001_phosphate_plate5.tif,2,856.000,848,864
22569,F8_01_1_2_Chlorophyll_A_001_phosphate_plate5.tif,2,840.000,832,848
22570,F8_01_1_2_Chlorophyll_A_001_phosphate_plate5.tif,2,816.000,784,848
22571,F8_01_1_2_Chlorophyll_A_001_phosphate_plate5.tif,23,894.609,768,1072
22572,F8_01_1_2_Chlorophyll_A_001_phosphate_plate5.tif,71,858.592,768,1120
22573,F8_01_1_2_Chlorophyll_A_001_phosphate_plate5.tif,74,870.919,768,1104
22574,F8_01_1_2_Chlorophyll_A_001_phosphate_plate5.tif,18,878.222,768,1008
22575,F8_01_1_2_Chlorophyll_A_001_phosphate_plate5.tif,24,846.667,768,1072
22576,F8_01_1_2_Chlorophyll_A_001_phosphate_plate5.tif,1,960.000,960,960
22577,F8_01_1_2_Chlorophyll_A_001_phosphate_plate5.tif,1,768.000,768,768
22578,F8_01_1_2_Chlorophyll_A_001_phosphate_plate5.tif,2,824.000,784,864
22579,F8_01_1_2_Chlorophyll_A_001_phosphate_plate5.tif,3,805.333,768,848
22580,F8_01_1_2_Chlorophyll_A_001_phosphate_plate5.tif,1,800.000,800,800
22581,F8_01_1_2_Chlorophyll_A_001_phosphate_plate5.tif,2,840.000,832,848
22582,F8_01_1_2_Chlorophyll_A_001_phosphate_plate5.tif,1,864.000,864,864
22583,F8_01_1_2_Chlorophyll_A_001_phosphate_plate5.tif,1,784.000,784,784
22584,F8_01_1_2_Chlorophyll_A_001_phosphate_plate5.tif,2,864.000,832,896
22585,F8_01_1_2_Chlorophyll_A_001_phosphate_plate5.tif,2,992.000,880,1104
22586,F8_01_1_2_Chlorophyll_A_001_phosphate_plate5.tif,1,768.000,768,768
22587,F8_01_1_2_Chlorophyll_A_001_phosphate_plate5.tif,3,864.000,784,944
22588,F8_01_1_2_Chlorophyll_A_001_phosphate_plate5.tif,1,944.000,944,944
22589,F8_01_1_2_Chlorophyll_A_001_phosphate_plate5.tif,1,912.000,912,912
22590,F8_01_1_2_Chlorophyll_A_001_phosphate_plate5.tif,1,800.000,800,800
22591,F8_01_1_2_Chlorophyll_A_001_phosphate_plate5.tif,1,864.000,864,864
22592,F8_01_1_2_Chlorophyll_A_001_phosphate_plate5.tif,2,800.000,768,832
22593,F8_01_1_2_Chlorophyll_A_001_phosphate_plate5.tif,1,800.000,800,800
22594,F8_01_1_2_Chlorophyll_A_001_phosphate_plate5.tif,1,768.000,768,768
22595,F8_01_1_2_Chlorophyll_A_001_phosphate_plate5.tif,1,768.000,768,768
22596,F8_01_1_2_Chlorophyll_A_001_phosphate_plate5.tif,1,784.000,784,784
22597,F8_01_1_2_Chlorophyll_A_001_phosphate_plate5.tif,1,768.000,768,768
22598,F8_01_1_2_Chlorophyll_A_001_phosphate_plate5.tif,1,832.000,832,832
22599,F8_01_1_2_Chlorophyll_A_001_phosphate_plate5.tif,1,784.000,784,784
22600,F8_01_1_2_Chlorophyll_A_001_phosphate_plate5.tif,1,768.000,768,768
22601,F8_01_1_2_Chlorophyll_A_001_phosphate_plate5.tif,1,816.000,816,816
22602,F8_01_1_2_Chlorophyll_A_001_phosphate_plate5.tif,1,944.000,944,944
22603,F8_01_1_2_Chlorophyll_A_001_phosphate_plate5.tif,1,848.000,848,848
22604,F8_01_1_2_Chlorophyll_A_001_phosphate_plate5.tif,1,800.000,800,800
22605,F8_01_1_2_Chlorophyll_A_001_phosphate_plate5.tif,1,768.000,768,768
22606,F8_01_1_2_Chlorophyll_A_001_phosphate_plate5.tif,1,768.000,768,768
22607,F8_01_1_2_Chlorophyll_A_001_phosphate_plate5.tif,2,832.000,784,880
22608,F8_01_1_2_Chlorophyll_A_001_phosphate_plate5.tif,3,848.000,768,896
22609,F8_01_1_2_Chlorophyll_A_001_phosphate_plate5.tif,1,768.000,768,768
22610,F8_01_1_2_Chlorophyll_A_001_phosphate_plate5.tif,1,832.000,832,832
22611,F8_01_1_2_Chlorophyll_A_001_phosphate_plate5.tif,4,844.000,768,1024
22612,F8_01_1_2_Chlorophyll_A_001_phosphate_plate5.tif,2,816.000,784,848
22613,F8_01_1_2_Chlorophyll_A_001_phosphate_plate5.tif,4,868.000,784,944
22614,F8_01_1_2_Chlorophyll_A_001_phosphate_plate5.tif,4,904.000,768,1040
22615,F8_01_1_2_Chlorophyll_A_001_phosphate_plate5.tif,2,1048.000,944,1152
22616,F8_01_1_2_Chlorophyll_A_001_phosphate_plate5.tif,31,883.613,768,1104
22617,F8_01_1_2_Chlorophyll_A_001_phosphate_plate5.tif,34,885.647,768,1056
22618,F8_01_1_2_Chlorophyll_A_001_phosphate_plate5.tif,1,896.000,896,896
22619,F8_01_1_2_Chlorophyll_A_001_phosphate_plate5.tif,1,1120.000,1120,1120
22620,F8_01_1_2_Chlorophyll_A_001_phosphate_plate5.tif,1,944.000,944,944
22621,F8_01_1_2_Chlorophyll_A_001_phosphate_plate5.tif,1,832.000,832,832
22622,F8_01_1_2_Chlorophyll_A_001_phosphate_plate5.tif,2,816.000,784,848
22623,F8_01_1_2_Chlorophyll_A_001_phosphate_plate5.tif,2,792.000,784,800
22624,F8_01_1_2_Chlorophyll_A_001_phosphate_plate5.tif,1,784.000,784,784
22625,F8_01_1_2_Chlorophyll_A_001_phosphate_plate5.tif,6,826.667,768,912
22626,F8_01_1_2_Chlorophyll_A_001_phosphate_plate5.tif,1,800.000,800,800
22627,F8_01_1_2_Chlorophyll_A_001_phosphate_plate5.tif,1,848.000,848,848
22628,F8_01_1_2_Chlorophyll_A_001_phosphate_plate5.tif,2,792.000,784,800
22629,F8_01_1_2_Chlorophyll_A_001_phosphate_plate5.tif,1,832.000,832,832
22630,F8_01_1_2_Chlorophyll_A_001_phosphate_plate5.tif,1,768.000,768,768
22631,F8_01_1_2_Chlorophyll_A_001_phosphate_plate5.tif,3,896.000,816,1024
22632,F8_01_1_2_Chlorophyll_A_001_phosphate_plate5.tif,7,889.143,768,1088
22633,F8_01_1_2_Chlorophyll_A_001_phosphate_plate5.tif,1,848.000,848,848
22634,F8_01_1_2_Chlorophyll_A_001_phosphate_plate5.tif,2,824.000,816,832
22635,F8_01_1_2_Chlorophyll_A_001_phosphate_plate5.tif,1,1008.000,1008,1008
22636,F8_01_1_2_Chlorophyll_A_001_phosphate_plate5.tif,1,864.000,864,864
22637,F8_01_1_2_Chlorophyll_A_001_phosphate_plate5.tif,1,848.000,848,848
22638,F8_01_1_2_Chlorophyll_A_001_phosphate_plate5.tif,2,792.000,784,800
22639,F8_01_1_2_Chlorophyll_A_001_phosphate_plate5.tif,2,776.000,768,784
22640,F8_01_1_2_Chlorophyll_A_001_phosphate_plate5.tif,15,816.000,768,944
22641,F8_01_1_2_Chlorophyll_A_001_phosphate_plate5.tif,8,820.000,768,912
22642,F8_01_1_2_Chlorophyll_A_001_phosphate_plate5.tif,1,864.000,864,864
22643,F8_01_1_2_Chlorophyll_A_001_phosphate_plate5.tif,1,944.000,944,944
22644,F8_01_1_2_Chlorophyll_A_001_phosphate_plate5.tif,1,928.000,928,928
22645,F8_01_1_2_Chlorophyll_A_001_phosphate_plate5.tif,1,880.000,880,880
22646,F8_01_1_2_Chlorophyll_A_001_phosphate_plate5.tif,1,800.000,800,800
22647,F8_01_1_2_Chlorophyll_A_001_phosphate_plate5.tif,1,864.000,864,864
22648,F8_01_1_2_Chlorophyll_A_001_phosphate_plate5.tif,2,832.000,800,864
22649,F8_01_1_2_Chlorophyll_A_001_phosphate_plate5.tif,2,848.000,832,864
22650,F8_01_1_2_Chlorophyll_A_001_phosphate_plate5.tif,1,784.000,784,784
22651,F8_01_1_2_Chlorophyll_A_001_phosphate_plate5.tif,1,880.000,880,880
22652,F8_01_1_2_Chlorophyll_A_001_phosphate_plate5.tif,1,816.000,816,816
22653,F8_01_1_2_Chlorophyll_A_001_phosphate_plate5.tif,3,864.000,800,976
22654,F8_01_1_2_Chlorophyll_A_001_phosphate_plate5.tif,1,816.000,816,816
22655,F8_01_1_2_Chlorophyll_A_001_phosphate_plate5.tif,1,800.000,800,800
22656,F8_01_1_2_Chlorophyll_A_001_phosphate_plate5.tif,1,864.000,864,864
22657,F8_01_1_2_Chlorophyll_A_001_phosphate_plate5.tif,1,768.000,768,768
22658,F8_01_1_2_Chlorophyll_A_001_phosphate_plate5.tif,1,848.000,848,848
22659,F8_01_1_2_Chlorophyll_A_001_phosphate_plate5.tif,1,864.000,864,864
22660,F8_01_1_2_Chlorophyll_A_001_phosphate_plate5.tif,1,768.000,768,768
22661,F8_01_1_2_Chlorophyll_A_001_phosphate_plate5.tif,1,800.000,800,800
22662,F8_01_1_2_Chlorophyll_A_001_phosphate_plate5.tif,4,824.000,784,928
22663,F8_01_1_2_Chlorophyll_A_001_phosphate_plate5.tif,1,784.000,784,784
22664,F8_01_1_2_Chlorophyll_A_001_phosphate_plate5.tif,1,800.000,800,800
22665,F8_01_1_2_Chlorophyll_A_001_phosphate_plate5.tif,1,896.000,896,896
22666,F8_01_1_2_Chlorophyll_A_001_phosphate_plate5.tif,5,841.600,768,960
22667,F8_01_1_2_Chlorophyll_A_001_phosphate_plate5.tif,4,820.000,768,864
22668,F8_01_1_2_Chlorophyll_A_001_phosphate_plate5.tif,3,864.000,800,928
22669,F8_01_1_2_Chlorophyll_A_001_phosphate_plate5.tif,1,784.000,784,784
22670,F8_01_1_2_Chlorophyll_A_001_phosphate_plate5.tif,1,880.000,880,880
22671,F8_01_1_2_Chlorophyll_A_001_phosphate_plate5.tif,1,768.000,768,768
22672,F8_01_1_2_Chlorophyll_A_001_phosphate_plate5.tif,2,816.000,768,864
22673,F8_01_1_2_Chlorophyll_A_001_phosphate_plate5.tif,1,864.000,864,864
22674,F8_01_1_2_Chlorophyll_A_001_phosphate_plate5.tif,1,864.000,864,864
22675,F8_01_1_2_Chlorophyll_A_001_phosphate_plate5.tif,2,872.000,864,880
22676,F8_01_1_2_Chlorophyll_A_001_phosphate_plate5.tif,1,848.000,848,848
22677,F8_01_1_2_Chlorophyll_A_001_phosphate_plate5.tif,2,800.000,768,832
22678,F8_01_1_2_Chlorophyll_A_001_phosphate_plate5.tif,2,800.000,784,816
22679,F8_01_1_2_Chlorophyll_A_001_phosphate_plate5.tif,2,784.000,768,800
22680,F8_01_1_2_Chlorophyll_A_001_phosphate_plate5.tif,1,768.000,768,768
22681,F8_01_1_2_Chlorophyll_A_001_phosphate_plate5.tif,1,784.000,784,784
22682,F8_01_1_2_Chlorophyll_A_001_phosphate_plate5.tif,2,784.000,768,800
22683,F8_01_1_2_Chlorophyll_A_001_phosphate_plate5.tif,1,784.000,784,784
22684,F8_01_1_2_Chlorophyll_A_001_phosphate_plate5.tif,2,816.000,800,832
22685,F8_01_1_2_Chlorophyll_A_001_phosphate_plate5.tif,1,768.000,768,768
22686,F8_01_1_2_Chlorophyll_A_001_phosphate_plate5.tif,2,792.000,784,800
22687,F8_01_1_2_Chlorophyll_A_001_phosphate_plate5.tif,1,864.000,864,864
22688,F8_01_1_2_Chlorophyll_A_001_phosphate_plate5.tif,2,848.000,800,896
22689,F8_01_1_2_Chlorophyll_A_001_phosphate_plate5.tif,58,893.517,768,1088
22690,F8_01_1_2_Chlorophyll_A_001_phosphate_plate5.tif,5,896.000,784,992
22691,F8_01_1_2_Chlorophyll_A_001_phosphate_plate5.tif,50,867.840,768,1072
22692,F8_01_1_2_Chlorophyll_A_001_phosphate_plate5.tif,8,854.000,784,960
22693,F8_01_1_2_Chlorophyll_A_001_phosphate_plate5.tif,1,928.000,928,928
22694,F8_01_1_2_Chlorophyll_A_001_phosphate_plate5.tif,1,928.000,928,928
22695,F8_01_1_2_Chlorophyll_A_001_phosphate_plate5.tif,1,800.000,800,800
22696,F8_01_1_2_Chlorophyll_A_001_phosphate_plate5.tif,1,768.000,768,768
22697,F8_01_1_2_Chlorophyll_A_001_phosphate_plate5.tif,15,864.000,768,1104
22698,F8_01_1_2_Chlorophyll_A_001_phosphate_plate5.tif,5,796.800,768,816
22699,F8_01_1_2_Chlorophyll_A_001_phosphate_plate5.tif,1,864.000,864,864
22700,F8_01_1_2_Chlorophyll_A_001_phosphate_plate5.tif,2,816.000,816,816
22701,F8_01_1_2_Chlorophyll_A_001_phosphate_plate5.tif,1,864.000,864,864
22702,F8_01_1_2_Chlorophyll_A_001_phosphate_plate5.tif,2,832.000,768,896
22703,F8_01_1_2_Chlorophyll_A_001_phosphate_plate5.tif,2,800.000,784,816
22704,F8_01_1_2_Chlorophyll_A_001_phosphate_plate5.tif,2,808.000,800,816
22705,F8_01_1_2_Chlorophyll_A_001_phosphate_plate5.tif,1,816.000,816,816
22706,F8_01_1_2_Chlorophyll_A_001_phosphate_plate5.tif,1,768.000,768,768
22707,F8_01_1_2_Chlorophyll_A_001_phosphate_plate5.tif,1,768.000,768,768
22708,F8_01_1_2_Chlorophyll_A_001_phosphate_plate5.tif,4,824.000,768,864
22709,F8_01_1_2_Chlorophyll_A_001_phosphate_plate5.tif,1,896.000,896,896
22710,F8_01_1_2_Chlorophyll_A_001_phosphate_plate5.tif,2,840.000,800,880
22711,F8_01_1_2_Chlorophyll_A_001_phosphate_plate5.tif,1,816.000,816,816
22712,F8_01_1_2_Chlorophyll_A_001_phosphate_plate5.tif,1,880.000,880,880
22713,F8_01_1_2_Chlorophyll_A_001_phosphate_plate5.tif,2,848.000,784,912
22714,F8_01_1_2_Chlorophyll_A_001_phosphate_plate5.tif,1,768.000,768,768
22715,F8_01_1_2_Chlorophyll_A_001_phosphate_plate5.tif,1,1008.000,1008,1008
22716,F8_01_1_2_Chlorophyll_A_001_phosphate_plate5.tif,2,816.000,768,864
22717,F8_01_1_2_Chlorophyll_A_001_phosphate_plate5.tif,1,800.000,800,800
22718,F8_01_1_2_Chlorophyll_A_001_phosphate_plate5.tif,1,848.000,848,848
22719,F8_01_1_2_Chlorophyll_A_001_phosphate_plate5.tif,1,800.000,800,800
22720,F8_01_1_2_Chlorophyll_A_001_phosphate_plate5.tif,1,784.000,784,784
22721,F8_01_1_2_Chlorophyll_A_001_phosphate_plate5.tif,1,800.000,800,800
22722,F8_01_1_2_Chlorophyll_A_001_phosphate_plate5.tif,2,832.000,816,848
22723,F8_01_1_2_Chlorophyll_A_001_phosphate_plate5.tif,1,800.000,800,800
22724,F8_01_1_2_Chlorophyll_A_001_phosphate_plate5.tif,1,848.000,848,848
22725,F8_01_1_2_Chlorophyll_A_001_phosphate_plate5.tif,2,792.000,768,816
22726,F8_01_1_2_Chlorophyll_A_001_phosphate_plate5.tif,1,784.000,784,784
22727,F8_01_1_2_Chlorophyll_A_001_phosphate_plate5.tif,3,832.000,784,896
22728,F8_01_1_2_Chlorophyll_A_001_phosphate_plate5.tif,1,800.000,800,800
22729,F8_01_1_2_Chlorophyll_A_001_phosphate_plate5.tif,2,888.000,784,992
22730,F8_01_1_2_Chlorophyll_A_001_phosphate_plate5.tif,1,832.000,832,832
22731,F8_01_1_2_Chlorophyll_A_001_phosphate_plate5.tif,28,873.714,768,1056
22732,F8_01_1_2_Chlorophyll_A_001_phosphate_plate5.tif,1,960.000,960,960
22733,F8_01_1_2_Chlorophyll_A_001_phosphate_plate5.tif,24,850.667,768,1152
22734,F8_01_1_2_Chlorophyll_A_001_phosphate_plate5.tif,1,768.000,768,768
22735,F8_01_1_2_Chlorophyll_A_001_phosphate_plate5.tif,35,861.714,768,1024
22736,F8_01_1_2_Chlorophyll_A_001_phosphate_plate5.tif,19,877.474,768,1136
22737,F8_01_1_2_Chlorophyll_A_001_phosphate_plate5.tif,2,768.000,768,768
22738,F8_01_1_2_Chlorophyll_A_001_phosphate_plate5.tif,2,816.000,784,848
22739,F8_01_1_2_Chlorophyll_A_001_phosphate_plate5.tif,1,864.000,864,864
22740,F8_01_1_2_Chlorophyll_A_001_phosphate_plate5.tif,1,816.000,816,816
22741,F8_01_1_2_Chlorophyll_A_001_phosphate_plate5.tif,2,800.000,800,800
22742,F8_01_1_2_Chlorophyll_A_001_phosphate_plate5.tif,7,841.143,784,960
22743,F8_01_1_2_Chlorophyll_A_001_phosphate_plate5.tif,1,896.000,896,896
22744,F8_01_1_2_Chlorophyll_A_001_phosphate_plate5.tif,5,886.400,768,1024
22745,F8_01_1_2_Chlorophyll_A_001_phosphate_plate5.tif,1,928.000,928,928
22746,F8_01_1_2_Chlorophyll_A_001_phosphate_plate5.tif,1,832.000,832,832
22747,F8_01_1_2_Chlorophyll_A_001_phosphate_plate5.tif,1,896.000,896,896
22748,F8_01_1_2_Chlorophyll_A_001_phosphate_plate5.tif,8,826.000,784,896
22749,F8_01_1_2_Chlorophyll_A_001_phosphate_plate5.tif,1,800.000,800,800
22750,F8_01_1_2_Chlorophyll_A_001_phosphate_plate5.tif,1,880.000,880,880
22751,F8_01_1_2_Chlorophyll_A_001_phosphate_plate5.tif,1,768.000,768,768
22752,F8_01_1_2_Chlorophyll_A_001_phosphate_plate5.tif,1,768.000,768,768
22753,F8_01_1_2_Chlorophyll_A_001_phosphate_plate5.tif,1,880.000,880,880
22754,F8_01_1_2_Chlorophyll_A_001_phosphate_plate5.tif,1,848.000,848,848
22755,F8_01_1_2_Chlorophyll_A_001_phosphate_plate5.tif,5,809.600,768,864
22756,F8_01_1_2_Chlorophyll_A_001_phosphate_plate5.tif,1,832.000,832,832
22757,F8_01_1_2_Chlorophyll_A_001_phosphate_plate5.tif,1,768.000,768,768
22758,F8_01_1_2_Chlorophyll_A_001_phosphate_plate5.tif,2,784.000,768,800
22759,F8_01_1_2_Chlorophyll_A_001_phosphate_plate5.tif,1,768.000,768,768
22760,F8_01_1_2_Chlorophyll_A_001_phosphate_plate5.tif,1,768.000,768,768
22761,F8_01_1_2_Chlorophyll_A_001_phosphate_plate5.tif,1,768.000,768,768
22762,F8_01_1_2_Chlorophyll_A_001_phosphate_plate5.tif,1,800.000,800,800
22763,F8_01_1_2_Chlorophyll_A_001_phosphate_plate5.tif,1,816.000,816,816
22764,F8_01_1_2_Chlorophyll_A_001_phosphate_plate5.tif,1,800.000,800,800
22765,F8_01_1_2_Chlorophyll_A_001_phosphate_plate5.tif,1,848.000,848,848
22766,F8_01_1_2_Chlorophyll_A_001_phosphate_plate5.tif,1,912.000,912,912
22767,F8_01_1_2_Chlorophyll_A_001_phosphate_plate5.tif,3,858.667,784,912
22768,F8_01_1_2_Chlorophyll_A_001_phosphate_plate5.tif,1,832.000,832,832
22769,F8_01_1_2_Chlorophyll_A_001_phosphate_plate5.tif,1,944.000,944,944
22770,F8_01_1_2_Chlorophyll_A_001_phosphate_plate5.tif,1,768.000,768,768
22771,F8_01_1_2_Chlorophyll_A_001_phosphate_plate5.tif,1,784.000,784,784
22772,F8_01_1_2_Chlorophyll_A_001_phosphate_plate5.tif,2,800.000,768,832
22773,F8_01_1_2_Chlorophyll_A_001_phosphate_plate5.tif,2,840.000,784,896
22774,F8_01_1_2_Chlorophyll_A_001_phosphate_plate5.tif,1,768.000,768,768
22775,F8_01_1_2_Chlorophyll_A_001_phosphate_plate5.tif,1,848.000,848,848
22776,F8_01_1_2_Chlorophyll_A_001_phosphate_plate5.tif,1,864.000,864,864
22777,F8_01_1_2_Chlorophyll_A_001_phosphate_plate5.tif,1,912.000,912,912
22778,F8_01_1_2_Chlorophyll_A_001_phosphate_plate5.tif,2,808.000,784,832
22779,F8_01_1_2_Chlorophyll_A_001_phosphate_plate5.tif,1,784.000,784,784
22780,F8_01_1_2_Chlorophyll_A_001_phosphate_plate5.tif,1,768.000,768,768
22781,F8_01_1_2_Chlorophyll_A_001_phosphate_plate5.tif,1,944.000,944,944
22782,F8_01_1_2_Chlorophyll_A_001_phosphate_plate5.tif,5,832.000,768,976
22783,F8_01_1_2_Chlorophyll_A_001_phosphate_plate5.tif,11,917.818,784,1008
22784,F8_01_1_2_Chlorophyll_A_001_phosphate_plate5.tif,34,883.294,768,1120
22785,F8_01_1_2_Chlorophyll_A_001_phosphate_plate5.tif,41,864.390,768,1200
22786,F8_01_1_2_Chlorophyll_A_001_phosphate_plate5.tif,1,832.000,832,832
22787,F8_01_1_2_Chlorophyll_A_001_phosphate_plate5.tif,1,880.000,880,880
22788,F8_01_1_2_Chlorophyll_A_001_phosphate_plate5.tif,210,851.886,768,1056
22789,F8_01_1_2_Chlorophyll_A_001_phosphate_plate5.tif,14,922.286,768,1056
22790,F8_01_1_2_Chlorophyll_A_001_phosphate_plate5.tif,5,796.800,768,832
22791,F8_01_1_2_Chlorophyll_A_001_phosphate_plate5.tif,1,784.000,784,784
22792,F8_01_1_2_Chlorophyll_A_001_phosphate_plate5.tif,11,868.364,768,944
22793,F8_01_1_2_Chlorophyll_A_001_phosphate_plate5.tif,17,866.824,784,976
22794,F8_01_1_2_Chlorophyll_A_001_phosphate_plate5.tif,3,848.000,800,928
22795,F8_01_1_2_Chlorophyll_A_001_phosphate_plate5.tif,3,800.000,784,832
22796,F8_01_1_2_Chlorophyll_A_001_phosphate_plate5.tif,18,834.667,768,912
22797,F8_01_1_2_Chlorophyll_A_001_phosphate_plate5.tif,1,976.000,976,976
22798,F8_01_1_2_Chlorophyll_A_001_phosphate_plate5.tif,5,857.600,800,912
22799,F8_01_1_2_Chlorophyll_A_001_phosphate_plate5.tif,2,920.000,784,1056
22800,F8_01_1_2_Chlorophyll_A_001_phosphate_plate5.tif,2,888.000,832,944
22801,F8_01_1_2_Chlorophyll_A_001_phosphate_plate5.tif,1,1072.000,1072,1072
22802,F8_01_1_2_Chlorophyll_A_001_phosphate_plate5.tif,2,800.000,800,800
22803,F8_01_1_2_Chlorophyll_A_001_phosphate_plate5.tif,2,792.000,768,816
22804,F8_01_1_2_Chlorophyll_A_001_phosphate_plate5.tif,7,841.143,784,896
22805,F8_01_1_2_Chlorophyll_A_001_phosphate_plate5.tif,1,992.000,992,992
22806,F8_01_1_2_Chlorophyll_A_001_phosphate_plate5.tif,2,880.000,848,912
22807,F8_01_1_2_Chlorophyll_A_001_phosphate_plate5.tif,1,816.000,816,816
22808,F8_01_1_2_Chlorophyll_A_001_phosphate_plate5.tif,5,822.400,768,864
22809,F8_01_1_2_Chlorophyll_A_001_phosphate_plate5.tif,1,864.000,864,864
22810,F8_01_1_2_Chlorophyll_A_001_phosphate_plate5.tif,2,936.000,848,1024
22811,F8_01_1_2_Chlorophyll_A_001_phosphate_plate5.tif,1,768.000,768,768
22812,F8_01_1_2_Chlorophyll_A_001_phosphate_plate5.tif,1,832.000,832,832
22813,F8_01_1_2_Chlorophyll_A_001_phosphate_plate5.tif,2,792.000,784,800
22814,F8_01_1_2_Chlorophyll_A_001_phosphate_plate5.tif,2,800.000,784,816
22815,F8_01_1_2_Chlorophyll_A_001_phosphate_plate5.tif,2,824.000,784,864
22816,F8_01_1_2_Chlorophyll_A_001_phosphate_plate5.tif,1,816.000,816,816
22817,F8_01_1_2_Chlorophyll_A_001_phosphate_plate5.tif,1,848.000,848,848
22818,F8_01_1_2_Chlorophyll_A_001_phosphate_plate5.tif,2,880.000,880,880
22819,F8_01_1_2_Chlorophyll_A_001_phosphate_plate5.tif,1,784.000,784,784
22820,F8_01_1_2_Chlorophyll_A_001_phosphate_plate5.tif,1,784.000,784,784
22821,F8_01_1_2_Chlorophyll_A_001_phosphate_plate5.tif,1,768.000,768,768
22822,F8_01_1_2_Chlorophyll_A_001_phosphate_plate5.tif,1,784.000,784,784
22823,F8_01_1_2_Chlorophyll_A_001_phosphate_plate5.tif,1,800.000,800,800
22824,F8_01_1_2_Chlorophyll_A_001_phosphate_plate5.tif,2,792.000,768,816
22825,F8_01_1_2_Chlorophyll_A_001_phosphate_plate5.tif,1,768.000,768,768
22826,F8_01_1_2_Chlorophyll_A_001_phosphate_plate5.tif,1,768.000,768,768
22827,F8_01_1_2_Chlorophyll_A_001_phosphate_plate5.tif,1,816.000,816,816
22828,F8_01_1_2_Chlorophyll_A_001_phosphate_plate5.tif,2,816.000,784,848
22829,F8_01_1_2_Chlorophyll_A_001_phosphate_plate5.tif,2,832.000,816,848
22830,F8_01_1_2_Chlorophyll_A_001_phosphate_plate5.tif,1,912.000,912,912
22831,F8_01_1_2_Chlorophyll_A_001_phosphate_plate5.tif,3,890.667,800,976
22832,F8_01_1_2_Chlorophyll_A_001_phosphate_plate5.tif,1,768.000,768,768
22833,F8_01_1_2_Chlorophyll_A_001_phosphate_plate5.tif,1,768.000,768,768
22834,F8_01_1_2_Chlorophyll_A_001_phosphate_plate5.tif,1,784.000,784,784
22835,F8_01_1_2_Chlorophyll_A_001_phosphate_plate5.tif,1,864.000,864,864
22836,F8_01_1_2_Chlorophyll_A_001_phosphate_plate5.tif,1,768.000,768,768
22837,F8_01_1_2_Chlorophyll_A_001_phosphate_plate5.tif,1,768.000,768,768
22838,F8_01_1_2_Chlorophyll_A_001_phosphate_plate5.tif,2,776.000,768,784
22839,F8_01_1_2_Chlorophyll_A_001_phosphate_plate5.tif,105,2709.638,768,11600
22840,F8_01_1_2_Chlorophyll_A_001_phosphate_plate5.tif,1,928.000,928,928
22841,F8_01_1_2_Chlorophyll_A_001_phosphate_plate5.tif,1,880.000,880,880
22842,F8_01_1_2_Chlorophyll_A_001_phosphate_plate5.tif,1,800.000,800,800
22843,F8_01_1_2_Chlorophyll_A_001_phosphate_plate5.tif,1,1008.000,1008,1008
22844,F8_01_1_2_Chlorophyll_A_001_phosphate_plate5.tif,2,816.000,816,816
22845,F8_01_1_2_Chlorophyll_A_001_phosphate_plate5.tif,2,872.000,864,880
22846,F8_01_1_2_Chlorophyll_A_001_phosphate_plate5.tif,1,800.000,800,800
22847,F8_01_1_2_Chlorophyll_A_001_phosphate_plate5.tif,13,900.923,784,1120
22848,F8_01_1_2_Chlorophyll_A_001_phosphate_plate5.tif,107,883.140,768,1120
22849,F8_01_1_2_Chlorophyll_A_001_phosphate_plate5.tif,31,869.677,768,1120
22850,F8_01_1_2_Chlorophyll_A_001_phosphate_plate5.tif,2,792.000,768,816
22851,F8_01_1_2_Chlorophyll_A_001_phosphate_plate5.tif,3,794.667,784,800
22852,F8_01_1_2_Chlorophyll_A_001_phosphate_plate5.tif,1,864.000,864,864
22853,F8_01_1_2_Chlorophyll_A_001_phosphate_plate5.tif,8,884.000,768,1040
22854,F8_01_1_2_Chlorophyll_A_001_phosphate_plate5.tif,7,843.429,768,944
22855,F8_01_1_2_Chlorophyll_A_001_phosphate_plate5.tif,5,864.000,768,928
22856,F8_01_1_2_Chlorophyll_A_001_phosphate_plate5.tif,1,800.000,800,800
22857,F8_01_1_2_Chlorophyll_A_001_phosphate_plate5.tif,2,776.000,768,784
22858,F8_01_1_2_Chlorophyll_A_001_phosphate_plate5.tif,1,800.000,800,800
22859,F8_01_1_2_Chlorophyll_A_001_phosphate_plate5.tif,1,896.000,896,896
22860,F8_01_1_2_Chlorophyll_A_001_phosphate_plate5.tif,6,786.667,768,816
22861,F8_01_1_2_Chlorophyll_A_001_phosphate_plate5.tif,1,832.000,832,832
22862,F8_01_1_2_Chlorophyll_A_001_phosphate_plate5.tif,16,833.000,768,1008
22863,F8_01_1_2_Chlorophyll_A_001_phosphate_plate5.tif,1,832.000,832,832
22864,F8_01_1_2_Chlorophyll_A_001_phosphate_plate5.tif,2,896.000,864,928
22865,F8_01_1_2_Chlorophyll_A_001_phosphate_plate5.tif,1,880.000,880,880
22866,F8_01_1_2_Chlorophyll_A_001_phosphate_plate5.tif,3,853.333,816,896
22867,F8_01_1_2_Chlorophyll_A_001_phosphate_plate5.tif,1,816.000,816,816
22868,F8_01_1_2_Chlorophyll_A_001_phosphate_plate5.tif,2,912.000,880,944
22869,F8_01_1_2_Chlorophyll_A_001_phosphate_plate5.tif,1,976.000,976,976
22870,F8_01_1_2_Chlorophyll_A_001_phosphate_plate5.tif,1,816.000,816,816
22871,F8_01_1_2_Chlorophyll_A_001_phosphate_plate5.tif,4,804.000,768,864
22872,F8_01_1_2_Chlorophyll_A_001_phosphate_plate5.tif,1,848.000,848,848
22873,F8_01_1_2_Chlorophyll_A_001_phosphate_plate5.tif,2,824.000,816,832
22874,F8_01_1_2_Chlorophyll_A_001_phosphate_plate5.tif,1,800.000,800,800
22875,F8_01_1_2_Chlorophyll_A_001_phosphate_plate5.tif,4,812.000,784,848
22876,F8_01_1_2_Chlorophyll_A_001_phosphate_plate5.tif,3,864.000,768,960
22877,F8_01_1_2_Chlorophyll_A_001_phosphate_plate5.tif,4,860.000,784,944
22878,F8_01_1_2_Chlorophyll_A_001_phosphate_plate5.tif,2,800.000,800,800
22879,F8_01_1_2_Chlorophyll_A_001_phosphate_plate5.tif,192,2731.083,768,21152
22880,F8_01_1_2_Chlorophyll_A_001_phosphate_plate5.tif,10,864.000,784,960
22881,F8_01_1_2_Chlorophyll_A_001_phosphate_plate5.tif,8,806.000,768,976
22882,F8_01_1_2_Chlorophyll_A_001_phosphate_plate5.tif,2,824.000,768,880
22883,F8_01_1_2_Chlorophyll_A_001_phosphate_plate5.tif,2,784.000,784,784
22884,F8_01_1_2_Chlorophyll_A_001_phosphate_plate5.tif,4,844.000,768,912
22885,F8_01_1_2_Chlorophyll_A_001_phosphate_plate5.tif,2,928.000,784,1072
22886,F8_01_1_2_Chlorophyll_A_001_phosphate_plate5.tif,1,768.000,768,768
22887,F8_01_1_2_Chlorophyll_A_001_phosphate_plate5.tif,5,777.600,768,800
22888,F8_01_1_2_Chlorophyll_A_001_phosphate_plate5.tif,1,816.000,816,816
22889,F8_01_1_2_Chlorophyll_A_001_phosphate_plate5.tif,1,832.000,832,832
22890,F8_01_1_2_Chlorophyll_A_001_phosphate_plate5.tif,1,880.000,880,880
22891,F8_01_1_2_Chlorophyll_A_001_phosphate_plate5.tif,1,992.000,992,992
22892,F8_01_1_2_Chlorophyll_A_001_phosphate_plate5.tif,2,832.000,784,880
22893,F8_01_1_2_Chlorophyll_A_001_phosphate_plate5.tif,1,848.000,848,848
22894,F8_01_1_2_Chlorophyll_A_001_phosphate_plate5.tif,1,848.000,848,848
22895,F8_01_1_2_Chlorophyll_A_001_phosphate_plate5.tif,1,880.000,880,880
22896,F8_01_1_2_Chlorophyll_A_001_phosphate_plate5.tif,1,768.000,768,768
22897,F8_01_1_2_Chlorophyll_A_001_phosphate_plate5.tif,1,816.000,816,816
22898,F8_01_1_2_Chlorophyll_A_001_phosphate_plate5.tif,2,848.000,816,880
22899,F8_01_1_2_Chlorophyll_A_001_phosphate_plate5.tif,2,784.000,784,784
22900,F8_01_1_2_Chlorophyll_A_001_phosphate_plate5.tif,1,816.000,816,816
22901,F8_01_1_2_Chlorophyll_A_001_phosphate_plate5.tif,1,896.000,896,896
22902,F8_01_1_2_Chlorophyll_A_001_phosphate_plate5.tif,2,792.000,768,816
22903,F8_01_1_2_Chlorophyll_A_001_phosphate_plate5.tif,1,1024.000,1024,1024
22904,F8_01_1_2_Chlorophyll_A_001_phosphate_plate5.tif,1,880.000,880,880
22905,F8_01_1_2_Chlorophyll_A_001_phosphate_plate5.tif,1,832.000,832,832
22906,F8_01_1_2_Chlorophyll_A_001_phosphate_plate5.tif,1,800.000,800,800
22907,F8_01_1_2_Chlorophyll_A_001_phosphate_plate5.tif,1,768.000,768,768
22908,F8_01_1_2_Chlorophyll_A_001_phosphate_plate5.tif,1,784.000,784,784
22909,F8_01_1_2_Chlorophyll_A_001_phosphate_plate5.tif,1,880.000,880,880
22910,F8_01_1_2_Chlorophyll_A_001_phosphate_plate5.tif,1,848.000,848,848
22911,F8_01_1_2_Chlorophyll_A_001_phosphate_plate5.tif,1,912.000,912,912
22912,F8_01_1_2_Chlorophyll_A_001_phosphate_plate5.tif,1,784.000,784,784
22913,F8_01_1_2_Chlorophyll_A_001_phosphate_plate5.tif,1,768.000,768,768
22914,F8_01_1_2_Chlorophyll_A_001_phosphate_plate5.tif,1,848.000,848,848
22915,F8_01_1_2_Chlorophyll_A_001_phosphate_plate5.tif,1,848.000,848,848
22916,F8_01_1_2_Chlorophyll_A_001_phosphate_plate5.tif,1,800.000,800,800
22917,F8_01_1_2_Chlorophyll_A_001_phosphate_plate5.tif,1,784.000,784,784
22918,F8_01_1_2_Chlorophyll_A_001_phosphate_plate5.tif,1,768.000,768,768
22919,F8_01_1_2_Chlorophyll_A_001_phosphate_plate5.tif,3,864.000,784,928
22920,F8_01_1_2_Chlorophyll_A_001_phosphate_plate5.tif,1,768.000,768,768
22921,F8_01_1_2_Chlorophyll_A_001_phosphate_plate5.tif,2,832.000,832,832
22922,F8_01_1_2_Chlorophyll_A_001_phosphate_plate5.tif,1,848.000,848,848
22923,F8_01_1_2_Chlorophyll_A_001_phosphate_plate5.tif,1,816.000,816,816
22924,F8_01_1_2_Chlorophyll_A_001_phosphate_plate5.tif,2,888.000,880,896
22925,F8_01_1_2_Chlorophyll_A_001_phosphate_plate5.tif,3,832.000,768,944
22926,F8_01_1_2_Chlorophyll_A_001_phosphate_plate5.tif,3,842.667,768,912
22927,F8_01_1_2_Chlorophyll_A_001_phosphate_plate5.tif,2,872.000,864,880
22928,F8_01_1_2_Chlorophyll_A_001_phosphate_plate5.tif,1,784.000,784,784
22929,F8_01_1_2_Chlorophyll_A_001_phosphate_plate5.tif,1,768.000,768,768
22930,F8_01_1_2_Chlorophyll_A_001_phosphate_plate5.tif,18,899.556,768,1104
22931,F8_01_1_2_Chlorophyll_A_001_phosphate_plate5.tif,13,894.769,768,1088
22932,F8_01_1_2_Chlorophyll_A_001_phosphate_plate5.tif,20,888.000,800,1120
22933,F8_01_1_2_Chlorophyll_A_001_phosphate_plate5.tif,18,911.111,848,1056
22934,F8_01_1_2_Chlorophyll_A_001_phosphate_plate5.tif,17,923.294,768,1120
22935,F8_01_1_2_Chlorophyll_A_001_phosphate_plate5.tif,1,768.000,768,768
22936,F8_01_1_2_Chlorophyll_A_001_phosphate_plate5.tif,1,768.000,768,768
22937,F8_01_1_2_Chlorophyll_A_001_phosphate_plate5.tif,12,844.000,768,928
22938,F8_01_1_2_Chlorophyll_A_001_phosphate_plate5.tif,3,864.000,768,992
22939,F8_01_1_2_Chlorophyll_A_001_phosphate_plate5.tif,5,835.200,768,960
22940,F8_01_1_2_Chlorophyll_A_001_phosphate_plate5.tif,1,880.000,880,880
22941,F8_01_1_2_Chlorophyll_A_001_phosphate_plate5.tif,8,872.000,768,960
22942,F8_01_1_2_Chlorophyll_A_001_phosphate_plate5.tif,3,858.667,800,928
22943,F8_01_1_2_Chlorophyll_A_001_phosphate_plate5.tif,1,800.000,800,800
22944,F8_01_1_2_Chlorophyll_A_001_phosphate_plate5.tif,2,888.000,784,992
22945,F8_01_1_2_Chlorophyll_A_001_phosphate_plate5.tif,2,776.000,768,784
22946,F8_01_1_2_Chlorophyll_A_001_phosphate_plate5.tif,1,832.000,832,832
22947,F8_01_1_2_Chlorophyll_A_001_phosphate_plate5.tif,2,792.000,784,800
22948,F8_01_1_2_Chlorophyll_A_001_phosphate_plate5.tif,1,800.000,800,800
22949,F8_01_1_2_Chlorophyll_A_001_phosphate_plate5.tif,1,816.000,816,816
22950,F8_01_1_2_Chlorophyll_A_001_phosphate_plate5.tif,1,880.000,880,880
22951,F8_01_1_2_Chlorophyll_A_001_phosphate_plate5.tif,2,896.000,848,944
22952,F8_01_1_2_Chlorophyll_A_001_phosphate_plate5.tif,1,880.000,880,880
22953,F8_01_1_2_Chlorophyll_A_001_phosphate_plate5.tif,1,768.000,768,768
22954,F8_01_1_2_Chlorophyll_A_001_phosphate_plate5.tif,1,848.000,848,848
22955,F8_01_1_2_Chlorophyll_A_001_phosphate_plate5.tif,1,768.000,768,768
22956,F8_01_1_2_Chlorophyll_A_001_phosphate_plate5.tif,1,768.000,768,768
22957,F8_01_1_2_Chlorophyll_A_001_phosphate_plate5.tif,1,880.000,880,880
22958,F8_01_1_2_Chlorophyll_A_001_phosphate_plate5.tif,1,800.000,800,800
22959,F8_01_1_2_Chlorophyll_A_001_phosphate_plate5.tif,1,784.000,784,784
22960,F8_01_1_2_Chlorophyll_A_001_phosphate_plate5.tif,2,792.000,768,816
22961,F8_01_1_2_Chlorophyll_A_001_phosphate_plate5.tif,1,768.000,768,768
22962,F8_01_1_2_Chlorophyll_A_001_phosphate_plate5.tif,1,768.000,768,768
22963,F8_01_1_2_Chlorophyll_A_001_phosphate_plate5.tif,2,904.000,816,992
22964,F8_01_1_2_Chlorophyll_A_001_phosphate_plate5.tif,1,800.000,800,800
22965,F8_01_1_2_Chlorophyll_A_001_phosphate_plate5.tif,2,816.000,768,864
22966,F8_01_1_2_Chlorophyll_A_001_phosphate_plate5.tif,1,784.000,784,784
22967,F8_01_1_2_Chlorophyll_A_001_phosphate_plate5.tif,3,880.000,768,944
22968,F8_01_1_2_Chlorophyll_A_001_phosphate_plate5.tif,65,867.200,768,1104
22969,F8_01_1_2_Chlorophyll_A_001_phosphate_plate5.tif,20,869.600,768,1008
22970,F8_01_1_2_Chlorophyll_A_001_phosphate_plate5.tif,1,944.000,944,944
22971,F8_01_1_2_Chlorophyll_A_001_phosphate_plate5.tif,3,880.000,832,976
22972,F8_01_1_2_Chlorophyll_A_001_phosphate_plate5.tif,9,849.778,768,1056
22973,F8_01_1_2_Chlorophyll_A_001_phosphate_plate5.tif,2,776.000,768,784
22974,F8_01_1_2_Chlorophyll_A_001_phosphate_plate5.tif,1,864.000,864,864
22975,F8_01_1_2_Chlorophyll_A_001_phosphate_plate5.tif,4,820.000,768,944
22976,F8_01_1_2_Chlorophyll_A_001_phosphate_plate5.tif,1,944.000,944,944
22977,F8_01_1_2_Chlorophyll_A_001_phosphate_plate5.tif,1,896.000,896,896
22978,F8_01_1_2_Chlorophyll_A_001_phosphate_plate5.tif,5,828.800,768,912
22979,F8_01_1_2_Chlorophyll_A_001_phosphate_plate5.tif,2,896.000,784,1008
22980,F8_01_1_2_Chlorophyll_A_001_phosphate_plate5.tif,3,848.000,768,992
22981,F8_01_1_2_Chlorophyll_A_001_phosphate_plate5.tif,1,784.000,784,784
22982,F8_01_1_2_Chlorophyll_A_001_phosphate_plate5.tif,1,960.000,960,960
22983,F8_01_1_2_Chlorophyll_A_001_phosphate_plate5.tif,1,816.000,816,816
22984,F8_01_1_2_Chlorophyll_A_001_phosphate_plate5.tif,2,816.000,800,832
22985,F8_01_1_2_Chlorophyll_A_001_phosphate_plate5.tif,1,768.000,768,768
22986,F8_01_1_2_Chlorophyll_A_001_phosphate_plate5.tif,2,848.000,784,912
22987,F8_01_1_2_Chlorophyll_A_001_phosphate_plate5.tif,1,816.000,816,816
22988,F8_01_1_2_Chlorophyll_A_001_phosphate_plate5.tif,1,784.000,784,784
22989,F8_01_1_2_Chlorophyll_A_001_phosphate_plate5.tif,1,880.000,880,880
22990,F8_01_1_2_Chlorophyll_A_001_phosphate_plate5.tif,1,768.000,768,768
22991,F8_01_1_2_Chlorophyll_A_001_phosphate_plate5.tif,1,848.000,848,848
22992,F8_01_1_2_Chlorophyll_A_001_phosphate_plate5.tif,1,768.000,768,768
22993,F8_01_1_2_Chlorophyll_A_001_phosphate_plate5.tif,2,848.000,816,880
22994,F8_01_1_2_Chlorophyll_A_001_phosphate_plate5.tif,1,832.000,832,832
22995,F8_01_1_2_Chlorophyll_A_001_phosphate_plate5.tif,1,816.000,816,816
22996,F8_01_1_2_Chlorophyll_A_001_phosphate_plate5.tif,3,810.667,768,848
22997,F8_01_1_2_Chlorophyll_A_001_phosphate_plate5.tif,1,816.000,816,816
22998,F8_01_1_2_Chlorophyll_A_001_phosphate_plate5.tif,1,880.000,880,880
22999,F8_01_1_2_Chlorophyll_A_001_phosphate_plate5.tif,2,880.000,880,880
23000,F8_01_1_2_Chlorophyll_A_001_phosphate_plate5.tif,1,816.000,816,816
23001,F8_01_1_2_Chlorophyll_A_001_phosphate_plate5.tif,2,880.000,832,928
23002,F8_01_1_2_Chlorophyll_A_001_phosphate_plate5.tif,1,784.000,784,784
23003,F8_01_1_2_Chlorophyll_A_001_phosphate_plate5.tif,1,784.000,784,784
23004,F8_01_1_2_Chlorophyll_A_001_phosphate_plate5.tif,1,768.000,768,768
23005,F8_01_1_2_Chlorophyll_A_001_phosphate_plate5.tif,1,800.000,800,800
23006,F8_01_1_2_Chlorophyll_A_001_phosphate_plate5.tif,1,768.000,768,768
23007,F8_01_1_2_Chlorophyll_A_001_phosphate_plate5.tif,1,768.000,768,768
23008,F8_01_1_2_Chlorophyll_A_001_phosphate_plate5.tif,2,808.000,784,832
23009,F8_01_1_2_Chlorophyll_A_001_phosphate_plate5.tif,1,896.000,896,896
23010,F8_01_1_2_Chlorophyll_A_001_phosphate_plate5.tif,2,832.000,816,848
23011,F8_01_1_2_Chlorophyll_A_001_phosphate_plate5.tif,1,880.000,880,880
23012,F8_01_1_2_Chlorophyll_A_001_phosphate_plate5.tif,2,784.000,768,800
23013,F8_01_1_2_Chlorophyll_A_001_phosphate_plate5.tif,1,912.000,912,912
23014,F8_01_1_2_Chlorophyll_A_001_phosphate_plate5.tif,6,816.000,768,880
23015,F8_01_1_2_Chlorophyll_A_001_phosphate_plate5.tif,12,848.000,768,1120
23016,F8_01_1_2_Chlorophyll_A_001_phosphate_plate5.tif,1,928.000,928,928
23017,F8_01_1_2_Chlorophyll_A_001_phosphate_plate5.tif,29,895.448,768,1088
23018,F8_01_1_2_Chlorophyll_A_001_phosphate_plate5.tif,81,873.481,768,1152
23019,F8_01_1_2_Chlorophyll_A_001_phosphate_plate5.tif,7,834.286,768,960
23020,F8_01_1_2_Chlorophyll_A_001_phosphate_plate5.tif,2,856.000,800,912
23021,F8_01_1_2_Chlorophyll_A_001_phosphate_plate5.tif,2,816.000,784,848
23022,F8_01_1_2_Chlorophyll_A_001_phosphate_plate5.tif,27,848.000,768,1088
23023,F8_01_1_2_Chlorophyll_A_001_phosphate_plate5.tif,2,976.000,944,1008
23024,F8_01_1_2_Chlorophyll_A_001_phosphate_plate5.tif,18,846.222,768,960
23025,F8_01_1_2_Chlorophyll_A_001_phosphate_plate5.tif,1,896.000,896,896
23026,F8_01_1_2_Chlorophyll_A_001_phosphate_plate5.tif,1,816.000,816,816
23027,F8_01_1_2_Chlorophyll_A_001_phosphate_plate5.tif,4,852.000,768,928
23028,F8_01_1_2_Chlorophyll_A_001_phosphate_plate5.tif,2,864.000,800,928
23029,F8_01_1_2_Chlorophyll_A_001_phosphate_plate5.tif,1,816.000,816,816
23030,F8_01_1_2_Chlorophyll_A_001_phosphate_plate5.tif,2,768.000,768,768
23031,F8_01_1_2_Chlorophyll_A_001_phosphate_plate5.tif,1,912.000,912,912
23032,F8_01_1_2_Chlorophyll_A_001_phosphate_plate5.tif,1,784.000,784,784
23033,F8_01_1_2_Chlorophyll_A_001_phosphate_plate5.tif,1,768.000,768,768
23034,F8_01_1_2_Chlorophyll_A_001_phosphate_plate5.tif,1,784.000,784,784
23035,F8_01_1_2_Chlorophyll_A_001_phosphate_plate5.tif,1,800.000,800,800
23036,F8_01_1_2_Chlorophyll_A_001_phosphate_plate5.tif,1,816.000,816,816
23037,F8_01_1_2_Chlorophyll_A_001_phosphate_plate5.tif,1,848.000,848,848
23038,F8_01_1_2_Chlorophyll_A_001_phosphate_plate5.tif,1,880.000,880,880
23039,F8_01_1_2_Chlorophyll_A_001_phosphate_plate5.tif,1,1056.000,1056,1056
23040,F8_01_1_2_Chlorophyll_A_001_phosphate_plate5.tif,1,816.000,816,816
23041,F8_01_1_2_Chlorophyll_A_001_phosphate_plate5.tif,1,816.000,816,816
23042,F8_01_1_2_Chlorophyll_A_001_phosphate_plate5.tif,1,768.000,768,768
23043,F8_01_1_2_Chlorophyll_A_001_phosphate_plate5.tif,2,816.000,784,848
23044,F8_01_1_2_Chlorophyll_A_001_phosphate_plate5.tif,3,890.667,816,944
23045,F8_01_1_2_Chlorophyll_A_001_phosphate_plate5.tif,2,824.000,768,880
23046,F8_01_1_2_Chlorophyll_A_001_phosphate_plate5.tif,1,768.000,768,768
23047,F8_01_1_2_Chlorophyll_A_001_phosphate_plate5.tif,2,792.000,784,800
23048,F8_01_1_2_Chlorophyll_A_001_phosphate_plate5.tif,2,808.000,800,816
23049,F8_01_1_2_Chlorophyll_A_001_phosphate_plate5.tif,2,832.000,768,896
23050,F8_01_1_2_Chlorophyll_A_001_phosphate_plate5.tif,1,800.000,800,800
23051,F8_01_1_2_Chlorophyll_A_001_phosphate_plate5.tif,1,816.000,816,816
23052,F8_01_1_2_Chlorophyll_A_001_phosphate_plate5.tif,1,944.000,944,944
23053,F8_01_1_2_Chlorophyll_A_001_phosphate_plate5.tif,1,848.000,848,848
23054,F8_01_1_2_Chlorophyll_A_001_phosphate_plate5.tif,1,896.000,896,896
23055,F8_01_1_2_Chlorophyll_A_001_phosphate_plate5.tif,1,768.000,768,768
23056,F8_01_1_2_Chlorophyll_A_001_phosphate_plate5.tif,1,768.000,768,768
23057,F8_01_1_2_Chlorophyll_A_001_phosphate_plate5.tif,2,880.000,880,880
23058,F8_01_1_2_Chlorophyll_A_001_phosphate_plate5.tif,1,832.000,832,832
23059,F8_01_1_2_Chlorophyll_A_001_phosphate_plate5.tif,1,800.000,800,800
23060,F8_01_1_2_Chlorophyll_A_001_phosphate_plate5.tif,1,848.000,848,848
23061,F8_01_1_2_Chlorophyll_A_001_phosphate_plate5.tif,1,800.000,800,800
23062,F8_01_1_2_Chlorophyll_A_001_phosphate_plate5.tif,1,784.000,784,784
23063,F8_01_1_2_Chlorophyll_A_001_phosphate_plate5.tif,1,800.000,800,800
23064,F8_01_1_2_Chlorophyll_A_001_phosphate_plate5.tif,2,816.000,816,816
23065,F8_01_1_2_Chlorophyll_A_001_phosphate_plate5.tif,2,776.000,768,784
23066,F8_01_1_2_Chlorophyll_A_001_phosphate_plate5.tif,1,880.000,880,880
23067,F8_01_1_2_Chlorophyll_A_001_phosphate_plate5.tif,1,800.000,800,800
23068,F8_01_1_2_Chlorophyll_A_001_phosphate_plate5.tif,1,832.000,832,832
23069,F8_01_1_2_Chlorophyll_A_001_phosphate_plate5.tif,1,768.000,768,768
23070,F8_01_1_2_Chlorophyll_A_001_phosphate_plate5.tif,2,792.000,784,800
23071,F8_01_1_2_Chlorophyll_A_001_phosphate_plate5.tif,2,816.000,800,832
23072,F8_01_1_2_Chlorophyll_A_001_phosphate_plate5.tif,2,824.000,816,832
23073,F8_01_1_2_Chlorophyll_A_001_phosphate_plate5.tif,1,816.000,816,816
23074,F8_01_1_2_Chlorophyll_A_001_phosphate_plate5.tif,1,928.000,928,928
23075,F8_01_1_2_Chlorophyll_A_001_phosphate_plate5.tif,3,826.667,800,848
23076,F8_01_1_2_Chlorophyll_A_001_phosphate_plate5.tif,2,856.000,784,928
23077,F8_01_1_2_Chlorophyll_A_001_phosphate_plate5.tif,3,800.000,784,832
23078,F8_01_1_2_Chlorophyll_A_001_phosphate_plate5.tif,25,897.920,768,1040
23079,F8_01_1_2_Chlorophyll_A_001_phosphate_plate5.tif,90,870.756,768,1104
23080,F8_01_1_2_Chlorophyll_A_001_phosphate_plate5.tif,1,816.000,816,816
23081,F8_01_1_2_Chlorophyll_A_001_phosphate_plate5.tif,2,872.000,768,976
23082,F8_01_1_2_Chlorophyll_A_001_phosphate_plate5.tif,3,832.000,768,880
23083,F8_01_1_2_Chlorophyll_A_001_phosphate_plate5.tif,5,851.200,768,912
23084,F8_01_1_2_Chlorophyll_A_001_phosphate_plate5.tif,3,842.667,816,880
23085,F8_01_1_2_Chlorophyll_A_001_phosphate_plate5.tif,5,912.000,768,1040
23086,F8_01_1_2_Chlorophyll_A_001_phosphate_plate5.tif,1,880.000,880,880
23087,F8_01_1_2_Chlorophyll_A_001_phosphate_plate5.tif,1,864.000,864,864
23088,F8_01_1_2_Chlorophyll_A_001_phosphate_plate5.tif,1,832.000,832,832
23089,F8_01_1_2_Chlorophyll_A_001_phosphate_plate5.tif,2,800.000,784,816
23090,F8_01_1_2_Chlorophyll_A_001_phosphate_plate5.tif,1,912.000,912,912
23091,F8_01_1_2_Chlorophyll_A_001_phosphate_plate5.tif,1,816.000,816,816
23092,F8_01_1_2_Chlorophyll_A_001_phosphate_plate5.tif,1,816.000,816,816
23093,F8_01_1_2_Chlorophyll_A_001_phosphate_plate5.tif,1,864.000,864,864
23094,F8_01_1_2_Chlorophyll_A_001_phosphate_plate5.tif,1,768.000,768,768
23095,F8_01_1_2_Chlorophyll_A_001_phosphate_plate5.tif,2,824.000,800,848
23096,F8_01_1_2_Chlorophyll_A_001_phosphate_plate5.tif,1,944.000,944,944
23097,F8_01_1_2_Chlorophyll_A_001_phosphate_plate5.tif,1,784.000,784,784
23098,F8_01_1_2_Chlorophyll_A_001_phosphate_plate5.tif,1,848.000,848,848
23099,F8_01_1_2_Chlorophyll_A_001_phosphate_plate5.tif,1,800.000,800,800
23100,F8_01_1_2_Chlorophyll_A_001_phosphate_plate5.tif,2,792.000,768,816
23101,F8_01_1_2_Chlorophyll_A_001_phosphate_plate5.tif,1,848.000,848,848
23102,F8_01_1_2_Chlorophyll_A_001_phosphate_plate5.tif,1,816.000,816,816
23103,F8_01_1_2_Chlorophyll_A_001_phosphate_plate5.tif,1,784.000,784,784
23104,F8_01_1_2_Chlorophyll_A_001_phosphate_plate5.tif,1,784.000,784,784
23105,F8_01_1_2_Chlorophyll_A_001_phosphate_plate5.tif,1,816.000,816,816
23106,F8_01_1_2_Chlorophyll_A_001_phosphate_plate5.tif,1,944.000,944,944
23107,F8_01_1_2_Chlorophyll_A_001_phosphate_plate5.tif,1,832.000,832,832
23108,F8_01_1_2_Chlorophyll_A_001_phosphate_plate5.tif,1,800.000,800,800
23109,F8_01_1_2_Chlorophyll_A_001_phosphate_plate5.tif,1,768.000,768,768
23110,F8_01_1_2_Chlorophyll_A_001_phosphate_plate5.tif,1,832.000,832,832
23111,F8_01_1_2_Chlorophyll_A_001_phosphate_plate5.tif,1,784.000,784,784
23112,F8_01_1_2_Chlorophyll_A_001_phosphate_plate5.tif,1,816.000,816,816
23113,F8_01_1_2_Chlorophyll_A_001_phosphate_plate5.tif,1,816.000,816,816
23114,F8_01_1_2_Chlorophyll_A_001_phosphate_plate5.tif,1,800.000,800,800
23115,F8_01_1_2_Chlorophyll_A_001_phosphate_plate5.tif,1,768.000,768,768
23116,F8_01_1_2_Chlorophyll_A_001_phosphate_plate5.tif,1,1008.000,1008,1008
23117,F8_01_1_2_Chlorophyll_A_001_phosphate_plate5.tif,2,824.000,816,832
23118,F8_01_1_2_Chlorophyll_A_001_phosphate_plate5.tif,1,800.000,800,800
23119,F8_01_1_2_Chlorophyll_A_001_phosphate_plate5.tif,1,800.000,800,800
23120,F8_01_1_2_Chlorophyll_A_001_phosphate_plate5.tif,2,800.000,800,800
23121,F8_01_1_2_Chlorophyll_A_001_phosphate_plate5.tif,1,928.000,928,928
23122,F8_01_1_2_Chlorophyll_A_001_phosphate_plate5.tif,1,928.000,928,928
23123,F8_01_1_2_Chlorophyll_A_001_phosphate_plate5.tif,2,864.000,848,880
23124,F8_01_1_2_Chlorophyll_A_001_phosphate_plate5.tif,25,860.160,768,1040
23125,F8_01_1_2_Chlorophyll_A_001_phosphate_plate5.tif,3,853.333,800,912
23126,F8_01_1_2_Chlorophyll_A_001_phosphate_plate5.tif,1,944.000,944,944
23127,F8_01_1_2_Chlorophyll_A_001_phosphate_plate5.tif,6,805.333,784,832
23128,F8_01_1_2_Chlorophyll_A_001_phosphate_plate5.tif,4,940.000,816,1024
23129,F8_01_1_2_Chlorophyll_A_001_phosphate_plate5.tif,1,784.000,784,784
23130,F8_01_1_2_Chlorophyll_A_001_phosphate_plate5.tif,3,826.667,768,928
23131,F8_01_1_2_Chlorophyll_A_001_phosphate_plate5.tif,1,880.000,880,880
23132,F8_01_1_2_Chlorophyll_A_001_phosphate_plate5.tif,1,800.000,800,800
23133,F8_01_1_2_Chlorophyll_A_001_phosphate_plate5.tif,1,816.000,816,816
23134,F8_01_1_2_Chlorophyll_A_001_phosphate_plate5.tif,1,800.000,800,800
23135,F8_01_1_2_Chlorophyll_A_001_phosphate_plate5.tif,1,784.000,784,784
23136,F8_01_1_2_Chlorophyll_A_001_phosphate_plate5.tif,5,889.600,800,1008
23137,F8_01_1_2_Chlorophyll_A_001_phosphate_plate5.tif,1,880.000,880,880
23138,F8_01_1_2_Chlorophyll_A_001_phosphate_plate5.tif,3,842.667,832,848
23139,F8_01_1_2_Chlorophyll_A_001_phosphate_plate5.tif,1,864.000,864,864
23140,F8_01_1_2_Chlorophyll_A_001_phosphate_plate5.tif,2,800.000,784,816
23141,F8_01_1_2_Chlorophyll_A_001_phosphate_plate5.tif,1,784.000,784,784
23142,F8_01_1_2_Chlorophyll_A_001_phosphate_plate5.tif,4,816.000,784,848
23143,F8_01_1_2_Chlorophyll_A_001_phosphate_plate5.tif,1,768.000,768,768
23144,F8_01_1_2_Chlorophyll_A_001_phosphate_plate5.tif,7,825.143,768,912
23145,F8_01_1_2_Chlorophyll_A_001_phosphate_plate5.tif,1,784.000,784,784
23146,F8_01_1_2_Chlorophyll_A_001_phosphate_plate5.tif,1,832.000,832,832
23147,F8_01_1_2_Chlorophyll_A_001_phosphate_plate5.tif,1,864.000,864,864
23148,F8_01_1_2_Chlorophyll_A_001_phosphate_plate5.tif,4,796.000,768,848
23149,F8_01_1_2_Chlorophyll_A_001_phosphate_plate5.tif,1,960.000,960,960
23150,F8_01_1_2_Chlorophyll_A_001_phosphate_plate5.tif,1,864.000,864,864
23151,F8_01_1_2_Chlorophyll_A_001_phosphate_plate5.tif,2,816.000,800,832
23152,F8_01_1_2_Chlorophyll_A_001_phosphate_plate5.tif,1,784.000,784,784
23153,F8_01_1_2_Chlorophyll_A_001_phosphate_plate5.tif,2,784.000,784,784
23154,F8_01_1_2_Chlorophyll_A_001_phosphate_plate5.tif,6,864.000,768,1056
23155,F8_01_1_2_Chlorophyll_A_001_phosphate_plate5.tif,2,792.000,784,800
23156,F8_01_1_2_Chlorophyll_A_001_phosphate_plate5.tif,1,800.000,800,800
23157,F8_01_1_2_Chlorophyll_A_001_phosphate_plate5.tif,1,800.000,800,800
23158,F8_01_1_2_Chlorophyll_A_001_phosphate_plate5.tif,2,776.000,768,784
23159,F8_01_1_2_Chlorophyll_A_001_phosphate_plate5.tif,4,784.000,768,800
23160,F8_01_1_2_Chlorophyll_A_001_phosphate_plate5.tif,2,816.000,800,832
23161,F8_01_1_2_Chlorophyll_A_001_phosphate_plate5.tif,1,880.000,880,880
23162,F8_01_1_2_Chlorophyll_A_001_phosphate_plate5.tif,1,800.000,800,800
23163,F8_01_1_2_Chlorophyll_A_001_phosphate_plate5.tif,1,848.000,848,848
23164,F8_01_1_2_Chlorophyll_A_001_phosphate_plate5.tif,1,784.000,784,784
23165,F8_01_1_2_Chlorophyll_A_001_phosphate_plate5.tif,1,848.000,848,848
23166,F8_01_1_2_Chlorophyll_A_001_phosphate_plate5.tif,1,784.000,784,784
23167,F8_01_1_2_Chlorophyll_A_001_phosphate_plate5.tif,2,832.000,816,848
23168,F8_01_1_2_Chlorophyll_A_001_phosphate_plate5.tif,1,800.000,800,800
23169,F8_01_1_2_Chlorophyll_A_001_phosphate_plate5.tif,1,848.000,848,848
23170,F8_01_1_2_Chlorophyll_A_001_phosphate_plate5.tif,1,864.000,864,864
23171,F8_01_1_2_Chlorophyll_A_001_phosphate_plate5.tif,3,869.333,800,1008
23172,F8_01_1_2_Chlorophyll_A_001_phosphate_plate5.tif,4,856.000,784,928
23173,F8_01_1_2_Chlorophyll_A_001_phosphate_plate5.tif,9,832.000,768,880
23174,F8_01_1_2_Chlorophyll_A_001_phosphate_plate5.tif,1,800.000,800,800
23175,F8_01_1_2_Chlorophyll_A_001_phosphate_plate5.tif,1,800.000,800,800
23176,F8_01_1_2_Chlorophyll_A_001_phosphate_plate5.tif,1,816.000,816,816
23177,F8_01_1_2_Chlorophyll_A_001_phosphate_plate5.tif,1,784.000,784,784
23178,F8_01_1_2_Chlorophyll_A_001_phosphate_plate5.tif,1,816.000,816,816
23179,F8_01_1_2_Chlorophyll_A_001_phosphate_plate5.tif,1,816.000,816,816
23180,F8_01_1_2_Chlorophyll_A_001_phosphate_plate5.tif,90,865.600,768,1104
23181,F8_01_1_2_Chlorophyll_A_001_phosphate_plate5.tif,111,868.468,768,1088
23182,F8_01_1_2_Chlorophyll_A_001_phosphate_plate5.tif,74,859.459,768,1104
23183,F8_01_1_2_Chlorophyll_A_001_phosphate_plate5.tif,30,906.133,768,1136
23184,F8_01_1_2_Chlorophyll_A_001_phosphate_plate5.tif,65,867.938,768,1152
23185,F8_01_1_2_Chlorophyll_A_001_phosphate_plate5.tif,32,884.000,768,1040
23186,F8_01_1_2_Chlorophyll_A_001_phosphate_plate5.tif,66,876.606,768,1136
23187,F8_01_1_2_Chlorophyll_A_001_phosphate_plate5.tif,9,842.667,768,912
23188,F8_01_1_2_Chlorophyll_A_001_phosphate_plate5.tif,19,848.842,768,992
23189,F8_01_1_2_Chlorophyll_A_001_phosphate_plate5.tif,1,832.000,832,832
23190,F8_01_1_2_Chlorophyll_A_001_phosphate_plate5.tif,1,880.000,880,880
23191,F8_01_1_2_Chlorophyll_A_001_phosphate_plate5.tif,1,880.000,880,880
23192,F8_01_1_2_Chlorophyll_A_001_phosphate_plate5.tif,1,816.000,816,816
23193,F8_01_1_2_Chlorophyll_A_001_phosphate_plate5.tif,3,784.000,768,816
23194,F8_01_1_2_Chlorophyll_A_001_phosphate_plate5.tif,1,768.000,768,768
23195,F8_01_1_2_Chlorophyll_A_001_phosphate_plate5.tif,6,832.000,768,928
23196,F8_01_1_2_Chlorophyll_A_001_phosphate_plate5.tif,5,870.400,784,960
23197,F8_01_1_2_Chlorophyll_A_001_phosphate_plate5.tif,1,816.000,816,816
23198,F8_01_1_2_Chlorophyll_A_001_phosphate_plate5.tif,2,920.000,800,1040
23199,F8_01_1_2_Chlorophyll_A_001_phosphate_plate5.tif,2,824.000,800,848
23200,F8_01_1_2_Chlorophyll_A_001_phosphate_plate5.tif,6,890.667,784,1024
23201,F8_01_1_2_Chlorophyll_A_001_phosphate_plate5.tif,1,784.000,784,784
23202,F8_01_1_2_Chlorophyll_A_001_phosphate_plate5.tif,6,858.667,784,928
23203,F8_01_1_2_Chlorophyll_A_001_phosphate_plate5.tif,1,896.000,896,896
23204,F8_01_1_2_Chlorophyll_A_001_phosphate_plate5.tif,4,852.000,816,880
23205,F8_01_1_2_Chlorophyll_A_001_phosphate_plate5.tif,6,856.000,784,976
23206,F8_01_1_2_Chlorophyll_A_001_phosphate_plate5.tif,3,794.667,768,816
23207,F8_01_1_2_Chlorophyll_A_001_phosphate_plate5.tif,2,784.000,768,800
23208,F8_01_1_2_Chlorophyll_A_001_phosphate_plate5.tif,1,896.000,896,896
23209,F8_01_1_2_Chlorophyll_A_001_phosphate_plate5.tif,1,768.000,768,768
23210,F8_01_1_2_Chlorophyll_A_001_phosphate_plate5.tif,2,784.000,784,784
23211,F8_01_1_2_Chlorophyll_A_001_phosphate_plate5.tif,2,848.000,832,864
23212,F8_01_1_2_Chlorophyll_A_001_phosphate_plate5.tif,1,800.000,800,800
23213,F8_01_1_2_Chlorophyll_A_001_phosphate_plate5.tif,1,848.000,848,848
23214,F8_01_1_2_Chlorophyll_A_001_phosphate_plate5.tif,1,864.000,864,864
23215,F8_01_1_2_Chlorophyll_A_001_phosphate_plate5.tif,2,784.000,784,784
23216,F8_01_1_2_Chlorophyll_A_001_phosphate_plate5.tif,2,840.000,784,896
23217,F8_01_1_2_Chlorophyll_A_001_phosphate_plate5.tif,1,768.000,768,768
23218,F8_01_1_2_Chlorophyll_A_001_phosphate_plate5.tif,1,832.000,832,832
23219,F8_01_1_2_Chlorophyll_A_001_phosphate_plate5.tif,1,784.000,784,784
23220,F8_01_1_2_Chlorophyll_A_001_phosphate_plate5.tif,1,784.000,784,784
23221,F8_01_1_2_Chlorophyll_A_001_phosphate_plate5.tif,1,896.000,896,896
23222,F8_01_1_2_Chlorophyll_A_001_phosphate_plate5.tif,1,768.000,768,768
23223,F8_01_1_2_Chlorophyll_A_001_phosphate_plate5.tif,1,800.000,800,800
23224,F8_01_1_2_Chlorophyll_A_001_phosphate_plate5.tif,1,800.000,800,800
23225,F8_01_1_2_Chlorophyll_A_001_phosphate_plate5.tif,1,800.000,800,800
23226,F8_01_1_2_Chlorophyll_A_001_phosphate_plate5.tif,1,768.000,768,768
23227,F8_01_1_2_Chlorophyll_A_001_phosphate_plate5.tif,1,768.000,768,768
23228,F8_01_1_2_Chlorophyll_A_001_phosphate_plate5.tif,1,864.000,864,864
23229,F8_01_1_2_Chlorophyll_A_001_phosphate_plate5.tif,1,768.000,768,768
23230,F8_01_1_2_Chlorophyll_A_001_phosphate_plate5.tif,2,864.000,784,944
23231,F8_01_1_2_Chlorophyll_A_001_phosphate_plate5.tif,1,896.000,896,896
23232,F8_01_1_2_Chlorophyll_A_001_phosphate_plate5.tif,1,800.000,800,800
23233,F8_01_1_2_Chlorophyll_A_001_phosphate_plate5.tif,1,800.000,800,800
23234,F8_01_1_2_Chlorophyll_A_001_phosphate_plate5.tif,1,784.000,784,784
23235,F8_01_1_2_Chlorophyll_A_001_phosphate_plate5.tif,1,784.000,784,784
23236,F8_01_1_2_Chlorophyll_A_001_phosphate_plate5.tif,3,832.000,800,880
23237,F8_01_1_2_Chlorophyll_A_001_phosphate_plate5.tif,3,794.667,768,816
23238,F8_01_1_2_Chlorophyll_A_001_phosphate_plate5.tif,1,1024.000,1024,1024
23239,F8_01_1_2_Chlorophyll_A_001_phosphate_plate5.tif,1,768.000,768,768
23240,F8_01_1_2_Chlorophyll_A_001_phosphate_plate5.tif,55,853.818,768,1168
23241,F8_01_1_2_Chlorophyll_A_001_phosphate_plate5.tif,1,1024.000,1024,1024
23242,F8_01_1_2_Chlorophyll_A_001_phosphate_plate5.tif,2,864.000,816,912
23243,F8_01_1_2_Chlorophyll_A_001_phosphate_plate5.tif,1,784.000,784,784
23244,F8_01_1_2_Chlorophyll_A_001_phosphate_plate5.tif,5,838.400,784,928
23245,F8_01_1_2_Chlorophyll_A_001_phosphate_plate5.tif,1,848.000,848,848
23246,F8_01_1_2_Chlorophyll_A_001_phosphate_plate5.tif,1,928.000,928,928
23247,F8_01_1_2_Chlorophyll_A_001_phosphate_plate5.tif,1,928.000,928,928
23248,F8_01_1_2_Chlorophyll_A_001_phosphate_plate5.tif,1,960.000,960,960
23249,F8_01_1_2_Chlorophyll_A_001_phosphate_plate5.tif,1,768.000,768,768
23250,F8_01_1_2_Chlorophyll_A_001_phosphate_plate5.tif,1,976.000,976,976
23251,F8_01_1_2_Chlorophyll_A_001_phosphate_plate5.tif,6,853.333,784,944
23252,F8_01_1_2_Chlorophyll_A_001_phosphate_plate5.tif,4,788.000,768,816
23253,F8_01_1_2_Chlorophyll_A_001_phosphate_plate5.tif,1,928.000,928,928
23254,F8_01_1_2_Chlorophyll_A_001_phosphate_plate5.tif,1,784.000,784,784
23255,F8_01_1_2_Chlorophyll_A_001_phosphate_plate5.tif,1,816.000,816,816
23256,F8_01_1_2_Chlorophyll_A_001_phosphate_plate5.tif,2,776.000,768,784
23257,F8_01_1_2_Chlorophyll_A_001_phosphate_plate5.tif,3,949.333,864,1104
23258,F8_01_1_2_Chlorophyll_A_001_phosphate_plate5.tif,4,884.000,784,976
23259,F8_01_1_2_Chlorophyll_A_001_phosphate_plate5.tif,3,880.000,816,928
23260,F8_01_1_2_Chlorophyll_A_001_phosphate_plate5.tif,1,880.000,880,880
23261,F8_01_1_2_Chlorophyll_A_001_phosphate_plate5.tif,9,848.000,768,928
23262,F8_01_1_2_Chlorophyll_A_001_phosphate_plate5.tif,1,800.000,800,800
23263,F8_01_1_2_Chlorophyll_A_001_phosphate_plate5.tif,3,821.333,784,880
23264,F8_01_1_2_Chlorophyll_A_001_phosphate_plate5.tif,1,992.000,992,992
23265,F8_01_1_2_Chlorophyll_A_001_phosphate_plate5.tif,3,853.333,768,1008
23266,F8_01_1_2_Chlorophyll_A_001_phosphate_plate5.tif,1,784.000,784,784
23267,F8_01_1_2_Chlorophyll_A_001_phosphate_plate5.tif,5,867.200,784,1040
23268,F8_01_1_2_Chlorophyll_A_001_phosphate_plate5.tif,2,808.000,800,816
23269,F8_01_1_2_Chlorophyll_A_001_phosphate_plate5.tif,1,800.000,800,800
23270,F8_01_1_2_Chlorophyll_A_001_phosphate_plate5.tif,1,832.000,832,832
23271,F8_01_1_2_Chlorophyll_A_001_phosphate_plate5.tif,5,832.000,768,896
23272,F8_01_1_2_Chlorophyll_A_001_phosphate_plate5.tif,1,880.000,880,880
23273,F8_01_1_2_Chlorophyll_A_001_phosphate_plate5.tif,1,768.000,768,768
23274,F8_01_1_2_Chlorophyll_A_001_phosphate_plate5.tif,1,768.000,768,768
23275,F8_01_1_2_Chlorophyll_A_001_phosphate_plate5.tif,1,848.000,848,848
23276,F8_01_1_2_Chlorophyll_A_001_phosphate_plate5.tif,1,800.000,800,800
23277,F8_01_1_2_Chlorophyll_A_001_phosphate_plate5.tif,1,832.000,832,832
23278,F8_01_1_2_Chlorophyll_A_001_phosphate_plate5.tif,2,784.000,768,800
23279,F8_01_1_2_Chlorophyll_A_001_phosphate_plate5.tif,1,848.000,848,848
23280,F8_01_1_2_Chlorophyll_A_001_phosphate_plate5.tif,1,880.000,880,880
23281,F8_01_1_2_Chlorophyll_A_001_phosphate_plate5.tif,117,3003.350,768,13344
23282,F8_01_1_2_Chlorophyll_A_001_phosphate_plate5.tif,1,976.000,976,976
23283,F8_01_1_2_Chlorophyll_A_001_phosphate_plate5.tif,2,768.000,768,768
23284,F8_01_1_2_Chlorophyll_A_001_phosphate_plate5.tif,1,848.000,848,848
23285,F8_01_1_2_Chlorophyll_A_001_phosphate_plate5.tif,1,768.000,768,768
23286,F8_01_1_2_Chlorophyll_A_001_phosphate_plate5.tif,1,912.000,912,912
23287,F8_01_1_2_Chlorophyll_A_001_phosphate_plate5.tif,1,768.000,768,768
23288,F8_01_1_2_Chlorophyll_A_001_phosphate_plate5.tif,1,768.000,768,768
23289,F8_01_1_2_Chlorophyll_A_001_phosphate_plate5.tif,1,1024.000,1024,1024
23290,F8_01_1_2_Chlorophyll_A_001_phosphate_plate5.tif,1,960.000,960,960
23291,F8_01_1_2_Chlorophyll_A_001_phosphate_plate5.tif,1,880.000,880,880
23292,F8_01_1_2_Chlorophyll_A_001_phosphate_plate5.tif,1,768.000,768,768
23293,F8_01_1_2_Chlorophyll_A_001_phosphate_plate5.tif,1,864.000,864,864
23294,F8_01_1_2_Chlorophyll_A_001_phosphate_plate5.tif,1,800.000,800,800
23295,F8_01_1_2_Chlorophyll_A_001_phosphate_plate5.tif,1,784.000,784,784
23296,F8_01_1_2_Chlorophyll_A_001_phosphate_plate5.tif,3,794.667,784,816
23297,F8_01_1_2_Chlorophyll_A_001_phosphate_plate5.tif,1,768.000,768,768
23298,F8_01_1_2_Chlorophyll_A_001_phosphate_plate5.tif,4,840.000,784,928
23299,F8_01_1_2_Chlorophyll_A_001_phosphate_plate5.tif,1,768.000,768,768
23300,F8_01_1_2_Chlorophyll_A_001_phosphate_plate5.tif,3,885.333,832,944
23301,F8_01_1_2_Chlorophyll_A_001_phosphate_plate5.tif,3,853.333,800,896
23302,F8_01_1_2_Chlorophyll_A_001_phosphate_plate5.tif,16,825.000,768,928
23303,F8_01_1_2_Chlorophyll_A_001_phosphate_plate5.tif,84,857.524,768,1120
23304,F8_01_1_2_Chlorophyll_A_001_phosphate_plate5.tif,53,858.868,768,1120
23305,F8_01_1_2_Chlorophyll_A_001_phosphate_plate5.tif,56,886.000,768,1104
23306,F8_01_1_2_Chlorophyll_A_001_phosphate_plate5.tif,68,856.706,768,1104
23307,F8_01_1_2_Chlorophyll_A_001_phosphate_plate5.tif,1,992.000,992,992
23308,F8_01_1_2_Chlorophyll_A_001_phosphate_plate5.tif,2,888.000,864,912
23309,F8_01_1_2_Chlorophyll_A_001_phosphate_plate5.tif,1,768.000,768,768
23310,F8_01_1_2_Chlorophyll_A_001_phosphate_plate5.tif,1,816.000,816,816
23311,F8_01_1_2_Chlorophyll_A_001_phosphate_plate5.tif,4,820.000,784,848
23312,F8_01_1_2_Chlorophyll_A_001_phosphate_plate5.tif,1,944.000,944,944
23313,F8_01_1_2_Chlorophyll_A_001_phosphate_plate5.tif,1,784.000,784,784
23314,F8_01_1_2_Chlorophyll_A_001_phosphate_plate5.tif,1,944.000,944,944
23315,F8_01_1_2_Chlorophyll_A_001_phosphate_plate5.tif,1,848.000,848,848
23316,F8_01_1_2_Chlorophyll_A_001_phosphate_plate5.tif,3,805.333,784,816
23317,F8_01_1_2_Chlorophyll_A_001_phosphate_plate5.tif,1,896.000,896,896
23318,F8_01_1_2_Chlorophyll_A_001_phosphate_plate5.tif,1,848.000,848,848
23319,F8_01_1_2_Chlorophyll_A_001_phosphate_plate5.tif,7,816.000,768,976
23320,F8_01_1_2_Chlorophyll_A_001_phosphate_plate5.tif,1,880.000,880,880
23321,F8_01_1_2_Chlorophyll_A_001_phosphate_plate5.tif,1,992.000,992,992
23322,F8_01_1_2_Chlorophyll_A_001_phosphate_plate5.tif,2,848.000,800,896
23323,F8_01_1_2_Chlorophyll_A_001_phosphate_plate5.tif,1,800.000,800,800
23324,F8_01_1_2_Chlorophyll_A_001_phosphate_plate5.tif,1,848.000,848,848
23325,F8_01_1_2_Chlorophyll_A_001_phosphate_plate5.tif,5,854.400,768,992
23326,F8_01_1_2_Chlorophyll_A_001_phosphate_plate5.tif,3,874.667,816,944
23327,F8_01_1_2_Chlorophyll_A_001_phosphate_plate5.tif,2,776.000,768,784
23328,F8_01_1_2_Chlorophyll_A_001_phosphate_plate5.tif,1,800.000,800,800
23329,F8_01_1_2_Chlorophyll_A_001_phosphate_plate5.tif,2,784.000,768,800
23330,F8_01_1_2_Chlorophyll_A_001_phosphate_plate5.tif,1,864.000,864,864
23331,F8_01_1_2_Chlorophyll_A_001_phosphate_plate5.tif,5,803.200,784,832
23332,F8_01_1_2_Chlorophyll_A_001_phosphate_plate5.tif,2,768.000,768,768
23333,F8_01_1_2_Chlorophyll_A_001_phosphate_plate5.tif,1,816.000,816,816
23334,F8_01_1_2_Chlorophyll_A_001_phosphate_plate5.tif,1,768.000,768,768
23335,F8_01_1_2_Chlorophyll_A_001_phosphate_plate5.tif,2,840.000,800,880
23336,F8_01_1_2_Chlorophyll_A_001_phosphate_plate5.tif,1,800.000,800,800
23337,F8_01_1_2_Chlorophyll_A_001_phosphate_plate5.tif,2,848.000,848,848
23338,F8_01_1_2_Chlorophyll_A_001_phosphate_plate5.tif,2,808.000,768,848
23339,F8_01_1_2_Chlorophyll_A_001_phosphate_plate5.tif,3,821.333,768,880
23340,F8_01_1_2_Chlorophyll_A_001_phosphate_plate5.tif,1,800.000,800,800
23341,F8_01_1_2_Chlorophyll_A_001_phosphate_plate5.tif,2,848.000,848,848
23342,F8_01_1_2_Chlorophyll_A_001_phosphate_plate5.tif,1,768.000,768,768
23343,F8_01_1_2_Chlorophyll_A_001_phosphate_plate5.tif,1,784.000,784,784
23344,F8_01_1_2_Chlorophyll_A_001_phosphate_plate5.tif,2,832.000,784,880
23345,F8_01_1_2_Chlorophyll_A_001_phosphate_plate5.tif,3,778.667,768,784
23346,F8_01_1_2_Chlorophyll_A_001_phosphate_plate5.tif,1,800.000,800,800
23347,F8_01_1_2_Chlorophyll_A_001_phosphate_plate5.tif,1,816.000,816,816
23348,F8_01_1_2_Chlorophyll_A_001_phosphate_plate5.tif,1,864.000,864,864
23349,F8_01_1_2_Chlorophyll_A_001_phosphate_plate5.tif,115,2907.270,768,10960
23350,F8_01_1_2_Chlorophyll_A_001_phosphate_plate5.tif,1,768.000,768,768
23351,F8_01_1_2_Chlorophyll_A_001_phosphate_plate5.tif,1,848.000,848,848
23352,F8_01_1_2_Chlorophyll_A_001_phosphate_plate5.tif,1,784.000,784,784
23353,F8_01_1_2_Chlorophyll_A_001_phosphate_plate5.tif,1,832.000,832,832
23354,F8_01_1_2_Chlorophyll_A_001_phosphate_plate5.tif,2,920.000,784,1056
23355,F8_01_1_2_Chlorophyll_A_001_phosphate_plate5.tif,2,856.000,848,864
23356,F8_01_1_2_Chlorophyll_A_001_phosphate_plate5.tif,3,832.000,768,896
23357,F8_01_1_2_Chlorophyll_A_001_phosphate_plate5.tif,1,784.000,784,784
23358,F8_01_1_2_Chlorophyll_A_001_phosphate_plate5.tif,1,784.000,784,784
23359,F8_01_1_2_Chlorophyll_A_001_phosphate_plate5.tif,2,808.000,768,848
23360,F8_01_1_2_Chlorophyll_A_001_phosphate_plate5.tif,4,844.000,768,960
23361,F8_01_1_2_Chlorophyll_A_001_phosphate_plate5.tif,3,858.667,800,896
23362,F8_01_1_2_Chlorophyll_A_001_phosphate_plate5.tif,1,784.000,784,784
23363,F8_01_1_2_Chlorophyll_A_001_phosphate_plate5.tif,66,884.848,768,1184
23364,F8_01_1_2_Chlorophyll_A_001_phosphate_plate5.tif,44,901.455,768,1120
23365,F8_01_1_2_Chlorophyll_A_001_phosphate_plate5.tif,87,864.000,768,1120
23366,F8_01_1_2_Chlorophyll_A_001_phosphate_plate5.tif,1,768.000,768,768
23367,F8_01_1_2_Chlorophyll_A_001_phosphate_plate5.tif,6,877.333,816,1088
23368,F8_01_1_2_Chlorophyll_A_001_phosphate_plate5.tif,22,864.727,768,1168
23369,F8_01_1_2_Chlorophyll_A_001_phosphate_plate5.tif,10,876.800,768,960
23370,F8_01_1_2_Chlorophyll_A_001_phosphate_plate5.tif,9,865.778,800,976
23371,F8_01_1_2_Chlorophyll_A_001_phosphate_plate5.tif,12,824.000,768,896
23372,F8_01_1_2_Chlorophyll_A_001_phosphate_plate5.tif,2,832.000,768,896
23373,F8_01_1_2_Chlorophyll_A_001_phosphate_plate5.tif,10,856.000,784,992
23374,F8_01_1_2_Chlorophyll_A_001_phosphate_plate5.tif,1,896.000,896,896
23375,F8_01_1_2_Chlorophyll_A_001_phosphate_plate5.tif,2,832.000,768,896
23376,F8_01_1_2_Chlorophyll_A_001_phosphate_plate5.tif,5,832.000,768,928
23377,F8_01_1_2_Chlorophyll_A_001_phosphate_plate5.tif,1,832.000,832,832
23378,F8_01_1_2_Chlorophyll_A_001_phosphate_plate5.tif,2,784.000,784,784
23379,F8_01_1_2_Chlorophyll_A_001_phosphate_plate5.tif,7,845.714,784,944
23380,F8_01_1_2_Chlorophyll_A_001_phosphate_plate5.tif,2,840.000,768,912
23381,F8_01_1_2_Chlorophyll_A_001_phosphate_plate5.tif,1,816.000,816,816
23382,F8_01_1_2_Chlorophyll_A_001_phosphate_plate5.tif,1,832.000,832,832
23383,F8_01_1_2_Chlorophyll_A_001_phosphate_plate5.tif,1,832.000,832,832
23384,F8_01_1_2_Chlorophyll_A_001_phosphate_plate5.tif,1,800.000,800,800
23385,F8_01_1_2_Chlorophyll_A_001_phosphate_plate5.tif,5,819.200,768,880
23386,F8_01_1_2_Chlorophyll_A_001_phosphate_plate5.tif,2,848.000,816,880
23387,F8_01_1_2_Chlorophyll_A_001_phosphate_plate5.tif,1,768.000,768,768
23388,F8_01_1_2_Chlorophyll_A_001_phosphate_plate5.tif,1,832.000,832,832
23389,F8_01_1_2_Chlorophyll_A_001_phosphate_plate5.tif,1,816.000,816,816
23390,F8_01_1_2_Chlorophyll_A_001_phosphate_plate5.tif,2,880.000,816,944
23391,F8_01_1_2_Chlorophyll_A_001_phosphate_plate5.tif,2,784.000,784,784
23392,F8_01_1_2_Chlorophyll_A_001_phosphate_plate5.tif,1,800.000,800,800
23393,F8_01_1_2_Chlorophyll_A_001_phosphate_plate5.tif,7,832.000,768,944
23394,F8_01_1_2_Chlorophyll_A_001_phosphate_plate5.tif,1,784.000,784,784
23395,F8_01_1_2_Chlorophyll_A_001_phosphate_plate5.tif,2,816.000,768,864
23396,F8_01_1_2_Chlorophyll_A_001_phosphate_plate5.tif,2,808.000,800,816
23397,F8_01_1_2_Chlorophyll_A_001_phosphate_plate5.tif,1,864.000,864,864
23398,F8_01_1_2_Chlorophyll_A_001_phosphate_plate5.tif,1,768.000,768,768
23399,F8_01_1_2_Chlorophyll_A_001_phosphate_plate5.tif,2,784.000,768,800
23400,F8_01_1_2_Chlorophyll_A_001_phosphate_plate5.tif,1,768.000,768,768
23401,F8_01_1_2_Chlorophyll_A_001_phosphate_plate5.tif,1,816.000,816,816
23402,F8_01_1_2_Chlorophyll_A_001_phosphate_plate5.tif,3,805.333,784,832
23403,F8_01_1_2_Chlorophyll_A_001_phosphate_plate5.tif,1,816.000,816,816
23404,F8_01_1_2_Chlorophyll_A_001_phosphate_plate5.tif,1,1088.000,1088,1088
23405,F8_01_1_2_Chlorophyll_A_001_phosphate_plate5.tif,1,784.000,784,784
23406,F8_01_1_2_Chlorophyll_A_001_phosphate_plate5.tif,6,872.000,768,1056
23407,F8_01_1_2_Chlorophyll_A_001_phosphate_plate5.tif,1,960.000,960,960
23408,F8_01_1_2_Chlorophyll_A_001_phosphate_plate5.tif,1,784.000,784,784
23409,F8_01_1_2_Chlorophyll_A_001_phosphate_plate5.tif,2,848.000,832,864
23410,F8_01_1_2_Chlorophyll_A_001_phosphate_plate5.tif,2,792.000,768,816
23411,F8_01_1_2_Chlorophyll_A_001_phosphate_plate5.tif,3,778.667,768,800
23412,F8_01_1_2_Chlorophyll_A_001_phosphate_plate5.tif,1,800.000,800,800
23413,F8_01_1_2_Chlorophyll_A_001_phosphate_plate5.tif,1,864.000,864,864
23414,F8_01_1_2_Chlorophyll_A_001_phosphate_plate5.tif,2,808.000,800,816
23415,F8_01_1_2_Chlorophyll_A_001_phosphate_plate5.tif,1,816.000,816,816
23416,F8_01_1_2_Chlorophyll_A_001_phosphate_plate5.tif,1,992.000,992,992
23417,F8_01_1_2_Chlorophyll_A_001_phosphate_plate5.tif,12,854.667,768,1040
23418,F8_01_1_2_Chlorophyll_A_001_phosphate_plate5.tif,6,864.000,816,928
23419,F8_01_1_2_Chlorophyll_A_001_phosphate_plate5.tif,2,864.000,768,960
23420,F8_01_1_2_Chlorophyll_A_001_phosphate_plate5.tif,5,828.800,784,880
23421,F8_01_1_2_Chlorophyll_A_001_phosphate_plate5.tif,1,832.000,832,832
23422,F8_01_1_2_Chlorophyll_A_001_phosphate_plate5.tif,1,848.000,848,848
23423,F8_01_1_2_Chlorophyll_A_001_phosphate_plate5.tif,2,824.000,800,848
23424,F8_01_1_2_Chlorophyll_A_001_phosphate_plate5.tif,5,841.600,816,864
23425,F8_01_1_2_Chlorophyll_A_001_phosphate_plate5.tif,10,864.000,768,1120
23426,F8_01_1_2_Chlorophyll_A_001_phosphate_plate5.tif,1,832.000,832,832
23427,F8_01_1_2_Chlorophyll_A_001_phosphate_plate5.tif,8,810.000,768,880
23428,F8_01_1_2_Chlorophyll_A_001_phosphate_plate5.tif,4,868.000,768,1024
23429,F8_01_1_2_Chlorophyll_A_001_phosphate_plate5.tif,1,960.000,960,960
23430,F8_01_1_2_Chlorophyll_A_001_phosphate_plate5.tif,1,880.000,880,880
23431,F8_01_1_2_Chlorophyll_A_001_phosphate_plate5.tif,4,820.000,800,848
23432,F8_01_1_2_Chlorophyll_A_001_phosphate_plate5.tif,5,854.400,768,912
23433,F8_01_1_2_Chlorophyll_A_001_phosphate_plate5.tif,3,906.667,832,960
23434,F8_01_1_2_Chlorophyll_A_001_phosphate_plate5.tif,4,836.000,768,944
23435,F8_01_1_2_Chlorophyll_A_001_phosphate_plate5.tif,6,901.333,784,1056
23436,F8_01_1_2_Chlorophyll_A_001_phosphate_plate5.tif,2,816.000,816,816
23437,F8_01_1_2_Chlorophyll_A_001_phosphate_plate5.tif,3,805.333,768,848
23438,F8_01_1_2_Chlorophyll_A_001_phosphate_plate5.tif,1,832.000,832,832
23439,F8_01_1_2_Chlorophyll_A_001_phosphate_plate5.tif,3,832.000,800,880
23440,F8_01_1_2_Chlorophyll_A_001_phosphate_plate5.tif,1,784.000,784,784
23441,F8_01_1_2_Chlorophyll_A_001_phosphate_plate5.tif,2,880.000,800,960
23442,F8_01_1_2_Chlorophyll_A_001_phosphate_plate5.tif,1,784.000,784,784
23443,F8_01_1_2_Chlorophyll_A_001_phosphate_plate5.tif,2,800.000,784,816
23444,F8_01_1_2_Chlorophyll_A_001_phosphate_plate5.tif,2,888.000,864,912
23445,F8_01_1_2_Chlorophyll_A_001_phosphate_plate5.tif,1,896.000,896,896
23446,F8_01_1_2_Chlorophyll_A_001_phosphate_plate5.tif,27,834.370,768,960
23447,F8_01_1_2_Chlorophyll_A_001_phosphate_plate5.tif,6,805.333,768,880
23448,F8_01_1_2_Chlorophyll_A_001_phosphate_plate5.tif,1,800.000,800,800
23449,F8_01_1_2_Chlorophyll_A_001_phosphate_plate5.tif,1,864.000,864,864
23450,F8_01_1_2_Chlorophyll_A_001_phosphate_plate5.tif,1,864.000,864,864
23451,F8_01_1_2_Chlorophyll_A_001_phosphate_plate5.tif,1,864.000,864,864
23452,F8_01_1_2_Chlorophyll_A_001_phosphate_plate5.tif,1,864.000,864,864
23453,F8_01_1_2_Chlorophyll_A_001_phosphate_plate5.tif,1,784.000,784,784
23454,F8_01_1_2_Chlorophyll_A_001_phosphate_plate5.tif,3,800.000,768,848
23455,F8_01_1_2_Chlorophyll_A_001_phosphate_plate5.tif,1,784.000,784,784
23456,F8_01_1_2_Chlorophyll_A_001_phosphate_plate5.tif,2,840.000,768,912
23457,F8_01_1_2_Chlorophyll_A_001_phosphate_plate5.tif,1,912.000,912,912
23458,F8_01_1_2_Chlorophyll_A_001_phosphate_plate5.tif,1,784.000,784,784
23459,F8_01_1_2_Chlorophyll_A_001_phosphate_plate5.tif,2,840.000,816,864
23460,F8_01_1_2_Chlorophyll_A_001_phosphate_plate5.tif,2,880.000,832,928
23461,F8_01_1_2_Chlorophyll_A_001_phosphate_plate5.tif,213,2822.535,768,21680
23462,F8_01_1_2_Chlorophyll_A_001_phosphate_plate5.tif,1,768.000,768,768
23463,F8_01_1_2_Chlorophyll_A_001_phosphate_plate5.tif,2,864.000,784,944
23464,F8_01_1_2_Chlorophyll_A_001_phosphate_plate5.tif,1,944.000,944,944
23465,F8_01_1_2_Chlorophyll_A_001_phosphate_plate5.tif,1,800.000,800,800
23466,F8_01_1_2_Chlorophyll_A_001_phosphate_plate5.tif,1,800.000,800,800
23467,F8_01_1_2_Chlorophyll_A_001_phosphate_plate5.tif,1,784.000,784,784
23468,F8_01_1_2_Chlorophyll_A_001_phosphate_plate5.tif,1,768.000,768,768
23469,F8_01_1_2_Chlorophyll_A_001_phosphate_plate5.tif,2,848.000,800,896
23470,F8_01_1_2_Chlorophyll_A_001_phosphate_plate5.tif,1,848.000,848,848
23471,F8_01_1_2_Chlorophyll_A_001_phosphate_plate5.tif,2,856.000,768,944
23472,F8_01_1_2_Chlorophyll_A_001_phosphate_plate5.tif,1,864.000,864,864
23473,F8_01_1_2_Chlorophyll_A_001_phosphate_plate5.tif,1,768.000,768,768
23474,F8_01_1_2_Chlorophyll_A_001_phosphate_plate5.tif,1,768.000,768,768
23475,F8_01_1_2_Chlorophyll_A_001_phosphate_plate5.tif,2,832.000,800,864
23476,F8_01_1_2_Chlorophyll_A_001_phosphate_plate5.tif,1,784.000,784,784
23477,F8_01_1_2_Chlorophyll_A_001_phosphate_plate5.tif,2,816.000,816,816
23478,F8_01_1_2_Chlorophyll_A_001_phosphate_plate5.tif,1,768.000,768,768
23479,F8_01_1_2_Chlorophyll_A_001_phosphate_plate5.tif,1,768.000,768,768
23480,F8_01_1_2_Chlorophyll_A_001_phosphate_plate5.tif,8,816.000,768,896
23481,F8_01_1_2_Chlorophyll_A_001_phosphate_plate5.tif,2,864.000,816,912
23482,F8_01_1_2_Chlorophyll_A_001_phosphate_plate5.tif,2,800.000,800,800
23483,F8_01_1_2_Chlorophyll_A_001_phosphate_plate5.tif,45,899.556,768,1088
23484,F8_01_1_2_Chlorophyll_A_001_phosphate_plate5.tif,42,888.000,784,1184
23485,F8_01_1_2_Chlorophyll_A_001_phosphate_plate5.tif,5,883.200,784,1008
23486,F8_01_1_2_Chlorophyll_A_001_phosphate_plate5.tif,1,784.000,784,784
23487,F8_01_1_2_Chlorophyll_A_001_phosphate_plate5.tif,1,880.000,880,880
23488,F8_01_1_2_Chlorophyll_A_001_phosphate_plate5.tif,3,848.000,768,896
23489,F8_01_1_2_Chlorophyll_A_001_phosphate_plate5.tif,2,824.000,800,848
23490,F8_01_1_2_Chlorophyll_A_001_phosphate_plate5.tif,2,792.000,784,800
23491,F8_01_1_2_Chlorophyll_A_001_phosphate_plate5.tif,1,784.000,784,784
23492,F8_01_1_2_Chlorophyll_A_001_phosphate_plate5.tif,1,768.000,768,768
23493,F8_01_1_2_Chlorophyll_A_001_phosphate_plate5.tif,3,864.000,800,976
23494,F8_01_1_2_Chlorophyll_A_001_phosphate_plate5.tif,1,816.000,816,816
23495,F8_01_1_2_Chlorophyll_A_001_phosphate_plate5.tif,3,837.333,784,880
23496,F8_01_1_2_Chlorophyll_A_001_phosphate_plate5.tif,2,904.000,880,928
23497,F8_01_1_2_Chlorophyll_A_001_phosphate_plate5.tif,3,842.667,784,944
23498,F8_01_1_2_Chlorophyll_A_001_phosphate_plate5.tif,4,812.000,800,816
23499,F8_01_1_2_Chlorophyll_A_001_phosphate_plate5.tif,1,800.000,800,800
23500,F8_01_1_2_Chlorophyll_A_001_phosphate_plate5.tif,2,800.000,800,800
23501,F8_01_1_2_Chlorophyll_A_001_phosphate_plate5.tif,1,800.000,800,800
23502,F8_01_1_2_Chlorophyll_A_001_phosphate_plate5.tif,1,784.000,784,784
23503,F8_01_1_2_Chlorophyll_A_001_phosphate_plate5.tif,2,784.000,768,800
23504,F8_01_1_2_Chlorophyll_A_001_phosphate_plate5.tif,1,864.000,864,864
23505,F8_01_1_2_Chlorophyll_A_001_phosphate_plate5.tif,1,768.000,768,768
23506,F8_01_1_2_Chlorophyll_A_001_phosphate_plate5.tif,1,800.000,800,800
23507,F8_01_1_2_Chlorophyll_A_001_phosphate_plate5.tif,1,800.000,800,800
23508,F8_01_1_2_Chlorophyll_A_001_phosphate_plate5.tif,1,784.000,784,784
23509,F8_01_1_2_Chlorophyll_A_001_phosphate_plate5.tif,1,976.000,976,976
23510,F8_01_1_2_Chlorophyll_A_001_phosphate_plate5.tif,1,928.000,928,928
23511,F8_01_1_2_Chlorophyll_A_001_phosphate_plate5.tif,1,784.000,784,784
23512,F8_01_1_2_Chlorophyll_A_001_phosphate_plate5.tif,1,800.000,800,800
23513,F8_01_1_2_Chlorophyll_A_001_phosphate_plate5.tif,1,912.000,912,912
23514,F8_01_1_2_Chlorophyll_A_001_phosphate_plate5.tif,3,917.333,800,992
23515,F8_01_1_2_Chlorophyll_A_001_phosphate_plate5.tif,1,784.000,784,784
23516,F8_01_1_2_Chlorophyll_A_001_phosphate_plate5.tif,1,960.000,960,960
23517,F8_01_1_2_Chlorophyll_A_001_phosphate_plate5.tif,1,832.000,832,832
23518,F8_01_1_2_Chlorophyll_A_001_phosphate_plate5.tif,1,784.000,784,784
23519,F8_01_1_2_Chlorophyll_A_001_phosphate_plate5.tif,34,858.824,768,1024
23520,F8_01_1_2_Chlorophyll_A_001_phosphate_plate5.tif,59,887.593,768,1248
23521,F8_01_1_2_Chlorophyll_A_001_phosphate_plate5.tif,21,896.000,784,1088
23522,F8_01_1_2_Chlorophyll_A_001_phosphate_plate5.tif,2,872.000,800,944
23523,F8_01_1_2_Chlorophyll_A_001_phosphate_plate5.tif,2,856.000,784,928
23524,F8_01_1_2_Chlorophyll_A_001_phosphate_plate5.tif,2,872.000,864,880
23525,F8_01_1_2_Chlorophyll_A_001_phosphate_plate5.tif,1,784.000,784,784
23526,F8_01_1_2_Chlorophyll_A_001_phosphate_plate5.tif,2,920.000,800,1040
23527,F8_01_1_2_Chlorophyll_A_001_phosphate_plate5.tif,1,768.000,768,768
23528,F8_01_1_2_Chlorophyll_A_001_phosphate_plate5.tif,9,828.444,768,1024
23529,F8_01_1_2_Chlorophyll_A_001_phosphate_plate5.tif,1,784.000,784,784
23530,F8_01_1_2_Chlorophyll_A_001_phosphate_plate5.tif,1,832.000,832,832
23531,F8_01_1_2_Chlorophyll_A_001_phosphate_plate5.tif,1,864.000,864,864
23532,F8_01_1_2_Chlorophyll_A_001_phosphate_plate5.tif,1,960.000,960,960
23533,F8_01_1_2_Chlorophyll_A_001_phosphate_plate5.tif,1,896.000,896,896
23534,F8_01_1_2_Chlorophyll_A_001_phosphate_plate5.tif,3,874.667,768,1008
23535,F8_01_1_2_Chlorophyll_A_001_phosphate_plate5.tif,1,816.000,816,816
23536,F8_01_1_2_Chlorophyll_A_001_phosphate_plate5.tif,1,800.000,800,800
23537,F8_01_1_2_Chlorophyll_A_001_phosphate_plate5.tif,2,808.000,800,816
23538,F8_01_1_2_Chlorophyll_A_001_phosphate_plate5.tif,2,912.000,864,960
23539,F8_01_1_2_Chlorophyll_A_001_phosphate_plate5.tif,1,784.000,784,784
23540,F8_01_1_2_Chlorophyll_A_001_phosphate_plate5.tif,2,856.000,816,896
23541,F8_01_1_2_Chlorophyll_A_001_phosphate_plate5.tif,1,768.000,768,768
23542,F8_01_1_2_Chlorophyll_A_001_phosphate_plate5.tif,5,790.400,768,832
23543,F8_01_1_2_Chlorophyll_A_001_phosphate_plate5.tif,3,821.333,768,880
23544,F8_01_1_2_Chlorophyll_A_001_phosphate_plate5.tif,7,816.000,784,864
23545,F8_01_1_2_Chlorophyll_A_001_phosphate_plate5.tif,5,889.600,784,1040
23546,F8_01_1_2_Chlorophyll_A_001_phosphate_plate5.tif,1,848.000,848,848
23547,F8_01_1_2_Chlorophyll_A_001_phosphate_plate5.tif,1,800.000,800,800
23548,F8_01_1_2_Chlorophyll_A_001_phosphate_plate5.tif,5,838.400,800,896
23549,F8_01_1_2_Chlorophyll_A_001_phosphate_plate5.tif,1,784.000,784,784
23550,F8_01_1_2_Chlorophyll_A_001_phosphate_plate5.tif,2,888.000,864,912
23551,F8_01_1_2_Chlorophyll_A_001_phosphate_plate5.tif,1,800.000,800,800
23552,F8_01_1_2_Chlorophyll_A_001_phosphate_plate5.tif,4,828.000,768,896
23553,F8_01_1_2_Chlorophyll_A_001_phosphate_plate5.tif,3,794.667,768,816
23554,F8_01_1_2_Chlorophyll_A_001_phosphate_plate5.tif,1,768.000,768,768
23555,F8_01_1_2_Chlorophyll_A_001_phosphate_plate5.tif,1,976.000,976,976
23556,F8_01_1_2_Chlorophyll_A_001_phosphate_plate5.tif,2,832.000,768,896
23557,F8_01_1_2_Chlorophyll_A_001_phosphate_plate5.tif,1,864.000,864,864
23558,F8_01_1_2_Chlorophyll_A_001_phosphate_plate5.tif,1,784.000,784,784
23559,F8_01_1_2_Chlorophyll_A_001_phosphate_plate5.tif,1,784.000,784,784
23560,F8_01_1_2_Chlorophyll_A_001_phosphate_plate5.tif,1,832.000,832,832
23561,F8_01_1_2_Chlorophyll_A_001_phosphate_plate5.tif,1,880.000,880,880
23562,F8_01_1_2_Chlorophyll_A_001_phosphate_plate5.tif,1,784.000,784,784
23563,F8_01_1_2_Chlorophyll_A_001_phosphate_plate5.tif,2,832.000,816,848
23564,F8_01_1_2_Chlorophyll_A_001_phosphate_plate5.tif,1,832.000,832,832
23565,F8_01_1_2_Chlorophyll_A_001_phosphate_plate5.tif,1,784.000,784,784
23566,F8_01_1_2_Chlorophyll_A_001_phosphate_plate5.tif,3,784.000,768,816
23567,F8_01_1_2_Chlorophyll_A_001_phosphate_plate5.tif,1,944.000,944,944
23568,F8_01_1_2_Chlorophyll_A_001_phosphate_plate5.tif,1,784.000,784,784
23569,F8_01_1_2_Chlorophyll_A_001_phosphate_plate5.tif,1,848.000,848,848
23570,F8_01_1_2_Chlorophyll_A_001_phosphate_plate5.tif,1,784.000,784,784
23571,F8_01_1_2_Chlorophyll_A_001_phosphate_plate5.tif,2,800.000,800,800
23572,F8_01_1_2_Chlorophyll_A_001_phosphate_plate5.tif,1,784.000,784,784
23573,F8_01_1_2_Chlorophyll_A_001_phosphate_plate5.tif,1,784.000,784,784
23574,F8_01_1_2_Chlorophyll_A_001_phosphate_plate5.tif,1,784.000,784,784
23575,F8_01_1_2_Chlorophyll_A_001_phosphate_plate5.tif,4,812.000,768,896
23576,F8_01_1_2_Chlorophyll_A_001_phosphate_plate5.tif,1,816.000,816,816
23577,F8_01_1_2_Chlorophyll_A_001_phosphate_plate5.tif,2,824.000,784,864
23578,F8_01_1_2_Chlorophyll_A_001_phosphate_plate5.tif,1,768.000,768,768
23579,F8_01_1_2_Chlorophyll_A_001_phosphate_plate5.tif,1,768.000,768,768
23580,F8_01_1_2_Chlorophyll_A_001_phosphate_plate5.tif,1,768.000,768,768
23581,F8_01_1_2_Chlorophyll_A_001_phosphate_plate5.tif,1,800.000,800,800
23582,F8_01_1_2_Chlorophyll_A_001_phosphate_plate5.tif,12,842.667,768,976
23583,F8_01_1_2_Chlorophyll_A_001_phosphate_plate5.tif,4,876.000,816,928
23584,F8_01_1_2_Chlorophyll_A_001_phosphate_plate5.tif,1,800.000,800,800
23585,F8_01_1_2_Chlorophyll_A_001_phosphate_plate5.tif,5,828.800,768,896
23586,F8_01_1_2_Chlorophyll_A_001_phosphate_plate5.tif,9,864.000,784,1136
23587,F8_01_1_2_Chlorophyll_A_001_phosphate_plate5.tif,1,944.000,944,944
23588,F8_01_1_2_Chlorophyll_A_001_phosphate_plate5.tif,1,784.000,784,784
23589,F8_01_1_2_Chlorophyll_A_001_phosphate_plate5.tif,1,800.000,800,800
23590,F8_01_1_2_Chlorophyll_A_001_phosphate_plate5.tif,1,800.000,800,800
23591,F8_01_1_2_Chlorophyll_A_001_phosphate_plate5.tif,1,880.000,880,880
23592,F8_01_1_2_Chlorophyll_A_001_phosphate_plate5.tif,1,880.000,880,880
23593,F8_01_1_2_Chlorophyll_A_001_phosphate_plate5.tif,1,816.000,816,816
23594,F8_01_1_2_Chlorophyll_A_001_phosphate_plate5.tif,2,896.000,784,1008
23595,F8_01_1_2_Chlorophyll_A_001_phosphate_plate5.tif,2,800.000,784,816
23596,F8_01_1_2_Chlorophyll_A_001_phosphate_plate5.tif,1,816.000,816,816
23597,F8_01_1_2_Chlorophyll_A_001_phosphate_plate5.tif,1,864.000,864,864
23598,F8_01_1_2_Chlorophyll_A_001_phosphate_plate5.tif,5,899.200,800,1008
23599,F8_01_1_2_Chlorophyll_A_001_phosphate_plate5.tif,1,800.000,800,800
23600,F8_01_1_2_Chlorophyll_A_001_phosphate_plate5.tif,1,768.000,768,768
23601,F8_01_1_2_Chlorophyll_A_001_phosphate_plate5.tif,2,792.000,768,816
23602,F8_01_1_2_Chlorophyll_A_001_phosphate_plate5.tif,1,784.000,784,784
23603,F8_01_1_2_Chlorophyll_A_001_phosphate_plate5.tif,1,800.000,800,800
23604,F8_01_1_2_Chlorophyll_A_001_phosphate_plate5.tif,1,800.000,800,800
23605,F8_01_1_2_Chlorophyll_A_001_phosphate_plate5.tif,1,784.000,784,784
23606,F8_01_1_2_Chlorophyll_A_001_phosphate_plate5.tif,1,768.000,768,768
23607,F8_01_1_2_Chlorophyll_A_001_phosphate_plate5.tif,1,880.000,880,880
23608,F8_01_1_2_Chlorophyll_A_001_phosphate_plate5.tif,1,864.000,864,864
23609,F8_01_1_2_Chlorophyll_A_001_phosphate_plate5.tif,1,768.000,768,768
23610,F8_01_1_2_Chlorophyll_A_001_phosphate_plate5.tif,1,800.000,800,800
23611,F8_01_1_2_Chlorophyll_A_001_phosphate_plate5.tif,2,864.000,816,912
23612,F8_01_1_2_Chlorophyll_A_001_phosphate_plate5.tif,2,792.000,784,800
23613,F8_01_1_2_Chlorophyll_A_001_phosphate_plate5.tif,2,840.000,768,912
23614,F8_01_1_2_Chlorophyll_A_001_phosphate_plate5.tif,1,864.000,864,864
23615,F8_01_1_2_Chlorophyll_A_001_phosphate_plate5.tif,4,892.000,784,1088
23616,F8_01_1_2_Chlorophyll_A_001_phosphate_plate5.tif,2,840.000,800,880
23617,F8_01_1_2_Chlorophyll_A_001_phosphate_plate5.tif,63,893.968,768,1152
23618,F8_01_1_2_Chlorophyll_A_001_phosphate_plate5.tif,23,889.043,768,1136
23619,F8_01_1_2_Chlorophyll_A_001_phosphate_plate5.tif,2,840.000,768,912
23620,F8_01_1_2_Chlorophyll_A_001_phosphate_plate5.tif,2,864.000,832,896
23621,F8_01_1_2_Chlorophyll_A_001_phosphate_plate5.tif,102,867.137,768,1136
23622,F8_01_1_2_Chlorophyll_A_001_phosphate_plate5.tif,5,835.200,768,912
23623,F8_01_1_2_Chlorophyll_A_001_phosphate_plate5.tif,15,857.600,784,1008
23624,F8_01_1_2_Chlorophyll_A_001_phosphate_plate5.tif,1,800.000,800,800
23625,F8_01_1_2_Chlorophyll_A_001_phosphate_plate5.tif,1,864.000,864,864
23626,F8_01_1_2_Chlorophyll_A_001_phosphate_plate5.tif,2,936.000,864,1008
23627,F8_01_1_2_Chlorophyll_A_001_phosphate_plate5.tif,1,816.000,816,816
23628,F8_01_1_2_Chlorophyll_A_001_phosphate_plate5.tif,1,768.000,768,768
23629,F8_01_1_2_Chlorophyll_A_001_phosphate_plate5.tif,1,768.000,768,768
23630,F8_01_1_2_Chlorophyll_A_001_phosphate_plate5.tif,2,800.000,768,832
23631,F8_01_1_2_Chlorophyll_A_001_phosphate_plate5.tif,1,816.000,816,816
23632,F8_01_1_2_Chlorophyll_A_001_phosphate_plate5.tif,3,880.000,800,1024
23633,F8_01_1_2_Chlorophyll_A_001_phosphate_plate5.tif,1,880.000,880,880
23634,F8_01_1_2_Chlorophyll_A_001_phosphate_plate5.tif,7,811.429,784,832
23635,F8_01_1_2_Chlorophyll_A_001_phosphate_plate5.tif,3,821.333,800,848
23636,F8_01_1_2_Chlorophyll_A_001_phosphate_plate5.tif,1,784.000,784,784
23637,F8_01_1_2_Chlorophyll_A_001_phosphate_plate5.tif,1,864.000,864,864
23638,F8_01_1_2_Chlorophyll_A_001_phosphate_plate5.tif,3,805.333,784,832
23639,F8_01_1_2_Chlorophyll_A_001_phosphate_plate5.tif,1,816.000,816,816
23640,F8_01_1_2_Chlorophyll_A_001_phosphate_plate5.tif,1,816.000,816,816
23641,F8_01_1_2_Chlorophyll_A_001_phosphate_plate5.tif,2,872.000,768,976
23642,F8_01_1_2_Chlorophyll_A_001_phosphate_plate5.tif,3,810.667,784,832
23643,F8_01_1_2_Chlorophyll_A_001_phosphate_plate5.tif,1,800.000,800,800
23644,F8_01_1_2_Chlorophyll_A_001_phosphate_plate5.tif,1,848.000,848,848
23645,F8_01_1_2_Chlorophyll_A_001_phosphate_plate5.tif,1,768.000,768,768
23646,F8_01_1_2_Chlorophyll_A_001_phosphate_plate5.tif,1,960.000,960,960
23647,F8_01_1_2_Chlorophyll_A_001_phosphate_plate5.tif,1,848.000,848,848
23648,F8_01_1_2_Chlorophyll_A_001_phosphate_plate5.tif,1,816.000,816,816
23649,F8_01_1_2_Chlorophyll_A_001_phosphate_plate5.tif,1,816.000,816,816
23650,F8_01_1_2_Chlorophyll_A_001_phosphate_plate5.tif,2,816.000,784,848
23651,F8_01_1_2_Chlorophyll_A_001_phosphate_plate5.tif,1,800.000,800,800
23652,F8_01_1_2_Chlorophyll_A_001_phosphate_plate5.tif,1,864.000,864,864
23653,F8_01_1_2_Chlorophyll_A_001_phosphate_plate5.tif,1,976.000,976,976
23654,F8_01_1_2_Chlorophyll_A_001_phosphate_plate5.tif,2,784.000,784,784
23655,F8_01_1_2_Chlorophyll_A_001_phosphate_plate5.tif,1,816.000,816,816
23656,F8_01_1_2_Chlorophyll_A_001_phosphate_plate5.tif,1,800.000,800,800
23657,F8_01_1_2_Chlorophyll_A_001_phosphate_plate5.tif,1,832.000,832,832
23658,F8_01_1_2_Chlorophyll_A_001_phosphate_plate5.tif,1,976.000,976,976
23659,F8_01_1_2_Chlorophyll_A_001_phosphate_plate5.tif,1,768.000,768,768
23660,F8_01_1_2_Chlorophyll_A_001_phosphate_plate5.tif,71,2577.577,768,9824
23661,F8_01_1_2_Chlorophyll_A_001_phosphate_plate5.tif,1,864.000,864,864
23662,F8_01_1_2_Chlorophyll_A_001_phosphate_plate5.tif,1,784.000,784,784
23663,F8_01_1_2_Chlorophyll_A_001_phosphate_plate5.tif,1,800.000,800,800
23664,F8_01_1_2_Chlorophyll_A_001_phosphate_plate5.tif,1,768.000,768,768
23665,F8_01_1_2_Chlorophyll_A_001_phosphate_plate5.tif,1,800.000,800,800
23666,F8_01_1_2_Chlorophyll_A_001_phosphate_plate5.tif,2,848.000,832,864
23667,F8_01_1_2_Chlorophyll_A_001_phosphate_plate5.tif,3,810.667,768,848
23668,F8_01_1_2_Chlorophyll_A_001_phosphate_plate5.tif,13,812.308,768,976
23669,F8_01_1_2_Chlorophyll_A_001_phosphate_plate5.tif,1,848.000,848,848
23670,F8_01_1_2_Chlorophyll_A_001_phosphate_plate5.tif,1,864.000,864,864
23671,F8_01_1_2_Chlorophyll_A_001_phosphate_plate5.tif,89,855.011,768,1056
23672,F8_01_1_2_Chlorophyll_A_001_phosphate_plate5.tif,57,864.842,768,1056
23673,F8_01_1_2_Chlorophyll_A_001_phosphate_plate5.tif,36,886.667,768,1104
23674,F8_01_1_2_Chlorophyll_A_001_phosphate_plate5.tif,31,870.710,768,1072
23675,F8_01_1_2_Chlorophyll_A_001_phosphate_plate5.tif,2,1024.000,1024,1024
23676,F8_01_1_2_Chlorophyll_A_001_phosphate_plate5.tif,33,853.333,768,992
23677,F8_01_1_2_Chlorophyll_A_001_phosphate_plate5.tif,1,816.000,816,816
23678,F8_01_1_2_Chlorophyll_A_001_phosphate_plate5.tif,2,808.000,800,816
23679,F8_01_1_2_Chlorophyll_A_001_phosphate_plate5.tif,1,816.000,816,816
23680,F8_01_1_2_Chlorophyll_A_001_phosphate_plate5.tif,4,800.000,784,816
23681,F8_01_1_2_Chlorophyll_A_001_phosphate_plate5.tif,2,800.000,784,816
23682,F8_01_1_2_Chlorophyll_A_001_phosphate_plate5.tif,2,824.000,784,864
23683,F8_01_1_2_Chlorophyll_A_001_phosphate_plate5.tif,1,768.000,768,768
23684,F8_01_1_2_Chlorophyll_A_001_phosphate_plate5.tif,4,900.000,880,928
23685,F8_01_1_2_Chlorophyll_A_001_phosphate_plate5.tif,12,824.000,768,880
23686,F8_01_1_2_Chlorophyll_A_001_phosphate_plate5.tif,3,784.000,768,816
23687,F8_01_1_2_Chlorophyll_A_001_phosphate_plate5.tif,1,864.000,864,864
23688,F8_01_1_2_Chlorophyll_A_001_phosphate_plate5.tif,1,768.000,768,768
23689,F8_01_1_2_Chlorophyll_A_001_phosphate_plate5.tif,1,784.000,784,784
23690,F8_01_1_2_Chlorophyll_A_001_phosphate_plate5.tif,1,960.000,960,960
23691,F8_01_1_2_Chlorophyll_A_001_phosphate_plate5.tif,3,800.000,768,848
23692,F8_01_1_2_Chlorophyll_A_001_phosphate_plate5.tif,1,784.000,784,784
23693,F8_01_1_2_Chlorophyll_A_001_phosphate_plate5.tif,1,768.000,768,768
23694,F8_01_1_2_Chlorophyll_A_001_phosphate_plate5.tif,1,848.000,848,848
23695,F8_01_1_2_Chlorophyll_A_001_phosphate_plate5.tif,1,800.000,800,800
23696,F8_01_1_2_Chlorophyll_A_001_phosphate_plate5.tif,1,832.000,832,832
23697,F8_01_1_2_Chlorophyll_A_001_phosphate_plate5.tif,1,800.000,800,800
23698,F8_01_1_2_Chlorophyll_A_001_phosphate_plate5.tif,2,824.000,800,848
23699,F8_01_1_2_Chlorophyll_A_001_phosphate_plate5.tif,1,848.000,848,848
23700,F8_01_1_2_Chlorophyll_A_001_phosphate_plate5.tif,1,784.000,784,784
23701,F8_01_1_2_Chlorophyll_A_001_phosphate_plate5.tif,1,768.000,768,768
23702,F8_01_1_2_Chlorophyll_A_001_phosphate_plate5.tif,1,784.000,784,784
23703,F8_01_1_2_Chlorophyll_A_001_phosphate_plate5.tif,1,832.000,832,832
23704,F8_01_1_2_Chlorophyll_A_001_phosphate_plate5.tif,1,768.000,768,768
23705,F8_01_1_2_Chlorophyll_A_001_phosphate_plate5.tif,6,848.000,800,944
23706,F8_01_1_2_Chlorophyll_A_001_phosphate_plate5.tif,1,768.000,768,768
23707,F8_01_1_2_Chlorophyll_A_001_phosphate_plate5.tif,1,816.000,816,816
23708,F8_01_1_2_Chlorophyll_A_001_phosphate_plate5.tif,2,856.000,816,896
23709,F8_01_1_2_Chlorophyll_A_001_phosphate_plate5.tif,1,880.000,880,880
23710,F8_01_1_2_Chlorophyll_A_001_phosphate_plate5.tif,1,864.000,864,864
23711,F8_01_1_2_Chlorophyll_A_001_phosphate_plate5.tif,2,768.000,768,768
23712,F8_01_1_2_Chlorophyll_A_001_phosphate_plate5.tif,1,768.000,768,768
23713,F8_01_1_2_Chlorophyll_A_001_phosphate_plate5.tif,2,880.000,816,944
23714,F8_01_1_2_Chlorophyll_A_001_phosphate_plate5.tif,1,1056.000,1056,1056
23715,F8_01_1_2_Chlorophyll_A_001_phosphate_plate5.tif,3,810.667,768,848
23716,F8_01_1_2_Chlorophyll_A_001_phosphate_plate5.tif,1,864.000,864,864
23717,F8_01_1_2_Chlorophyll_A_001_phosphate_plate5.tif,2,784.000,768,800
23718,F8_01_1_2_Chlorophyll_A_001_phosphate_plate5.tif,1,768.000,768,768
23719,F8_01_1_2_Chlorophyll_A_001_phosphate_plate5.tif,1,800.000,800,800
23720,F8_01_1_2_Chlorophyll_A_001_phosphate_plate5.tif,2,816.000,784,848
23721,F8_01_1_2_Chlorophyll_A_001_phosphate_plate5.tif,1,784.000,784,784
23722,F8_01_1_2_Chlorophyll_A_001_phosphate_plate5.tif,1,784.000,784,784
23723,F8_01_1_2_Chlorophyll_A_001_phosphate_plate5.tif,1,848.000,848,848
23724,F8_01_1_2_Chlorophyll_A_001_phosphate_plate5.tif,2,800.000,784,816
23725,F8_01_1_2_Chlorophyll_A_001_phosphate_plate5.tif,1,784.000,784,784
23726,F8_01_1_2_Chlorophyll_A_001_phosphate_plate5.tif,4,868.000,800,1008
23727,F8_01_1_2_Chlorophyll_A_001_phosphate_plate5.tif,2,800.000,784,816
23728,F8_01_1_2_Chlorophyll_A_001_phosphate_plate5.tif,1,896.000,896,896
23729,F8_01_1_2_Chlorophyll_A_001_phosphate_plate5.tif,1,816.000,816,816
23730,F8_01_1_2_Chlorophyll_A_001_phosphate_plate5.tif,1,816.000,816,816
23731,F8_01_1_2_Chlorophyll_A_001_phosphate_plate5.tif,14,904.000,768,1104
23732,F8_01_1_2_Chlorophyll_A_001_phosphate_plate5.tif,24,888.000,784,1056
23733,F8_01_1_2_Chlorophyll_A_001_phosphate_plate5.tif,15,848.000,768,1008
23734,F8_01_1_2_Chlorophyll_A_001_phosphate_plate5.tif,60,872.800,768,1200
23735,F8_01_1_2_Chlorophyll_A_001_phosphate_plate5.tif,516,1177.581,768,12240
23736,F8_01_1_2_Chlorophyll_A_001_phosphate_plate5.tif,1,912.000,912,912
23737,F8_01_1_2_Chlorophyll_A_001_phosphate_plate5.tif,2,824.000,784,864
23738,F8_01_1_2_Chlorophyll_A_001_phosphate_plate5.tif,2,784.000,784,784
23739,F8_01_1_2_Chlorophyll_A_001_phosphate_plate5.tif,3,832.000,768,896
23740,F8_01_1_2_Chlorophyll_A_001_phosphate_plate5.tif,1,848.000,848,848
23741,F8_01_1_2_Chlorophyll_A_001_phosphate_plate5.tif,5,825.600,784,864
23742,F8_01_1_2_Chlorophyll_A_001_phosphate_plate5.tif,1,800.000,800,800
23743,F8_01_1_2_Chlorophyll_A_001_phosphate_plate5.tif,4,896.000,800,1120
23744,F8_01_1_2_Chlorophyll_A_001_phosphate_plate5.tif,1,848.000,848,848
23745,F8_01_1_2_Chlorophyll_A_001_phosphate_plate5.tif,4,812.000,768,880
23746,F8_01_1_2_Chlorophyll_A_001_phosphate_plate5.tif,1,800.000,800,800
23747,F8_01_1_2_Chlorophyll_A_001_phosphate_plate5.tif,1,816.000,816,816
23748,F8_01_1_2_Chlorophyll_A_001_phosphate_plate5.tif,1,848.000,848,848
23749,F8_01_1_2_Chlorophyll_A_001_phosphate_plate5.tif,1,784.000,784,784
23750,F8_01_1_2_Chlorophyll_A_001_phosphate_plate5.tif,1,848.000,848,848
23751,F8_01_1_2_Chlorophyll_A_001_phosphate_plate5.tif,1,768.000,768,768
23752,F8_01_1_2_Chlorophyll_A_001_phosphate_plate5.tif,1,768.000,768,768
23753,F8_01_1_2_Chlorophyll_A_001_phosphate_plate5.tif,3,880.000,800,944
23754,F8_01_1_2_Chlorophyll_A_001_phosphate_plate5.tif,2,856.000,816,896
23755,F8_01_1_2_Chlorophyll_A_001_phosphate_plate5.tif,3,858.667,816,880
23756,F8_01_1_2_Chlorophyll_A_001_phosphate_plate5.tif,1,800.000,800,800
23757,F8_01_1_2_Chlorophyll_A_001_phosphate_plate5.tif,1,768.000,768,768
23758,F8_01_1_2_Chlorophyll_A_001_phosphate_plate5.tif,1,784.000,784,784
23759,F8_01_1_2_Chlorophyll_A_001_phosphate_plate5.tif,2,824.000,784,864
23760,F8_01_1_2_Chlorophyll_A_001_phosphate_plate5.tif,1,864.000,864,864
23761,F8_01_1_2_Chlorophyll_A_001_phosphate_plate5.tif,1,784.000,784,784
23762,F8_01_1_2_Chlorophyll_A_001_phosphate_plate5.tif,1,800.000,800,800
23763,F8_01_1_2_Chlorophyll_A_001_phosphate_plate5.tif,119,2728.202,768,14448
23764,F8_01_1_2_Chlorophyll_A_001_phosphate_plate5.tif,1,800.000,800,800
23765,F8_01_1_2_Chlorophyll_A_001_phosphate_plate5.tif,2,824.000,816,832
23766,F8_01_1_2_Chlorophyll_A_001_phosphate_plate5.tif,3,826.667,800,880
23767,F8_01_1_2_Chlorophyll_A_001_phosphate_plate5.tif,1,880.000,880,880
23768,F8_01_1_2_Chlorophyll_A_001_phosphate_plate5.tif,1,768.000,768,768
23769,F8_01_1_2_Chlorophyll_A_001_phosphate_plate5.tif,1,768.000,768,768
23770,F8_01_1_2_Chlorophyll_A_001_phosphate_plate5.tif,2,816.000,816,816
23771,F8_01_1_2_Chlorophyll_A_001_phosphate_plate5.tif,1,784.000,784,784
23772,F8_01_1_2_Chlorophyll_A_001_phosphate_plate5.tif,2,816.000,784,848
23773,F8_01_1_2_Chlorophyll_A_001_phosphate_plate5.tif,1,768.000,768,768
23774,F8_01_1_2_Chlorophyll_A_001_phosphate_plate5.tif,1,896.000,896,896
23775,F8_01_1_2_Chlorophyll_A_001_phosphate_plate5.tif,4,800.000,768,816
23776,F8_01_1_2_Chlorophyll_A_001_phosphate_plate5.tif,1,880.000,880,880
23777,F8_01_1_2_Chlorophyll_A_001_phosphate_plate5.tif,1,784.000,784,784
23778,F8_01_1_2_Chlorophyll_A_001_phosphate_plate5.tif,1,944.000,944,944
23779,F8_01_1_2_Chlorophyll_A_001_phosphate_plate5.tif,1,928.000,928,928
23780,F8_01_1_2_Chlorophyll_A_001_phosphate_plate5.tif,3,853.333,768,976
23781,F8_01_1_2_Chlorophyll_A_001_phosphate_plate5.tif,3,794.667,784,800
23782,F8_01_1_2_Chlorophyll_A_001_phosphate_plate5.tif,1,800.000,800,800
23783,F8_01_1_2_Chlorophyll_A_001_phosphate_plate5.tif,392,2773.347,768,26416
23784,F8_01_1_2_Chlorophyll_A_001_phosphate_plate5.tif,8,868.000,768,976
23785,F8_01_1_2_Chlorophyll_A_001_phosphate_plate5.tif,9,876.444,768,1040
23786,F8_01_1_2_Chlorophyll_A_001_phosphate_plate5.tif,2,824.000,784,864
23787,F8_01_1_2_Chlorophyll_A_001_phosphate_plate5.tif,4,828.000,768,896
23788,F8_01_1_2_Chlorophyll_A_001_phosphate_plate5.tif,1,864.000,864,864
23789,F8_01_1_2_Chlorophyll_A_001_phosphate_plate5.tif,2,848.000,816,880
23790,F8_01_1_2_Chlorophyll_A_001_phosphate_plate5.tif,1,800.000,800,800
23791,F8_01_1_2_Chlorophyll_A_001_phosphate_plate5.tif,31,840.258,768,1008
23792,F8_01_1_2_Chlorophyll_A_001_phosphate_plate5.tif,1,848.000,848,848
23793,F8_01_1_2_Chlorophyll_A_001_phosphate_plate5.tif,4,868.000,816,960
23794,F8_01_1_2_Chlorophyll_A_001_phosphate_plate5.tif,2,832.000,832,832
23795,F8_01_1_2_Chlorophyll_A_001_phosphate_plate5.tif,5,848.000,768,896
23796,F8_01_1_2_Chlorophyll_A_001_phosphate_plate5.tif,6,829.333,768,912
23797,F8_01_1_2_Chlorophyll_A_001_phosphate_plate5.tif,4,868.000,768,960
23798,F8_01_1_2_Chlorophyll_A_001_phosphate_plate5.tif,1,816.000,816,816
23799,F8_01_1_2_Chlorophyll_A_001_phosphate_plate5.tif,1,784.000,784,784
23800,F8_01_1_2_Chlorophyll_A_001_phosphate_plate5.tif,2,776.000,768,784
23801,F8_01_1_2_Chlorophyll_A_001_phosphate_plate5.tif,1,896.000,896,896
23802,F8_01_1_2_Chlorophyll_A_001_phosphate_plate5.tif,2,888.000,848,928
23803,F8_01_1_2_Chlorophyll_A_001_phosphate_plate5.tif,1,768.000,768,768
23804,F8_01_1_2_Chlorophyll_A_001_phosphate_plate5.tif,3,912.000,816,1040
23805,F8_01_1_2_Chlorophyll_A_001_phosphate_plate5.tif,1,768.000,768,768
23806,F8_01_1_2_Chlorophyll_A_001_phosphate_plate5.tif,4,784.000,768,800
23807,F8_01_1_2_Chlorophyll_A_001_phosphate_plate5.tif,1,800.000,800,800
23808,F8_01_1_2_Chlorophyll_A_001_phosphate_plate5.tif,2,856.000,784,928
23809,F8_01_1_2_Chlorophyll_A_001_phosphate_plate5.tif,1,928.000,928,928
23810,F8_01_1_2_Chlorophyll_A_001_phosphate_plate5.tif,1,784.000,784,784
23811,F8_01_1_2_Chlorophyll_A_001_phosphate_plate5.tif,1,816.000,816,816
23812,F8_01_1_2_Chlorophyll_A_001_phosphate_plate5.tif,1,880.000,880,880
23813,F8_01_1_2_Chlorophyll_A_001_phosphate_plate5.tif,1,864.000,864,864
23814,F8_01_1_2_Chlorophyll_A_001_phosphate_plate5.tif,2,912.000,880,944
23815,F8_01_1_2_Chlorophyll_A_001_phosphate_plate5.tif,1,784.000,784,784
23816,F8_01_1_2_Chlorophyll_A_001_phosphate_plate5.tif,2,808.000,800,816
23817,F8_01_1_2_Chlorophyll_A_001_phosphate_plate5.tif,2,824.000,784,864
23818,F8_01_1_2_Chlorophyll_A_001_phosphate_plate5.tif,1,848.000,848,848
23819,F8_01_1_2_Chlorophyll_A_001_phosphate_plate5.tif,1,800.000,800,800
23820,F8_01_1_2_Chlorophyll_A_001_phosphate_plate5.tif,1,784.000,784,784
23821,F8_01_1_2_Chlorophyll_A_001_phosphate_plate5.tif,1,800.000,800,800
23822,F8_01_1_2_Chlorophyll_A_001_phosphate_plate5.tif,2,808.000,768,848
23823,F8_01_1_2_Chlorophyll_A_001_phosphate_plate5.tif,1,768.000,768,768
23824,F8_01_1_2_Chlorophyll_A_001_phosphate_plate5.tif,1,880.000,880,880
23825,F8_01_1_2_Chlorophyll_A_001_phosphate_plate5.tif,2,880.000,816,944
23826,F8_01_1_2_Chlorophyll_A_001_phosphate_plate5.tif,1,944.000,944,944
23827,F8_01_1_2_Chlorophyll_A_001_phosphate_plate5.tif,2,784.000,768,800
23828,F8_01_1_2_Chlorophyll_A_001_phosphate_plate5.tif,1,800.000,800,800
23829,F8_01_1_2_Chlorophyll_A_001_phosphate_plate5.tif,2,776.000,768,784
23830,F8_01_1_2_Chlorophyll_A_001_phosphate_plate5.tif,1,784.000,784,784
23831,F8_01_1_2_Chlorophyll_A_001_phosphate_plate5.tif,1,816.000,816,816
23832,F8_01_1_2_Chlorophyll_A_001_phosphate_plate5.tif,1,816.000,816,816
23833,F8_01_1_2_Chlorophyll_A_001_phosphate_plate5.tif,6,869.333,784,1024
23834,F8_01_1_2_Chlorophyll_A_001_phosphate_plate5.tif,75,868.053,768,1088
23835,F8_01_1_2_Chlorophyll_A_001_phosphate_plate5.tif,26,886.769,768,1216
23836,F8_01_1_2_Chlorophyll_A_001_phosphate_plate5.tif,1,864.000,864,864
23837,F8_01_1_2_Chlorophyll_A_001_phosphate_plate5.tif,1,832.000,832,832
23838,F8_01_1_2_Chlorophyll_A_001_phosphate_plate5.tif,4,820.000,784,864
23839,F8_01_1_2_Chlorophyll_A_001_phosphate_plate5.tif,1,816.000,816,816
23840,F8_01_1_2_Chlorophyll_A_001_phosphate_plate5.tif,2,872.000,784,960
23841,F8_01_1_2_Chlorophyll_A_001_phosphate_plate5.tif,9,821.333,784,880
23842,F8_01_1_2_Chlorophyll_A_001_phosphate_plate5.tif,1,864.000,864,864
23843,F8_01_1_2_Chlorophyll_A_001_phosphate_plate5.tif,2,768.000,768,768
23844,F8_01_1_2_Chlorophyll_A_001_phosphate_plate5.tif,1,880.000,880,880
23845,F8_01_1_2_Chlorophyll_A_001_phosphate_plate5.tif,1,848.000,848,848
23846,F8_01_1_2_Chlorophyll_A_001_phosphate_plate5.tif,1,800.000,800,800
23847,F8_01_1_2_Chlorophyll_A_001_phosphate_plate5.tif,4,800.000,768,848
23848,F8_01_1_2_Chlorophyll_A_001_phosphate_plate5.tif,2,808.000,768,848
23849,F8_01_1_2_Chlorophyll_A_001_phosphate_plate5.tif,1,816.000,816,816
23850,F8_01_1_2_Chlorophyll_A_001_phosphate_plate5.tif,4,888.000,832,912
23851,F8_01_1_2_Chlorophyll_A_001_phosphate_plate5.tif,1,912.000,912,912
23852,F8_01_1_2_Chlorophyll_A_001_phosphate_plate5.tif,3,842.667,800,880
23853,F8_01_1_2_Chlorophyll_A_001_phosphate_plate5.tif,1,848.000,848,848
23854,F8_01_1_2_Chlorophyll_A_001_phosphate_plate5.tif,2,856.000,784,928
23855,F8_01_1_2_Chlorophyll_A_001_phosphate_plate5.tif,2,872.000,768,976
23856,F8_01_1_2_Chlorophyll_A_001_phosphate_plate5.tif,3,805.333,768,848
23857,F8_01_1_2_Chlorophyll_A_001_phosphate_plate5.tif,1,816.000,816,816
23858,F8_01_1_2_Chlorophyll_A_001_phosphate_plate5.tif,1,832.000,832,832
23859,F8_01_1_2_Chlorophyll_A_001_phosphate_plate5.tif,1,768.000,768,768
23860,F8_01_1_2_Chlorophyll_A_001_phosphate_plate5.tif,1,848.000,848,848
23861,F8_01_1_2_Chlorophyll_A_001_phosphate_plate5.tif,1,800.000,800,800
23862,F8_01_1_2_Chlorophyll_A_001_phosphate_plate5.tif,2,864.000,768,960
23863,F8_01_1_2_Chlorophyll_A_001_phosphate_plate5.tif,3,794.667,784,816
23864,F8_01_1_2_Chlorophyll_A_001_phosphate_plate5.tif,3,874.667,864,896
23865,F8_01_1_2_Chlorophyll_A_001_phosphate_plate5.tif,1,864.000,864,864
23866,F8_01_1_2_Chlorophyll_A_001_phosphate_plate5.tif,5,876.800,768,992
23867,F8_01_1_2_Chlorophyll_A_001_phosphate_plate5.tif,2,888.000,800,976
23868,F8_01_1_2_Chlorophyll_A_001_phosphate_plate5.tif,1,816.000,816,816
23869,F8_01_1_2_Chlorophyll_A_001_phosphate_plate5.tif,1,848.000,848,848
23870,F8_01_1_2_Chlorophyll_A_001_phosphate_plate5.tif,2,768.000,768,768
23871,F8_01_1_2_Chlorophyll_A_001_phosphate_plate5.tif,1,816.000,816,816
23872,F8_01_1_2_Chlorophyll_A_001_phosphate_plate5.tif,1,784.000,784,784
23873,F8_01_1_2_Chlorophyll_A_001_phosphate_plate5.tif,1,912.000,912,912
23874,F8_01_1_2_Chlorophyll_A_001_phosphate_plate5.tif,2,816.000,768,864
23875,F8_01_1_2_Chlorophyll_A_001_phosphate_plate5.tif,2,880.000,864,896
23876,F8_01_1_2_Chlorophyll_A_001_phosphate_plate5.tif,3,794.667,768,848
23877,F8_01_1_2_Chlorophyll_A_001_phosphate_plate5.tif,1,912.000,912,912
23878,F8_01_1_2_Chlorophyll_A_001_phosphate_plate5.tif,6,816.000,784,880
23879,F8_01_1_2_Chlorophyll_A_001_phosphate_plate5.tif,3,821.333,768,880
23880,F8_01_1_2_Chlorophyll_A_001_phosphate_plate5.tif,1,976.000,976,976
23881,F8_01_1_2_Chlorophyll_A_001_phosphate_plate5.tif,1,864.000,864,864
23882,F8_01_1_2_Chlorophyll_A_001_phosphate_plate5.tif,3,778.667,768,800
23883,F8_01_1_2_Chlorophyll_A_001_phosphate_plate5.tif,1,912.000,912,912
23884,F8_01_1_2_Chlorophyll_A_001_phosphate_plate5.tif,1,784.000,784,784
23885,F8_01_1_2_Chlorophyll_A_001_phosphate_plate5.tif,2,776.000,768,784
23886,F8_01_1_2_Chlorophyll_A_001_phosphate_plate5.tif,1,768.000,768,768
23887,F8_01_1_2_Chlorophyll_A_001_phosphate_plate5.tif,1,912.000,912,912
23888,F8_01_1_2_Chlorophyll_A_001_phosphate_plate5.tif,1,768.000,768,768
23889,F8_01_1_2_Chlorophyll_A_001_phosphate_plate5.tif,1,800.000,800,800
23890,F8_01_1_2_Chlorophyll_A_001_phosphate_plate5.tif,2,840.000,800,880
23891,F8_01_1_2_Chlorophyll_A_001_phosphate_plate5.tif,2,840.000,784,896
23892,F8_01_1_2_Chlorophyll_A_001_phosphate_plate5.tif,2,800.000,784,816
23893,F8_01_1_2_Chlorophyll_A_001_phosphate_plate5.tif,3,789.333,768,800
23894,F8_01_1_2_Chlorophyll_A_001_phosphate_plate5.tif,1,768.000,768,768
23895,F8_01_1_2_Chlorophyll_A_001_phosphate_plate5.tif,1,768.000,768,768
23896,F8_01_1_2_Chlorophyll_A_001_phosphate_plate5.tif,1,768.000,768,768
23897,F8_01_1_2_Chlorophyll_A_001_phosphate_plate5.tif,3,874.667,800,1008
23898,F8_01_1_2_Chlorophyll_A_001_phosphate_plate5.tif,52,868.000,768,1040
23899,F8_01_1_2_Chlorophyll_A_001_phosphate_plate5.tif,30,882.133,768,1104
23900,F8_01_1_2_Chlorophyll_A_001_phosphate_plate5.tif,1,816.000,816,816
23901,F8_01_1_2_Chlorophyll_A_001_phosphate_plate5.tif,20,861.600,768,1008
23902,F8_01_1_2_Chlorophyll_A_001_phosphate_plate5.tif,1,848.000,848,848
23903,F8_01_1_2_Chlorophyll_A_001_phosphate_plate5.tif,63,874.413,768,1088
23904,F8_01_1_2_Chlorophyll_A_001_phosphate_plate5.tif,1,896.000,896,896
23905,F8_01_1_2_Chlorophyll_A_001_phosphate_plate5.tif,42,856.762,768,1136
23906,F8_01_1_2_Chlorophyll_A_001_phosphate_plate5.tif,1,944.000,944,944
23907,F8_01_1_2_Chlorophyll_A_001_phosphate_plate5.tif,1,784.000,784,784
23908,F8_01_1_2_Chlorophyll_A_001_phosphate_plate5.tif,1,848.000,848,848
23909,F8_01_1_2_Chlorophyll_A_001_phosphate_plate5.tif,8,852.000,768,960
23910,F8_01_1_2_Chlorophyll_A_001_phosphate_plate5.tif,1,800.000,800,800
23911,F8_01_1_2_Chlorophyll_A_001_phosphate_plate5.tif,8,850.000,768,960
23912,F8_01_1_2_Chlorophyll_A_001_phosphate_plate5.tif,1,800.000,800,800
23913,F8_01_1_2_Chlorophyll_A_001_phosphate_plate5.tif,1,768.000,768,768
23914,F8_01_1_2_Chlorophyll_A_001_phosphate_plate5.tif,1,928.000,928,928
23915,F8_01_1_2_Chlorophyll_A_001_phosphate_plate5.tif,4,880.000,816,912
23916,F8_01_1_2_Chlorophyll_A_001_phosphate_plate5.tif,2,840.000,784,896
23917,F8_01_1_2_Chlorophyll_A_001_phosphate_plate5.tif,2,840.000,768,912
23918,F8_01_1_2_Chlorophyll_A_001_phosphate_plate5.tif,2,928.000,880,976
23919,F8_01_1_2_Chlorophyll_A_001_phosphate_plate5.tif,1,848.000,848,848
23920,F8_01_1_2_Chlorophyll_A_001_phosphate_plate5.tif,2,768.000,768,768
23921,F8_01_1_2_Chlorophyll_A_001_phosphate_plate5.tif,1,768.000,768,768
23922,F8_01_1_2_Chlorophyll_A_001_phosphate_plate5.tif,2,880.000,848,912
23923,F8_01_1_2_Chlorophyll_A_001_phosphate_plate5.tif,1,832.000,832,832
23924,F8_01_1_2_Chlorophyll_A_001_phosphate_plate5.tif,1,784.000,784,784
23925,F8_01_1_2_Chlorophyll_A_001_phosphate_plate5.tif,1,880.000,880,880
23926,F8_01_1_2_Chlorophyll_A_001_phosphate_plate5.tif,1,768.000,768,768
23927,F8_01_1_2_Chlorophyll_A_001_phosphate_plate5.tif,1,832.000,832,832
23928,F8_01_1_2_Chlorophyll_A_001_phosphate_plate5.tif,2,800.000,784,816
23929,F8_01_1_2_Chlorophyll_A_001_phosphate_plate5.tif,1,832.000,832,832
23930,F8_01_1_2_Chlorophyll_A_001_phosphate_plate5.tif,1,784.000,784,784
23931,F8_01_1_2_Chlorophyll_A_001_phosphate_plate5.tif,1,800.000,800,800
23932,F8_01_1_2_Chlorophyll_A_001_phosphate_plate5.tif,2,784.000,784,784
23933,F8_01_1_2_Chlorophyll_A_001_phosphate_plate5.tif,1,848.000,848,848
23934,F8_01_1_2_Chlorophyll_A_001_phosphate_plate5.tif,2,832.000,800,864
23935,F8_01_1_2_Chlorophyll_A_001_phosphate_plate5.tif,1,768.000,768,768
23936,F8_01_1_2_Chlorophyll_A_001_phosphate_plate5.tif,1,864.000,864,864
23937,F8_01_1_2_Chlorophyll_A_001_phosphate_plate5.tif,1,784.000,784,784
23938,F8_01_1_2_Chlorophyll_A_001_phosphate_plate5.tif,1,816.000,816,816
23939,F8_01_1_2_Chlorophyll_A_001_phosphate_plate5.tif,1,880.000,880,880
23940,F8_01_1_2_Chlorophyll_A_001_phosphate_plate5.tif,1,784.000,784,784
23941,F8_01_1_2_Chlorophyll_A_001_phosphate_plate5.tif,1,816.000,816,816
23942,F8_01_1_2_Chlorophyll_A_001_phosphate_plate5.tif,1,848.000,848,848
23943,F8_01_1_2_Chlorophyll_A_001_phosphate_plate5.tif,1,848.000,848,848
23944,F8_01_1_2_Chlorophyll_A_001_phosphate_plate5.tif,2,816.000,768,864
23945,F8_01_1_2_Chlorophyll_A_001_phosphate_plate5.tif,30,878.400,768,1104
23946,F8_01_1_2_Chlorophyll_A_001_phosphate_plate5.tif,5,905.600,800,976
23947,F8_01_1_2_Chlorophyll_A_001_phosphate_plate5.tif,1,816.000,816,816
23948,F8_01_1_2_Chlorophyll_A_001_phosphate_plate5.tif,34,892.235,768,1216
23949,F8_01_1_2_Chlorophyll_A_001_phosphate_plate5.tif,27,901.926,768,1104
23950,F8_01_1_2_Chlorophyll_A_001_phosphate_plate5.tif,5,819.200,784,912
23951,F8_01_1_2_Chlorophyll_A_001_phosphate_plate5.tif,6,869.333,800,960
23952,F8_01_1_2_Chlorophyll_A_001_phosphate_plate5.tif,70,874.514,768,1104
23953,F8_01_1_2_Chlorophyll_A_001_phosphate_plate5.tif,1,768.000,768,768
23954,F8_01_1_2_Chlorophyll_A_001_phosphate_plate5.tif,1,1072.000,1072,1072
23955,F8_01_1_2_Chlorophyll_A_001_phosphate_plate5.tif,10,889.600,784,976
23956,F8_01_1_2_Chlorophyll_A_001_phosphate_plate5.tif,10,816.000,768,864
23957,F8_01_1_2_Chlorophyll_A_001_phosphate_plate5.tif,1,928.000,928,928
23958,F8_01_1_2_Chlorophyll_A_001_phosphate_plate5.tif,7,841.143,768,928
23959,F8_01_1_2_Chlorophyll_A_001_phosphate_plate5.tif,7,809.143,768,944
23960,F8_01_1_2_Chlorophyll_A_001_phosphate_plate5.tif,2,840.000,832,848
23961,F8_01_1_2_Chlorophyll_A_001_phosphate_plate5.tif,2,776.000,768,784
23962,F8_01_1_2_Chlorophyll_A_001_phosphate_plate5.tif,2,848.000,784,912
23963,F8_01_1_2_Chlorophyll_A_001_phosphate_plate5.tif,2,832.000,784,880
23964,F8_01_1_2_Chlorophyll_A_001_phosphate_plate5.tif,4,828.000,768,960
23965,F8_01_1_2_Chlorophyll_A_001_phosphate_plate5.tif,5,812.800,784,880
23966,F8_01_1_2_Chlorophyll_A_001_phosphate_plate5.tif,1,800.000,800,800
23967,F8_01_1_2_Chlorophyll_A_001_phosphate_plate5.tif,2,792.000,784,800
23968,F8_01_1_2_Chlorophyll_A_001_phosphate_plate5.tif,1,768.000,768,768
23969,F8_01_1_2_Chlorophyll_A_001_phosphate_plate5.tif,1,832.000,832,832
23970,F8_01_1_2_Chlorophyll_A_001_phosphate_plate5.tif,1,816.000,816,816
23971,F8_01_1_2_Chlorophyll_A_001_phosphate_plate5.tif,1,800.000,800,800
23972,F8_01_1_2_Chlorophyll_A_001_phosphate_plate5.tif,2,808.000,800,816
23973,F8_01_1_2_Chlorophyll_A_001_phosphate_plate5.tif,1,864.000,864,864
23974,F8_01_1_2_Chlorophyll_A_001_phosphate_plate5.tif,1,864.000,864,864
23975,F8_01_1_2_Chlorophyll_A_001_phosphate_plate5.tif,1,800.000,800,800
23976,F8_01_1_2_Chlorophyll_A_001_phosphate_plate5.tif,1,816.000,816,816
23977,F8_01_1_2_Chlorophyll_A_001_phosphate_plate5.tif,1,784.000,784,784
23978,F8_01_1_2_Chlorophyll_A_001_phosphate_plate5.tif,1,800.000,800,800
23979,F8_01_1_2_Chlorophyll_A_001_phosphate_plate5.tif,1,768.000,768,768
23980,F8_01_1_2_Chlorophyll_A_001_phosphate_plate5.tif,1,848.000,848,848
23981,F8_01_1_2_Chlorophyll_A_001_phosphate_plate5.tif,1,816.000,816,816
23982,F8_01_1_2_Chlorophyll_A_001_phosphate_plate5.tif,1,848.000,848,848
23983,F8_01_1_2_Chlorophyll_A_001_phosphate_plate5.tif,1,896.000,896,896
23984,F8_01_1_2_Chlorophyll_A_001_phosphate_plate5.tif,2,880.000,800,960
23985,F8_01_1_2_Chlorophyll_A_001_phosphate_plate5.tif,1,768.000,768,768
23986,F8_01_1_2_Chlorophyll_A_001_phosphate_plate5.tif,95,2916.716,768,12000
23987,F8_01_1_2_Chlorophyll_A_001_phosphate_plate5.tif,1,784.000,784,784
23988,F8_01_1_2_Chlorophyll_A_001_phosphate_plate5.tif,1,784.000,784,784
23989,F8_01_1_2_Chlorophyll_A_001_phosphate_plate5.tif,1,800.000,800,800
23990,F8_01_1_2_Chlorophyll_A_001_phosphate_plate5.tif,3,960.000,848,1088
23991,F8_01_1_2_Chlorophyll_A_001_phosphate_plate5.tif,1,768.000,768,768
23992,F8_01_1_2_Chlorophyll_A_001_phosphate_plate5.tif,1,784.000,784,784
23993,F8_01_1_2_Chlorophyll_A_001_phosphate_plate5.tif,2,776.000,768,784
23994,F8_01_1_2_Chlorophyll_A_001_phosphate_plate5.tif,1,784.000,784,784
23995,F8_01_1_2_Chlorophyll_A_001_phosphate_plate5.tif,5,832.000,784,960
23996,F8_01_1_2_Chlorophyll_A_001_phosphate_plate5.tif,1,848.000,848,848
23997,F8_01_1_2_Chlorophyll_A_001_phosphate_plate5.tif,1,880.000,880,880
23998,F8_01_1_2_Chlorophyll_A_001_phosphate_plate5.tif,1,816.000,816,816
23999,F8_01_1_2_Chlorophyll_A_001_phosphate_plate5.tif,2,776.000,768,784
24000,F8_01_1_2_Chlorophyll_A_001_phosphate_plate5.tif,1,816.000,816,816
24001,F8_01_1_2_Chlorophyll_A_001_phosphate_plate5.tif,1,768.000,768,768
24002,F8_01_1_2_Chlorophyll_A_001_phosphate_plate5.tif,3,826.667,784,880
24003,F8_01_1_2_Chlorophyll_A_001_phosphate_plate5.tif,1,800.000,800,800
24004,F8_01_1_2_Chlorophyll_A_001_phosphate_plate5.tif,34,871.059,768,1120
24005,F8_01_1_2_Chlorophyll_A_001_phosphate_plate5.tif,1,1008.000,1008,1008
24006,F8_01_1_2_Chlorophyll_A_001_phosphate_plate5.tif,54,863.704,768,1104
24007,F8_01_1_2_Chlorophyll_A_001_phosphate_plate5.tif,24,871.333,768,1056
24008,F8_01_1_2_Chlorophyll_A_001_phosphate_plate5.tif,3,928.000,848,976
24009,F8_01_1_2_Chlorophyll_A_001_phosphate_plate5.tif,5,796.800,768,848
24010,F8_01_1_2_Chlorophyll_A_001_phosphate_plate5.tif,11,849.455,784,976
24011,F8_01_1_2_Chlorophyll_A_001_phosphate_plate5.tif,1,784.000,784,784
24012,F8_01_1_2_Chlorophyll_A_001_phosphate_plate5.tif,5,800.000,768,848
24013,F8_01_1_2_Chlorophyll_A_001_phosphate_plate5.tif,2,800.000,784,816
24014,F8_01_1_2_Chlorophyll_A_001_phosphate_plate5.tif,24,828.667,768,1136
24015,F8_01_1_2_Chlorophyll_A_001_phosphate_plate5.tif,1,784.000,784,784
24016,F8_01_1_2_Chlorophyll_A_001_phosphate_plate5.tif,2,896.000,816,976
24017,F8_01_1_2_Chlorophyll_A_001_phosphate_plate5.tif,2,808.000,784,832
24018,F8_01_1_2_Chlorophyll_A_001_phosphate_plate5.tif,1,880.000,880,880
24019,F8_01_1_2_Chlorophyll_A_001_phosphate_plate5.tif,1,896.000,896,896
24020,F8_01_1_2_Chlorophyll_A_001_phosphate_plate5.tif,4,816.000,784,864
24021,F8_01_1_2_Chlorophyll_A_001_phosphate_plate5.tif,1,784.000,784,784
24022,F8_01_1_2_Chlorophyll_A_001_phosphate_plate5.tif,1,864.000,864,864
24023,F8_01_1_2_Chlorophyll_A_001_phosphate_plate5.tif,7,848.000,784,928
24024,F8_01_1_2_Chlorophyll_A_001_phosphate_plate5.tif,1,784.000,784,784
24025,F8_01_1_2_Chlorophyll_A_001_phosphate_plate5.tif,1,768.000,768,768
24026,F8_01_1_2_Chlorophyll_A_001_phosphate_plate5.tif,1,912.000,912,912
24027,F8_01_1_2_Chlorophyll_A_001_phosphate_plate5.tif,1,768.000,768,768
24028,F8_01_1_2_Chlorophyll_A_001_phosphate_plate5.tif,2,880.000,848,912
24029,F8_01_1_2_Chlorophyll_A_001_phosphate_plate5.tif,1,800.000,800,800
24030,F8_01_1_2_Chlorophyll_A_001_phosphate_plate5.tif,1,784.000,784,784
24031,F8_01_1_2_Chlorophyll_A_001_phosphate_plate5.tif,1,848.000,848,848
24032,F8_01_1_2_Chlorophyll_A_001_phosphate_plate5.tif,1,768.000,768,768
24033,F8_01_1_2_Chlorophyll_A_001_phosphate_plate5.tif,1,864.000,864,864
24034,F8_01_1_2_Chlorophyll_A_001_phosphate_plate5.tif,3,805.333,768,864
24035,F8_01_1_2_Chlorophyll_A_001_phosphate_plate5.tif,4,892.000,768,1104
24036,F8_01_1_2_Chlorophyll_A_001_phosphate_plate5.tif,1,816.000,816,816
24037,F8_01_1_2_Chlorophyll_A_001_phosphate_plate5.tif,1,784.000,784,784
24038,F8_01_1_2_Chlorophyll_A_001_phosphate_plate5.tif,8,796.000,768,848
24039,F8_01_1_2_Chlorophyll_A_001_phosphate_plate5.tif,2,856.000,768,944
24040,F8_01_1_2_Chlorophyll_A_001_phosphate_plate5.tif,1,784.000,784,784
24041,F8_01_1_2_Chlorophyll_A_001_phosphate_plate5.tif,1,912.000,912,912
24042,F8_01_1_2_Chlorophyll_A_001_phosphate_plate5.tif,1,816.000,816,816
24043,F8_01_1_2_Chlorophyll_A_001_phosphate_plate5.tif,1,768.000,768,768
24044,F8_01_1_2_Chlorophyll_A_001_phosphate_plate5.tif,242,5119.074,768,48880
24045,F8_01_1_2_Chlorophyll_A_001_phosphate_plate5.tif,1,784.000,784,784
24046,F8_01_1_2_Chlorophyll_A_001_phosphate_plate5.tif,1,768.000,768,768
24047,F8_01_1_2_Chlorophyll_A_001_phosphate_plate5.tif,1,768.000,768,768
24048,F8_01_1_2_Chlorophyll_A_001_phosphate_plate5.tif,2,832.000,784,880
24049,F8_01_1_2_Chlorophyll_A_001_phosphate_plate5.tif,1,768.000,768,768
24050,F8_01_1_2_Chlorophyll_A_001_phosphate_plate5.tif,1,800.000,800,800
24051,F8_01_1_2_Chlorophyll_A_001_phosphate_plate5.tif,1,784.000,784,784
24052,F8_01_1_2_Chlorophyll_A_001_phosphate_plate5.tif,2,880.000,864,896
24053,F8_01_1_2_Chlorophyll_A_001_phosphate_plate5.tif,27,876.444,768,1072
24054,F8_01_1_2_Chlorophyll_A_001_phosphate_plate5.tif,1,768.000,768,768
24055,F8_01_1_2_Chlorophyll_A_001_phosphate_plate5.tif,1,816.000,816,816
24056,F8_01_1_2_Chlorophyll_A_001_phosphate_plate5.tif,3,901.333,816,1024
24057,F8_01_1_2_Chlorophyll_A_001_phosphate_plate5.tif,226,1665.416,768,11840
24058,F8_01_1_2_Chlorophyll_A_001_phosphate_plate5.tif,2,872.000,848,896
24059,F8_01_1_2_Chlorophyll_A_001_phosphate_plate5.tif,2,912.000,864,960
24060,F8_01_1_2_Chlorophyll_A_001_phosphate_plate5.tif,1,816.000,816,816
24061,F8_01_1_2_Chlorophyll_A_001_phosphate_plate5.tif,1,768.000,768,768
24062,F8_01_1_2_Chlorophyll_A_001_phosphate_plate5.tif,3,874.667,768,1056
24063,F8_01_1_2_Chlorophyll_A_001_phosphate_plate5.tif,1,992.000,992,992
24064,F8_01_1_2_Chlorophyll_A_001_phosphate_plate5.tif,1,864.000,864,864
24065,F8_01_1_2_Chlorophyll_A_001_phosphate_plate5.tif,1,784.000,784,784
24066,F8_01_1_2_Chlorophyll_A_001_phosphate_plate5.tif,1,896.000,896,896
24067,F8_01_1_2_Chlorophyll_A_001_phosphate_plate5.tif,1,848.000,848,848
24068,F8_01_1_2_Chlorophyll_A_001_phosphate_plate5.tif,1,784.000,784,784
24069,F8_01_1_2_Chlorophyll_A_001_phosphate_plate5.tif,5,816.000,784,880
24070,F8_01_1_2_Chlorophyll_A_001_phosphate_plate5.tif,6,842.667,800,896
24071,F8_01_1_2_Chlorophyll_A_001_phosphate_plate5.tif,2,904.000,816,992
24072,F8_01_1_2_Chlorophyll_A_001_phosphate_plate5.tif,3,805.333,768,864
24073,F8_01_1_2_Chlorophyll_A_001_phosphate_plate5.tif,1,768.000,768,768
24074,F8_01_1_2_Chlorophyll_A_001_phosphate_plate5.tif,5,822.400,768,864
24075,F8_01_1_2_Chlorophyll_A_001_phosphate_plate5.tif,3,890.667,816,1024
24076,F8_01_1_2_Chlorophyll_A_001_phosphate_plate5.tif,1,880.000,880,880
24077,F8_01_1_2_Chlorophyll_A_001_phosphate_plate5.tif,1,896.000,896,896
24078,F8_01_1_2_Chlorophyll_A_001_phosphate_plate5.tif,3,906.667,784,1040
24079,F8_01_1_2_Chlorophyll_A_001_phosphate_plate5.tif,2,768.000,768,768
24080,F8_01_1_2_Chlorophyll_A_001_phosphate_plate5.tif,2,816.000,784,848
24081,F8_01_1_2_Chlorophyll_A_001_phosphate_plate5.tif,1,912.000,912,912
24082,F8_01_1_2_Chlorophyll_A_001_phosphate_plate5.tif,2,808.000,768,848
24083,F8_01_1_2_Chlorophyll_A_001_phosphate_plate5.tif,1,912.000,912,912
24084,F8_01_1_2_Chlorophyll_A_001_phosphate_plate5.tif,1,800.000,800,800
24085,F8_01_1_2_Chlorophyll_A_001_phosphate_plate5.tif,3,837.333,784,912
24086,F8_01_1_2_Chlorophyll_A_001_phosphate_plate5.tif,1,784.000,784,784
24087,F8_01_1_2_Chlorophyll_A_001_phosphate_plate5.tif,3,832.000,784,880
24088,F8_01_1_2_Chlorophyll_A_001_phosphate_plate5.tif,1,768.000,768,768
24089,F8_01_1_2_Chlorophyll_A_001_phosphate_plate5.tif,2,808.000,800,816
24090,F8_01_1_2_Chlorophyll_A_001_phosphate_plate5.tif,1,896.000,896,896
24091,F8_01_1_2_Chlorophyll_A_001_phosphate_plate5.tif,1,864.000,864,864
24092,F8_01_1_2_Chlorophyll_A_001_phosphate_plate5.tif,1,768.000,768,768
24093,F8_01_1_2_Chlorophyll_A_001_phosphate_plate5.tif,1,912.000,912,912
24094,F8_01_1_2_Chlorophyll_A_001_phosphate_plate5.tif,1,848.000,848,848
24095,F8_01_1_2_Chlorophyll_A_001_phosphate_plate5.tif,1,768.000,768,768
24096,F8_01_1_2_Chlorophyll_A_001_phosphate_plate5.tif,1,768.000,768,768
24097,F8_01_1_2_Chlorophyll_A_001_phosphate_plate5.tif,2,824.000,816,832
24098,F8_01_1_2_Chlorophyll_A_001_phosphate_plate5.tif,1,848.000,848,848
24099,F8_01_1_2_Chlorophyll_A_001_phosphate_plate5.tif,1,864.000,864,864
24100,F8_01_1_2_Chlorophyll_A_001_phosphate_plate5.tif,1,784.000,784,784
24101,F8_01_1_2_Chlorophyll_A_001_phosphate_plate5.tif,1,768.000,768,768
24102,F8_01_1_2_Chlorophyll_A_001_phosphate_plate5.tif,1,784.000,784,784
24103,F8_01_1_2_Chlorophyll_A_001_phosphate_plate5.tif,1,768.000,768,768
24104,F8_01_1_2_Chlorophyll_A_001_phosphate_plate5.tif,2,768.000,768,768
24105,F8_01_1_2_Chlorophyll_A_001_phosphate_plate5.tif,1,896.000,896,896
24106,F8_01_1_2_Chlorophyll_A_001_phosphate_plate5.tif,1,768.000,768,768
24107,F8_01_1_2_Chlorophyll_A_001_phosphate_plate5.tif,1,784.000,784,784
24108,F8_01_1_2_Chlorophyll_A_001_phosphate_plate5.tif,3,789.333,768,832
24109,F8_01_1_2_Chlorophyll_A_001_phosphate_plate5.tif,1,800.000,800,800
24110,F8_01_1_2_Chlorophyll_A_001_phosphate_plate5.tif,1,784.000,784,784
24111,F8_01_1_2_Chlorophyll_A_001_phosphate_plate5.tif,1,816.000,816,816
24112,F8_01_1_2_Chlorophyll_A_001_phosphate_plate5.tif,2,880.000,816,944
24113,F8_01_1_2_Chlorophyll_A_001_phosphate_plate5.tif,1,800.000,800,800
24114,F8_01_1_2_Chlorophyll_A_001_phosphate_plate5.tif,1,992.000,992,992
24115,F8_01_1_2_Chlorophyll_A_001_phosphate_plate5.tif,43,876.279,768,1168
24116,F8_01_1_2_Chlorophyll_A_001_phosphate_plate5.tif,53,898.717,768,1184
24117,F8_01_1_2_Chlorophyll_A_001_phosphate_plate5.tif,45,896.356,768,1056
24118,F8_01_1_2_Chlorophyll_A_001_phosphate_plate5.tif,49,897.633,768,1184
24119,F8_01_1_2_Chlorophyll_A_001_phosphate_plate5.tif,38,877.474,768,1312
24120,F8_01_1_2_Chlorophyll_A_001_phosphate_plate5.tif,28,870.286,768,1152
24121,F8_01_1_2_Chlorophyll_A_001_phosphate_plate5.tif,3,874.667,848,912
24122,F8_01_1_2_Chlorophyll_A_001_phosphate_plate5.tif,7,854.857,784,1008
24123,F8_01_1_2_Chlorophyll_A_001_phosphate_plate5.tif,1,1072.000,1072,1072
24124,F8_01_1_2_Chlorophyll_A_001_phosphate_plate5.tif,5,822.400,768,864
24125,F8_01_1_2_Chlorophyll_A_001_phosphate_plate5.tif,2,808.000,768,848
24126,F8_01_1_2_Chlorophyll_A_001_phosphate_plate5.tif,1,864.000,864,864
24127,F8_01_1_2_Chlorophyll_A_001_phosphate_plate5.tif,1,784.000,784,784
24128,F8_01_1_2_Chlorophyll_A_001_phosphate_plate5.tif,3,826.667,768,928
24129,F8_01_1_2_Chlorophyll_A_001_phosphate_plate5.tif,4,836.000,800,880
24130,F8_01_1_2_Chlorophyll_A_001_phosphate_plate5.tif,4,804.000,768,880
24131,F8_01_1_2_Chlorophyll_A_001_phosphate_plate5.tif,5,857.600,832,880
24132,F8_01_1_2_Chlorophyll_A_001_phosphate_plate5.tif,1,832.000,832,832
24133,F8_01_1_2_Chlorophyll_A_001_phosphate_plate5.tif,5,780.800,768,800
24134,F8_01_1_2_Chlorophyll_A_001_phosphate_plate5.tif,1,944.000,944,944
24135,F8_01_1_2_Chlorophyll_A_001_phosphate_plate5.tif,1,832.000,832,832
24136,F8_01_1_2_Chlorophyll_A_001_phosphate_plate5.tif,1,816.000,816,816
24137,F8_01_1_2_Chlorophyll_A_001_phosphate_plate5.tif,1,1024.000,1024,1024
24138,F8_01_1_2_Chlorophyll_A_001_phosphate_plate5.tif,1,800.000,800,800
24139,F8_01_1_2_Chlorophyll_A_001_phosphate_plate5.tif,2,880.000,800,960
24140,F8_01_1_2_Chlorophyll_A_001_phosphate_plate5.tif,1,944.000,944,944
24141,F8_01_1_2_Chlorophyll_A_001_phosphate_plate5.tif,2,880.000,784,976
24142,F8_01_1_2_Chlorophyll_A_001_phosphate_plate5.tif,1,784.000,784,784
24143,F8_01_1_2_Chlorophyll_A_001_phosphate_plate5.tif,1,992.000,992,992
24144,F8_01_1_2_Chlorophyll_A_001_phosphate_plate5.tif,3,837.333,768,928
24145,F8_01_1_2_Chlorophyll_A_001_phosphate_plate5.tif,2,824.000,800,848
24146,F8_01_1_2_Chlorophyll_A_001_phosphate_plate5.tif,3,885.333,768,1008
24147,F8_01_1_2_Chlorophyll_A_001_phosphate_plate5.tif,1,832.000,832,832
24148,F8_01_1_2_Chlorophyll_A_001_phosphate_plate5.tif,1,848.000,848,848
24149,F8_01_1_2_Chlorophyll_A_001_phosphate_plate5.tif,1,928.000,928,928
24150,F8_01_1_2_Chlorophyll_A_001_phosphate_plate5.tif,1,768.000,768,768
24151,F8_01_1_2_Chlorophyll_A_001_phosphate_plate5.tif,2,824.000,816,832
24152,F8_01_1_2_Chlorophyll_A_001_phosphate_plate5.tif,3,810.667,768,880
24153,F8_01_1_2_Chlorophyll_A_001_phosphate_plate5.tif,1,912.000,912,912
24154,F8_01_1_2_Chlorophyll_A_001_phosphate_plate5.tif,3,794.667,784,800
24155,F8_01_1_2_Chlorophyll_A_001_phosphate_plate5.tif,1,768.000,768,768
24156,F8_01_1_2_Chlorophyll_A_001_phosphate_plate5.tif,4,880.000,848,896
24157,F8_01_1_2_Chlorophyll_A_001_phosphate_plate5.tif,6,853.333,768,976
24158,F8_01_1_2_Chlorophyll_A_001_phosphate_plate5.tif,40,880.000,768,1088
24159,F8_01_1_2_Chlorophyll_A_001_phosphate_plate5.tif,61,882.885,768,1216
24160,F8_01_1_2_Chlorophyll_A_001_phosphate_plate5.tif,38,892.211,768,1232
24161,F8_01_1_2_Chlorophyll_A_001_phosphate_plate5.tif,45,863.644,768,1056
24162,F8_01_1_2_Chlorophyll_A_001_phosphate_plate5.tif,2,832.000,816,848
24163,F8_01_1_2_Chlorophyll_A_001_phosphate_plate5.tif,4,848.000,768,928
24164,F8_01_1_2_Chlorophyll_A_001_phosphate_plate5.tif,1,1056.000,1056,1056
24165,F8_01_1_2_Chlorophyll_A_001_phosphate_plate5.tif,1,816.000,816,816
24166,F8_01_1_2_Chlorophyll_A_001_phosphate_plate5.tif,4,828.000,784,864
24167,F8_01_1_2_Chlorophyll_A_001_phosphate_plate5.tif,3,821.333,800,848
24168,F8_01_1_2_Chlorophyll_A_001_phosphate_plate5.tif,4,828.000,784,896
24169,F8_01_1_2_Chlorophyll_A_001_phosphate_plate5.tif,152,1908.632,768,14720
24170,F8_01_1_2_Chlorophyll_A_001_phosphate_plate5.tif,2,880.000,848,912
24171,F8_01_1_2_Chlorophyll_A_001_phosphate_plate5.tif,1,768.000,768,768
24172,F8_01_1_2_Chlorophyll_A_001_phosphate_plate5.tif,2,880.000,800,960
24173,F8_01_1_2_Chlorophyll_A_001_phosphate_plate5.tif,3,810.667,768,864
24174,F8_01_1_2_Chlorophyll_A_001_phosphate_plate5.tif,1,816.000,816,816
24175,F8_01_1_2_Chlorophyll_A_001_phosphate_plate5.tif,4,840.000,768,944
24176,F8_01_1_2_Chlorophyll_A_001_phosphate_plate5.tif,3,917.333,768,1200
24177,F8_01_1_2_Chlorophyll_A_001_phosphate_plate5.tif,1,896.000,896,896
24178,F8_01_1_2_Chlorophyll_A_001_phosphate_plate5.tif,1,800.000,800,800
24179,F8_01_1_2_Chlorophyll_A_001_phosphate_plate5.tif,1,816.000,816,816
24180,F8_01_1_2_Chlorophyll_A_001_phosphate_plate5.tif,2,816.000,800,832
24181,F8_01_1_2_Chlorophyll_A_001_phosphate_plate5.tif,1,784.000,784,784
24182,F8_01_1_2_Chlorophyll_A_001_phosphate_plate5.tif,1,784.000,784,784
24183,F8_01_1_2_Chlorophyll_A_001_phosphate_plate5.tif,2,784.000,784,784
24184,F8_01_1_2_Chlorophyll_A_001_phosphate_plate5.tif,1,800.000,800,800
24185,F8_01_1_2_Chlorophyll_A_001_phosphate_plate5.tif,1,848.000,848,848
24186,F8_01_1_2_Chlorophyll_A_001_phosphate_plate5.tif,1,992.000,992,992
24187,F8_01_1_2_Chlorophyll_A_001_phosphate_plate5.tif,1,784.000,784,784
24188,F8_01_1_2_Chlorophyll_A_001_phosphate_plate5.tif,7,802.286,768,848
24189,F8_01_1_2_Chlorophyll_A_001_phosphate_plate5.tif,2,784.000,768,800
24190,F8_01_1_2_Chlorophyll_A_001_phosphate_plate5.tif,1,784.000,784,784
24191,F8_01_1_2_Chlorophyll_A_001_phosphate_plate5.tif,1,768.000,768,768
24192,F8_01_1_2_Chlorophyll_A_001_phosphate_plate5.tif,1,784.000,784,784
24193,F8_01_1_2_Chlorophyll_A_001_phosphate_plate5.tif,1,864.000,864,864
24194,F8_01_1_2_Chlorophyll_A_001_phosphate_plate5.tif,1,784.000,784,784
24195,F8_01_1_2_Chlorophyll_A_001_phosphate_plate5.tif,1,768.000,768,768
24196,F8_01_1_2_Chlorophyll_A_001_phosphate_plate5.tif,1,800.000,800,800
24197,F8_01_1_2_Chlorophyll_A_001_phosphate_plate5.tif,1,816.000,816,816
24198,F8_01_1_2_Chlorophyll_A_001_phosphate_plate5.tif,1,816.000,816,816
24199,F8_01_1_2_Chlorophyll_A_001_phosphate_plate5.tif,1,816.000,816,816
24200,F8_01_1_2_Chlorophyll_A_001_phosphate_plate5.tif,3,800.000,784,816
24201,F8_01_1_2_Chlorophyll_A_001_phosphate_plate5.tif,1,896.000,896,896
24202,F8_01_1_2_Chlorophyll_A_001_phosphate_plate5.tif,1,800.000,800,800
24203,F8_01_1_2_Chlorophyll_A_001_phosphate_plate5.tif,1,784.000,784,784
24204,F8_01_1_2_Chlorophyll_A_001_phosphate_plate5.tif,2,856.000,832,880
24205,F8_01_1_2_Chlorophyll_A_001_phosphate_plate5.tif,2,800.000,784,816
24206,F8_01_1_2_Chlorophyll_A_001_phosphate_plate5.tif,4,808.000,784,848
24207,F8_01_1_2_Chlorophyll_A_001_phosphate_plate5.tif,2,896.000,848,944
24208,F8_01_1_2_Chlorophyll_A_001_phosphate_plate5.tif,78,864.615,768,1152
24209,F8_01_1_2_Chlorophyll_A_001_phosphate_plate5.tif,43,878.512,768,1104
24210,F8_01_1_2_Chlorophyll_A_001_phosphate_plate5.tif,1,832.000,832,832
24211,F8_01_1_2_Chlorophyll_A_001_phosphate_plate5.tif,317,1416.076,768,12640
24212,F8_01_1_2_Chlorophyll_A_001_phosphate_plate5.tif,4,872.000,800,928
24213,F8_01_1_2_Chlorophyll_A_001_phosphate_plate5.tif,2,776.000,768,784
24214,F8_01_1_2_Chlorophyll_A_001_phosphate_plate5.tif,1,800.000,800,800
24215,F8_01_1_2_Chlorophyll_A_001_phosphate_plate5.tif,1,768.000,768,768
24216,F8_01_1_2_Chlorophyll_A_001_phosphate_plate5.tif,1,848.000,848,848
24217,F8_01_1_2_Chlorophyll_A_001_phosphate_plate5.tif,2,856.000,784,928
24218,F8_01_1_2_Chlorophyll_A_001_phosphate_plate5.tif,2,792.000,768,816
24219,F8_01_1_2_Chlorophyll_A_001_phosphate_plate5.tif,1,784.000,784,784
24220,F8_01_1_2_Chlorophyll_A_001_phosphate_plate5.tif,1,848.000,848,848
24221,F8_01_1_2_Chlorophyll_A_001_phosphate_plate5.tif,1,896.000,896,896
24222,F8_01_1_2_Chlorophyll_A_001_phosphate_plate5.tif,3,885.333,864,912
24223,F8_01_1_2_Chlorophyll_A_001_phosphate_plate5.tif,3,933.333,800,1104
24224,F8_01_1_2_Chlorophyll_A_001_phosphate_plate5.tif,1,832.000,832,832
24225,F8_01_1_2_Chlorophyll_A_001_phosphate_plate5.tif,5,835.200,768,928
24226,F8_01_1_2_Chlorophyll_A_001_phosphate_plate5.tif,1,896.000,896,896
24227,F8_01_1_2_Chlorophyll_A_001_phosphate_plate5.tif,7,800.000,768,848
24228,F8_01_1_2_Chlorophyll_A_001_phosphate_plate5.tif,1,768.000,768,768
24229,F8_01_1_2_Chlorophyll_A_001_phosphate_plate5.tif,1,816.000,816,816
24230,F8_01_1_2_Chlorophyll_A_001_phosphate_plate5.tif,2,776.000,768,784
24231,F8_01_1_2_Chlorophyll_A_001_phosphate_plate5.tif,1,768.000,768,768
24232,F8_01_1_2_Chlorophyll_A_001_phosphate_plate5.tif,1,784.000,784,784
24233,F8_01_1_2_Chlorophyll_A_001_phosphate_plate5.tif,1,960.000,960,960
24234,F8_01_1_2_Chlorophyll_A_001_phosphate_plate5.tif,1,784.000,784,784
24235,F8_01_1_2_Chlorophyll_A_001_phosphate_plate5.tif,1,800.000,800,800
24236,F8_01_1_2_Chlorophyll_A_001_phosphate_plate5.tif,1,896.000,896,896
24237,F8_01_1_2_Chlorophyll_A_001_phosphate_plate5.tif,1,768.000,768,768
24238,F8_01_1_2_Chlorophyll_A_001_phosphate_plate5.tif,1,784.000,784,784
24239,F8_01_1_2_Chlorophyll_A_001_phosphate_plate5.tif,2,896.000,800,992
24240,F8_01_1_2_Chlorophyll_A_001_phosphate_plate5.tif,1,816.000,816,816
24241,F8_01_1_2_Chlorophyll_A_001_phosphate_plate5.tif,1,800.000,800,800
24242,F8_01_1_2_Chlorophyll_A_001_phosphate_plate5.tif,1,768.000,768,768
24243,F8_01_1_2_Chlorophyll_A_001_phosphate_plate5.tif,1,896.000,896,896
24244,F8_01_1_2_Chlorophyll_A_001_phosphate_plate5.tif,1,832.000,832,832
24245,F8_01_1_2_Chlorophyll_A_001_phosphate_plate5.tif,1,784.000,784,784
24246,F8_01_1_2_Chlorophyll_A_001_phosphate_plate5.tif,2,816.000,816,816
24247,F8_01_1_2_Chlorophyll_A_001_phosphate_plate5.tif,1,816.000,816,816
24248,F8_01_1_2_Chlorophyll_A_001_phosphate_plate5.tif,1,816.000,816,816
24249,F8_01_1_2_Chlorophyll_A_001_phosphate_plate5.tif,2,768.000,768,768
24250,F8_01_1_2_Chlorophyll_A_001_phosphate_plate5.tif,1,816.000,816,816
24251,F8_01_1_2_Chlorophyll_A_001_phosphate_plate5.tif,1,784.000,784,784
24252,F8_01_1_2_Chlorophyll_A_001_phosphate_plate5.tif,1,928.000,928,928
24253,F8_01_1_2_Chlorophyll_A_001_phosphate_plate5.tif,1,1152.000,1152,1152
24254,F8_01_1_2_Chlorophyll_A_001_phosphate_plate5.tif,1,784.000,784,784
24255,F8_01_1_2_Chlorophyll_A_001_phosphate_plate5.tif,1,800.000,800,800
24256,F8_01_1_2_Chlorophyll_A_001_phosphate_plate5.tif,1,768.000,768,768
24257,F8_01_1_2_Chlorophyll_A_001_phosphate_plate5.tif,1,816.000,816,816
24258,F8_01_1_2_Chlorophyll_A_001_phosphate_plate5.tif,3,837.333,816,864
24259,F8_01_1_2_Chlorophyll_A_001_phosphate_plate5.tif,1,816.000,816,816
24260,F8_01_1_2_Chlorophyll_A_001_phosphate_plate5.tif,1,800.000,800,800
24261,F8_01_1_2_Chlorophyll_A_001_phosphate_plate5.tif,63,875.175,768,1104
24262,F8_01_1_2_Chlorophyll_A_001_phosphate_plate5.tif,58,863.172,768,1072
24263,F8_01_1_2_Chlorophyll_A_001_phosphate_plate5.tif,1,880.000,880,880
24264,F8_01_1_2_Chlorophyll_A_001_phosphate_plate5.tif,64,888.250,768,1184
24265,F8_01_1_2_Chlorophyll_A_001_phosphate_plate5.tif,43,888.186,768,1152
24266,F8_01_1_2_Chlorophyll_A_001_phosphate_plate5.tif,1,832.000,832,832
24267,F8_01_1_2_Chlorophyll_A_001_phosphate_plate5.tif,9,880.000,784,1072
24268,F8_01_1_2_Chlorophyll_A_001_phosphate_plate5.tif,1,1040.000,1040,1040
24269,F8_01_1_2_Chlorophyll_A_001_phosphate_plate5.tif,6,818.667,768,960
24270,F8_01_1_2_Chlorophyll_A_001_phosphate_plate5.tif,5,838.400,784,912
24271,F8_01_1_2_Chlorophyll_A_001_phosphate_plate5.tif,5,828.800,784,864
24272,F8_01_1_2_Chlorophyll_A_001_phosphate_plate5.tif,2,920.000,880,960
24273,F8_01_1_2_Chlorophyll_A_001_phosphate_plate5.tif,4,820.000,768,864
24274,F8_01_1_2_Chlorophyll_A_001_phosphate_plate5.tif,119,1882.487,768,12608
24275,F8_01_1_2_Chlorophyll_A_001_phosphate_plate5.tif,2,912.000,848,976
24276,F8_01_1_2_Chlorophyll_A_001_phosphate_plate5.tif,2,832.000,816,848
24277,F8_01_1_2_Chlorophyll_A_001_phosphate_plate5.tif,1,976.000,976,976
24278,F8_01_1_2_Chlorophyll_A_001_phosphate_plate5.tif,3,848.000,784,928
24279,F8_01_1_2_Chlorophyll_A_001_phosphate_plate5.tif,1,800.000,800,800
24280,F8_01_1_2_Chlorophyll_A_001_phosphate_plate5.tif,1,832.000,832,832
24281,F8_01_1_2_Chlorophyll_A_001_phosphate_plate5.tif,2,840.000,800,880
24282,F8_01_1_2_Chlorophyll_A_001_phosphate_plate5.tif,74,1643.459,768,6688
24283,F8_01_1_2_Chlorophyll_A_001_phosphate_plate5.tif,166,2728.386,768,18400
24284,F8_01_1_2_Chlorophyll_A_001_phosphate_plate5.tif,1,784.000,784,784
24285,F8_01_1_2_Chlorophyll_A_001_phosphate_plate5.tif,1,912.000,912,912
24286,F8_01_1_2_Chlorophyll_A_001_phosphate_plate5.tif,1,768.000,768,768
24287,F8_01_1_2_Chlorophyll_A_001_phosphate_plate5.tif,1,784.000,784,784
24288,F8_01_1_2_Chlorophyll_A_001_phosphate_plate5.tif,2,920.000,768,1072
24289,F8_01_1_2_Chlorophyll_A_001_phosphate_plate5.tif,1,832.000,832,832
24290,F8_01_1_2_Chlorophyll_A_001_phosphate_plate5.tif,5,889.600,784,976
24291,F8_01_1_2_Chlorophyll_A_001_phosphate_plate5.tif,1,784.000,784,784
24292,F8_01_1_2_Chlorophyll_A_001_phosphate_plate5.tif,1,848.000,848,848
24293,F8_01_1_2_Chlorophyll_A_001_phosphate_plate5.tif,2,848.000,768,928
24294,F8_01_1_2_Chlorophyll_A_001_phosphate_plate5.tif,1,768.000,768,768
24295,F8_01_1_2_Chlorophyll_A_001_phosphate_plate5.tif,1,880.000,880,880
24296,F8_01_1_2_Chlorophyll_A_001_phosphate_plate5.tif,1,768.000,768,768
24297,F8_01_1_2_Chlorophyll_A_001_phosphate_plate5.tif,1,976.000,976,976
24298,F8_01_1_2_Chlorophyll_A_001_phosphate_plate5.tif,1,848.000,848,848
24299,F8_01_1_2_Chlorophyll_A_001_phosphate_plate5.tif,1,784.000,784,784
24300,F8_01_1_2_Chlorophyll_A_001_phosphate_plate5.tif,1,768.000,768,768
24301,F8_01_1_2_Chlorophyll_A_001_phosphate_plate5.tif,1,848.000,848,848
24302,F8_01_1_2_Chlorophyll_A_001_phosphate_plate5.tif,1,800.000,800,800
24303,F8_01_1_2_Chlorophyll_A_001_phosphate_plate5.tif,1,912.000,912,912
24304,F8_01_1_2_Chlorophyll_A_001_phosphate_plate5.tif,1,816.000,816,816
24305,F8_01_1_2_Chlorophyll_A_001_phosphate_plate5.tif,2,808.000,768,848
24306,F8_01_1_2_Chlorophyll_A_001_phosphate_plate5.tif,1,864.000,864,864
24307,F8_01_1_2_Chlorophyll_A_001_phosphate_plate5.tif,1,768.000,768,768
24308,F8_01_1_2_Chlorophyll_A_001_phosphate_plate5.tif,5,838.400,768,944
24309,F8_01_1_2_Chlorophyll_A_001_phosphate_plate5.tif,6,808.000,768,912
24310,F8_01_1_2_Chlorophyll_A_001_phosphate_plate5.tif,56,876.857,768,1056
24311,F8_01_1_2_Chlorophyll_A_001_phosphate_plate5.tif,10,849.600,768,912
24312,F8_01_1_2_Chlorophyll_A_001_phosphate_plate5.tif,2,832.000,816,848
24313,F8_01_1_2_Chlorophyll_A_001_phosphate_plate5.tif,1,816.000,816,816
24314,F8_01_1_2_Chlorophyll_A_001_phosphate_plate5.tif,2,800.000,800,800
24315,F8_01_1_2_Chlorophyll_A_001_phosphate_plate5.tif,3,821.333,784,864
24316,F8_01_1_2_Chlorophyll_A_001_phosphate_plate5.tif,3,837.333,784,880
24317,F8_01_1_2_Chlorophyll_A_001_phosphate_plate5.tif,1,784.000,784,784
24318,F8_01_1_2_Chlorophyll_A_001_phosphate_plate5.tif,2,816.000,800,832
24319,F8_01_1_2_Chlorophyll_A_001_phosphate_plate5.tif,2,776.000,768,784
24320,F8_01_1_2_Chlorophyll_A_001_phosphate_plate5.tif,2,800.000,784,816
24321,F8_01_1_2_Chlorophyll_A_001_phosphate_plate5.tif,2,840.000,832,848
24322,F8_01_1_2_Chlorophyll_A_001_phosphate_plate5.tif,1,832.000,832,832
24323,F8_01_1_2_Chlorophyll_A_001_phosphate_plate5.tif,1,848.000,848,848
24324,F8_01_1_2_Chlorophyll_A_001_phosphate_plate5.tif,2,824.000,784,864
24325,F8_01_1_2_Chlorophyll_A_001_phosphate_plate5.tif,1,912.000,912,912
24326,F8_01_1_2_Chlorophyll_A_001_phosphate_plate5.tif,5,835.200,768,896
24327,F8_01_1_2_Chlorophyll_A_001_phosphate_plate5.tif,3,885.333,768,976
24328,F8_01_1_2_Chlorophyll_A_001_phosphate_plate5.tif,1,864.000,864,864
24329,F8_01_1_2_Chlorophyll_A_001_phosphate_plate5.tif,4,792.000,768,832
24330,F8_01_1_2_Chlorophyll_A_001_phosphate_plate5.tif,1,848.000,848,848
24331,F8_01_1_2_Chlorophyll_A_001_phosphate_plate5.tif,1,768.000,768,768
24332,F8_01_1_2_Chlorophyll_A_001_phosphate_plate5.tif,4,852.000,784,912
24333,F8_01_1_2_Chlorophyll_A_001_phosphate_plate5.tif,1,784.000,784,784
24334,F8_01_1_2_Chlorophyll_A_001_phosphate_plate5.tif,2,872.000,800,944
24335,F8_01_1_2_Chlorophyll_A_001_phosphate_plate5.tif,1,848.000,848,848
24336,F8_01_1_2_Chlorophyll_A_001_phosphate_plate5.tif,1,976.000,976,976
24337,F8_01_1_2_Chlorophyll_A_001_phosphate_plate5.tif,2,848.000,768,928
24338,F8_01_1_2_Chlorophyll_A_001_phosphate_plate5.tif,2,880.000,800,960
24339,F8_01_1_2_Chlorophyll_A_001_phosphate_plate5.tif,1,784.000,784,784
24340,F8_01_1_2_Chlorophyll_A_001_phosphate_plate5.tif,2,864.000,816,912
24341,F8_01_1_2_Chlorophyll_A_001_phosphate_plate5.tif,3,800.000,784,816
24342,F8_01_1_2_Chlorophyll_A_001_phosphate_plate5.tif,1,832.000,832,832
24343,F8_01_1_2_Chlorophyll_A_001_phosphate_plate5.tif,3,784.000,768,800
24344,F8_01_1_2_Chlorophyll_A_001_phosphate_plate5.tif,1,880.000,880,880
24345,F8_01_1_2_Chlorophyll_A_001_phosphate_plate5.tif,2,856.000,848,864
24346,F8_01_1_2_Chlorophyll_A_001_phosphate_plate5.tif,3,842.667,816,880
24347,F8_01_1_2_Chlorophyll_A_001_phosphate_plate5.tif,4,816.000,784,864
24348,F8_01_1_2_Chlorophyll_A_001_phosphate_plate5.tif,1,880.000,880,880
24349,F8_01_1_2_Chlorophyll_A_001_phosphate_plate5.tif,1,816.000,816,816
24350,F8_01_1_2_Chlorophyll_A_001_phosphate_plate5.tif,3,805.333,784,832
24351,F8_01_1_2_Chlorophyll_A_001_phosphate_plate5.tif,1,912.000,912,912
24352,F8_01_1_2_Chlorophyll_A_001_phosphate_plate5.tif,2,768.000,768,768
24353,F8_01_1_2_Chlorophyll_A_001_phosphate_plate5.tif,2,848.000,784,912
24354,F8_01_1_2_Chlorophyll_A_001_phosphate_plate5.tif,1,768.000,768,768
24355,F8_01_1_2_Chlorophyll_A_001_phosphate_plate5.tif,1,864.000,864,864
24356,F8_01_1_2_Chlorophyll_A_001_phosphate_plate5.tif,1,1056.000,1056,1056
24357,F8_01_1_2_Chlorophyll_A_001_phosphate_plate5.tif,3,805.333,784,848
24358,F8_01_1_2_Chlorophyll_A_001_phosphate_plate5.tif,2,776.000,768,784
24359,F8_01_1_2_Chlorophyll_A_001_phosphate_plate5.tif,1,848.000,848,848
24360,F8_01_1_2_Chlorophyll_A_001_phosphate_plate5.tif,2,848.000,848,848
24361,F8_01_1_2_Chlorophyll_A_001_phosphate_plate5.tif,2,816.000,816,816
24362,F8_01_1_2_Chlorophyll_A_001_phosphate_plate5.tif,1,912.000,912,912
24363,F8_01_1_2_Chlorophyll_A_001_phosphate_plate5.tif,1,768.000,768,768
24364,F8_01_1_2_Chlorophyll_A_001_phosphate_plate5.tif,1,864.000,864,864
24365,F8_01_1_2_Chlorophyll_A_001_phosphate_plate5.tif,3,837.333,768,928
24366,F8_01_1_2_Chlorophyll_A_001_phosphate_plate5.tif,3,800.000,800,800
24367,F8_01_1_2_Chlorophyll_A_001_phosphate_plate5.tif,1,864.000,864,864
24368,F8_01_1_2_Chlorophyll_A_001_phosphate_plate5.tif,1,784.000,784,784
24369,F8_01_1_2_Chlorophyll_A_001_phosphate_plate5.tif,80,863.600,768,1072
24370,F8_01_1_2_Chlorophyll_A_001_phosphate_plate5.tif,2,920.000,816,1024
24371,F8_01_1_2_Chlorophyll_A_001_phosphate_plate5.tif,1,912.000,912,912
24372,F8_01_1_2_Chlorophyll_A_001_phosphate_plate5.tif,6,810.667,784,928
24373,F8_01_1_2_Chlorophyll_A_001_phosphate_plate5.tif,1,800.000,800,800
24374,F8_01_1_2_Chlorophyll_A_001_phosphate_plate5.tif,2,832.000,800,864
24375,F8_01_1_2_Chlorophyll_A_001_phosphate_plate5.tif,1,912.000,912,912
24376,F8_01_1_2_Chlorophyll_A_001_phosphate_plate5.tif,35,834.286,768,1024
24377,F8_01_1_2_Chlorophyll_A_001_phosphate_plate5.tif,2,784.000,768,800
24378,F8_01_1_2_Chlorophyll_A_001_phosphate_plate5.tif,1,800.000,800,800
24379,F8_01_1_2_Chlorophyll_A_001_phosphate_plate5.tif,4,796.000,768,848
24380,F8_01_1_2_Chlorophyll_A_001_phosphate_plate5.tif,2,912.000,880,944
24381,F8_01_1_2_Chlorophyll_A_001_phosphate_plate5.tif,1,800.000,800,800
24382,F8_01_1_2_Chlorophyll_A_001_phosphate_plate5.tif,1,800.000,800,800
24383,F8_01_1_2_Chlorophyll_A_001_phosphate_plate5.tif,1,880.000,880,880
24384,F8_01_1_2_Chlorophyll_A_001_phosphate_plate5.tif,1,768.000,768,768
24385,F8_01_1_2_Chlorophyll_A_001_phosphate_plate5.tif,1,880.000,880,880
24386,F8_01_1_2_Chlorophyll_A_001_phosphate_plate5.tif,1,1024.000,1024,1024
24387,F8_01_1_2_Chlorophyll_A_001_phosphate_plate5.tif,3,821.333,784,880
24388,F8_01_1_2_Chlorophyll_A_001_phosphate_plate5.tif,2,800.000,784,816
24389,F8_01_1_2_Chlorophyll_A_001_phosphate_plate5.tif,1,896.000,896,896
24390,F8_01_1_2_Chlorophyll_A_001_phosphate_plate5.tif,1,1040.000,1040,1040
24391,F8_01_1_2_Chlorophyll_A_001_phosphate_plate5.tif,1,976.000,976,976
24392,F8_01_1_2_Chlorophyll_A_001_phosphate_plate5.tif,1,768.000,768,768
24393,F8_01_1_2_Chlorophyll_A_001_phosphate_plate5.tif,1,784.000,784,784
24394,F8_01_1_2_Chlorophyll_A_001_phosphate_plate5.tif,1,960.000,960,960
24395,F8_01_1_2_Chlorophyll_A_001_phosphate_plate5.tif,119,2462.790,768,17440
24396,F8_01_1_2_Chlorophyll_A_001_phosphate_plate5.tif,1,912.000,912,912
24397,F8_01_1_2_Chlorophyll_A_001_phosphate_plate5.tif,1,880.000,880,880
24398,F8_01_1_2_Chlorophyll_A_001_phosphate_plate5.tif,2,896.000,848,944
24399,F8_01_1_2_Chlorophyll_A_001_phosphate_plate5.tif,1,768.000,768,768
24400,F8_01_1_2_Chlorophyll_A_001_phosphate_plate5.tif,4,816.000,768,896
24401,F8_01_1_2_Chlorophyll_A_001_phosphate_plate5.tif,1,784.000,784,784
24402,F8_01_1_2_Chlorophyll_A_001_phosphate_plate5.tif,1,784.000,784,784
24403,F8_01_1_2_Chlorophyll_A_001_phosphate_plate5.tif,1,784.000,784,784
24404,F8_01_1_2_Chlorophyll_A_001_phosphate_plate5.tif,1,816.000,816,816
24405,F8_01_1_2_Chlorophyll_A_001_phosphate_plate5.tif,1,768.000,768,768
24406,F8_01_1_2_Chlorophyll_A_001_phosphate_plate5.tif,1,768.000,768,768
24407,F8_01_1_2_Chlorophyll_A_001_phosphate_plate5.tif,2,864.000,800,928
24408,F8_01_1_2_Chlorophyll_A_001_phosphate_plate5.tif,1,800.000,800,800
24409,F8_01_1_2_Chlorophyll_A_001_phosphate_plate5.tif,3,821.333,768,912
24410,F8_01_1_2_Chlorophyll_A_001_phosphate_plate5.tif,1,816.000,816,816
24411,F8_01_1_2_Chlorophyll_A_001_phosphate_plate5.tif,1,800.000,800,800
24412,F8_01_1_2_Chlorophyll_A_001_phosphate_plate5.tif,2,776.000,768,784
24413,F8_01_1_2_Chlorophyll_A_001_phosphate_plate5.tif,1,832.000,832,832
24414,F8_01_1_2_Chlorophyll_A_001_phosphate_plate5.tif,1,848.000,848,848
24415,F8_01_1_2_Chlorophyll_A_001_phosphate_plate5.tif,1,960.000,960,960
24416,F8_01_1_2_Chlorophyll_A_001_phosphate_plate5.tif,1,848.000,848,848
24417,F8_01_1_2_Chlorophyll_A_001_phosphate_plate5.tif,9,851.556,768,1088
24418,F8_01_1_2_Chlorophyll_A_001_phosphate_plate5.tif,36,853.333,768,1136
24419,F8_01_1_2_Chlorophyll_A_001_phosphate_plate5.tif,29,845.793,768,1024
24420,F8_01_1_2_Chlorophyll_A_001_phosphate_plate5.tif,1,784.000,784,784
24421,F8_01_1_2_Chlorophyll_A_001_phosphate_plate5.tif,1,848.000,848,848
24422,F8_01_1_2_Chlorophyll_A_001_phosphate_plate5.tif,9,864.000,768,1088
24423,F8_01_1_2_Chlorophyll_A_001_phosphate_plate5.tif,3,901.333,768,992
24424,F8_01_1_2_Chlorophyll_A_001_phosphate_plate5.tif,1,896.000,896,896
24425,F8_01_1_2_Chlorophyll_A_001_phosphate_plate5.tif,1,880.000,880,880
24426,F8_01_1_2_Chlorophyll_A_001_phosphate_plate5.tif,2,776.000,768,784
24427,F8_01_1_2_Chlorophyll_A_001_phosphate_plate5.tif,1,768.000,768,768
24428,F8_01_1_2_Chlorophyll_A_001_phosphate_plate5.tif,1,880.000,880,880
24429,F8_01_1_2_Chlorophyll_A_001_phosphate_plate5.tif,6,832.000,768,928
24430,F8_01_1_2_Chlorophyll_A_001_phosphate_plate5.tif,1,960.000,960,960
24431,F8_01_1_2_Chlorophyll_A_001_phosphate_plate5.tif,2,840.000,800,880
24432,F8_01_1_2_Chlorophyll_A_001_phosphate_plate5.tif,2,816.000,784,848
24433,F8_01_1_2_Chlorophyll_A_001_phosphate_plate5.tif,8,860.000,784,1040
24434,F8_01_1_2_Chlorophyll_A_001_phosphate_plate5.tif,1,768.000,768,768
24435,F8_01_1_2_Chlorophyll_A_001_phosphate_plate5.tif,1,768.000,768,768
24436,F8_01_1_2_Chlorophyll_A_001_phosphate_plate5.tif,3,869.333,832,896
24437,F8_01_1_2_Chlorophyll_A_001_phosphate_plate5.tif,1,800.000,800,800
24438,F8_01_1_2_Chlorophyll_A_001_phosphate_plate5.tif,2,808.000,784,832
24439,F8_01_1_2_Chlorophyll_A_001_phosphate_plate5.tif,1,816.000,816,816
24440,F8_01_1_2_Chlorophyll_A_001_phosphate_plate5.tif,2,928.000,880,976
24441,F8_01_1_2_Chlorophyll_A_001_phosphate_plate5.tif,2,832.000,800,864
24442,F8_01_1_2_Chlorophyll_A_001_phosphate_plate5.tif,1,816.000,816,816
24443,F8_01_1_2_Chlorophyll_A_001_phosphate_plate5.tif,1,864.000,864,864
24444,F8_01_1_2_Chlorophyll_A_001_phosphate_plate5.tif,1,848.000,848,848
24445,F8_01_1_2_Chlorophyll_A_001_phosphate_plate5.tif,1,832.000,832,832
24446,F8_01_1_2_Chlorophyll_A_001_phosphate_plate5.tif,1,848.000,848,848
24447,F8_01_1_2_Chlorophyll_A_001_phosphate_plate5.tif,1,768.000,768,768
24448,F8_01_1_2_Chlorophyll_A_001_phosphate_plate5.tif,1,864.000,864,864
24449,F8_01_1_2_Chlorophyll_A_001_phosphate_plate5.tif,3,773.333,768,784
24450,F8_01_1_2_Chlorophyll_A_001_phosphate_plate5.tif,1,848.000,848,848
24451,F8_01_1_2_Chlorophyll_A_001_phosphate_plate5.tif,1,928.000,928,928
24452,F8_01_1_2_Chlorophyll_A_001_phosphate_plate5.tif,1,848.000,848,848
24453,F8_01_1_2_Chlorophyll_A_001_phosphate_plate5.tif,1,784.000,784,784
24454,F8_01_1_2_Chlorophyll_A_001_phosphate_plate5.tif,2,888.000,816,960
24455,F8_01_1_2_Chlorophyll_A_001_phosphate_plate5.tif,1,848.000,848,848
24456,F8_01_1_2_Chlorophyll_A_001_phosphate_plate5.tif,2,872.000,864,880
24457,F8_01_1_2_Chlorophyll_A_001_phosphate_plate5.tif,3,810.667,768,880
24458,F8_01_1_2_Chlorophyll_A_001_phosphate_plate5.tif,1,816.000,816,816
24459,F8_01_1_2_Chlorophyll_A_001_phosphate_plate5.tif,1,816.000,816,816
24460,F8_01_1_2_Chlorophyll_A_001_phosphate_plate5.tif,2,776.000,768,784
24461,F8_01_1_2_Chlorophyll_A_001_phosphate_plate5.tif,1,784.000,784,784
24462,F8_01_1_2_Chlorophyll_A_001_phosphate_plate5.tif,1,784.000,784,784
24463,F8_01_1_2_Chlorophyll_A_001_phosphate_plate5.tif,1,816.000,816,816
24464,F8_01_1_2_Chlorophyll_A_001_phosphate_plate5.tif,1,848.000,848,848
24465,F8_01_1_2_Chlorophyll_A_001_phosphate_plate5.tif,1,768.000,768,768
24466,F8_01_1_2_Chlorophyll_A_001_phosphate_plate5.tif,1,880.000,880,880
24467,F8_01_1_2_Chlorophyll_A_001_phosphate_plate5.tif,32,902.000,768,1232
24468,F8_01_1_2_Chlorophyll_A_001_phosphate_plate5.tif,199,860.382,768,1168
24469,F8_01_1_2_Chlorophyll_A_001_phosphate_plate5.tif,1,800.000,800,800
24470,F8_01_1_2_Chlorophyll_A_001_phosphate_plate5.tif,1,800.000,800,800
24471,F8_01_1_2_Chlorophyll_A_001_phosphate_plate5.tif,1,800.000,800,800
24472,F8_01_1_2_Chlorophyll_A_001_phosphate_plate5.tif,2,776.000,768,784
24473,F8_01_1_2_Chlorophyll_A_001_phosphate_plate5.tif,4,828.000,768,912
24474,F8_01_1_2_Chlorophyll_A_001_phosphate_plate5.tif,2,800.000,784,816
24475,F8_01_1_2_Chlorophyll_A_001_phosphate_plate5.tif,3,826.667,768,896
24476,F8_01_1_2_Chlorophyll_A_001_phosphate_plate5.tif,2,888.000,784,992
24477,F8_01_1_2_Chlorophyll_A_001_phosphate_plate5.tif,1,848.000,848,848
24478,F8_01_1_2_Chlorophyll_A_001_phosphate_plate5.tif,1,816.000,816,816
24479,F8_01_1_2_Chlorophyll_A_001_phosphate_plate5.tif,2,800.000,768,832
24480,F8_01_1_2_Chlorophyll_A_001_phosphate_plate5.tif,1,864.000,864,864
24481,F8_01_1_2_Chlorophyll_A_001_phosphate_plate5.tif,1,880.000,880,880
24482,F8_01_1_2_Chlorophyll_A_001_phosphate_plate5.tif,1,864.000,864,864
24483,F8_01_1_2_Chlorophyll_A_001_phosphate_plate5.tif,1,896.000,896,896
24484,F8_01_1_2_Chlorophyll_A_001_phosphate_plate5.tif,1,800.000,800,800
24485,F8_01_1_2_Chlorophyll_A_001_phosphate_plate5.tif,1,832.000,832,832
24486,F8_01_1_2_Chlorophyll_A_001_phosphate_plate5.tif,1,768.000,768,768
24487,F8_01_1_2_Chlorophyll_A_001_phosphate_plate5.tif,1,896.000,896,896
24488,F8_01_1_2_Chlorophyll_A_001_phosphate_plate5.tif,8,800.000,768,848
24489,F8_01_1_2_Chlorophyll_A_001_phosphate_plate5.tif,1,848.000,848,848
24490,F8_01_1_2_Chlorophyll_A_001_phosphate_plate5.tif,1,768.000,768,768
24491,F8_01_1_2_Chlorophyll_A_001_phosphate_plate5.tif,1,768.000,768,768
24492,F8_01_1_2_Chlorophyll_A_001_phosphate_plate5.tif,1,864.000,864,864
24493,F8_01_1_2_Chlorophyll_A_001_phosphate_plate5.tif,1,768.000,768,768
24494,F8_01_1_2_Chlorophyll_A_001_phosphate_plate5.tif,1,768.000,768,768
24495,F8_01_1_2_Chlorophyll_A_001_phosphate_plate5.tif,1,768.000,768,768
24496,F8_01_1_2_Chlorophyll_A_001_phosphate_plate5.tif,1,768.000,768,768
24497,F8_01_1_2_Chlorophyll_A_001_phosphate_plate5.tif,2,816.000,768,864
24498,F8_01_1_2_Chlorophyll_A_001_phosphate_plate5.tif,1,816.000,816,816
24499,F8_01_1_2_Chlorophyll_A_001_phosphate_plate5.tif,1,1056.000,1056,1056
24500,F8_01_1_2_Chlorophyll_A_001_phosphate_plate5.tif,2,792.000,768,816
24501,F8_01_1_2_Chlorophyll_A_001_phosphate_plate5.tif,1,800.000,800,800
24502,F8_01_1_2_Chlorophyll_A_001_phosphate_plate5.tif,1,768.000,768,768
24503,F8_01_1_2_Chlorophyll_A_001_phosphate_plate5.tif,2,824.000,800,848
24504,F8_01_1_2_Chlorophyll_A_001_phosphate_plate5.tif,1,848.000,848,848
24505,F8_01_1_2_Chlorophyll_A_001_phosphate_plate5.tif,3,789.333,768,816
24506,F8_01_1_2_Chlorophyll_A_001_phosphate_plate5.tif,1,944.000,944,944
24507,F8_01_1_2_Chlorophyll_A_001_phosphate_plate5.tif,1,832.000,832,832
24508,F8_01_1_2_Chlorophyll_A_001_phosphate_plate5.tif,2,896.000,832,960
24509,F8_01_1_2_Chlorophyll_A_001_phosphate_plate5.tif,1,848.000,848,848
24510,F8_01_1_2_Chlorophyll_A_001_phosphate_plate5.tif,1,832.000,832,832
24511,F8_01_1_2_Chlorophyll_A_001_phosphate_plate5.tif,6,810.667,768,880
24512,F8_01_1_2_Chlorophyll_A_001_phosphate_plate5.tif,26,883.692,768,1104
24513,F8_01_1_2_Chlorophyll_A_001_phosphate_plate5.tif,57,872.140,768,1136
24514,F8_01_1_2_Chlorophyll_A_001_phosphate_plate5.tif,28,865.714,768,1104
24515,F8_01_1_2_Chlorophyll_A_001_phosphate_plate5.tif,23,910.609,768,1136
24516,F8_01_1_2_Chlorophyll_A_001_phosphate_plate5.tif,18,882.667,768,1072
24517,F8_01_1_2_Chlorophyll_A_001_phosphate_plate5.tif,12,849.333,784,944
24518,F8_01_1_2_Chlorophyll_A_001_phosphate_plate5.tif,1,784.000,784,784
24519,F8_01_1_2_Chlorophyll_A_001_phosphate_plate5.tif,76,875.158,768,1120
24520,F8_01_1_2_Chlorophyll_A_001_phosphate_plate5.tif,1,928.000,928,928
24521,F8_01_1_2_Chlorophyll_A_001_phosphate_plate5.tif,1,800.000,800,800
24522,F8_01_1_2_Chlorophyll_A_001_phosphate_plate5.tif,8,932.000,816,1024
24523,F8_01_1_2_Chlorophyll_A_001_phosphate_plate5.tif,6,845.333,784,912
24524,F8_01_1_2_Chlorophyll_A_001_phosphate_plate5.tif,1,912.000,912,912
24525,F8_01_1_2_Chlorophyll_A_001_phosphate_plate5.tif,2,824.000,784,864
24526,F8_01_1_2_Chlorophyll_A_001_phosphate_plate5.tif,5,860.800,784,960
24527,F8_01_1_2_Chlorophyll_A_001_phosphate_plate5.tif,7,864.000,768,992
24528,F8_01_1_2_Chlorophyll_A_001_phosphate_plate5.tif,1,960.000,960,960
24529,F8_01_1_2_Chlorophyll_A_001_phosphate_plate5.tif,1,784.000,784,784
24530,F8_01_1_2_Chlorophyll_A_001_phosphate_plate5.tif,2,784.000,784,784
24531,F8_01_1_2_Chlorophyll_A_001_phosphate_plate5.tif,4,816.000,768,944
24532,F8_01_1_2_Chlorophyll_A_001_phosphate_plate5.tif,1,976.000,976,976
24533,F8_01_1_2_Chlorophyll_A_001_phosphate_plate5.tif,1,784.000,784,784
24534,F8_01_1_2_Chlorophyll_A_001_phosphate_plate5.tif,3,885.333,816,960
24535,F8_01_1_2_Chlorophyll_A_001_phosphate_plate5.tif,2,936.000,928,944
24536,F8_01_1_2_Chlorophyll_A_001_phosphate_plate5.tif,1,864.000,864,864
24537,F8_01_1_2_Chlorophyll_A_001_phosphate_plate5.tif,1,832.000,832,832
24538,F8_01_1_2_Chlorophyll_A_001_phosphate_plate5.tif,1,784.000,784,784
24539,F8_01_1_2_Chlorophyll_A_001_phosphate_plate5.tif,1,816.000,816,816
24540,F8_01_1_2_Chlorophyll_A_001_phosphate_plate5.tif,2,816.000,816,816
24541,F8_01_1_2_Chlorophyll_A_001_phosphate_plate5.tif,1,768.000,768,768
24542,F8_01_1_2_Chlorophyll_A_001_phosphate_plate5.tif,1,816.000,816,816
24543,F8_01_1_2_Chlorophyll_A_001_phosphate_plate5.tif,1,784.000,784,784
24544,F8_01_1_2_Chlorophyll_A_001_phosphate_plate5.tif,1,768.000,768,768
24545,F8_01_1_2_Chlorophyll_A_001_phosphate_plate5.tif,1,864.000,864,864
24546,F8_01_1_2_Chlorophyll_A_001_phosphate_plate5.tif,1,800.000,800,800
24547,F8_01_1_2_Chlorophyll_A_001_phosphate_plate5.tif,1,768.000,768,768
24548,F8_01_1_2_Chlorophyll_A_001_phosphate_plate5.tif,2,808.000,800,816
24549,F8_01_1_2_Chlorophyll_A_001_phosphate_plate5.tif,1,864.000,864,864
24550,F8_01_1_2_Chlorophyll_A_001_phosphate_plate5.tif,1,816.000,816,816
24551,F8_01_1_2_Chlorophyll_A_001_phosphate_plate5.tif,1,768.000,768,768
24552,F8_01_1_2_Chlorophyll_A_001_phosphate_plate5.tif,1,768.000,768,768
24553,F8_01_1_2_Chlorophyll_A_001_phosphate_plate5.tif,1,880.000,880,880
24554,F8_01_1_2_Chlorophyll_A_001_phosphate_plate5.tif,1,768.000,768,768
24555,F8_01_1_2_Chlorophyll_A_001_phosphate_plate5.tif,2,808.000,800,816
24556,F8_01_1_2_Chlorophyll_A_001_phosphate_plate5.tif,1,816.000,816,816
24557,F8_01_1_2_Chlorophyll_A_001_phosphate_plate5.tif,2,864.000,864,864
24558,F8_01_1_2_Chlorophyll_A_001_phosphate_plate5.tif,1,896.000,896,896
24559,F8_01_1_2_Chlorophyll_A_001_phosphate_plate5.tif,1,800.000,800,800
24560,F8_01_1_2_Chlorophyll_A_001_phosphate_plate5.tif,1,800.000,800,800
24561,F8_01_1_2_Chlorophyll_A_001_phosphate_plate5.tif,2,824.000,768,880
24562,F8_01_1_2_Chlorophyll_A_001_phosphate_plate5.tif,1,864.000,864,864
24563,F8_01_1_2_Chlorophyll_A_001_phosphate_plate5.tif,235,1457.566,768,10816
24564,F8_01_1_2_Chlorophyll_A_001_phosphate_plate5.tif,19,866.526,768,1072
24565,F8_01_1_2_Chlorophyll_A_001_phosphate_plate5.tif,2,832.000,784,880
24566,F8_01_1_2_Chlorophyll_A_001_phosphate_plate5.tif,102,868.863,768,1104
24567,F8_01_1_2_Chlorophyll_A_001_phosphate_plate5.tif,82,870.049,768,1200
24568,F8_01_1_2_Chlorophyll_A_001_phosphate_plate5.tif,6,869.333,768,992
24569,F8_01_1_2_Chlorophyll_A_001_phosphate_plate5.tif,2,912.000,848,976
24570,F8_01_1_2_Chlorophyll_A_001_phosphate_plate5.tif,1,784.000,784,784
24571,F8_01_1_2_Chlorophyll_A_001_phosphate_plate5.tif,76,1473.895,768,7984
24572,F8_01_1_2_Chlorophyll_A_001_phosphate_plate5.tif,2,824.000,816,832
24573,F8_01_1_2_Chlorophyll_A_001_phosphate_plate5.tif,3,800.000,784,816
24574,F8_01_1_2_Chlorophyll_A_001_phosphate_plate5.tif,7,829.714,768,944
24575,F8_01_1_2_Chlorophyll_A_001_phosphate_plate5.tif,2,848.000,800,896
24576,F8_01_1_2_Chlorophyll_A_001_phosphate_plate5.tif,1,800.000,800,800
24577,F8_01_1_2_Chlorophyll_A_001_phosphate_plate5.tif,1,816.000,816,816
24578,F8_01_1_2_Chlorophyll_A_001_phosphate_plate5.tif,1,848.000,848,848
24579,F8_01_1_2_Chlorophyll_A_001_phosphate_plate5.tif,1,800.000,800,800
24580,F8_01_1_2_Chlorophyll_A_001_phosphate_plate5.tif,1,880.000,880,880
24581,F8_01_1_2_Chlorophyll_A_001_phosphate_plate5.tif,5,883.200,832,976
24582,F8_01_1_2_Chlorophyll_A_001_phosphate_plate5.tif,3,821.333,784,864
24583,F8_01_1_2_Chlorophyll_A_001_phosphate_plate5.tif,2,800.000,768,832
24584,F8_01_1_2_Chlorophyll_A_001_phosphate_plate5.tif,1,816.000,816,816
24585,F8_01_1_2_Chlorophyll_A_001_phosphate_plate5.tif,1,864.000,864,864
24586,F8_01_1_2_Chlorophyll_A_001_phosphate_plate5.tif,1,800.000,800,800
24587,F8_01_1_2_Chlorophyll_A_001_phosphate_plate5.tif,1,768.000,768,768
24588,F8_01_1_2_Chlorophyll_A_001_phosphate_plate5.tif,1,960.000,960,960
24589,F8_01_1_2_Chlorophyll_A_001_phosphate_plate5.tif,1,896.000,896,896
24590,F8_01_1_2_Chlorophyll_A_001_phosphate_plate5.tif,5,777.600,768,816
24591,F8_01_1_2_Chlorophyll_A_001_phosphate_plate5.tif,2,808.000,768,848
24592,F8_01_1_2_Chlorophyll_A_001_phosphate_plate5.tif,1,880.000,880,880
24593,F8_01_1_2_Chlorophyll_A_001_phosphate_plate5.tif,1,912.000,912,912
24594,F8_01_1_2_Chlorophyll_A_001_phosphate_plate5.tif,1,864.000,864,864
24595,F8_01_1_2_Chlorophyll_A_001_phosphate_plate5.tif,1,832.000,832,832
24596,F8_01_1_2_Chlorophyll_A_001_phosphate_plate5.tif,3,848.000,768,960
24597,F8_01_1_2_Chlorophyll_A_001_phosphate_plate5.tif,2,904.000,800,1008
24598,F8_01_1_2_Chlorophyll_A_001_phosphate_plate5.tif,2,776.000,768,784
24599,F8_01_1_2_Chlorophyll_A_001_phosphate_plate5.tif,1,784.000,784,784
24600,F8_01_1_2_Chlorophyll_A_001_phosphate_plate5.tif,1,864.000,864,864
24601,F8_01_1_2_Chlorophyll_A_001_phosphate_plate5.tif,2,920.000,800,1040
24602,F8_01_1_2_Chlorophyll_A_001_phosphate_plate5.tif,3,816.000,768,896
24603,F8_01_1_2_Chlorophyll_A_001_phosphate_plate5.tif,2,944.000,864,1024
24604,F8_01_1_2_Chlorophyll_A_001_phosphate_plate5.tif,1,832.000,832,832
24605,F8_01_1_2_Chlorophyll_A_001_phosphate_plate5.tif,2,888.000,880,896
24606,F8_01_1_2_Chlorophyll_A_001_phosphate_plate5.tif,1,800.000,800,800
24607,F8_01_1_2_Chlorophyll_A_001_phosphate_plate5.tif,1,768.000,768,768
24608,F8_01_1_2_Chlorophyll_A_001_phosphate_plate5.tif,2,816.000,768,864
24609,F8_01_1_2_Chlorophyll_A_001_phosphate_plate5.tif,1,784.000,784,784
24610,F8_01_1_2_Chlorophyll_A_001_phosphate_plate5.tif,2,840.000,816,864
24611,F8_01_1_2_Chlorophyll_A_001_phosphate_plate5.tif,134,3636.179,768,28144
24612,F8_01_1_2_Chlorophyll_A_001_phosphate_plate5.tif,1,832.000,832,832
24613,F8_01_1_2_Chlorophyll_A_001_phosphate_plate5.tif,1,816.000,816,816
24614,F8_01_1_2_Chlorophyll_A_001_phosphate_plate5.tif,1,832.000,832,832
24615,F8_01_1_2_Chlorophyll_A_001_phosphate_plate5.tif,2,792.000,768,816
24616,F8_01_1_2_Chlorophyll_A_001_phosphate_plate5.tif,1,768.000,768,768
24617,F8_01_1_2_Chlorophyll_A_001_phosphate_plate5.tif,40,848.000,768,1040
24618,F8_01_1_2_Chlorophyll_A_001_phosphate_plate5.tif,50,876.160,768,1184
24619,F8_01_1_2_Chlorophyll_A_001_phosphate_plate5.tif,17,877.176,784,1168
24620,F8_01_1_2_Chlorophyll_A_001_phosphate_plate5.tif,57,889.263,768,1152
24621,F8_01_1_2_Chlorophyll_A_001_phosphate_plate5.tif,23,908.522,768,1056
24622,F8_01_1_2_Chlorophyll_A_001_phosphate_plate5.tif,84,862.286,768,1200
24623,F8_01_1_2_Chlorophyll_A_001_phosphate_plate5.tif,12,869.333,784,1008
24624,F8_01_1_2_Chlorophyll_A_001_phosphate_plate5.tif,1,1008.000,1008,1008
24625,F8_01_1_2_Chlorophyll_A_001_phosphate_plate5.tif,2,768.000,768,768
24626,F8_01_1_2_Chlorophyll_A_001_phosphate_plate5.tif,8,840.000,768,960
24627,F8_01_1_2_Chlorophyll_A_001_phosphate_plate5.tif,2,800.000,768,832
24628,F8_01_1_2_Chlorophyll_A_001_phosphate_plate5.tif,1,784.000,784,784
24629,F8_01_1_2_Chlorophyll_A_001_phosphate_plate5.tif,4,860.000,768,944
24630,F8_01_1_2_Chlorophyll_A_001_phosphate_plate5.tif,1,816.000,816,816
24631,F8_01_1_2_Chlorophyll_A_001_phosphate_plate5.tif,2,768.000,768,768
24632,F8_01_1_2_Chlorophyll_A_001_phosphate_plate5.tif,6,824.000,768,896
24633,F8_01_1_2_Chlorophyll_A_001_phosphate_plate5.tif,1,816.000,816,816
24634,F8_01_1_2_Chlorophyll_A_001_phosphate_plate5.tif,1,768.000,768,768
24635,F8_01_1_2_Chlorophyll_A_001_phosphate_plate5.tif,1,880.000,880,880
24636,F8_01_1_2_Chlorophyll_A_001_phosphate_plate5.tif,7,857.143,768,992
24637,F8_01_1_2_Chlorophyll_A_001_phosphate_plate5.tif,1,784.000,784,784
24638,F8_01_1_2_Chlorophyll_A_001_phosphate_plate5.tif,2,808.000,800,816
24639,F8_01_1_2_Chlorophyll_A_001_phosphate_plate5.tif,2,800.000,784,816
24640,F8_01_1_2_Chlorophyll_A_001_phosphate_plate5.tif,1,784.000,784,784
24641,F8_01_1_2_Chlorophyll_A_001_phosphate_plate5.tif,2,784.000,768,800
24642,F8_01_1_2_Chlorophyll_A_001_phosphate_plate5.tif,2,864.000,784,944
24643,F8_01_1_2_Chlorophyll_A_001_phosphate_plate5.tif,1,768.000,768,768
24644,F8_01_1_2_Chlorophyll_A_001_phosphate_plate5.tif,2,784.000,784,784
24645,F8_01_1_2_Chlorophyll_A_001_phosphate_plate5.tif,1,784.000,784,784
24646,F8_01_1_2_Chlorophyll_A_001_phosphate_plate5.tif,1,800.000,800,800
24647,F8_01_1_2_Chlorophyll_A_001_phosphate_plate5.tif,1,784.000,784,784
24648,F8_01_1_2_Chlorophyll_A_001_phosphate_plate5.tif,1,832.000,832,832
24649,F8_01_1_2_Chlorophyll_A_001_phosphate_plate5.tif,3,837.333,784,896
24650,F8_01_1_2_Chlorophyll_A_001_phosphate_plate5.tif,1,864.000,864,864
24651,F8_01_1_2_Chlorophyll_A_001_phosphate_plate5.tif,2,856.000,848,864
24652,F8_01_1_2_Chlorophyll_A_001_phosphate_plate5.tif,1,816.000,816,816
24653,F8_01_1_2_Chlorophyll_A_001_phosphate_plate5.tif,1,976.000,976,976
24654,F8_01_1_2_Chlorophyll_A_001_phosphate_plate5.tif,1,784.000,784,784
24655,F8_01_1_2_Chlorophyll_A_001_phosphate_plate5.tif,2,880.000,768,992
24656,F8_01_1_2_Chlorophyll_A_001_phosphate_plate5.tif,5,809.600,768,880
24657,F8_01_1_2_Chlorophyll_A_001_phosphate_plate5.tif,3,816.000,800,832
24658,F8_01_1_2_Chlorophyll_A_001_phosphate_plate5.tif,1,848.000,848,848
24659,F8_01_1_2_Chlorophyll_A_001_phosphate_plate5.tif,2,848.000,784,912
24660,F8_01_1_2_Chlorophyll_A_001_phosphate_plate5.tif,169,887.006,768,1136
24661,F8_01_1_2_Chlorophyll_A_001_phosphate_plate5.tif,5,864.000,784,976
24662,F8_01_1_2_Chlorophyll_A_001_phosphate_plate5.tif,2,904.000,848,960
24663,F8_01_1_2_Chlorophyll_A_001_phosphate_plate5.tif,1,768.000,768,768
24664,F8_01_1_2_Chlorophyll_A_001_phosphate_plate5.tif,2,808.000,768,848
24665,F8_01_1_2_Chlorophyll_A_001_phosphate_plate5.tif,4,828.000,768,896
24666,F8_01_1_2_Chlorophyll_A_001_phosphate_plate5.tif,1,800.000,800,800
24667,F8_01_1_2_Chlorophyll_A_001_phosphate_plate5.tif,1,992.000,992,992
24668,F8_01_1_2_Chlorophyll_A_001_phosphate_plate5.tif,2,808.000,768,848
24669,F8_01_1_2_Chlorophyll_A_001_phosphate_plate5.tif,7,861.714,800,976
24670,F8_01_1_2_Chlorophyll_A_001_phosphate_plate5.tif,2,896.000,816,976
24671,F8_01_1_2_Chlorophyll_A_001_phosphate_plate5.tif,2,792.000,784,800
24672,F8_01_1_2_Chlorophyll_A_001_phosphate_plate5.tif,1,944.000,944,944
24673,F8_01_1_2_Chlorophyll_A_001_phosphate_plate5.tif,4,868.000,768,928
24674,F8_01_1_2_Chlorophyll_A_001_phosphate_plate5.tif,1,768.000,768,768
24675,F8_01_1_2_Chlorophyll_A_001_phosphate_plate5.tif,13,813.538,768,928
24676,F8_01_1_2_Chlorophyll_A_001_phosphate_plate5.tif,1,800.000,800,800
24677,F8_01_1_2_Chlorophyll_A_001_phosphate_plate5.tif,1,848.000,848,848
24678,F8_01_1_2_Chlorophyll_A_001_phosphate_plate5.tif,1,848.000,848,848
24679,F8_01_1_2_Chlorophyll_A_001_phosphate_plate5.tif,2,848.000,768,928
24680,F8_01_1_2_Chlorophyll_A_001_phosphate_plate5.tif,2,896.000,864,928
24681,F8_01_1_2_Chlorophyll_A_001_phosphate_plate5.tif,1,816.000,816,816
24682,F8_01_1_2_Chlorophyll_A_001_phosphate_plate5.tif,2,792.000,784,800
24683,F8_01_1_2_Chlorophyll_A_001_phosphate_plate5.tif,1,784.000,784,784
24684,F8_01_1_2_Chlorophyll_A_001_phosphate_plate5.tif,2,816.000,768,864
24685,F8_01_1_2_Chlorophyll_A_001_phosphate_plate5.tif,1,896.000,896,896
24686,F8_01_1_2_Chlorophyll_A_001_phosphate_plate5.tif,1,832.000,832,832
24687,F8_01_1_2_Chlorophyll_A_001_phosphate_plate5.tif,1,800.000,800,800
24688,F8_01_1_2_Chlorophyll_A_001_phosphate_plate5.tif,1,1024.000,1024,1024
24689,F8_01_1_2_Chlorophyll_A_001_phosphate_plate5.tif,1,768.000,768,768
24690,F8_01_1_2_Chlorophyll_A_001_phosphate_plate5.tif,1,848.000,848,848
24691,F8_01_1_2_Chlorophyll_A_001_phosphate_plate5.tif,1,800.000,800,800
24692,F8_01_1_2_Chlorophyll_A_001_phosphate_plate5.tif,55,1794.909,768,8480
24693,F8_01_1_2_Chlorophyll_A_001_phosphate_plate5.tif,1,848.000,848,848
24694,F8_01_1_2_Chlorophyll_A_001_phosphate_plate5.tif,1,912.000,912,912
24695,F8_01_1_2_Chlorophyll_A_001_phosphate_plate5.tif,1,784.000,784,784
24696,F8_01_1_2_Chlorophyll_A_001_phosphate_plate5.tif,1,768.000,768,768
24697,F8_01_1_2_Chlorophyll_A_001_phosphate_plate5.tif,1,816.000,816,816
24698,F8_01_1_2_Chlorophyll_A_001_phosphate_plate5.tif,1,880.000,880,880
24699,F8_01_1_2_Chlorophyll_A_001_phosphate_plate5.tif,1,784.000,784,784
24700,F8_01_1_2_Chlorophyll_A_001_phosphate_plate5.tif,1,768.000,768,768
24701,F8_01_1_2_Chlorophyll_A_001_phosphate_plate5.tif,1,848.000,848,848
24702,F8_01_1_2_Chlorophyll_A_001_phosphate_plate5.tif,2,832.000,832,832
24703,F8_01_1_2_Chlorophyll_A_001_phosphate_plate5.tif,1,800.000,800,800
24704,F8_01_1_2_Chlorophyll_A_001_phosphate_plate5.tif,1,864.000,864,864
24705,F8_01_1_2_Chlorophyll_A_001_phosphate_plate5.tif,2,832.000,816,848
24706,F8_01_1_2_Chlorophyll_A_001_phosphate_plate5.tif,1,832.000,832,832
24707,F8_01_1_2_Chlorophyll_A_001_phosphate_plate5.tif,1,816.000,816,816
24708,F8_01_1_2_Chlorophyll_A_001_phosphate_plate5.tif,1,832.000,832,832
24709,F8_01_1_2_Chlorophyll_A_001_phosphate_plate5.tif,5,816.000,768,864
24710,F8_01_1_2_Chlorophyll_A_001_phosphate_plate5.tif,8,788.000,768,816
24711,F8_01_1_2_Chlorophyll_A_001_phosphate_plate5.tif,19,862.316,768,1088
24712,F8_01_1_2_Chlorophyll_A_001_phosphate_plate5.tif,10,905.600,768,1104
24713,F8_01_1_2_Chlorophyll_A_001_phosphate_plate5.tif,1,784.000,784,784
24714,F8_01_1_2_Chlorophyll_A_001_phosphate_plate5.tif,1,1024.000,1024,1024
24715,F8_01_1_2_Chlorophyll_A_001_phosphate_plate5.tif,2,784.000,768,800
24716,F8_01_1_2_Chlorophyll_A_001_phosphate_plate5.tif,5,880.000,768,1008
24717,F8_01_1_2_Chlorophyll_A_001_phosphate_plate5.tif,6,832.000,768,912
24718,F8_01_1_2_Chlorophyll_A_001_phosphate_plate5.tif,3,794.667,768,816
24719,F8_01_1_2_Chlorophyll_A_001_phosphate_plate5.tif,2,888.000,768,1008
24720,F8_01_1_2_Chlorophyll_A_001_phosphate_plate5.tif,3,853.333,816,896
24721,F8_01_1_2_Chlorophyll_A_001_phosphate_plate5.tif,3,837.333,768,896
24722,F8_01_1_2_Chlorophyll_A_001_phosphate_plate5.tif,1,816.000,816,816
24723,F8_01_1_2_Chlorophyll_A_001_phosphate_plate5.tif,1,928.000,928,928
24724,F8_01_1_2_Chlorophyll_A_001_phosphate_plate5.tif,1,848.000,848,848
24725,F8_01_1_2_Chlorophyll_A_001_phosphate_plate5.tif,1,784.000,784,784
24726,F8_01_1_2_Chlorophyll_A_001_phosphate_plate5.tif,1,864.000,864,864
24727,F8_01_1_2_Chlorophyll_A_001_phosphate_plate5.tif,3,805.333,768,864
24728,F8_01_1_2_Chlorophyll_A_001_phosphate_plate5.tif,2,848.000,784,912
24729,F8_01_1_2_Chlorophyll_A_001_phosphate_plate5.tif,1,784.000,784,784
24730,F8_01_1_2_Chlorophyll_A_001_phosphate_plate5.tif,2,824.000,768,880
24731,F8_01_1_2_Chlorophyll_A_001_phosphate_plate5.tif,1,816.000,816,816
24732,F8_01_1_2_Chlorophyll_A_001_phosphate_plate5.tif,1,816.000,816,816
24733,F8_01_1_2_Chlorophyll_A_001_phosphate_plate5.tif,1,912.000,912,912
24734,F8_01_1_2_Chlorophyll_A_001_phosphate_plate5.tif,1,784.000,784,784
24735,F8_01_1_2_Chlorophyll_A_001_phosphate_plate5.tif,1,784.000,784,784
24736,F8_01_1_2_Chlorophyll_A_001_phosphate_plate5.tif,4,824.000,784,896
24737,F8_01_1_2_Chlorophyll_A_001_phosphate_plate5.tif,1,816.000,816,816
24738,F8_01_1_2_Chlorophyll_A_001_phosphate_plate5.tif,1,816.000,816,816
24739,F8_01_1_2_Chlorophyll_A_001_phosphate_plate5.tif,1,816.000,816,816
24740,F8_01_1_2_Chlorophyll_A_001_phosphate_plate5.tif,2,800.000,784,816
24741,F8_01_1_2_Chlorophyll_A_001_phosphate_plate5.tif,1,784.000,784,784
24742,F8_01_1_2_Chlorophyll_A_001_phosphate_plate5.tif,67,2071.881,768,6976
24743,F8_01_1_2_Chlorophyll_A_001_phosphate_plate5.tif,1,960.000,960,960
24744,F8_01_1_2_Chlorophyll_A_001_phosphate_plate5.tif,2,840.000,816,864
24745,F8_01_1_2_Chlorophyll_A_001_phosphate_plate5.tif,1,816.000,816,816
24746,F8_01_1_2_Chlorophyll_A_001_phosphate_plate5.tif,1,800.000,800,800
24747,F8_01_1_2_Chlorophyll_A_001_phosphate_plate5.tif,1,800.000,800,800
24748,F8_01_1_2_Chlorophyll_A_001_phosphate_plate5.tif,1,784.000,784,784
24749,F8_01_1_2_Chlorophyll_A_001_phosphate_plate5.tif,4,812.000,768,896
24750,F8_01_1_2_Chlorophyll_A_001_phosphate_plate5.tif,23,882.783,784,1088
24751,F8_01_1_2_Chlorophyll_A_001_phosphate_plate5.tif,30,873.600,768,1072
24752,F8_01_1_2_Chlorophyll_A_001_phosphate_plate5.tif,8,888.000,784,1040
24753,F8_01_1_2_Chlorophyll_A_001_phosphate_plate5.tif,1,816.000,816,816
24754,F8_01_1_2_Chlorophyll_A_001_phosphate_plate5.tif,6,824.000,768,912
24755,F8_01_1_2_Chlorophyll_A_001_phosphate_plate5.tif,3,869.333,848,896
24756,F8_01_1_2_Chlorophyll_A_001_phosphate_plate5.tif,23,839.652,768,912
24757,F8_01_1_2_Chlorophyll_A_001_phosphate_plate5.tif,2,864.000,784,944
24758,F8_01_1_2_Chlorophyll_A_001_phosphate_plate5.tif,3,816.000,784,864
24759,F8_01_1_2_Chlorophyll_A_001_phosphate_plate5.tif,1,784.000,784,784
24760,F8_01_1_2_Chlorophyll_A_001_phosphate_plate5.tif,1,816.000,816,816
24761,F8_01_1_2_Chlorophyll_A_001_phosphate_plate5.tif,1,816.000,816,816
24762,F8_01_1_2_Chlorophyll_A_001_phosphate_plate5.tif,3,901.333,800,992
24763,F8_01_1_2_Chlorophyll_A_001_phosphate_plate5.tif,3,821.333,784,896
24764,F8_01_1_2_Chlorophyll_A_001_phosphate_plate5.tif,1,768.000,768,768
24765,F8_01_1_2_Chlorophyll_A_001_phosphate_plate5.tif,5,832.000,768,944
24766,F8_01_1_2_Chlorophyll_A_001_phosphate_plate5.tif,2,816.000,784,848
24767,F8_01_1_2_Chlorophyll_A_001_phosphate_plate5.tif,3,826.667,784,880
24768,F8_01_1_2_Chlorophyll_A_001_phosphate_plate5.tif,1,768.000,768,768
24769,F8_01_1_2_Chlorophyll_A_001_phosphate_plate5.tif,1,768.000,768,768
24770,F8_01_1_2_Chlorophyll_A_001_phosphate_plate5.tif,3,794.667,768,832
24771,F8_01_1_2_Chlorophyll_A_001_phosphate_plate5.tif,1,832.000,832,832
24772,F8_01_1_2_Chlorophyll_A_001_phosphate_plate5.tif,1,800.000,800,800
24773,F8_01_1_2_Chlorophyll_A_001_phosphate_plate5.tif,6,834.667,800,912
24774,F8_01_1_2_Chlorophyll_A_001_phosphate_plate5.tif,6,800.000,768,864
24775,F8_01_1_2_Chlorophyll_A_001_phosphate_plate5.tif,2,792.000,768,816
24776,F8_01_1_2_Chlorophyll_A_001_phosphate_plate5.tif,3,778.667,768,800
24777,F8_01_1_2_Chlorophyll_A_001_phosphate_plate5.tif,1,800.000,800,800
24778,F8_01_1_2_Chlorophyll_A_001_phosphate_plate5.tif,1,800.000,800,800
24779,F8_01_1_2_Chlorophyll_A_001_phosphate_plate5.tif,1,800.000,800,800
24780,F8_01_1_2_Chlorophyll_A_001_phosphate_plate5.tif,1,784.000,784,784
24781,F8_01_1_2_Chlorophyll_A_001_phosphate_plate5.tif,1,800.000,800,800
24782,F8_01_1_2_Chlorophyll_A_001_phosphate_plate5.tif,1,784.000,784,784
24783,F8_01_1_2_Chlorophyll_A_001_phosphate_plate5.tif,1,848.000,848,848
24784,F8_01_1_2_Chlorophyll_A_001_phosphate_plate5.tif,1,832.000,832,832
24785,F8_01_1_2_Chlorophyll_A_001_phosphate_plate5.tif,1,816.000,816,816
24786,F8_01_1_2_Chlorophyll_A_001_phosphate_plate5.tif,2,816.000,784,848
24787,F8_01_1_2_Chlorophyll_A_001_phosphate_plate5.tif,2,816.000,800,832
24788,F8_01_1_2_Chlorophyll_A_001_phosphate_plate5.tif,1,784.000,784,784
24789,F8_01_1_2_Chlorophyll_A_001_phosphate_plate5.tif,1,880.000,880,880
24790,F8_01_1_2_Chlorophyll_A_001_phosphate_plate5.tif,1,880.000,880,880
24791,F8_01_1_2_Chlorophyll_A_001_phosphate_plate5.tif,1,880.000,880,880
24792,F8_01_1_2_Chlorophyll_A_001_phosphate_plate5.tif,1,864.000,864,864
24793,F8_01_1_2_Chlorophyll_A_001_phosphate_plate5.tif,1,800.000,800,800
24794,F8_01_1_2_Chlorophyll_A_001_phosphate_plate5.tif,2,816.000,816,816
24795,F8_01_1_2_Chlorophyll_A_001_phosphate_plate5.tif,1,848.000,848,848
24796,F8_01_1_2_Chlorophyll_A_001_phosphate_plate5.tif,4,852.000,768,944
24797,F8_01_1_2_Chlorophyll_A_001_phosphate_plate5.tif,4,832.000,768,912
24798,F8_01_1_2_Chlorophyll_A_001_phosphate_plate5.tif,1,880.000,880,880
24799,F8_01_1_2_Chlorophyll_A_001_phosphate_plate5.tif,18,943.111,800,1072
24800,F8_01_1_2_Chlorophyll_A_001_phosphate_plate5.tif,32,908.000,784,1120
24801,F8_01_1_2_Chlorophyll_A_001_phosphate_plate5.tif,71,896.000,768,1136
24802,F8_01_1_2_Chlorophyll_A_001_phosphate_plate5.tif,35,869.486,768,1072
24803,F8_01_1_2_Chlorophyll_A_001_phosphate_plate5.tif,2,816.000,816,816
24804,F8_01_1_2_Chlorophyll_A_001_phosphate_plate5.tif,7,843.429,784,992
24805,F8_01_1_2_Chlorophyll_A_001_phosphate_plate5.tif,14,853.714,784,976
24806,F8_01_1_2_Chlorophyll_A_001_phosphate_plate5.tif,1,848.000,848,848
24807,F8_01_1_2_Chlorophyll_A_001_phosphate_plate5.tif,3,778.667,768,800
24808,F8_01_1_2_Chlorophyll_A_001_phosphate_plate5.tif,2,808.000,768,848
24809,F8_01_1_2_Chlorophyll_A_001_phosphate_plate5.tif,2,824.000,768,880
24810,F8_01_1_2_Chlorophyll_A_001_phosphate_plate5.tif,1,1056.000,1056,1056
24811,F8_01_1_2_Chlorophyll_A_001_phosphate_plate5.tif,2,840.000,784,896
24812,F8_01_1_2_Chlorophyll_A_001_phosphate_plate5.tif,19,873.263,768,1024
24813,F8_01_1_2_Chlorophyll_A_001_phosphate_plate5.tif,1,768.000,768,768
24814,F8_01_1_2_Chlorophyll_A_001_phosphate_plate5.tif,2,840.000,816,864
24815,F8_01_1_2_Chlorophyll_A_001_phosphate_plate5.tif,1,768.000,768,768
24816,F8_01_1_2_Chlorophyll_A_001_phosphate_plate5.tif,1,944.000,944,944
24817,F8_01_1_2_Chlorophyll_A_001_phosphate_plate5.tif,1,832.000,832,832
24818,F8_01_1_2_Chlorophyll_A_001_phosphate_plate5.tif,7,811.429,768,912
24819,F8_01_1_2_Chlorophyll_A_001_phosphate_plate5.tif,1,816.000,816,816
24820,F8_01_1_2_Chlorophyll_A_001_phosphate_plate5.tif,2,832.000,800,864
24821,F8_01_1_2_Chlorophyll_A_001_phosphate_plate5.tif,2,784.000,784,784
24822,F8_01_1_2_Chlorophyll_A_001_phosphate_plate5.tif,1,768.000,768,768
24823,F8_01_1_2_Chlorophyll_A_001_phosphate_plate5.tif,1,864.000,864,864
24824,F8_01_1_2_Chlorophyll_A_001_phosphate_plate5.tif,5,921.600,768,1024
24825,F8_01_1_2_Chlorophyll_A_001_phosphate_plate5.tif,1,768.000,768,768
24826,F8_01_1_2_Chlorophyll_A_001_phosphate_plate5.tif,3,826.667,768,928
24827,F8_01_1_2_Chlorophyll_A_001_phosphate_plate5.tif,1,816.000,816,816
24828,F8_01_1_2_Chlorophyll_A_001_phosphate_plate5.tif,2,808.000,800,816
24829,F8_01_1_2_Chlorophyll_A_001_phosphate_plate5.tif,2,848.000,768,928
24830,F8_01_1_2_Chlorophyll_A_001_phosphate_plate5.tif,1,784.000,784,784
24831,F8_01_1_2_Chlorophyll_A_001_phosphate_plate5.tif,1,928.000,928,928
24832,F8_01_1_2_Chlorophyll_A_001_phosphate_plate5.tif,1,960.000,960,960
24833,F8_01_1_2_Chlorophyll_A_001_phosphate_plate5.tif,1,816.000,816,816
24834,F8_01_1_2_Chlorophyll_A_001_phosphate_plate5.tif,1,768.000,768,768
24835,F8_01_1_2_Chlorophyll_A_001_phosphate_plate5.tif,1,816.000,816,816
24836,F8_01_1_2_Chlorophyll_A_001_phosphate_plate5.tif,2,800.000,784,816
24837,F8_01_1_2_Chlorophyll_A_001_phosphate_plate5.tif,1,784.000,784,784
24838,F8_01_1_2_Chlorophyll_A_001_phosphate_plate5.tif,1,1024.000,1024,1024
24839,F8_01_1_2_Chlorophyll_A_001_phosphate_plate5.tif,1,816.000,816,816
24840,F8_01_1_2_Chlorophyll_A_001_phosphate_plate5.tif,1,768.000,768,768
24841,F8_01_1_2_Chlorophyll_A_001_phosphate_plate5.tif,1,816.000,816,816
24842,F8_01_1_2_Chlorophyll_A_001_phosphate_plate5.tif,1,768.000,768,768
24843,F8_01_1_2_Chlorophyll_A_001_phosphate_plate5.tif,1,800.000,800,800
24844,F8_01_1_2_Chlorophyll_A_001_phosphate_plate5.tif,27,880.593,784,1120
24845,F8_01_1_2_Chlorophyll_A_001_phosphate_plate5.tif,22,846.545,768,1024
24846,F8_01_1_2_Chlorophyll_A_001_phosphate_plate5.tif,31,889.806,768,1072
24847,F8_01_1_2_Chlorophyll_A_001_phosphate_plate5.tif,28,886.857,768,1104
24848,F8_01_1_2_Chlorophyll_A_001_phosphate_plate5.tif,1,848.000,848,848
24849,F8_01_1_2_Chlorophyll_A_001_phosphate_plate5.tif,8,894.000,768,1040
24850,F8_01_1_2_Chlorophyll_A_001_phosphate_plate5.tif,5,876.800,800,1008
24851,F8_01_1_2_Chlorophyll_A_001_phosphate_plate5.tif,1,768.000,768,768
24852,F8_01_1_2_Chlorophyll_A_001_phosphate_plate5.tif,2,840.000,784,896
24853,F8_01_1_2_Chlorophyll_A_001_phosphate_plate5.tif,3,816.000,768,896
24854,F8_01_1_2_Chlorophyll_A_001_phosphate_plate5.tif,1,768.000,768,768
24855,F8_01_1_2_Chlorophyll_A_001_phosphate_plate5.tif,1,864.000,864,864
24856,F8_01_1_2_Chlorophyll_A_001_phosphate_plate5.tif,1,864.000,864,864
24857,F8_01_1_2_Chlorophyll_A_001_phosphate_plate5.tif,1,880.000,880,880
24858,F8_01_1_2_Chlorophyll_A_001_phosphate_plate5.tif,1,832.000,832,832
24859,F8_01_1_2_Chlorophyll_A_001_phosphate_plate5.tif,5,796.800,768,816
24860,F8_01_1_2_Chlorophyll_A_001_phosphate_plate5.tif,4,888.000,768,1008
24861,F8_01_1_2_Chlorophyll_A_001_phosphate_plate5.tif,2,800.000,784,816
24862,F8_01_1_2_Chlorophyll_A_001_phosphate_plate5.tif,116,2447.310,768,13584
24863,F8_01_1_2_Chlorophyll_A_001_phosphate_plate5.tif,3,848.000,768,960
24864,F8_01_1_2_Chlorophyll_A_001_phosphate_plate5.tif,1,800.000,800,800
24865,F8_01_1_2_Chlorophyll_A_001_phosphate_plate5.tif,1,928.000,928,928
24866,F8_01_1_2_Chlorophyll_A_001_phosphate_plate5.tif,2,832.000,768,896
24867,F8_01_1_2_Chlorophyll_A_001_phosphate_plate5.tif,4,856.000,784,976
24868,F8_01_1_2_Chlorophyll_A_001_phosphate_plate5.tif,2,840.000,800,880
24869,F8_01_1_2_Chlorophyll_A_001_phosphate_plate5.tif,2,832.000,784,880
24870,F8_01_1_2_Chlorophyll_A_001_phosphate_plate5.tif,1,848.000,848,848
24871,F8_01_1_2_Chlorophyll_A_001_phosphate_plate5.tif,1,800.000,800,800
24872,F8_01_1_2_Chlorophyll_A_001_phosphate_plate5.tif,1,832.000,832,832
24873,F8_01_1_2_Chlorophyll_A_001_phosphate_plate5.tif,3,874.667,800,944
24874,F8_01_1_2_Chlorophyll_A_001_phosphate_plate5.tif,2,816.000,768,864
24875,F8_01_1_2_Chlorophyll_A_001_phosphate_plate5.tif,1,800.000,800,800
24876,F8_01_1_2_Chlorophyll_A_001_phosphate_plate5.tif,1,832.000,832,832
24877,F8_01_1_2_Chlorophyll_A_001_phosphate_plate5.tif,1,800.000,800,800
24878,F8_01_1_2_Chlorophyll_A_001_phosphate_plate5.tif,1,896.000,896,896
24879,F8_01_1_2_Chlorophyll_A_001_phosphate_plate5.tif,1,864.000,864,864
24880,F8_01_1_2_Chlorophyll_A_001_phosphate_plate5.tif,1,960.000,960,960
24881,F8_01_1_2_Chlorophyll_A_001_phosphate_plate5.tif,1,784.000,784,784
24882,F8_01_1_2_Chlorophyll_A_001_phosphate_plate5.tif,4,812.000,784,848
24883,F8_01_1_2_Chlorophyll_A_001_phosphate_plate5.tif,2,776.000,768,784
24884,F8_01_1_2_Chlorophyll_A_001_phosphate_plate5.tif,2,808.000,784,832
24885,F8_01_1_2_Chlorophyll_A_001_phosphate_plate5.tif,1,880.000,880,880
24886,F8_01_1_2_Chlorophyll_A_001_phosphate_plate5.tif,3,842.667,784,928
24887,F8_01_1_2_Chlorophyll_A_001_phosphate_plate5.tif,1,880.000,880,880
24888,F8_01_1_2_Chlorophyll_A_001_phosphate_plate5.tif,6,826.667,768,912
24889,F8_01_1_2_Chlorophyll_A_001_phosphate_plate5.tif,2,784.000,768,800
24890,F8_01_1_2_Chlorophyll_A_001_phosphate_plate5.tif,103,878.913,768,1120
24891,F8_01_1_2_Chlorophyll_A_001_phosphate_plate5.tif,1,800.000,800,800
24892,F8_01_1_2_Chlorophyll_A_001_phosphate_plate5.tif,1,816.000,816,816
24893,F8_01_1_2_Chlorophyll_A_001_phosphate_plate5.tif,1,768.000,768,768
24894,F8_01_1_2_Chlorophyll_A_001_phosphate_plate5.tif,5,867.200,784,960
24895,F8_01_1_2_Chlorophyll_A_001_phosphate_plate5.tif,1,784.000,784,784
24896,F8_01_1_2_Chlorophyll_A_001_phosphate_plate5.tif,2,848.000,816,880
24897,F8_01_1_2_Chlorophyll_A_001_phosphate_plate5.tif,2,832.000,816,848
24898,F8_01_1_2_Chlorophyll_A_001_phosphate_plate5.tif,2,792.000,768,816
24899,F8_01_1_2_Chlorophyll_A_001_phosphate_plate5.tif,1,816.000,816,816
24900,F8_01_1_2_Chlorophyll_A_001_phosphate_plate5.tif,1,896.000,896,896
24901,F8_01_1_2_Chlorophyll_A_001_phosphate_plate5.tif,1,944.000,944,944
24902,F8_01_1_2_Chlorophyll_A_001_phosphate_plate5.tif,4,812.000,768,928
24903,F8_01_1_2_Chlorophyll_A_001_phosphate_plate5.tif,1,880.000,880,880
24904,F8_01_1_2_Chlorophyll_A_001_phosphate_plate5.tif,5,803.200,784,848
24905,F8_01_1_2_Chlorophyll_A_001_phosphate_plate5.tif,2,832.000,816,848
24906,F8_01_1_2_Chlorophyll_A_001_phosphate_plate5.tif,1,768.000,768,768
24907,F8_01_1_2_Chlorophyll_A_001_phosphate_plate5.tif,2,872.000,768,976
24908,F8_01_1_2_Chlorophyll_A_001_phosphate_plate5.tif,5,892.800,768,1008
24909,F8_01_1_2_Chlorophyll_A_001_phosphate_plate5.tif,1,800.000,800,800
24910,F8_01_1_2_Chlorophyll_A_001_phosphate_plate5.tif,1,832.000,832,832
24911,F8_01_1_2_Chlorophyll_A_001_phosphate_plate5.tif,1,800.000,800,800
24912,F8_01_1_2_Chlorophyll_A_001_phosphate_plate5.tif,1,800.000,800,800
24913,F8_01_1_2_Chlorophyll_A_001_phosphate_plate5.tif,2,840.000,784,896
24914,F8_01_1_2_Chlorophyll_A_001_phosphate_plate5.tif,4,792.000,768,816
24915,F8_01_1_2_Chlorophyll_A_001_phosphate_plate5.tif,2,816.000,768,864
24916,F8_01_1_2_Chlorophyll_A_001_phosphate_plate5.tif,1,848.000,848,848
24917,F8_01_1_2_Chlorophyll_A_001_phosphate_plate5.tif,1,864.000,864,864
24918,F8_01_1_2_Chlorophyll_A_001_phosphate_plate5.tif,3,837.333,816,880
24919,F8_01_1_2_Chlorophyll_A_001_phosphate_plate5.tif,1,800.000,800,800
24920,F8_01_1_2_Chlorophyll_A_001_phosphate_plate5.tif,1,912.000,912,912
24921,F8_01_1_2_Chlorophyll_A_001_phosphate_plate5.tif,1,816.000,816,816
24922,F8_01_1_2_Chlorophyll_A_001_phosphate_plate5.tif,1,800.000,800,800
24923,F8_01_1_2_Chlorophyll_A_001_phosphate_plate5.tif,1,768.000,768,768
24924,F8_01_1_2_Chlorophyll_A_001_phosphate_plate5.tif,1,832.000,832,832
24925,F8_01_1_2_Chlorophyll_A_001_phosphate_plate5.tif,1,912.000,912,912
24926,F8_01_1_2_Chlorophyll_A_001_phosphate_plate5.tif,1,816.000,816,816
24927,F8_01_1_2_Chlorophyll_A_001_phosphate_plate5.tif,1,800.000,800,800
24928,F8_01_1_2_Chlorophyll_A_001_phosphate_plate5.tif,4,828.000,768,896
24929,F8_01_1_2_Chlorophyll_A_001_phosphate_plate5.tif,2,848.000,784,912
24930,F8_01_1_2_Chlorophyll_A_001_phosphate_plate5.tif,2,816.000,800,832
24931,F8_01_1_2_Chlorophyll_A_001_phosphate_plate5.tif,1,848.000,848,848
24932,F8_01_1_2_Chlorophyll_A_001_phosphate_plate5.tif,3,848.000,768,896
24933,F8_01_1_2_Chlorophyll_A_001_phosphate_plate5.tif,3,896.000,816,992
24934,F8_01_1_2_Chlorophyll_A_001_phosphate_plate5.tif,5,828.800,768,896
24935,F8_01_1_2_Chlorophyll_A_001_phosphate_plate5.tif,1,960.000,960,960
24936,F8_01_1_2_Chlorophyll_A_001_phosphate_plate5.tif,3,821.333,784,880
24937,F8_01_1_2_Chlorophyll_A_001_phosphate_plate5.tif,112,883.571,768,1200
24938,F8_01_1_2_Chlorophyll_A_001_phosphate_plate5.tif,41,887.024,768,1168
24939,F8_01_1_2_Chlorophyll_A_001_phosphate_plate5.tif,3,805.333,800,816
24940,F8_01_1_2_Chlorophyll_A_001_phosphate_plate5.tif,1,784.000,784,784
24941,F8_01_1_2_Chlorophyll_A_001_phosphate_plate5.tif,6,906.667,768,1104
24942,F8_01_1_2_Chlorophyll_A_001_phosphate_plate5.tif,2,976.000,784,1168
24943,F8_01_1_2_Chlorophyll_A_001_phosphate_plate5.tif,1,960.000,960,960
24944,F8_01_1_2_Chlorophyll_A_001_phosphate_plate5.tif,2,848.000,848,848
24945,F8_01_1_2_Chlorophyll_A_001_phosphate_plate5.tif,6,802.667,768,880
24946,F8_01_1_2_Chlorophyll_A_001_phosphate_plate5.tif,1,896.000,896,896
24947,F8_01_1_2_Chlorophyll_A_001_phosphate_plate5.tif,3,842.667,768,944
24948,F8_01_1_2_Chlorophyll_A_001_phosphate_plate5.tif,1,784.000,784,784
24949,F8_01_1_2_Chlorophyll_A_001_phosphate_plate5.tif,2,840.000,768,912
24950,F8_01_1_2_Chlorophyll_A_001_phosphate_plate5.tif,2,824.000,768,880
24951,F8_01_1_2_Chlorophyll_A_001_phosphate_plate5.tif,3,928.000,832,1040
24952,F8_01_1_2_Chlorophyll_A_001_phosphate_plate5.tif,2,768.000,768,768
24953,F8_01_1_2_Chlorophyll_A_001_phosphate_plate5.tif,1,800.000,800,800
24954,F8_01_1_2_Chlorophyll_A_001_phosphate_plate5.tif,1,816.000,816,816
24955,F8_01_1_2_Chlorophyll_A_001_phosphate_plate5.tif,1,768.000,768,768
24956,F8_01_1_2_Chlorophyll_A_001_phosphate_plate5.tif,3,842.667,768,928
24957,F8_01_1_2_Chlorophyll_A_001_phosphate_plate5.tif,1,768.000,768,768
24958,F8_01_1_2_Chlorophyll_A_001_phosphate_plate5.tif,1,880.000,880,880
24959,F8_01_1_2_Chlorophyll_A_001_phosphate_plate5.tif,2,792.000,784,800
24960,F8_01_1_2_Chlorophyll_A_001_phosphate_plate5.tif,1,784.000,784,784
24961,F8_01_1_2_Chlorophyll_A_001_phosphate_plate5.tif,1,768.000,768,768
24962,F8_01_1_2_Chlorophyll_A_001_phosphate_plate5.tif,2,792.000,784,800
24963,F8_01_1_2_Chlorophyll_A_001_phosphate_plate5.tif,1,768.000,768,768
24964,F8_01_1_2_Chlorophyll_A_001_phosphate_plate5.tif,1,848.000,848,848
24965,F8_01_1_2_Chlorophyll_A_001_phosphate_plate5.tif,2,816.000,784,848
24966,F8_01_1_2_Chlorophyll_A_001_phosphate_plate5.tif,1,832.000,832,832
24967,F8_01_1_2_Chlorophyll_A_001_phosphate_plate5.tif,1,992.000,992,992
24968,F8_01_1_2_Chlorophyll_A_001_phosphate_plate5.tif,2,800.000,784,816
24969,F8_01_1_2_Chlorophyll_A_001_phosphate_plate5.tif,3,933.333,864,1040
24970,F8_01_1_2_Chlorophyll_A_001_phosphate_plate5.tif,1,960.000,960,960
24971,F8_01_1_2_Chlorophyll_A_001_phosphate_plate5.tif,1,832.000,832,832
24972,F8_01_1_2_Chlorophyll_A_001_phosphate_plate5.tif,1,768.000,768,768
24973,F8_01_1_2_Chlorophyll_A_001_phosphate_plate5.tif,1,768.000,768,768
24974,F8_01_1_2_Chlorophyll_A_001_phosphate_plate5.tif,1,832.000,832,832
24975,F8_01_1_2_Chlorophyll_A_001_phosphate_plate5.tif,1,768.000,768,768
24976,F8_01_1_2_Chlorophyll_A_001_phosphate_plate5.tif,1,816.000,816,816
24977,F8_01_1_2_Chlorophyll_A_001_phosphate_plate5.tif,1,864.000,864,864
24978,F8_01_1_2_Chlorophyll_A_001_phosphate_plate5.tif,1,816.000,816,816
24979,F8_01_1_2_Chlorophyll_A_001_phosphate_plate5.tif,1,784.000,784,784
24980,F8_01_1_2_Chlorophyll_A_001_phosphate_plate5.tif,1,768.000,768,768
24981,F8_01_1_2_Chlorophyll_A_001_phosphate_plate5.tif,1,896.000,896,896
24982,F8_01_1_2_Chlorophyll_A_001_phosphate_plate5.tif,1,816.000,816,816
24983,F8_01_1_2_Chlorophyll_A_001_phosphate_plate5.tif,100,2299.680,768,10048
24984,F8_01_1_2_Chlorophyll_A_001_phosphate_plate5.tif,1,864.000,864,864
24985,F8_01_1_2_Chlorophyll_A_001_phosphate_plate5.tif,1,800.000,800,800
24986,F8_01_1_2_Chlorophyll_A_001_phosphate_plate5.tif,25,871.040,768,1024
24987,F8_01_1_2_Chlorophyll_A_001_phosphate_plate5.tif,18,880.889,768,1024
24988,F8_01_1_2_Chlorophyll_A_001_phosphate_plate5.tif,57,872.140,768,1088
24989,F8_01_1_2_Chlorophyll_A_001_phosphate_plate5.tif,2,904.000,896,912
24990,F8_01_1_2_Chlorophyll_A_001_phosphate_plate5.tif,6,832.000,768,912
24991,F8_01_1_2_Chlorophyll_A_001_phosphate_plate5.tif,6,866.667,816,928
24992,F8_01_1_2_Chlorophyll_A_001_phosphate_plate5.tif,1,784.000,784,784
24993,F8_01_1_2_Chlorophyll_A_001_phosphate_plate5.tif,6,840.000,784,896
24994,F8_01_1_2_Chlorophyll_A_001_phosphate_plate5.tif,1,768.000,768,768
24995,F8_01_1_2_Chlorophyll_A_001_phosphate_plate5.tif,2,1000.000,912,1088
24996,F8_01_1_2_Chlorophyll_A_001_phosphate_plate5.tif,7,857.143,768,1008
24997,F8_01_1_2_Chlorophyll_A_001_phosphate_plate5.tif,1,784.000,784,784
24998,F8_01_1_2_Chlorophyll_A_001_phosphate_plate5.tif,1,912.000,912,912
24999,F8_01_1_2_Chlorophyll_A_001_phosphate_plate5.tif,3,848.000,800,880
25000,F8_01_1_2_Chlorophyll_A_001_phosphate_plate5.tif,4,836.000,800,880
25001,F8_01_1_2_Chlorophyll_A_001_phosphate_plate5.tif,3,816.000,784,864
25002,F8_01_1_2_Chlorophyll_A_001_phosphate_plate5.tif,1,768.000,768,768
25003,F8_01_1_2_Chlorophyll_A_001_phosphate_plate5.tif,3,922.667,784,1024
25004,F8_01_1_2_Chlorophyll_A_001_phosphate_plate5.tif,1,848.000,848,848
25005,F8_01_1_2_Chlorophyll_A_001_phosphate_plate5.tif,1,768.000,768,768
25006,F8_01_1_2_Chlorophyll_A_001_phosphate_plate5.tif,1,784.000,784,784
25007,F8_01_1_2_Chlorophyll_A_001_phosphate_plate5.tif,1,800.000,800,800
25008,F8_01_1_2_Chlorophyll_A_001_phosphate_plate5.tif,1,848.000,848,848
25009,F8_01_1_2_Chlorophyll_A_001_phosphate_plate5.tif,1,960.000,960,960
25010,F8_01_1_2_Chlorophyll_A_001_phosphate_plate5.tif,1,864.000,864,864
25011,F8_01_1_2_Chlorophyll_A_001_phosphate_plate5.tif,1,768.000,768,768
25012,F8_01_1_2_Chlorophyll_A_001_phosphate_plate5.tif,5,835.200,768,880
25013,F8_01_1_2_Chlorophyll_A_001_phosphate_plate5.tif,3,810.667,800,816
25014,F8_01_1_2_Chlorophyll_A_001_phosphate_plate5.tif,3,826.667,784,880
25015,F8_01_1_2_Chlorophyll_A_001_phosphate_plate5.tif,1,800.000,800,800
25016,F8_01_1_2_Chlorophyll_A_001_phosphate_plate5.tif,1,768.000,768,768
25017,F8_01_1_2_Chlorophyll_A_001_phosphate_plate5.tif,1,784.000,784,784
25018,F8_01_1_2_Chlorophyll_A_001_phosphate_plate5.tif,1,768.000,768,768
25019,F8_01_1_2_Chlorophyll_A_001_phosphate_plate5.tif,1,848.000,848,848
25020,F8_01_1_2_Chlorophyll_A_001_phosphate_plate5.tif,2,816.000,784,848
25021,F8_01_1_2_Chlorophyll_A_001_phosphate_plate5.tif,1,784.000,784,784
25022,F8_01_1_2_Chlorophyll_A_001_phosphate_plate5.tif,1,800.000,800,800
25023,F8_01_1_2_Chlorophyll_A_001_phosphate_plate5.tif,1,896.000,896,896
25024,F8_01_1_2_Chlorophyll_A_001_phosphate_plate5.tif,1,896.000,896,896
25025,F8_01_1_2_Chlorophyll_A_001_phosphate_plate5.tif,2,824.000,800,848
25026,F8_01_1_2_Chlorophyll_A_001_phosphate_plate5.tif,1,800.000,800,800
25027,F8_01_1_2_Chlorophyll_A_001_phosphate_plate5.tif,1,800.000,800,800
25028,F8_01_1_2_Chlorophyll_A_001_phosphate_plate5.tif,1,880.000,880,880
25029,F8_01_1_2_Chlorophyll_A_001_phosphate_plate5.tif,1,768.000,768,768
25030,F8_01_1_2_Chlorophyll_A_001_phosphate_plate5.tif,1,848.000,848,848
25031,F8_01_1_2_Chlorophyll_A_001_phosphate_plate5.tif,1,864.000,864,864
25032,F8_01_1_2_Chlorophyll_A_001_phosphate_plate5.tif,1,816.000,816,816
25033,F8_01_1_2_Chlorophyll_A_001_phosphate_plate5.tif,8,860.000,784,992
25034,F8_01_1_2_Chlorophyll_A_001_phosphate_plate5.tif,1,864.000,864,864
25035,F8_01_1_2_Chlorophyll_A_001_phosphate_plate5.tif,19,964.211,784,1168
25036,F8_01_1_2_Chlorophyll_A_001_phosphate_plate5.tif,203,1416.039,768,7616
25037,F8_01_1_2_Chlorophyll_A_001_phosphate_plate5.tif,1,896.000,896,896
25038,F8_01_1_2_Chlorophyll_A_001_phosphate_plate5.tif,41,852.683,768,1200
25039,F8_01_1_2_Chlorophyll_A_001_phosphate_plate5.tif,3,826.667,784,880
25040,F8_01_1_2_Chlorophyll_A_001_phosphate_plate5.tif,3,832.000,784,928
25041,F8_01_1_2_Chlorophyll_A_001_phosphate_plate5.tif,22,821.818,768,912
25042,F8_01_1_2_Chlorophyll_A_001_phosphate_plate5.tif,2,856.000,800,912
25043,F8_01_1_2_Chlorophyll_A_001_phosphate_plate5.tif,6,837.333,768,912
25044,F8_01_1_2_Chlorophyll_A_001_phosphate_plate5.tif,2,888.000,800,976
25045,F8_01_1_2_Chlorophyll_A_001_phosphate_plate5.tif,4,800.000,768,848
25046,F8_01_1_2_Chlorophyll_A_001_phosphate_plate5.tif,1,816.000,816,816
25047,F8_01_1_2_Chlorophyll_A_001_phosphate_plate5.tif,1,800.000,800,800
25048,F8_01_1_2_Chlorophyll_A_001_phosphate_plate5.tif,2,872.000,800,944
25049,F8_01_1_2_Chlorophyll_A_001_phosphate_plate5.tif,1,992.000,992,992
25050,F8_01_1_2_Chlorophyll_A_001_phosphate_plate5.tif,3,896.000,880,912
25051,F8_01_1_2_Chlorophyll_A_001_phosphate_plate5.tif,2,832.000,768,896
25052,F8_01_1_2_Chlorophyll_A_001_phosphate_plate5.tif,1,816.000,816,816
25053,F8_01_1_2_Chlorophyll_A_001_phosphate_plate5.tif,1,880.000,880,880
25054,F8_01_1_2_Chlorophyll_A_001_phosphate_plate5.tif,2,840.000,832,848
25055,F8_01_1_2_Chlorophyll_A_001_phosphate_plate5.tif,8,810.000,768,896
25056,F8_01_1_2_Chlorophyll_A_001_phosphate_plate5.tif,2,912.000,880,944
25057,F8_01_1_2_Chlorophyll_A_001_phosphate_plate5.tif,1,848.000,848,848
25058,F8_01_1_2_Chlorophyll_A_001_phosphate_plate5.tif,1,816.000,816,816
25059,F8_01_1_2_Chlorophyll_A_001_phosphate_plate5.tif,1,816.000,816,816
25060,F8_01_1_2_Chlorophyll_A_001_phosphate_plate5.tif,2,808.000,768,848
25061,F8_01_1_2_Chlorophyll_A_001_phosphate_plate5.tif,1,816.000,816,816
25062,F8_01_1_2_Chlorophyll_A_001_phosphate_plate5.tif,109,1444.550,768,5936
25063,F8_01_1_2_Chlorophyll_A_001_phosphate_plate5.tif,1,944.000,944,944
25064,F8_01_1_2_Chlorophyll_A_001_phosphate_plate5.tif,1,880.000,880,880
25065,F8_01_1_2_Chlorophyll_A_001_phosphate_plate5.tif,1,800.000,800,800
25066,F8_01_1_2_Chlorophyll_A_001_phosphate_plate5.tif,2,848.000,816,880
25067,F8_01_1_2_Chlorophyll_A_001_phosphate_plate5.tif,4,816.000,768,880
25068,F8_01_1_2_Chlorophyll_A_001_phosphate_plate5.tif,2,808.000,800,816
25069,F8_01_1_2_Chlorophyll_A_001_phosphate_plate5.tif,1,960.000,960,960
25070,F8_01_1_2_Chlorophyll_A_001_phosphate_plate5.tif,1,848.000,848,848
25071,F8_01_1_2_Chlorophyll_A_001_phosphate_plate5.tif,2,792.000,768,816
25072,F8_01_1_2_Chlorophyll_A_001_phosphate_plate5.tif,2,800.000,800,800
25073,F8_01_1_2_Chlorophyll_A_001_phosphate_plate5.tif,1,960.000,960,960
25074,F8_01_1_2_Chlorophyll_A_001_phosphate_plate5.tif,1,832.000,832,832
25075,F8_01_1_2_Chlorophyll_A_001_phosphate_plate5.tif,1,816.000,816,816
25076,F8_01_1_2_Chlorophyll_A_001_phosphate_plate5.tif,1,768.000,768,768
25077,F8_01_1_2_Chlorophyll_A_001_phosphate_plate5.tif,1,768.000,768,768
25078,F8_01_1_2_Chlorophyll_A_001_phosphate_plate5.tif,1,800.000,800,800
25079,F8_01_1_2_Chlorophyll_A_001_phosphate_plate5.tif,1,832.000,832,832
25080,F8_01_1_2_Chlorophyll_A_001_phosphate_plate5.tif,1,800.000,800,800
25081,F8_01_1_2_Chlorophyll_A_001_phosphate_plate5.tif,1,768.000,768,768
25082,F8_01_1_2_Chlorophyll_A_001_phosphate_plate5.tif,1,768.000,768,768
25083,F8_01_1_2_Chlorophyll_A_001_phosphate_plate5.tif,1,864.000,864,864
25084,F8_01_1_2_Chlorophyll_A_001_phosphate_plate5.tif,1,768.000,768,768
25085,F8_01_1_2_Chlorophyll_A_001_phosphate_plate5.tif,2,824.000,784,864
25086,F8_01_1_2_Chlorophyll_A_001_phosphate_plate5.tif,1,912.000,912,912
25087,F8_01_1_2_Chlorophyll_A_001_phosphate_plate5.tif,2,824.000,816,832
25088,F8_01_1_2_Chlorophyll_A_001_phosphate_plate5.tif,6,858.667,768,976
25089,F8_01_1_2_Chlorophyll_A_001_phosphate_plate5.tif,1,784.000,784,784
25090,F8_01_1_2_Chlorophyll_A_001_phosphate_plate5.tif,3,805.333,768,864
25091,F8_01_1_2_Chlorophyll_A_001_phosphate_plate5.tif,19,827.789,768,896
25092,F8_01_1_2_Chlorophyll_A_001_phosphate_plate5.tif,1,896.000,896,896
25093,F8_01_1_2_Chlorophyll_A_001_phosphate_plate5.tif,9,855.111,784,944
25094,F8_01_1_2_Chlorophyll_A_001_phosphate_plate5.tif,8,818.000,768,944
25095,F8_01_1_2_Chlorophyll_A_001_phosphate_plate5.tif,1,1120.000,1120,1120
25096,F8_01_1_2_Chlorophyll_A_001_phosphate_plate5.tif,1,832.000,832,832
25097,F8_01_1_2_Chlorophyll_A_001_phosphate_plate5.tif,1,992.000,992,992
25098,F8_01_1_2_Chlorophyll_A_001_phosphate_plate5.tif,9,860.444,768,960
25099,F8_01_1_2_Chlorophyll_A_001_phosphate_plate5.tif,1,880.000,880,880
25100,F8_01_1_2_Chlorophyll_A_001_phosphate_plate5.tif,1,784.000,784,784
25101,F8_01_1_2_Chlorophyll_A_001_phosphate_plate5.tif,1,768.000,768,768
25102,F8_01_1_2_Chlorophyll_A_001_phosphate_plate5.tif,1,816.000,816,816
25103,F8_01_1_2_Chlorophyll_A_001_phosphate_plate5.tif,1,784.000,784,784
25104,F8_01_1_2_Chlorophyll_A_001_phosphate_plate5.tif,1,768.000,768,768
25105,F8_01_1_2_Chlorophyll_A_001_phosphate_plate5.tif,1,816.000,816,816
25106,F8_01_1_2_Chlorophyll_A_001_phosphate_plate5.tif,1,784.000,784,784
25107,F8_01_1_2_Chlorophyll_A_001_phosphate_plate5.tif,1,992.000,992,992
25108,F8_01_1_2_Chlorophyll_A_001_phosphate_plate5.tif,1,864.000,864,864
25109,F8_01_1_2_Chlorophyll_A_001_phosphate_plate5.tif,1,816.000,816,816
25110,F8_01_1_2_Chlorophyll_A_001_phosphate_plate5.tif,1,784.000,784,784
25111,F8_01_1_2_Chlorophyll_A_001_phosphate_plate5.tif,1,976.000,976,976
25112,F8_01_1_2_Chlorophyll_A_001_phosphate_plate5.tif,1,768.000,768,768
25113,F8_01_1_2_Chlorophyll_A_001_phosphate_plate5.tif,1,800.000,800,800
25114,F8_01_1_2_Chlorophyll_A_001_phosphate_plate5.tif,1,816.000,816,816
25115,F8_01_1_2_Chlorophyll_A_001_phosphate_plate5.tif,2,944.000,912,976
25116,F8_01_1_2_Chlorophyll_A_001_phosphate_plate5.tif,8,886.000,784,976
25117,F8_01_1_2_Chlorophyll_A_001_phosphate_plate5.tif,1,928.000,928,928
25118,F8_01_1_2_Chlorophyll_A_001_phosphate_plate5.tif,1,864.000,864,864
25119,F8_01_1_2_Chlorophyll_A_001_phosphate_plate5.tif,6,808.000,768,880
25120,F8_01_1_2_Chlorophyll_A_001_phosphate_plate5.tif,1,992.000,992,992
25121,F8_01_1_2_Chlorophyll_A_001_phosphate_plate5.tif,1,800.000,800,800
25122,F8_01_1_2_Chlorophyll_A_001_phosphate_plate5.tif,1,1008.000,1008,1008
25123,F8_01_1_2_Chlorophyll_A_001_phosphate_plate5.tif,1,784.000,784,784
25124,F8_01_1_2_Chlorophyll_A_001_phosphate_plate5.tif,1,960.000,960,960
25125,F8_01_1_2_Chlorophyll_A_001_phosphate_plate5.tif,2,776.000,768,784
25126,F8_01_1_2_Chlorophyll_A_001_phosphate_plate5.tif,3,832.000,784,864
25127,F8_01_1_2_Chlorophyll_A_001_phosphate_plate5.tif,1,768.000,768,768
25128,F8_01_1_2_Chlorophyll_A_001_phosphate_plate5.tif,1,768.000,768,768
25129,F8_01_1_2_Chlorophyll_A_001_phosphate_plate5.tif,1,816.000,816,816
25130,F8_01_1_2_Chlorophyll_A_001_phosphate_plate5.tif,2,848.000,832,864
25131,F8_01_1_2_Chlorophyll_A_001_phosphate_plate5.tif,1,848.000,848,848
25132,F8_01_1_2_Chlorophyll_A_001_phosphate_plate5.tif,1,816.000,816,816
25133,F8_01_1_2_Chlorophyll_A_001_phosphate_plate5.tif,1,880.000,880,880
25134,F8_01_1_2_Chlorophyll_A_001_phosphate_plate5.tif,1,976.000,976,976
25135,F8_01_1_2_Chlorophyll_A_001_phosphate_plate5.tif,1,768.000,768,768
25136,F8_01_1_2_Chlorophyll_A_001_phosphate_plate5.tif,1,800.000,800,800
25137,F8_01_1_2_Chlorophyll_A_001_phosphate_plate5.tif,1,816.000,816,816
25138,F8_01_1_2_Chlorophyll_A_001_phosphate_plate5.tif,1,800.000,800,800
25139,F8_01_1_2_Chlorophyll_A_001_phosphate_plate5.tif,1,768.000,768,768
25140,F8_01_1_2_Chlorophyll_A_001_phosphate_plate5.tif,1,880.000,880,880
25141,F8_01_1_2_Chlorophyll_A_001_phosphate_plate5.tif,1,816.000,816,816
25142,F8_01_1_2_Chlorophyll_A_001_phosphate_plate5.tif,1,784.000,784,784
25143,F8_01_1_2_Chlorophyll_A_001_phosphate_plate5.tif,52,912.308,768,1168
25144,F8_01_1_2_Chlorophyll_A_001_phosphate_plate5.tif,45,876.800,768,1184
25145,F8_01_1_2_Chlorophyll_A_001_phosphate_plate5.tif,2,872.000,864,880
25146,F8_01_1_2_Chlorophyll_A_001_phosphate_plate5.tif,1,784.000,784,784
25147,F8_01_1_2_Chlorophyll_A_001_phosphate_plate5.tif,3,848.000,800,896
25148,F8_01_1_2_Chlorophyll_A_001_phosphate_plate5.tif,5,864.000,768,1088
25149,F8_01_1_2_Chlorophyll_A_001_phosphate_plate5.tif,3,816.000,768,896
25150,F8_01_1_2_Chlorophyll_A_001_phosphate_plate5.tif,1,768.000,768,768
25151,F8_01_1_2_Chlorophyll_A_001_phosphate_plate5.tif,1,784.000,784,784
25152,F8_01_1_2_Chlorophyll_A_001_phosphate_plate5.tif,1,832.000,832,832
25153,F8_01_1_2_Chlorophyll_A_001_phosphate_plate5.tif,1,768.000,768,768
25154,F8_01_1_2_Chlorophyll_A_001_phosphate_plate5.tif,2,856.000,768,944
25155,F8_01_1_2_Chlorophyll_A_001_phosphate_plate5.tif,1,784.000,784,784
25156,F8_01_1_2_Chlorophyll_A_001_phosphate_plate5.tif,1,784.000,784,784
25157,F8_01_1_2_Chlorophyll_A_001_phosphate_plate5.tif,11,829.091,768,896
25158,F8_01_1_2_Chlorophyll_A_001_phosphate_plate5.tif,2,848.000,768,928
25159,F8_01_1_2_Chlorophyll_A_001_phosphate_plate5.tif,1,768.000,768,768
25160,F8_01_1_2_Chlorophyll_A_001_phosphate_plate5.tif,4,832.000,768,912
25161,F8_01_1_2_Chlorophyll_A_001_phosphate_plate5.tif,2,784.000,784,784
25162,F8_01_1_2_Chlorophyll_A_001_phosphate_plate5.tif,1,832.000,832,832
25163,F8_01_1_2_Chlorophyll_A_001_phosphate_plate5.tif,1,848.000,848,848
25164,F8_01_1_2_Chlorophyll_A_001_phosphate_plate5.tif,1,800.000,800,800
25165,F8_01_1_2_Chlorophyll_A_001_phosphate_plate5.tif,1,768.000,768,768
25166,F8_01_1_2_Chlorophyll_A_001_phosphate_plate5.tif,1,800.000,800,800
25167,F8_01_1_2_Chlorophyll_A_001_phosphate_plate5.tif,1,864.000,864,864
25168,F8_01_1_2_Chlorophyll_A_001_phosphate_plate5.tif,1,800.000,800,800
25169,F8_01_1_2_Chlorophyll_A_001_phosphate_plate5.tif,5,796.800,768,832
25170,F8_01_1_2_Chlorophyll_A_001_phosphate_plate5.tif,1,880.000,880,880
25171,F8_01_1_2_Chlorophyll_A_001_phosphate_plate5.tif,1,848.000,848,848
25172,F8_01_1_2_Chlorophyll_A_001_phosphate_plate5.tif,1,832.000,832,832
25173,F8_01_1_2_Chlorophyll_A_001_phosphate_plate5.tif,1,912.000,912,912
25174,F8_01_1_2_Chlorophyll_A_001_phosphate_plate5.tif,1,832.000,832,832
25175,F8_01_1_2_Chlorophyll_A_001_phosphate_plate5.tif,1,768.000,768,768
25176,F8_01_1_2_Chlorophyll_A_001_phosphate_plate5.tif,1,768.000,768,768
25177,F8_01_1_2_Chlorophyll_A_001_phosphate_plate5.tif,1,880.000,880,880
25178,F8_01_1_2_Chlorophyll_A_001_phosphate_plate5.tif,1,768.000,768,768
25179,F8_01_1_2_Chlorophyll_A_001_phosphate_plate5.tif,3,901.333,784,992
25180,F8_01_1_2_Chlorophyll_A_001_phosphate_plate5.tif,1,800.000,800,800
25181,F8_01_1_2_Chlorophyll_A_001_phosphate_plate5.tif,2,832.000,816,848
25182,F8_01_1_2_Chlorophyll_A_001_phosphate_plate5.tif,1,816.000,816,816
25183,F8_01_1_2_Chlorophyll_A_001_phosphate_plate5.tif,9,960.000,800,1168
25184,F8_01_1_2_Chlorophyll_A_001_phosphate_plate5.tif,49,890.776,768,1264
25185,F8_01_1_2_Chlorophyll_A_001_phosphate_plate5.tif,1,1104.000,1104,1104
25186,F8_01_1_2_Chlorophyll_A_001_phosphate_plate5.tif,4,916.000,784,1040
25187,F8_01_1_2_Chlorophyll_A_001_phosphate_plate5.tif,3,1013.333,912,1200
25188,F8_01_1_2_Chlorophyll_A_001_phosphate_plate5.tif,1,768.000,768,768
25189,F8_01_1_2_Chlorophyll_A_001_phosphate_plate5.tif,1,816.000,816,816
25190,F8_01_1_2_Chlorophyll_A_001_phosphate_plate5.tif,2,800.000,784,816
25191,F8_01_1_2_Chlorophyll_A_001_phosphate_plate5.tif,1,784.000,784,784
25192,F8_01_1_2_Chlorophyll_A_001_phosphate_plate5.tif,1,768.000,768,768
25193,F8_01_1_2_Chlorophyll_A_001_phosphate_plate5.tif,3,784.000,784,784
25194,F8_01_1_2_Chlorophyll_A_001_phosphate_plate5.tif,3,778.667,768,784
25195,F8_01_1_2_Chlorophyll_A_001_phosphate_plate5.tif,1,944.000,944,944
25196,F8_01_1_2_Chlorophyll_A_001_phosphate_plate5.tif,2,920.000,912,928
25197,F8_01_1_2_Chlorophyll_A_001_phosphate_plate5.tif,1,1168.000,1168,1168
25198,F8_01_1_2_Chlorophyll_A_001_phosphate_plate5.tif,3,874.667,816,976
25199,F8_01_1_2_Chlorophyll_A_001_phosphate_plate5.tif,7,816.000,784,880
25200,F8_01_1_2_Chlorophyll_A_001_phosphate_plate5.tif,6,813.333,768,912
25201,F8_01_1_2_Chlorophyll_A_001_phosphate_plate5.tif,1,864.000,864,864
25202,F8_01_1_2_Chlorophyll_A_001_phosphate_plate5.tif,1,864.000,864,864
25203,F8_01_1_2_Chlorophyll_A_001_phosphate_plate5.tif,1,800.000,800,800
25204,F8_01_1_2_Chlorophyll_A_001_phosphate_plate5.tif,4,820.000,768,848
25205,F8_01_1_2_Chlorophyll_A_001_phosphate_plate5.tif,1,848.000,848,848
25206,F8_01_1_2_Chlorophyll_A_001_phosphate_plate5.tif,2,968.000,896,1040
25207,F8_01_1_2_Chlorophyll_A_001_phosphate_plate5.tif,3,805.333,768,880
25208,F8_01_1_2_Chlorophyll_A_001_phosphate_plate5.tif,1,800.000,800,800
25209,F8_01_1_2_Chlorophyll_A_001_phosphate_plate5.tif,2,832.000,768,896
25210,F8_01_1_2_Chlorophyll_A_001_phosphate_plate5.tif,1,864.000,864,864
25211,F8_01_1_2_Chlorophyll_A_001_phosphate_plate5.tif,4,844.000,768,912
25212,F8_01_1_2_Chlorophyll_A_001_phosphate_plate5.tif,3,842.667,816,880
25213,F8_01_1_2_Chlorophyll_A_001_phosphate_plate5.tif,1,960.000,960,960
25214,F8_01_1_2_Chlorophyll_A_001_phosphate_plate5.tif,2,872.000,848,896
25215,F8_01_1_2_Chlorophyll_A_001_phosphate_plate5.tif,2,800.000,768,832
25216,F8_01_1_2_Chlorophyll_A_001_phosphate_plate5.tif,2,824.000,768,880
25217,F8_01_1_2_Chlorophyll_A_001_phosphate_plate5.tif,1,768.000,768,768
25218,F8_01_1_2_Chlorophyll_A_001_phosphate_plate5.tif,1,784.000,784,784
25219,F8_01_1_2_Chlorophyll_A_001_phosphate_plate5.tif,3,858.667,784,960
25220,F8_01_1_2_Chlorophyll_A_001_phosphate_plate5.tif,5,880.000,800,1088
25221,F8_01_1_2_Chlorophyll_A_001_phosphate_plate5.tif,2,808.000,784,832
25222,F8_01_1_2_Chlorophyll_A_001_phosphate_plate5.tif,3,821.333,784,848
25223,F8_01_1_2_Chlorophyll_A_001_phosphate_plate5.tif,1,800.000,800,800
25224,F8_01_1_2_Chlorophyll_A_001_phosphate_plate5.tif,2,800.000,768,832
25225,F8_01_1_2_Chlorophyll_A_001_phosphate_plate5.tif,1,784.000,784,784
25226,F8_01_1_2_Chlorophyll_A_001_phosphate_plate5.tif,1,800.000,800,800
25227,F8_01_1_2_Chlorophyll_A_001_phosphate_plate5.tif,2,928.000,896,960
25228,F8_01_1_2_Chlorophyll_A_001_phosphate_plate5.tif,1,816.000,816,816
25229,F8_01_1_2_Chlorophyll_A_001_phosphate_plate5.tif,1,848.000,848,848
25230,F8_01_1_2_Chlorophyll_A_001_phosphate_plate5.tif,1,816.000,816,816
25231,F8_01_1_2_Chlorophyll_A_001_phosphate_plate5.tif,1,816.000,816,816
25232,F8_01_1_2_Chlorophyll_A_001_phosphate_plate5.tif,1,784.000,784,784
25233,F8_01_1_2_Chlorophyll_A_001_phosphate_plate5.tif,1,848.000,848,848
25234,F8_01_1_2_Chlorophyll_A_001_phosphate_plate5.tif,1,768.000,768,768
25235,F8_01_1_2_Chlorophyll_A_001_phosphate_plate5.tif,1,800.000,800,800
25236,F8_01_1_2_Chlorophyll_A_001_phosphate_plate5.tif,1,768.000,768,768
25237,F8_01_1_2_Chlorophyll_A_001_phosphate_plate5.tif,1,832.000,832,832
25238,F8_01_1_2_Chlorophyll_A_001_phosphate_plate5.tif,1,864.000,864,864
25239,F8_01_1_2_Chlorophyll_A_001_phosphate_plate5.tif,1,784.000,784,784
25240,F8_01_1_2_Chlorophyll_A_001_phosphate_plate5.tif,1,784.000,784,784
25241,F8_01_1_2_Chlorophyll_A_001_phosphate_plate5.tif,2,896.000,848,944
25242,F8_01_1_2_Chlorophyll_A_001_phosphate_plate5.tif,1,800.000,800,800
25243,F8_01_1_2_Chlorophyll_A_001_phosphate_plate5.tif,1,832.000,832,832
25244,F8_01_1_2_Chlorophyll_A_001_phosphate_plate5.tif,3,816.000,768,880
25245,F8_01_1_2_Chlorophyll_A_001_phosphate_plate5.tif,21,895.238,784,1104
25246,F8_01_1_2_Chlorophyll_A_001_phosphate_plate5.tif,35,896.000,768,1184
25247,F8_01_1_2_Chlorophyll_A_001_phosphate_plate5.tif,58,893.793,768,1120
25248,F8_01_1_2_Chlorophyll_A_001_phosphate_plate5.tif,1,848.000,848,848
25249,F8_01_1_2_Chlorophyll_A_001_phosphate_plate5.tif,2,920.000,784,1056
25250,F8_01_1_2_Chlorophyll_A_001_phosphate_plate5.tif,8,828.000,784,880
25251,F8_01_1_2_Chlorophyll_A_001_phosphate_plate5.tif,126,2036.698,768,12112
25252,F8_01_1_2_Chlorophyll_A_001_phosphate_plate5.tif,1,864.000,864,864
25253,F8_01_1_2_Chlorophyll_A_001_phosphate_plate5.tif,1,896.000,896,896
25254,F8_01_1_2_Chlorophyll_A_001_phosphate_plate5.tif,1,1008.000,1008,1008
25255,F8_01_1_2_Chlorophyll_A_001_phosphate_plate5.tif,1,800.000,800,800
25256,F8_01_1_2_Chlorophyll_A_001_phosphate_plate5.tif,1,784.000,784,784
25257,F8_01_1_2_Chlorophyll_A_001_phosphate_plate5.tif,2,824.000,800,848
25258,F8_01_1_2_Chlorophyll_A_001_phosphate_plate5.tif,1,768.000,768,768
25259,F8_01_1_2_Chlorophyll_A_001_phosphate_plate5.tif,3,794.667,768,848
25260,F8_01_1_2_Chlorophyll_A_001_phosphate_plate5.tif,2,808.000,800,816
25261,F8_01_1_2_Chlorophyll_A_001_phosphate_plate5.tif,1,816.000,816,816
25262,F8_01_1_2_Chlorophyll_A_001_phosphate_plate5.tif,1,816.000,816,816
25263,F8_01_1_2_Chlorophyll_A_001_phosphate_plate5.tif,5,825.600,768,880
25264,F8_01_1_2_Chlorophyll_A_001_phosphate_plate5.tif,1,912.000,912,912
25265,F8_01_1_2_Chlorophyll_A_001_phosphate_plate5.tif,2,936.000,864,1008
25266,F8_01_1_2_Chlorophyll_A_001_phosphate_plate5.tif,1,768.000,768,768
25267,F8_01_1_2_Chlorophyll_A_001_phosphate_plate5.tif,1,880.000,880,880
25268,F8_01_1_2_Chlorophyll_A_001_phosphate_plate5.tif,2,848.000,800,896
25269,F8_01_1_2_Chlorophyll_A_001_phosphate_plate5.tif,3,800.000,768,816
25270,F8_01_1_2_Chlorophyll_A_001_phosphate_plate5.tif,1,800.000,800,800
25271,F8_01_1_2_Chlorophyll_A_001_phosphate_plate5.tif,1,784.000,784,784
25272,F8_01_1_2_Chlorophyll_A_001_phosphate_plate5.tif,1,768.000,768,768
25273,F8_01_1_2_Chlorophyll_A_001_phosphate_plate5.tif,1,960.000,960,960
25274,F8_01_1_2_Chlorophyll_A_001_phosphate_plate5.tif,1,768.000,768,768
25275,F8_01_1_2_Chlorophyll_A_001_phosphate_plate5.tif,6,880.000,800,976
25276,F8_01_1_2_Chlorophyll_A_001_phosphate_plate5.tif,1,944.000,944,944
25277,F8_01_1_2_Chlorophyll_A_001_phosphate_plate5.tif,1,784.000,784,784
25278,F8_01_1_2_Chlorophyll_A_001_phosphate_plate5.tif,3,842.667,800,928
25279,F8_01_1_2_Chlorophyll_A_001_phosphate_plate5.tif,1,896.000,896,896
25280,F8_01_1_2_Chlorophyll_A_001_phosphate_plate5.tif,4,872.000,800,928
25281,F8_01_1_2_Chlorophyll_A_001_phosphate_plate5.tif,69,866.551,768,1312
25282,F8_01_1_2_Chlorophyll_A_001_phosphate_plate5.tif,51,879.373,768,1136
25283,F8_01_1_2_Chlorophyll_A_001_phosphate_plate5.tif,37,896.865,768,1248
25284,F8_01_1_2_Chlorophyll_A_001_phosphate_plate5.tif,39,891.487,768,1136
25285,F8_01_1_2_Chlorophyll_A_001_phosphate_plate5.tif,11,861.091,768,1056
25286,F8_01_1_2_Chlorophyll_A_001_phosphate_plate5.tif,25,868.480,768,1184
25287,F8_01_1_2_Chlorophyll_A_001_phosphate_plate5.tif,2,840.000,816,864
25288,F8_01_1_2_Chlorophyll_A_001_phosphate_plate5.tif,1,768.000,768,768
25289,F8_01_1_2_Chlorophyll_A_001_phosphate_plate5.tif,1,768.000,768,768
25290,F8_01_1_2_Chlorophyll_A_001_phosphate_plate5.tif,9,851.556,784,896
25291,F8_01_1_2_Chlorophyll_A_001_phosphate_plate5.tif,3,842.667,784,880
25292,F8_01_1_2_Chlorophyll_A_001_phosphate_plate5.tif,2,880.000,816,944
25293,F8_01_1_2_Chlorophyll_A_001_phosphate_plate5.tif,1,880.000,880,880
25294,F8_01_1_2_Chlorophyll_A_001_phosphate_plate5.tif,3,826.667,768,928
25295,F8_01_1_2_Chlorophyll_A_001_phosphate_plate5.tif,3,816.000,784,832
25296,F8_01_1_2_Chlorophyll_A_001_phosphate_plate5.tif,1,864.000,864,864
25297,F8_01_1_2_Chlorophyll_A_001_phosphate_plate5.tif,13,820.923,768,928
25298,F8_01_1_2_Chlorophyll_A_001_phosphate_plate5.tif,1,912.000,912,912
25299,F8_01_1_2_Chlorophyll_A_001_phosphate_plate5.tif,3,954.667,864,1024
25300,F8_01_1_2_Chlorophyll_A_001_phosphate_plate5.tif,2,824.000,768,880
25301,F8_01_1_2_Chlorophyll_A_001_phosphate_plate5.tif,2,920.000,832,1008
25302,F8_01_1_2_Chlorophyll_A_001_phosphate_plate5.tif,1,768.000,768,768
25303,F8_01_1_2_Chlorophyll_A_001_phosphate_plate5.tif,1,976.000,976,976
25304,F8_01_1_2_Chlorophyll_A_001_phosphate_plate5.tif,1,848.000,848,848
25305,F8_01_1_2_Chlorophyll_A_001_phosphate_plate5.tif,1,800.000,800,800
25306,F8_01_1_2_Chlorophyll_A_001_phosphate_plate5.tif,1,832.000,832,832
25307,F8_01_1_2_Chlorophyll_A_001_phosphate_plate5.tif,3,869.333,784,960
25308,F8_01_1_2_Chlorophyll_A_001_phosphate_plate5.tif,1,768.000,768,768
25309,F8_01_1_2_Chlorophyll_A_001_phosphate_plate5.tif,1,768.000,768,768
25310,F8_01_1_2_Chlorophyll_A_001_phosphate_plate5.tif,1,800.000,800,800
25311,F8_01_1_2_Chlorophyll_A_001_phosphate_plate5.tif,4,824.000,768,848
25312,F8_01_1_2_Chlorophyll_A_001_phosphate_plate5.tif,1,816.000,816,816
25313,F8_01_1_2_Chlorophyll_A_001_phosphate_plate5.tif,1,864.000,864,864
25314,F8_01_1_2_Chlorophyll_A_001_phosphate_plate5.tif,1,784.000,784,784
25315,F8_01_1_2_Chlorophyll_A_001_phosphate_plate5.tif,1,816.000,816,816
25316,F8_01_1_2_Chlorophyll_A_001_phosphate_plate5.tif,2,776.000,768,784
25317,F8_01_1_2_Chlorophyll_A_001_phosphate_plate5.tif,1,816.000,816,816
25318,F8_01_1_2_Chlorophyll_A_001_phosphate_plate5.tif,1,912.000,912,912
25319,F8_01_1_2_Chlorophyll_A_001_phosphate_plate5.tif,1,816.000,816,816
25320,F8_01_1_2_Chlorophyll_A_001_phosphate_plate5.tif,1,944.000,944,944
25321,F8_01_1_2_Chlorophyll_A_001_phosphate_plate5.tif,1,768.000,768,768
25322,F8_01_1_2_Chlorophyll_A_001_phosphate_plate5.tif,3,821.333,768,848
25323,F8_01_1_2_Chlorophyll_A_001_phosphate_plate5.tif,1,800.000,800,800
25324,F8_01_1_2_Chlorophyll_A_001_phosphate_plate5.tif,4,872.000,816,1024
25325,F8_01_1_2_Chlorophyll_A_001_phosphate_plate5.tif,2,848.000,816,880
25326,F8_01_1_2_Chlorophyll_A_001_phosphate_plate5.tif,1,880.000,880,880
25327,F8_01_1_2_Chlorophyll_A_001_phosphate_plate5.tif,1,944.000,944,944
25328,F8_01_1_2_Chlorophyll_A_001_phosphate_plate5.tif,1,800.000,800,800
25329,F8_01_1_2_Chlorophyll_A_001_phosphate_plate5.tif,14,900.571,768,1104
25330,F8_01_1_2_Chlorophyll_A_001_phosphate_plate5.tif,20,860.000,768,976
25331,F8_01_1_2_Chlorophyll_A_001_phosphate_plate5.tif,72,864.889,768,1104
25332,F8_01_1_2_Chlorophyll_A_001_phosphate_plate5.tif,15,839.467,768,928
25333,F8_01_1_2_Chlorophyll_A_001_phosphate_plate5.tif,4,916.000,832,1008
25334,F8_01_1_2_Chlorophyll_A_001_phosphate_plate5.tif,5,876.800,816,960
25335,F8_01_1_2_Chlorophyll_A_001_phosphate_plate5.tif,3,794.667,784,800
25336,F8_01_1_2_Chlorophyll_A_001_phosphate_plate5.tif,1,960.000,960,960
25337,F8_01_1_2_Chlorophyll_A_001_phosphate_plate5.tif,1,848.000,848,848
25338,F8_01_1_2_Chlorophyll_A_001_phosphate_plate5.tif,5,912.000,864,960
25339,F8_01_1_2_Chlorophyll_A_001_phosphate_plate5.tif,1,864.000,864,864
25340,F8_01_1_2_Chlorophyll_A_001_phosphate_plate5.tif,4,804.000,784,832
25341,F8_01_1_2_Chlorophyll_A_001_phosphate_plate5.tif,1,896.000,896,896
25342,F8_01_1_2_Chlorophyll_A_001_phosphate_plate5.tif,1,880.000,880,880
25343,F8_01_1_2_Chlorophyll_A_001_phosphate_plate5.tif,6,834.667,784,896
25344,F8_01_1_2_Chlorophyll_A_001_phosphate_plate5.tif,4,836.000,784,928
25345,F8_01_1_2_Chlorophyll_A_001_phosphate_plate5.tif,1,832.000,832,832
25346,F8_01_1_2_Chlorophyll_A_001_phosphate_plate5.tif,1,768.000,768,768
25347,F8_01_1_2_Chlorophyll_A_001_phosphate_plate5.tif,1,768.000,768,768
25348,F8_01_1_2_Chlorophyll_A_001_phosphate_plate5.tif,1,816.000,816,816
25349,F8_01_1_2_Chlorophyll_A_001_phosphate_plate5.tif,1,784.000,784,784
25350,F8_01_1_2_Chlorophyll_A_001_phosphate_plate5.tif,1,896.000,896,896
25351,F8_01_1_2_Chlorophyll_A_001_phosphate_plate5.tif,3,837.333,816,848
25352,F8_01_1_2_Chlorophyll_A_001_phosphate_plate5.tif,1,896.000,896,896
25353,F8_01_1_2_Chlorophyll_A_001_phosphate_plate5.tif,1,896.000,896,896
25354,F8_01_1_2_Chlorophyll_A_001_phosphate_plate5.tif,1,768.000,768,768
25355,F8_01_1_2_Chlorophyll_A_001_phosphate_plate5.tif,2,832.000,832,832
25356,F8_01_1_2_Chlorophyll_A_001_phosphate_plate5.tif,3,821.333,768,912
25357,F8_01_1_2_Chlorophyll_A_001_phosphate_plate5.tif,2,800.000,768,832
25358,F8_01_1_2_Chlorophyll_A_001_phosphate_plate5.tif,3,826.667,784,880
25359,F8_01_1_2_Chlorophyll_A_001_phosphate_plate5.tif,1,800.000,800,800
25360,F8_01_1_2_Chlorophyll_A_001_phosphate_plate5.tif,1,768.000,768,768
25361,F8_01_1_2_Chlorophyll_A_001_phosphate_plate5.tif,1,880.000,880,880
25362,F8_01_1_2_Chlorophyll_A_001_phosphate_plate5.tif,1,784.000,784,784
25363,F8_01_1_2_Chlorophyll_A_001_phosphate_plate5.tif,2,864.000,864,864
25364,F8_01_1_2_Chlorophyll_A_001_phosphate_plate5.tif,1,848.000,848,848
25365,F8_01_1_2_Chlorophyll_A_001_phosphate_plate5.tif,1,816.000,816,816
25366,F8_01_1_2_Chlorophyll_A_001_phosphate_plate5.tif,1,800.000,800,800
25367,F8_01_1_2_Chlorophyll_A_001_phosphate_plate5.tif,1,784.000,784,784
25368,F8_01_1_2_Chlorophyll_A_001_phosphate_plate5.tif,2,856.000,800,912
25369,F8_01_1_2_Chlorophyll_A_001_phosphate_plate5.tif,1,816.000,816,816
25370,F8_01_1_2_Chlorophyll_A_001_phosphate_plate5.tif,1,768.000,768,768
25371,F8_01_1_2_Chlorophyll_A_001_phosphate_plate5.tif,2,784.000,768,800
25372,F8_01_1_2_Chlorophyll_A_001_phosphate_plate5.tif,1,768.000,768,768
25373,F8_01_1_2_Chlorophyll_A_001_phosphate_plate5.tif,1,880.000,880,880
25374,F8_01_1_2_Chlorophyll_A_001_phosphate_plate5.tif,1,800.000,800,800
25375,F8_01_1_2_Chlorophyll_A_001_phosphate_plate5.tif,1,784.000,784,784
25376,F8_01_1_2_Chlorophyll_A_001_phosphate_plate5.tif,1,896.000,896,896
25377,F8_01_1_2_Chlorophyll_A_001_phosphate_plate5.tif,1,960.000,960,960
25378,F8_01_1_2_Chlorophyll_A_001_phosphate_plate5.tif,1,800.000,800,800
25379,F8_01_1_2_Chlorophyll_A_001_phosphate_plate5.tif,1,864.000,864,864
25380,F8_01_1_2_Chlorophyll_A_001_phosphate_plate5.tif,4,848.000,784,912
25381,F8_01_1_2_Chlorophyll_A_001_phosphate_plate5.tif,2,840.000,816,864
25382,F8_01_1_2_Chlorophyll_A_001_phosphate_plate5.tif,1,864.000,864,864
25383,F8_01_1_2_Chlorophyll_A_001_phosphate_plate5.tif,47,889.532,768,1232
25384,F8_01_1_2_Chlorophyll_A_001_phosphate_plate5.tif,76,859.158,768,1088
25385,F8_01_1_2_Chlorophyll_A_001_phosphate_plate5.tif,1,800.000,800,800
25386,F8_01_1_2_Chlorophyll_A_001_phosphate_plate5.tif,2,888.000,864,912
25387,F8_01_1_2_Chlorophyll_A_001_phosphate_plate5.tif,1,896.000,896,896
25388,F8_01_1_2_Chlorophyll_A_001_phosphate_plate5.tif,1,992.000,992,992
25389,F8_01_1_2_Chlorophyll_A_001_phosphate_plate5.tif,3,794.667,768,816
25390,F8_01_1_2_Chlorophyll_A_001_phosphate_plate5.tif,15,861.867,768,944
25391,F8_01_1_2_Chlorophyll_A_001_phosphate_plate5.tif,1,784.000,784,784
25392,F8_01_1_2_Chlorophyll_A_001_phosphate_plate5.tif,6,802.667,768,880
25393,F8_01_1_2_Chlorophyll_A_001_phosphate_plate5.tif,3,832.000,768,912
25394,F8_01_1_2_Chlorophyll_A_001_phosphate_plate5.tif,1,864.000,864,864
25395,F8_01_1_2_Chlorophyll_A_001_phosphate_plate5.tif,6,821.333,768,976
25396,F8_01_1_2_Chlorophyll_A_001_phosphate_plate5.tif,1,784.000,784,784
25397,F8_01_1_2_Chlorophyll_A_001_phosphate_plate5.tif,2,832.000,816,848
25398,F8_01_1_2_Chlorophyll_A_001_phosphate_plate5.tif,1,800.000,800,800
25399,F8_01_1_2_Chlorophyll_A_001_phosphate_plate5.tif,1,880.000,880,880
25400,F8_01_1_2_Chlorophyll_A_001_phosphate_plate5.tif,1,864.000,864,864
25401,F8_01_1_2_Chlorophyll_A_001_phosphate_plate5.tif,2,816.000,768,864
25402,F8_01_1_2_Chlorophyll_A_001_phosphate_plate5.tif,1,832.000,832,832
25403,F8_01_1_2_Chlorophyll_A_001_phosphate_plate5.tif,1,864.000,864,864
25404,F8_01_1_2_Chlorophyll_A_001_phosphate_plate5.tif,2,776.000,768,784
25405,F8_01_1_2_Chlorophyll_A_001_phosphate_plate5.tif,1,896.000,896,896
25406,F8_01_1_2_Chlorophyll_A_001_phosphate_plate5.tif,1,848.000,848,848
25407,F8_01_1_2_Chlorophyll_A_001_phosphate_plate5.tif,1,768.000,768,768
25408,F8_01_1_2_Chlorophyll_A_001_phosphate_plate5.tif,1,976.000,976,976
25409,F8_01_1_2_Chlorophyll_A_001_phosphate_plate5.tif,120,1908.133,768,12432
25410,F8_01_1_2_Chlorophyll_A_001_phosphate_plate5.tif,1,880.000,880,880
25411,F8_01_1_2_Chlorophyll_A_001_phosphate_plate5.tif,1,800.000,800,800
25412,F8_01_1_2_Chlorophyll_A_001_phosphate_plate5.tif,1,864.000,864,864
25413,F8_01_1_2_Chlorophyll_A_001_phosphate_plate5.tif,1,896.000,896,896
25414,F8_01_1_2_Chlorophyll_A_001_phosphate_plate5.tif,1,768.000,768,768
25415,F8_01_1_2_Chlorophyll_A_001_phosphate_plate5.tif,1,768.000,768,768
25416,F8_01_1_2_Chlorophyll_A_001_phosphate_plate5.tif,2,832.000,768,896
25417,F8_01_1_2_Chlorophyll_A_001_phosphate_plate5.tif,1,864.000,864,864
25418,F8_01_1_2_Chlorophyll_A_001_phosphate_plate5.tif,1,768.000,768,768
25419,F8_01_1_2_Chlorophyll_A_001_phosphate_plate5.tif,1,784.000,784,784
25420,F8_01_1_2_Chlorophyll_A_001_phosphate_plate5.tif,1,912.000,912,912
25421,F8_01_1_2_Chlorophyll_A_001_phosphate_plate5.tif,1,768.000,768,768
25422,F8_01_1_2_Chlorophyll_A_001_phosphate_plate5.tif,1,784.000,784,784
25423,F8_01_1_2_Chlorophyll_A_001_phosphate_plate5.tif,1,864.000,864,864
25424,F8_01_1_2_Chlorophyll_A_001_phosphate_plate5.tif,1,880.000,880,880
25425,F8_01_1_2_Chlorophyll_A_001_phosphate_plate5.tif,1,864.000,864,864
25426,F8_01_1_2_Chlorophyll_A_001_phosphate_plate5.tif,1,832.000,832,832
25427,F8_01_1_2_Chlorophyll_A_001_phosphate_plate5.tif,1,768.000,768,768
25428,F8_01_1_2_Chlorophyll_A_001_phosphate_plate5.tif,1,816.000,816,816
25429,F8_01_1_2_Chlorophyll_A_001_phosphate_plate5.tif,1,784.000,784,784
25430,F8_01_1_2_Chlorophyll_A_001_phosphate_plate5.tif,1,816.000,816,816
25431,F8_01_1_2_Chlorophyll_A_001_phosphate_plate5.tif,1,896.000,896,896
25432,F8_01_1_2_Chlorophyll_A_001_phosphate_plate5.tif,2,800.000,768,832
25433,F8_01_1_2_Chlorophyll_A_001_phosphate_plate5.tif,4,820.000,768,880
25434,F8_01_1_2_Chlorophyll_A_001_phosphate_plate5.tif,1,816.000,816,816
25435,F8_01_1_2_Chlorophyll_A_001_phosphate_plate5.tif,2,880.000,848,912
25436,F8_01_1_2_Chlorophyll_A_001_phosphate_plate5.tif,2,816.000,768,864
25437,F8_01_1_2_Chlorophyll_A_001_phosphate_plate5.tif,3,789.333,768,800
25438,F8_01_1_2_Chlorophyll_A_001_phosphate_plate5.tif,4,884.000,816,976
25439,F8_01_1_2_Chlorophyll_A_001_phosphate_plate5.tif,197,2557.076,768,17952
25440,F8_01_1_2_Chlorophyll_A_001_phosphate_plate5.tif,10,880.000,768,1056
25441,F8_01_1_2_Chlorophyll_A_001_phosphate_plate5.tif,34,893.647,768,1152
25442,F8_01_1_2_Chlorophyll_A_001_phosphate_plate5.tif,3,869.333,784,1008
25443,F8_01_1_2_Chlorophyll_A_001_phosphate_plate5.tif,1,976.000,976,976
25444,F8_01_1_2_Chlorophyll_A_001_phosphate_plate5.tif,5,854.400,768,944
25445,F8_01_1_2_Chlorophyll_A_001_phosphate_plate5.tif,1,784.000,784,784
25446,F8_01_1_2_Chlorophyll_A_001_phosphate_plate5.tif,2,856.000,784,928
25447,F8_01_1_2_Chlorophyll_A_001_phosphate_plate5.tif,20,822.400,768,992
25448,F8_01_1_2_Chlorophyll_A_001_phosphate_plate5.tif,2,808.000,800,816
25449,F8_01_1_2_Chlorophyll_A_001_phosphate_plate5.tif,1,864.000,864,864
25450,F8_01_1_2_Chlorophyll_A_001_phosphate_plate5.tif,1,880.000,880,880
25451,F8_01_1_2_Chlorophyll_A_001_phosphate_plate5.tif,1,816.000,816,816
25452,F8_01_1_2_Chlorophyll_A_001_phosphate_plate5.tif,1,768.000,768,768
25453,F8_01_1_2_Chlorophyll_A_001_phosphate_plate5.tif,1,768.000,768,768
25454,F8_01_1_2_Chlorophyll_A_001_phosphate_plate5.tif,7,854.857,768,1008
25455,F8_01_1_2_Chlorophyll_A_001_phosphate_plate5.tif,5,835.200,768,960
25456,F8_01_1_2_Chlorophyll_A_001_phosphate_plate5.tif,1,848.000,848,848
25457,F8_01_1_2_Chlorophyll_A_001_phosphate_plate5.tif,1,800.000,800,800
25458,F8_01_1_2_Chlorophyll_A_001_phosphate_plate5.tif,2,808.000,800,816
25459,F8_01_1_2_Chlorophyll_A_001_phosphate_plate5.tif,1,1024.000,1024,1024
25460,F8_01_1_2_Chlorophyll_A_001_phosphate_plate5.tif,1,864.000,864,864
25461,F8_01_1_2_Chlorophyll_A_001_phosphate_plate5.tif,1,848.000,848,848
25462,F8_01_1_2_Chlorophyll_A_001_phosphate_plate5.tif,2,784.000,784,784
25463,F8_01_1_2_Chlorophyll_A_001_phosphate_plate5.tif,3,816.000,768,848
25464,F8_01_1_2_Chlorophyll_A_001_phosphate_plate5.tif,1,800.000,800,800
25465,F8_01_1_2_Chlorophyll_A_001_phosphate_plate5.tif,1,896.000,896,896
25466,F8_01_1_2_Chlorophyll_A_001_phosphate_plate5.tif,1,944.000,944,944
25467,F8_01_1_2_Chlorophyll_A_001_phosphate_plate5.tif,1,768.000,768,768
25468,F8_01_1_2_Chlorophyll_A_001_phosphate_plate5.tif,1,800.000,800,800
25469,F8_01_1_2_Chlorophyll_A_001_phosphate_plate5.tif,6,864.000,768,992
25470,F8_01_1_2_Chlorophyll_A_001_phosphate_plate5.tif,2,880.000,800,960
25471,F8_01_1_2_Chlorophyll_A_001_phosphate_plate5.tif,1,864.000,864,864
25472,F8_01_1_2_Chlorophyll_A_001_phosphate_plate5.tif,7,850.286,768,1024
25473,F8_01_1_2_Chlorophyll_A_001_phosphate_plate5.tif,1,896.000,896,896
25474,F8_01_1_2_Chlorophyll_A_001_phosphate_plate5.tif,1,800.000,800,800
25475,F8_01_1_2_Chlorophyll_A_001_phosphate_plate5.tif,1,768.000,768,768
25476,F8_01_1_2_Chlorophyll_A_001_phosphate_plate5.tif,1,816.000,816,816
25477,F8_01_1_2_Chlorophyll_A_001_phosphate_plate5.tif,1,768.000,768,768
25478,F8_01_1_2_Chlorophyll_A_001_phosphate_plate5.tif,1,880.000,880,880
25479,F8_01_1_2_Chlorophyll_A_001_phosphate_plate5.tif,1,784.000,784,784
25480,F8_01_1_2_Chlorophyll_A_001_phosphate_plate5.tif,1,944.000,944,944
25481,F8_01_1_2_Chlorophyll_A_001_phosphate_plate5.tif,1,800.000,800,800
25482,F8_01_1_2_Chlorophyll_A_001_phosphate_plate5.tif,1,800.000,800,800
25483,F8_01_1_2_Chlorophyll_A_001_phosphate_plate5.tif,3,890.667,768,1008
25484,F8_01_1_2_Chlorophyll_A_001_phosphate_plate5.tif,3,789.333,768,816
25485,F8_01_1_2_Chlorophyll_A_001_phosphate_plate5.tif,1,816.000,816,816
25486,F8_01_1_2_Chlorophyll_A_001_phosphate_plate5.tif,1,784.000,784,784
25487,F8_01_1_2_Chlorophyll_A_001_phosphate_plate5.tif,1,800.000,800,800
25488,F8_01_1_2_Chlorophyll_A_001_phosphate_plate5.tif,1,1024.000,1024,1024
25489,F8_01_1_2_Chlorophyll_A_001_phosphate_plate5.tif,1,784.000,784,784
25490,F8_01_1_2_Chlorophyll_A_001_phosphate_plate5.tif,2,784.000,768,800
25491,F8_01_1_2_Chlorophyll_A_001_phosphate_plate5.tif,1,864.000,864,864
25492,F8_01_1_2_Chlorophyll_A_001_phosphate_plate5.tif,1,880.000,880,880
25493,F8_01_1_2_Chlorophyll_A_001_phosphate_plate5.tif,1,880.000,880,880
25494,F8_01_1_2_Chlorophyll_A_001_phosphate_plate5.tif,1,848.000,848,848
25495,F8_01_1_2_Chlorophyll_A_001_phosphate_plate5.tif,2,872.000,816,928
25496,F8_01_1_2_Chlorophyll_A_001_phosphate_plate5.tif,2,776.000,768,784
25497,F8_01_1_2_Chlorophyll_A_001_phosphate_plate5.tif,1,880.000,880,880
25498,F8_01_1_2_Chlorophyll_A_001_phosphate_plate5.tif,3,810.667,768,864
25499,F8_01_1_2_Chlorophyll_A_001_phosphate_plate5.tif,1,800.000,800,800
25500,F8_01_1_2_Chlorophyll_A_001_phosphate_plate5.tif,18,888.000,768,1104
25501,F8_01_1_2_Chlorophyll_A_001_phosphate_plate5.tif,70,872.229,768,1088
25502,F8_01_1_2_Chlorophyll_A_001_phosphate_plate5.tif,31,874.323,768,1152
25503,F8_01_1_2_Chlorophyll_A_001_phosphate_plate5.tif,1,1056.000,1056,1056
25504,F8_01_1_2_Chlorophyll_A_001_phosphate_plate5.tif,1,816.000,816,816
25505,F8_01_1_2_Chlorophyll_A_001_phosphate_plate5.tif,1,784.000,784,784
25506,F8_01_1_2_Chlorophyll_A_001_phosphate_plate5.tif,28,844.000,768,1024
25507,F8_01_1_2_Chlorophyll_A_001_phosphate_plate5.tif,1,912.000,912,912
25508,F8_01_1_2_Chlorophyll_A_001_phosphate_plate5.tif,17,863.059,768,992
25509,F8_01_1_2_Chlorophyll_A_001_phosphate_plate5.tif,8,820.000,768,928
25510,F8_01_1_2_Chlorophyll_A_001_phosphate_plate5.tif,2,912.000,784,1040
25511,F8_01_1_2_Chlorophyll_A_001_phosphate_plate5.tif,10,828.800,768,992
25512,F8_01_1_2_Chlorophyll_A_001_phosphate_plate5.tif,14,852.571,768,976
25513,F8_01_1_2_Chlorophyll_A_001_phosphate_plate5.tif,1,880.000,880,880
25514,F8_01_1_2_Chlorophyll_A_001_phosphate_plate5.tif,1,816.000,816,816
25515,F8_01_1_2_Chlorophyll_A_001_phosphate_plate5.tif,1,816.000,816,816
25516,F8_01_1_2_Chlorophyll_A_001_phosphate_plate5.tif,1,880.000,880,880
25517,F8_01_1_2_Chlorophyll_A_001_phosphate_plate5.tif,3,858.667,816,896
25518,F8_01_1_2_Chlorophyll_A_001_phosphate_plate5.tif,15,842.667,768,1024
25519,F8_01_1_2_Chlorophyll_A_001_phosphate_plate5.tif,3,805.333,768,832
25520,F8_01_1_2_Chlorophyll_A_001_phosphate_plate5.tif,1,880.000,880,880
25521,F8_01_1_2_Chlorophyll_A_001_phosphate_plate5.tif,1,864.000,864,864
25522,F8_01_1_2_Chlorophyll_A_001_phosphate_plate5.tif,1,768.000,768,768
25523,F8_01_1_2_Chlorophyll_A_001_phosphate_plate5.tif,4,928.000,816,1040
25524,F8_01_1_2_Chlorophyll_A_001_phosphate_plate5.tif,2,848.000,768,928
25525,F8_01_1_2_Chlorophyll_A_001_phosphate_plate5.tif,2,856.000,800,912
25526,F8_01_1_2_Chlorophyll_A_001_phosphate_plate5.tif,1,768.000,768,768
25527,F8_01_1_2_Chlorophyll_A_001_phosphate_plate5.tif,2,784.000,784,784
25528,F8_01_1_2_Chlorophyll_A_001_phosphate_plate5.tif,1,800.000,800,800
25529,F8_01_1_2_Chlorophyll_A_001_phosphate_plate5.tif,2,792.000,768,816
25530,F8_01_1_2_Chlorophyll_A_001_phosphate_plate5.tif,1,944.000,944,944
25531,F8_01_1_2_Chlorophyll_A_001_phosphate_plate5.tif,1,848.000,848,848
25532,F8_01_1_2_Chlorophyll_A_001_phosphate_plate5.tif,1,976.000,976,976
25533,F8_01_1_2_Chlorophyll_A_001_phosphate_plate5.tif,1,768.000,768,768
25534,F8_01_1_2_Chlorophyll_A_001_phosphate_plate5.tif,3,810.667,768,832
25535,F8_01_1_2_Chlorophyll_A_001_phosphate_plate5.tif,2,848.000,816,880
25536,F8_01_1_2_Chlorophyll_A_001_phosphate_plate5.tif,3,784.000,784,784
25537,F8_01_1_2_Chlorophyll_A_001_phosphate_plate5.tif,2,848.000,832,864
25538,F8_01_1_2_Chlorophyll_A_001_phosphate_plate5.tif,1,880.000,880,880
25539,F8_01_1_2_Chlorophyll_A_001_phosphate_plate5.tif,2,936.000,896,976
25540,F8_01_1_2_Chlorophyll_A_001_phosphate_plate5.tif,1,784.000,784,784
25541,F8_01_1_2_Chlorophyll_A_001_phosphate_plate5.tif,4,784.000,768,800
25542,F8_01_1_2_Chlorophyll_A_001_phosphate_plate5.tif,3,778.667,768,784
25543,F8_01_1_2_Chlorophyll_A_001_phosphate_plate5.tif,6,826.667,768,928
25544,F8_01_1_2_Chlorophyll_A_001_phosphate_plate5.tif,1,848.000,848,848
25545,F8_01_1_2_Chlorophyll_A_001_phosphate_plate5.tif,1,832.000,832,832
25546,F8_01_1_2_Chlorophyll_A_001_phosphate_plate5.tif,1,848.000,848,848
25547,F8_01_1_2_Chlorophyll_A_001_phosphate_plate5.tif,1,896.000,896,896
25548,F8_01_1_2_Chlorophyll_A_001_phosphate_plate5.tif,1,768.000,768,768
25549,F8_01_1_2_Chlorophyll_A_001_phosphate_plate5.tif,2,912.000,896,928
25550,F8_01_1_2_Chlorophyll_A_001_phosphate_plate5.tif,2,776.000,768,784
25551,F8_01_1_2_Chlorophyll_A_001_phosphate_plate5.tif,1,864.000,864,864
25552,F8_01_1_2_Chlorophyll_A_001_phosphate_plate5.tif,1,768.000,768,768
25553,F8_01_1_2_Chlorophyll_A_001_phosphate_plate5.tif,1,864.000,864,864
25554,F8_01_1_2_Chlorophyll_A_001_phosphate_plate5.tif,1,784.000,784,784
25555,F8_01_1_2_Chlorophyll_A_001_phosphate_plate5.tif,1,768.000,768,768
25556,F8_01_1_2_Chlorophyll_A_001_phosphate_plate5.tif,2,824.000,784,864
25557,F8_01_1_2_Chlorophyll_A_001_phosphate_plate5.tif,1,880.000,880,880
25558,F8_01_1_2_Chlorophyll_A_001_phosphate_plate5.tif,1,784.000,784,784
25559,F8_01_1_2_Chlorophyll_A_001_phosphate_plate5.tif,1,896.000,896,896
25560,F8_01_1_2_Chlorophyll_A_001_phosphate_plate5.tif,1,768.000,768,768
25561,F8_01_1_2_Chlorophyll_A_001_phosphate_plate5.tif,1,832.000,832,832
25562,F8_01_1_2_Chlorophyll_A_001_phosphate_plate5.tif,83,886.169,768,1184
25563,F8_01_1_2_Chlorophyll_A_001_phosphate_plate5.tif,1,832.000,832,832
25564,F8_01_1_2_Chlorophyll_A_001_phosphate_plate5.tif,9,896.000,768,1136
25565,F8_01_1_2_Chlorophyll_A_001_phosphate_plate5.tif,6,896.000,784,1056
25566,F8_01_1_2_Chlorophyll_A_001_phosphate_plate5.tif,2,776.000,768,784
25567,F8_01_1_2_Chlorophyll_A_001_phosphate_plate5.tif,1,800.000,800,800
25568,F8_01_1_2_Chlorophyll_A_001_phosphate_plate5.tif,4,892.000,800,1024
25569,F8_01_1_2_Chlorophyll_A_001_phosphate_plate5.tif,1,768.000,768,768
25570,F8_01_1_2_Chlorophyll_A_001_phosphate_plate5.tif,2,784.000,768,800
25571,F8_01_1_2_Chlorophyll_A_001_phosphate_plate5.tif,1,784.000,784,784
25572,F8_01_1_2_Chlorophyll_A_001_phosphate_plate5.tif,1,768.000,768,768
25573,F8_01_1_2_Chlorophyll_A_001_phosphate_plate5.tif,2,832.000,800,864
25574,F8_01_1_2_Chlorophyll_A_001_phosphate_plate5.tif,1,768.000,768,768
25575,F8_01_1_2_Chlorophyll_A_001_phosphate_plate5.tif,1,768.000,768,768
25576,F8_01_1_2_Chlorophyll_A_001_phosphate_plate5.tif,1,768.000,768,768
25577,F8_01_1_2_Chlorophyll_A_001_phosphate_plate5.tif,1,800.000,800,800
25578,F8_01_1_2_Chlorophyll_A_001_phosphate_plate5.tif,3,869.333,800,928
25579,F8_01_1_2_Chlorophyll_A_001_phosphate_plate5.tif,3,778.667,768,800
25580,F8_01_1_2_Chlorophyll_A_001_phosphate_plate5.tif,1,896.000,896,896
25581,F8_01_1_2_Chlorophyll_A_001_phosphate_plate5.tif,3,832.000,800,864
25582,F8_01_1_2_Chlorophyll_A_001_phosphate_plate5.tif,2,792.000,784,800
25583,F8_01_1_2_Chlorophyll_A_001_phosphate_plate5.tif,1,896.000,896,896
25584,F8_01_1_2_Chlorophyll_A_001_phosphate_plate5.tif,1,784.000,784,784
25585,F8_01_1_2_Chlorophyll_A_001_phosphate_plate5.tif,1,832.000,832,832
25586,F8_01_1_2_Chlorophyll_A_001_phosphate_plate5.tif,1,864.000,864,864
25587,F8_01_1_2_Chlorophyll_A_001_phosphate_plate5.tif,1,848.000,848,848
25588,F8_01_1_2_Chlorophyll_A_001_phosphate_plate5.tif,3,805.333,784,816
25589,F8_01_1_2_Chlorophyll_A_001_phosphate_plate5.tif,1,1104.000,1104,1104
25590,F8_01_1_2_Chlorophyll_A_001_phosphate_plate5.tif,3,826.667,768,864
25591,F8_01_1_2_Chlorophyll_A_001_phosphate_plate5.tif,1,816.000,816,816
25592,F8_01_1_2_Chlorophyll_A_001_phosphate_plate5.tif,1,800.000,800,800
25593,F8_01_1_2_Chlorophyll_A_001_phosphate_plate5.tif,1,784.000,784,784
25594,F8_01_1_2_Chlorophyll_A_001_phosphate_plate5.tif,4,820.000,784,896
25595,F8_01_1_2_Chlorophyll_A_001_phosphate_plate5.tif,4,836.000,800,896
25596,F8_01_1_2_Chlorophyll_A_001_phosphate_plate5.tif,1,800.000,800,800
25597,F8_01_1_2_Chlorophyll_A_001_phosphate_plate5.tif,1,816.000,816,816
25598,F8_01_1_2_Chlorophyll_A_001_phosphate_plate5.tif,1,768.000,768,768
25599,F8_01_1_2_Chlorophyll_A_001_phosphate_plate5.tif,1,800.000,800,800
25600,F8_01_1_2_Chlorophyll_A_001_phosphate_plate5.tif,2,864.000,768,960
25601,F8_01_1_2_Chlorophyll_A_001_phosphate_plate5.tif,1,800.000,800,800
25602,F8_01_1_2_Chlorophyll_A_001_phosphate_plate5.tif,3,794.667,768,848
25603,F8_01_1_2_Chlorophyll_A_001_phosphate_plate5.tif,3,816.000,768,864
25604,F8_01_1_2_Chlorophyll_A_001_phosphate_plate5.tif,304,1308.158,768,8448
25605,F8_01_1_2_Chlorophyll_A_001_phosphate_plate5.tif,2,936.000,928,944
25606,F8_01_1_2_Chlorophyll_A_001_phosphate_plate5.tif,50,862.720,768,1120
25607,F8_01_1_2_Chlorophyll_A_001_phosphate_plate5.tif,9,896.000,768,1120
25608,F8_01_1_2_Chlorophyll_A_001_phosphate_plate5.tif,17,872.471,768,1008
25609,F8_01_1_2_Chlorophyll_A_001_phosphate_plate5.tif,2,880.000,848,912
25610,F8_01_1_2_Chlorophyll_A_001_phosphate_plate5.tif,3,848.000,800,880
25611,F8_01_1_2_Chlorophyll_A_001_phosphate_plate5.tif,3,810.667,800,816
25612,F8_01_1_2_Chlorophyll_A_001_phosphate_plate5.tif,1,768.000,768,768
25613,F8_01_1_2_Chlorophyll_A_001_phosphate_plate5.tif,1,768.000,768,768
25614,F8_01_1_2_Chlorophyll_A_001_phosphate_plate5.tif,5,806.400,768,864
25615,F8_01_1_2_Chlorophyll_A_001_phosphate_plate5.tif,2,904.000,784,1024
25616,F8_01_1_2_Chlorophyll_A_001_phosphate_plate5.tif,4,804.000,784,816
25617,F8_01_1_2_Chlorophyll_A_001_phosphate_plate5.tif,3,880.000,800,960
25618,F8_01_1_2_Chlorophyll_A_001_phosphate_plate5.tif,1,768.000,768,768
25619,F8_01_1_2_Chlorophyll_A_001_phosphate_plate5.tif,2,840.000,800,880
25620,F8_01_1_2_Chlorophyll_A_001_phosphate_plate5.tif,4,796.000,768,832
25621,F8_01_1_2_Chlorophyll_A_001_phosphate_plate5.tif,2,824.000,800,848
25622,F8_01_1_2_Chlorophyll_A_001_phosphate_plate5.tif,2,768.000,768,768
25623,F8_01_1_2_Chlorophyll_A_001_phosphate_plate5.tif,1,832.000,832,832
25624,F8_01_1_2_Chlorophyll_A_001_phosphate_plate5.tif,2,856.000,816,896
25625,F8_01_1_2_Chlorophyll_A_001_phosphate_plate5.tif,3,896.000,768,992
25626,F8_01_1_2_Chlorophyll_A_001_phosphate_plate5.tif,5,812.800,768,880
25627,F8_01_1_2_Chlorophyll_A_001_phosphate_plate5.tif,1,800.000,800,800
25628,F8_01_1_2_Chlorophyll_A_001_phosphate_plate5.tif,1,784.000,784,784
25629,F8_01_1_2_Chlorophyll_A_001_phosphate_plate5.tif,2,792.000,784,800
25630,F8_01_1_2_Chlorophyll_A_001_phosphate_plate5.tif,1,896.000,896,896
25631,F8_01_1_2_Chlorophyll_A_001_phosphate_plate5.tif,2,904.000,784,1024
25632,F8_01_1_2_Chlorophyll_A_001_phosphate_plate5.tif,1,816.000,816,816
25633,F8_01_1_2_Chlorophyll_A_001_phosphate_plate5.tif,2,840.000,768,912
25634,F8_01_1_2_Chlorophyll_A_001_phosphate_plate5.tif,3,826.667,784,912
25635,F8_01_1_2_Chlorophyll_A_001_phosphate_plate5.tif,1,848.000,848,848
25636,F8_01_1_2_Chlorophyll_A_001_phosphate_plate5.tif,1,896.000,896,896
25637,F8_01_1_2_Chlorophyll_A_001_phosphate_plate5.tif,2,848.000,784,912
25638,F8_01_1_2_Chlorophyll_A_001_phosphate_plate5.tif,1,784.000,784,784
25639,F8_01_1_2_Chlorophyll_A_001_phosphate_plate5.tif,1,816.000,816,816
25640,F8_01_1_2_Chlorophyll_A_001_phosphate_plate5.tif,1,848.000,848,848
25641,F8_01_1_2_Chlorophyll_A_001_phosphate_plate5.tif,1,864.000,864,864
25642,F8_01_1_2_Chlorophyll_A_001_phosphate_plate5.tif,1,800.000,800,800
25643,F8_01_1_2_Chlorophyll_A_001_phosphate_plate5.tif,1,848.000,848,848
25644,F8_01_1_2_Chlorophyll_A_001_phosphate_plate5.tif,1,944.000,944,944
25645,F8_01_1_2_Chlorophyll_A_001_phosphate_plate5.tif,1,768.000,768,768
25646,F8_01_1_2_Chlorophyll_A_001_phosphate_plate5.tif,1,832.000,832,832
25647,F8_01_1_2_Chlorophyll_A_001_phosphate_plate5.tif,1,864.000,864,864
25648,F8_01_1_2_Chlorophyll_A_001_phosphate_plate5.tif,1,768.000,768,768
25649,F8_01_1_2_Chlorophyll_A_001_phosphate_plate5.tif,1,768.000,768,768
25650,F8_01_1_2_Chlorophyll_A_001_phosphate_plate5.tif,1,848.000,848,848
25651,F8_01_1_2_Chlorophyll_A_001_phosphate_plate5.tif,6,802.667,768,880
25652,F8_01_1_2_Chlorophyll_A_001_phosphate_plate5.tif,1,816.000,816,816
25653,F8_01_1_2_Chlorophyll_A_001_phosphate_plate5.tif,1,784.000,784,784
25654,F8_01_1_2_Chlorophyll_A_001_phosphate_plate5.tif,3,805.333,784,832
25655,F8_01_1_2_Chlorophyll_A_001_phosphate_plate5.tif,1,832.000,832,832
25656,F8_01_1_2_Chlorophyll_A_001_phosphate_plate5.tif,1,832.000,832,832
25657,F8_01_1_2_Chlorophyll_A_001_phosphate_plate5.tif,1,816.000,816,816
25658,F8_01_1_2_Chlorophyll_A_001_phosphate_plate5.tif,2,832.000,832,832
25659,F8_01_1_2_Chlorophyll_A_001_phosphate_plate5.tif,3,794.667,768,816
25660,F8_01_1_2_Chlorophyll_A_001_phosphate_plate5.tif,1,784.000,784,784
25661,F8_01_1_2_Chlorophyll_A_001_phosphate_plate5.tif,1,784.000,784,784
25662,F8_01_1_2_Chlorophyll_A_001_phosphate_plate5.tif,1,800.000,800,800
25663,F8_01_1_2_Chlorophyll_A_001_phosphate_plate5.tif,4,876.000,800,944
25664,F8_01_1_2_Chlorophyll_A_001_phosphate_plate5.tif,1,784.000,784,784
25665,F8_01_1_2_Chlorophyll_A_001_phosphate_plate5.tif,4,824.000,768,960
25666,F8_01_1_2_Chlorophyll_A_001_phosphate_plate5.tif,2,792.000,768,816
25667,F8_01_1_2_Chlorophyll_A_001_phosphate_plate5.tif,1,768.000,768,768
25668,F8_01_1_2_Chlorophyll_A_001_phosphate_plate5.tif,36,884.000,768,1168
25669,F8_01_1_2_Chlorophyll_A_001_phosphate_plate5.tif,40,879.200,768,1104
25670,F8_01_1_2_Chlorophyll_A_001_phosphate_plate5.tif,44,888.364,768,1040
25671,F8_01_1_2_Chlorophyll_A_001_phosphate_plate5.tif,17,917.647,784,1104
25672,F8_01_1_2_Chlorophyll_A_001_phosphate_plate5.tif,30,908.267,768,1184
25673,F8_01_1_2_Chlorophyll_A_001_phosphate_plate5.tif,1,1024.000,1024,1024
25674,F8_01_1_2_Chlorophyll_A_001_phosphate_plate5.tif,1,768.000,768,768
25675,F8_01_1_2_Chlorophyll_A_001_phosphate_plate5.tif,9,853.333,768,1008
25676,F8_01_1_2_Chlorophyll_A_001_phosphate_plate5.tif,1,832.000,832,832
25677,F8_01_1_2_Chlorophyll_A_001_phosphate_plate5.tif,4,812.000,768,896
25678,F8_01_1_2_Chlorophyll_A_001_phosphate_plate5.tif,1,864.000,864,864
25679,F8_01_1_2_Chlorophyll_A_001_phosphate_plate5.tif,1,864.000,864,864
25680,F8_01_1_2_Chlorophyll_A_001_phosphate_plate5.tif,1,880.000,880,880
25681,F8_01_1_2_Chlorophyll_A_001_phosphate_plate5.tif,2,824.000,784,864
25682,F8_01_1_2_Chlorophyll_A_001_phosphate_plate5.tif,1,784.000,784,784
25683,F8_01_1_2_Chlorophyll_A_001_phosphate_plate5.tif,1,816.000,816,816
25684,F8_01_1_2_Chlorophyll_A_001_phosphate_plate5.tif,1,768.000,768,768
25685,F8_01_1_2_Chlorophyll_A_001_phosphate_plate5.tif,2,816.000,784,848
25686,F8_01_1_2_Chlorophyll_A_001_phosphate_plate5.tif,2,872.000,800,944
25687,F8_01_1_2_Chlorophyll_A_001_phosphate_plate5.tif,8,840.000,784,1024
25688,F8_01_1_2_Chlorophyll_A_001_phosphate_plate5.tif,2,800.000,784,816
25689,F8_01_1_2_Chlorophyll_A_001_phosphate_plate5.tif,4,820.000,768,896
25690,F8_01_1_2_Chlorophyll_A_001_phosphate_plate5.tif,1,1120.000,1120,1120
25691,F8_01_1_2_Chlorophyll_A_001_phosphate_plate5.tif,1,864.000,864,864
25692,F8_01_1_2_Chlorophyll_A_001_phosphate_plate5.tif,1,816.000,816,816
25693,F8_01_1_2_Chlorophyll_A_001_phosphate_plate5.tif,1,864.000,864,864
25694,F8_01_1_2_Chlorophyll_A_001_phosphate_plate5.tif,1,832.000,832,832
25695,F8_01_1_2_Chlorophyll_A_001_phosphate_plate5.tif,1,784.000,784,784
25696,F8_01_1_2_Chlorophyll_A_001_phosphate_plate5.tif,89,2453.393,768,9072
25697,F8_01_1_2_Chlorophyll_A_001_phosphate_plate5.tif,2,800.000,800,800
25698,F8_01_1_2_Chlorophyll_A_001_phosphate_plate5.tif,4,828.000,800,896
25699,F8_01_1_2_Chlorophyll_A_001_phosphate_plate5.tif,1,784.000,784,784
25700,F8_01_1_2_Chlorophyll_A_001_phosphate_plate5.tif,1,800.000,800,800
25701,F8_01_1_2_Chlorophyll_A_001_phosphate_plate5.tif,1,992.000,992,992
25702,F8_01_1_2_Chlorophyll_A_001_phosphate_plate5.tif,1,832.000,832,832
25703,F8_01_1_2_Chlorophyll_A_001_phosphate_plate5.tif,1,816.000,816,816
25704,F8_01_1_2_Chlorophyll_A_001_phosphate_plate5.tif,1,880.000,880,880
25705,F8_01_1_2_Chlorophyll_A_001_phosphate_plate5.tif,3,874.667,784,1024
25706,F8_01_1_2_Chlorophyll_A_001_phosphate_plate5.tif,2,864.000,832,896
25707,F8_01_1_2_Chlorophyll_A_001_phosphate_plate5.tif,6,813.333,768,864
25708,F8_01_1_2_Chlorophyll_A_001_phosphate_plate5.tif,24,869.333,768,1184
25709,F8_01_1_2_Chlorophyll_A_001_phosphate_plate5.tif,29,902.069,768,1120
25710,F8_01_1_2_Chlorophyll_A_001_phosphate_plate5.tif,379,2656.211,784,20224
25711,F8_01_1_2_Chlorophyll_A_001_phosphate_plate5.tif,20,916.800,784,1248
25712,F8_01_1_2_Chlorophyll_A_001_phosphate_plate5.tif,4,852.000,784,944
25713,F8_01_1_2_Chlorophyll_A_001_phosphate_plate5.tif,2,856.000,848,864
25714,F8_01_1_2_Chlorophyll_A_001_phosphate_plate5.tif,1,976.000,976,976
25715,F8_01_1_2_Chlorophyll_A_001_phosphate_plate5.tif,1,912.000,912,912
25716,F8_01_1_2_Chlorophyll_A_001_phosphate_plate5.tif,1,784.000,784,784
25717,F8_01_1_2_Chlorophyll_A_001_phosphate_plate5.tif,1,1024.000,1024,1024
25718,F8_01_1_2_Chlorophyll_A_001_phosphate_plate5.tif,7,827.429,768,896
25719,F8_01_1_2_Chlorophyll_A_001_phosphate_plate5.tif,3,821.333,768,880
25720,F8_01_1_2_Chlorophyll_A_001_phosphate_plate5.tif,1,848.000,848,848
25721,F8_01_1_2_Chlorophyll_A_001_phosphate_plate5.tif,1,784.000,784,784
25722,F8_01_1_2_Chlorophyll_A_001_phosphate_plate5.tif,1,960.000,960,960
25723,F8_01_1_2_Chlorophyll_A_001_phosphate_plate5.tif,3,810.667,768,864
25724,F8_01_1_2_Chlorophyll_A_001_phosphate_plate5.tif,1,944.000,944,944
25725,F8_01_1_2_Chlorophyll_A_001_phosphate_plate5.tif,1,768.000,768,768
25726,F8_01_1_2_Chlorophyll_A_001_phosphate_plate5.tif,3,896.000,784,1008
25727,F8_01_1_2_Chlorophyll_A_001_phosphate_plate5.tif,2,856.000,816,896
25728,F8_01_1_2_Chlorophyll_A_001_phosphate_plate5.tif,2,936.000,800,1072
25729,F8_01_1_2_Chlorophyll_A_001_phosphate_plate5.tif,4,812.000,768,832
25730,F8_01_1_2_Chlorophyll_A_001_phosphate_plate5.tif,1,816.000,816,816
25731,F8_01_1_2_Chlorophyll_A_001_phosphate_plate5.tif,2,960.000,960,960
25732,F8_01_1_2_Chlorophyll_A_001_phosphate_plate5.tif,1,784.000,784,784
25733,F8_01_1_2_Chlorophyll_A_001_phosphate_plate5.tif,8,840.000,768,976
25734,F8_01_1_2_Chlorophyll_A_001_phosphate_plate5.tif,1,768.000,768,768
25735,F8_01_1_2_Chlorophyll_A_001_phosphate_plate5.tif,2,896.000,864,928
25736,F8_01_1_2_Chlorophyll_A_001_phosphate_plate5.tif,2,880.000,816,944
25737,F8_01_1_2_Chlorophyll_A_001_phosphate_plate5.tif,1,816.000,816,816
25738,F8_01_1_2_Chlorophyll_A_001_phosphate_plate5.tif,3,928.000,848,1056
25739,F8_01_1_2_Chlorophyll_A_001_phosphate_plate5.tif,1,928.000,928,928
25740,F8_01_1_2_Chlorophyll_A_001_phosphate_plate5.tif,1,800.000,800,800
25741,F8_01_1_2_Chlorophyll_A_001_phosphate_plate5.tif,1,944.000,944,944
25742,F8_01_1_2_Chlorophyll_A_001_phosphate_plate5.tif,1,832.000,832,832
25743,F8_01_1_2_Chlorophyll_A_001_phosphate_plate5.tif,1,848.000,848,848
25744,F8_01_1_2_Chlorophyll_A_001_phosphate_plate5.tif,1,816.000,816,816
25745,F8_01_1_2_Chlorophyll_A_001_phosphate_plate5.tif,1,864.000,864,864
25746,F8_01_1_2_Chlorophyll_A_001_phosphate_plate5.tif,1,800.000,800,800
25747,F8_01_1_2_Chlorophyll_A_001_phosphate_plate5.tif,1,768.000,768,768
25748,F8_01_1_2_Chlorophyll_A_001_phosphate_plate5.tif,2,856.000,784,928
25749,F8_01_1_2_Chlorophyll_A_001_phosphate_plate5.tif,1,800.000,800,800
25750,F8_01_1_2_Chlorophyll_A_001_phosphate_plate5.tif,1,896.000,896,896
25751,F8_01_1_2_Chlorophyll_A_001_phosphate_plate5.tif,1,848.000,848,848
25752,F8_01_1_2_Chlorophyll_A_001_phosphate_plate5.tif,1,800.000,800,800
25753,F8_01_1_2_Chlorophyll_A_001_phosphate_plate5.tif,1,816.000,816,816
25754,F8_01_1_2_Chlorophyll_A_001_phosphate_plate5.tif,1,768.000,768,768
25755,F8_01_1_2_Chlorophyll_A_001_phosphate_plate5.tif,1,784.000,784,784
25756,F8_01_1_2_Chlorophyll_A_001_phosphate_plate5.tif,2,864.000,800,928
25757,F8_01_1_2_Chlorophyll_A_001_phosphate_plate5.tif,3,789.333,768,816
25758,F8_01_1_2_Chlorophyll_A_001_phosphate_plate5.tif,7,818.286,768,960
25759,F8_01_1_2_Chlorophyll_A_001_phosphate_plate5.tif,2,808.000,784,832
25760,F8_01_1_2_Chlorophyll_A_001_phosphate_plate5.tif,44,878.182,768,1168
25761,F8_01_1_2_Chlorophyll_A_001_phosphate_plate5.tif,43,868.837,768,1152
25762,F8_01_1_2_Chlorophyll_A_001_phosphate_plate5.tif,7,861.714,784,960
25763,F8_01_1_2_Chlorophyll_A_001_phosphate_plate5.tif,1,864.000,864,864
25764,F8_01_1_2_Chlorophyll_A_001_phosphate_plate5.tif,3,901.333,816,992
25765,F8_01_1_2_Chlorophyll_A_001_phosphate_plate5.tif,1,832.000,832,832
25766,F8_01_1_2_Chlorophyll_A_001_phosphate_plate5.tif,1,832.000,832,832
25767,F8_01_1_2_Chlorophyll_A_001_phosphate_plate5.tif,4,800.000,768,896
25768,F8_01_1_2_Chlorophyll_A_001_phosphate_plate5.tif,2,792.000,768,816
25769,F8_01_1_2_Chlorophyll_A_001_phosphate_plate5.tif,1,944.000,944,944
25770,F8_01_1_2_Chlorophyll_A_001_phosphate_plate5.tif,3,784.000,768,816
25771,F8_01_1_2_Chlorophyll_A_001_phosphate_plate5.tif,3,789.333,768,800
25772,F8_01_1_2_Chlorophyll_A_001_phosphate_plate5.tif,2,824.000,784,864
25773,F8_01_1_2_Chlorophyll_A_001_phosphate_plate5.tif,4,816.000,784,912
25774,F8_01_1_2_Chlorophyll_A_001_phosphate_plate5.tif,1,768.000,768,768
25775,F8_01_1_2_Chlorophyll_A_001_phosphate_plate5.tif,3,810.667,784,832
25776,F8_01_1_2_Chlorophyll_A_001_phosphate_plate5.tif,3,837.333,800,864
25777,F8_01_1_2_Chlorophyll_A_001_phosphate_plate5.tif,1,832.000,832,832
25778,F8_01_1_2_Chlorophyll_A_001_phosphate_plate5.tif,1,784.000,784,784
25779,F8_01_1_2_Chlorophyll_A_001_phosphate_plate5.tif,1,768.000,768,768
25780,F8_01_1_2_Chlorophyll_A_001_phosphate_plate5.tif,2,840.000,816,864
25781,F8_01_1_2_Chlorophyll_A_001_phosphate_plate5.tif,2,984.000,768,1200
25782,F8_01_1_2_Chlorophyll_A_001_phosphate_plate5.tif,3,976.000,944,1024
25783,F8_01_1_2_Chlorophyll_A_001_phosphate_plate5.tif,1,832.000,832,832
25784,F8_01_1_2_Chlorophyll_A_001_phosphate_plate5.tif,2,848.000,816,880
25785,F8_01_1_2_Chlorophyll_A_001_phosphate_plate5.tif,1,784.000,784,784
25786,F8_01_1_2_Chlorophyll_A_001_phosphate_plate5.tif,3,784.000,768,816
25787,F8_01_1_2_Chlorophyll_A_001_phosphate_plate5.tif,2,888.000,784,992
25788,F8_01_1_2_Chlorophyll_A_001_phosphate_plate5.tif,1,800.000,800,800
25789,F8_01_1_2_Chlorophyll_A_001_phosphate_plate5.tif,3,885.333,800,992
25790,F8_01_1_2_Chlorophyll_A_001_phosphate_plate5.tif,2,800.000,800,800
25791,F8_01_1_2_Chlorophyll_A_001_phosphate_plate5.tif,1,784.000,784,784
25792,F8_01_1_2_Chlorophyll_A_001_phosphate_plate5.tif,2,832.000,800,864
25793,F8_01_1_2_Chlorophyll_A_001_phosphate_plate5.tif,3,826.667,768,864
25794,F8_01_1_2_Chlorophyll_A_001_phosphate_plate5.tif,2,792.000,768,816
25795,F8_01_1_2_Chlorophyll_A_001_phosphate_plate5.tif,1,784.000,784,784
25796,F8_01_1_2_Chlorophyll_A_001_phosphate_plate5.tif,1,960.000,960,960
25797,F8_01_1_2_Chlorophyll_A_001_phosphate_plate5.tif,1,928.000,928,928
25798,F8_01_1_2_Chlorophyll_A_001_phosphate_plate5.tif,1,816.000,816,816
25799,F8_01_1_2_Chlorophyll_A_001_phosphate_plate5.tif,1,768.000,768,768
25800,F8_01_1_2_Chlorophyll_A_001_phosphate_plate5.tif,1,784.000,784,784
25801,F8_01_1_2_Chlorophyll_A_001_phosphate_plate5.tif,1,768.000,768,768
25802,F8_01_1_2_Chlorophyll_A_001_phosphate_plate5.tif,1,864.000,864,864
25803,F8_01_1_2_Chlorophyll_A_001_phosphate_plate5.tif,4,876.000,768,1040
25804,F8_01_1_2_Chlorophyll_A_001_phosphate_plate5.tif,1,880.000,880,880
25805,F8_01_1_2_Chlorophyll_A_001_phosphate_plate5.tif,1,768.000,768,768
25806,F8_01_1_2_Chlorophyll_A_001_phosphate_plate5.tif,1,864.000,864,864
25807,F8_01_1_2_Chlorophyll_A_001_phosphate_plate5.tif,1,800.000,800,800
25808,F8_01_1_2_Chlorophyll_A_001_phosphate_plate5.tif,1,768.000,768,768
25809,F8_01_1_2_Chlorophyll_A_001_phosphate_plate5.tif,1,784.000,784,784
25810,F8_01_1_2_Chlorophyll_A_001_phosphate_plate5.tif,30,905.600,784,1104
25811,F8_01_1_2_Chlorophyll_A_001_phosphate_plate5.tif,49,886.204,768,1072
25812,F8_01_1_2_Chlorophyll_A_001_phosphate_plate5.tif,1,912.000,912,912
25813,F8_01_1_2_Chlorophyll_A_001_phosphate_plate5.tif,3,826.667,800,848
25814,F8_01_1_2_Chlorophyll_A_001_phosphate_plate5.tif,1,912.000,912,912
25815,F8_01_1_2_Chlorophyll_A_001_phosphate_plate5.tif,3,837.333,784,880
25816,F8_01_1_2_Chlorophyll_A_001_phosphate_plate5.tif,10,856.000,768,1024
25817,F8_01_1_2_Chlorophyll_A_001_phosphate_plate5.tif,5,838.400,768,976
25818,F8_01_1_2_Chlorophyll_A_001_phosphate_plate5.tif,1,784.000,784,784
25819,F8_01_1_2_Chlorophyll_A_001_phosphate_plate5.tif,3,784.000,768,800
25820,F8_01_1_2_Chlorophyll_A_001_phosphate_plate5.tif,5,860.800,784,944
25821,F8_01_1_2_Chlorophyll_A_001_phosphate_plate5.tif,1,880.000,880,880
25822,F8_01_1_2_Chlorophyll_A_001_phosphate_plate5.tif,1,768.000,768,768
25823,F8_01_1_2_Chlorophyll_A_001_phosphate_plate5.tif,6,850.667,768,912
25824,F8_01_1_2_Chlorophyll_A_001_phosphate_plate5.tif,2,784.000,768,800
25825,F8_01_1_2_Chlorophyll_A_001_phosphate_plate5.tif,1,768.000,768,768
25826,F8_01_1_2_Chlorophyll_A_001_phosphate_plate5.tif,4,824.000,816,832
25827,F8_01_1_2_Chlorophyll_A_001_phosphate_plate5.tif,1,832.000,832,832
25828,F8_01_1_2_Chlorophyll_A_001_phosphate_plate5.tif,2,808.000,784,832
25829,F8_01_1_2_Chlorophyll_A_001_phosphate_plate5.tif,5,841.600,800,944
25830,F8_01_1_2_Chlorophyll_A_001_phosphate_plate5.tif,4,816.000,768,880
25831,F8_01_1_2_Chlorophyll_A_001_phosphate_plate5.tif,1,816.000,816,816
25832,F8_01_1_2_Chlorophyll_A_001_phosphate_plate5.tif,7,795.429,768,896
25833,F8_01_1_2_Chlorophyll_A_001_phosphate_plate5.tif,1,912.000,912,912
25834,F8_01_1_2_Chlorophyll_A_001_phosphate_plate5.tif,5,851.200,800,1008
25835,F8_01_1_2_Chlorophyll_A_001_phosphate_plate5.tif,1,848.000,848,848
25836,F8_01_1_2_Chlorophyll_A_001_phosphate_plate5.tif,2,888.000,880,896
25837,F8_01_1_2_Chlorophyll_A_001_phosphate_plate5.tif,1,800.000,800,800
25838,F8_01_1_2_Chlorophyll_A_001_phosphate_plate5.tif,2,840.000,784,896
25839,F8_01_1_2_Chlorophyll_A_001_phosphate_plate5.tif,3,869.333,800,992
25840,F8_01_1_2_Chlorophyll_A_001_phosphate_plate5.tif,1,832.000,832,832
25841,F8_01_1_2_Chlorophyll_A_001_phosphate_plate5.tif,2,808.000,800,816
25842,F8_01_1_2_Chlorophyll_A_001_phosphate_plate5.tif,1,992.000,992,992
25843,F8_01_1_2_Chlorophyll_A_001_phosphate_plate5.tif,2,840.000,800,880
25844,F8_01_1_2_Chlorophyll_A_001_phosphate_plate5.tif,1,784.000,784,784
25845,F8_01_1_2_Chlorophyll_A_001_phosphate_plate5.tif,1,832.000,832,832
25846,F8_01_1_2_Chlorophyll_A_001_phosphate_plate5.tif,1,784.000,784,784
25847,F8_01_1_2_Chlorophyll_A_001_phosphate_plate5.tif,1,784.000,784,784
25848,F8_01_1_2_Chlorophyll_A_001_phosphate_plate5.tif,1,768.000,768,768
25849,F8_01_1_2_Chlorophyll_A_001_phosphate_plate5.tif,1,816.000,816,816
25850,F8_01_1_2_Chlorophyll_A_001_phosphate_plate5.tif,1,816.000,816,816
25851,F8_01_1_2_Chlorophyll_A_001_phosphate_plate5.tif,82,2551.610,768,11216
25852,F8_01_1_2_Chlorophyll_A_001_phosphate_plate5.tif,1,784.000,784,784
25853,F8_01_1_2_Chlorophyll_A_001_phosphate_plate5.tif,1,784.000,784,784
25854,F8_01_1_2_Chlorophyll_A_001_phosphate_plate5.tif,1,832.000,832,832
25855,F8_01_1_2_Chlorophyll_A_001_phosphate_plate5.tif,1,784.000,784,784
25856,F8_01_1_2_Chlorophyll_A_001_phosphate_plate5.tif,2,800.000,768,832
25857,F8_01_1_2_Chlorophyll_A_001_phosphate_plate5.tif,3,869.333,768,928
25858,F8_01_1_2_Chlorophyll_A_001_phosphate_plate5.tif,1,912.000,912,912
25859,F8_01_1_2_Chlorophyll_A_001_phosphate_plate5.tif,1,768.000,768,768
25860,F8_01_1_2_Chlorophyll_A_001_phosphate_plate5.tif,1,816.000,816,816
25861,F8_01_1_2_Chlorophyll_A_001_phosphate_plate5.tif,1,816.000,816,816
25862,F8_01_1_2_Chlorophyll_A_001_phosphate_plate5.tif,1,768.000,768,768
25863,F8_01_1_2_Chlorophyll_A_001_phosphate_plate5.tif,1,816.000,816,816
25864,F8_01_1_2_Chlorophyll_A_001_phosphate_plate5.tif,31,885.161,768,1056
25865,F8_01_1_2_Chlorophyll_A_001_phosphate_plate5.tif,53,900.528,768,1136
25866,F8_01_1_2_Chlorophyll_A_001_phosphate_plate5.tif,1,848.000,848,848
25867,F8_01_1_2_Chlorophyll_A_001_phosphate_plate5.tif,1,768.000,768,768
25868,F8_01_1_2_Chlorophyll_A_001_phosphate_plate5.tif,1,864.000,864,864
25869,F8_01_1_2_Chlorophyll_A_001_phosphate_plate5.tif,2,824.000,800,848
25870,F8_01_1_2_Chlorophyll_A_001_phosphate_plate5.tif,2,848.000,784,912
25871,F8_01_1_2_Chlorophyll_A_001_phosphate_plate5.tif,2,848.000,848,848
25872,F8_01_1_2_Chlorophyll_A_001_phosphate_plate5.tif,5,886.400,768,960
25873,F8_01_1_2_Chlorophyll_A_001_phosphate_plate5.tif,1,848.000,848,848
25874,F8_01_1_2_Chlorophyll_A_001_phosphate_plate5.tif,1,976.000,976,976
25875,F8_01_1_2_Chlorophyll_A_001_phosphate_plate5.tif,4,816.000,768,896
25876,F8_01_1_2_Chlorophyll_A_001_phosphate_plate5.tif,2,792.000,768,816
25877,F8_01_1_2_Chlorophyll_A_001_phosphate_plate5.tif,1,768.000,768,768
25878,F8_01_1_2_Chlorophyll_A_001_phosphate_plate5.tif,1,784.000,784,784
25879,F8_01_1_2_Chlorophyll_A_001_phosphate_plate5.tif,1,768.000,768,768
25880,F8_01_1_2_Chlorophyll_A_001_phosphate_plate5.tif,1,848.000,848,848
25881,F8_01_1_2_Chlorophyll_A_001_phosphate_plate5.tif,2,768.000,768,768
25882,F8_01_1_2_Chlorophyll_A_001_phosphate_plate5.tif,1,784.000,784,784
25883,F8_01_1_2_Chlorophyll_A_001_phosphate_plate5.tif,2,824.000,768,880
25884,F8_01_1_2_Chlorophyll_A_001_phosphate_plate5.tif,2,872.000,848,896
25885,F8_01_1_2_Chlorophyll_A_001_phosphate_plate5.tif,1,768.000,768,768
25886,F8_01_1_2_Chlorophyll_A_001_phosphate_plate5.tif,1,816.000,816,816
25887,F8_01_1_2_Chlorophyll_A_001_phosphate_plate5.tif,1,768.000,768,768
25888,F8_01_1_2_Chlorophyll_A_001_phosphate_plate5.tif,1,784.000,784,784
25889,F8_01_1_2_Chlorophyll_A_001_phosphate_plate5.tif,1,800.000,800,800
25890,F8_01_1_2_Chlorophyll_A_001_phosphate_plate5.tif,1,848.000,848,848
25891,F8_01_1_2_Chlorophyll_A_001_phosphate_plate5.tif,1,784.000,784,784
25892,F8_01_1_2_Chlorophyll_A_001_phosphate_plate5.tif,1,848.000,848,848
25893,F8_01_1_2_Chlorophyll_A_001_phosphate_plate5.tif,1,768.000,768,768
25894,F8_01_1_2_Chlorophyll_A_001_phosphate_plate5.tif,1,816.000,816,816
25895,F8_01_1_2_Chlorophyll_A_001_phosphate_plate5.tif,2,840.000,832,848
25896,F8_01_1_2_Chlorophyll_A_001_phosphate_plate5.tif,1,800.000,800,800
25897,F8_01_1_2_Chlorophyll_A_001_phosphate_plate5.tif,1,800.000,800,800
25898,F8_01_1_2_Chlorophyll_A_001_phosphate_plate5.tif,1,928.000,928,928
25899,F8_01_1_2_Chlorophyll_A_001_phosphate_plate5.tif,4,784.000,768,816
25900,F8_01_1_2_Chlorophyll_A_001_phosphate_plate5.tif,1,832.000,832,832
25901,F8_01_1_2_Chlorophyll_A_001_phosphate_plate5.tif,1,832.000,832,832
25902,F8_01_1_2_Chlorophyll_A_001_phosphate_plate5.tif,2,808.000,784,832
25903,F8_01_1_2_Chlorophyll_A_001_phosphate_plate5.tif,1,848.000,848,848
25904,F8_01_1_2_Chlorophyll_A_001_phosphate_plate5.tif,1,816.000,816,816
25905,F8_01_1_2_Chlorophyll_A_001_phosphate_plate5.tif,1,848.000,848,848
25906,F8_01_1_2_Chlorophyll_A_001_phosphate_plate5.tif,3,821.333,784,864
25907,F8_01_1_2_Chlorophyll_A_001_phosphate_plate5.tif,1,896.000,896,896
25908,F8_01_1_2_Chlorophyll_A_001_phosphate_plate5.tif,1,960.000,960,960
25909,F8_01_1_2_Chlorophyll_A_001_phosphate_plate5.tif,5,816.000,768,928
25910,F8_01_1_2_Chlorophyll_A_001_phosphate_plate5.tif,1,832.000,832,832
25911,F8_01_1_2_Chlorophyll_A_001_phosphate_plate5.tif,3,906.667,864,944
25912,F8_01_1_2_Chlorophyll_A_001_phosphate_plate5.tif,1,832.000,832,832
25913,F8_01_1_2_Chlorophyll_A_001_phosphate_plate5.tif,27,897.778,768,1168
25914,F8_01_1_2_Chlorophyll_A_001_phosphate_plate5.tif,70,882.286,768,1120
25915,F8_01_1_2_Chlorophyll_A_001_phosphate_plate5.tif,3,842.667,816,864
25916,F8_01_1_2_Chlorophyll_A_001_phosphate_plate5.tif,1,784.000,784,784
25917,F8_01_1_2_Chlorophyll_A_001_phosphate_plate5.tif,1,800.000,800,800
25918,F8_01_1_2_Chlorophyll_A_001_phosphate_plate5.tif,1,880.000,880,880
25919,F8_01_1_2_Chlorophyll_A_001_phosphate_plate5.tif,8,870.000,784,1088
25920,F8_01_1_2_Chlorophyll_A_001_phosphate_plate5.tif,2,816.000,768,864
25921,F8_01_1_2_Chlorophyll_A_001_phosphate_plate5.tif,1,976.000,976,976
25922,F8_01_1_2_Chlorophyll_A_001_phosphate_plate5.tif,2,808.000,784,832
25923,F8_01_1_2_Chlorophyll_A_001_phosphate_plate5.tif,1,832.000,832,832
25924,F8_01_1_2_Chlorophyll_A_001_phosphate_plate5.tif,1,896.000,896,896
25925,F8_01_1_2_Chlorophyll_A_001_phosphate_plate5.tif,1,816.000,816,816
25926,F8_01_1_2_Chlorophyll_A_001_phosphate_plate5.tif,1,880.000,880,880
25927,F8_01_1_2_Chlorophyll_A_001_phosphate_plate5.tif,3,858.667,768,944
25928,F8_01_1_2_Chlorophyll_A_001_phosphate_plate5.tif,1,816.000,816,816
25929,F8_01_1_2_Chlorophyll_A_001_phosphate_plate5.tif,1,816.000,816,816
25930,F8_01_1_2_Chlorophyll_A_001_phosphate_plate5.tif,1,800.000,800,800
25931,F8_01_1_2_Chlorophyll_A_001_phosphate_plate5.tif,1,880.000,880,880
25932,F8_01_1_2_Chlorophyll_A_001_phosphate_plate5.tif,1,784.000,784,784
25933,F8_01_1_2_Chlorophyll_A_001_phosphate_plate5.tif,2,840.000,816,864
25934,F8_01_1_2_Chlorophyll_A_001_phosphate_plate5.tif,2,824.000,816,832
25935,F8_01_1_2_Chlorophyll_A_001_phosphate_plate5.tif,1,768.000,768,768
25936,F8_01_1_2_Chlorophyll_A_001_phosphate_plate5.tif,1,960.000,960,960
25937,F8_01_1_2_Chlorophyll_A_001_phosphate_plate5.tif,3,837.333,768,944
25938,F8_01_1_2_Chlorophyll_A_001_phosphate_plate5.tif,1,928.000,928,928
25939,F8_01_1_2_Chlorophyll_A_001_phosphate_plate5.tif,1,800.000,800,800
25940,F8_01_1_2_Chlorophyll_A_001_phosphate_plate5.tif,2,800.000,784,816
25941,F8_01_1_2_Chlorophyll_A_001_phosphate_plate5.tif,1,880.000,880,880
25942,F8_01_1_2_Chlorophyll_A_001_phosphate_plate5.tif,1,816.000,816,816
25943,F8_01_1_2_Chlorophyll_A_001_phosphate_plate5.tif,1,864.000,864,864
25944,F8_01_1_2_Chlorophyll_A_001_phosphate_plate5.tif,1,784.000,784,784
25945,F8_01_1_2_Chlorophyll_A_001_phosphate_plate5.tif,1,800.000,800,800
25946,F8_01_1_2_Chlorophyll_A_001_phosphate_plate5.tif,1,832.000,832,832
25947,F8_01_1_2_Chlorophyll_A_001_phosphate_plate5.tif,1,784.000,784,784
25948,F8_01_1_2_Chlorophyll_A_001_phosphate_plate5.tif,1,816.000,816,816
25949,F8_01_1_2_Chlorophyll_A_001_phosphate_plate5.tif,1,768.000,768,768
25950,F8_01_1_2_Chlorophyll_A_001_phosphate_plate5.tif,1,784.000,784,784
25951,F8_01_1_2_Chlorophyll_A_001_phosphate_plate5.tif,1,896.000,896,896
25952,F8_01_1_2_Chlorophyll_A_001_phosphate_plate5.tif,1,768.000,768,768
25953,F8_01_1_2_Chlorophyll_A_001_phosphate_plate5.tif,1,800.000,800,800
25954,F8_01_1_2_Chlorophyll_A_001_phosphate_plate5.tif,4,836.000,800,864
25955,F8_01_1_2_Chlorophyll_A_001_phosphate_plate5.tif,1,816.000,816,816
25956,F8_01_1_2_Chlorophyll_A_001_phosphate_plate5.tif,2,776.000,768,784
25957,F8_01_1_2_Chlorophyll_A_001_phosphate_plate5.tif,8,838.000,768,992
25958,F8_01_1_2_Chlorophyll_A_001_phosphate_plate5.tif,1,880.000,880,880
25959,F8_01_1_2_Chlorophyll_A_001_phosphate_plate5.tif,1,848.000,848,848
25960,F8_01_1_2_Chlorophyll_A_001_phosphate_plate5.tif,1,864.000,864,864
25961,F8_01_1_2_Chlorophyll_A_001_phosphate_plate5.tif,2,960.000,944,976
25962,F8_01_1_2_Chlorophyll_A_001_phosphate_plate5.tif,1,992.000,992,992
25963,F8_01_1_2_Chlorophyll_A_001_phosphate_plate5.tif,36,880.444,768,1184
25964,F8_01_1_2_Chlorophyll_A_001_phosphate_plate5.tif,69,902.957,768,1072
25965,F8_01_1_2_Chlorophyll_A_001_phosphate_plate5.tif,19,886.737,768,1232
25966,F8_01_1_2_Chlorophyll_A_001_phosphate_plate5.tif,61,867.934,768,1264
25967,F8_01_1_2_Chlorophyll_A_001_phosphate_plate5.tif,166,858.506,768,1104
25968,F8_01_1_2_Chlorophyll_A_001_phosphate_plate5.tif,44,848.727,768,1040
25969,F8_01_1_2_Chlorophyll_A_001_phosphate_plate5.tif,2,848.000,800,896
25970,F8_01_1_2_Chlorophyll_A_001_phosphate_plate5.tif,9,839.111,768,896
25971,F8_01_1_2_Chlorophyll_A_001_phosphate_plate5.tif,4,808.000,800,816
25972,F8_01_1_2_Chlorophyll_A_001_phosphate_plate5.tif,1,848.000,848,848
25973,F8_01_1_2_Chlorophyll_A_001_phosphate_plate5.tif,4,820.000,784,880
25974,F8_01_1_2_Chlorophyll_A_001_phosphate_plate5.tif,2,864.000,800,928
25975,F8_01_1_2_Chlorophyll_A_001_phosphate_plate5.tif,2,872.000,864,880
25976,F8_01_1_2_Chlorophyll_A_001_phosphate_plate5.tif,2,824.000,768,880
25977,F8_01_1_2_Chlorophyll_A_001_phosphate_plate5.tif,1,784.000,784,784
25978,F8_01_1_2_Chlorophyll_A_001_phosphate_plate5.tif,1,816.000,816,816
25979,F8_01_1_2_Chlorophyll_A_001_phosphate_plate5.tif,1,768.000,768,768
25980,F8_01_1_2_Chlorophyll_A_001_phosphate_plate5.tif,1,768.000,768,768
25981,F8_01_1_2_Chlorophyll_A_001_phosphate_plate5.tif,3,864.000,784,1024
25982,F8_01_1_2_Chlorophyll_A_001_phosphate_plate5.tif,1,880.000,880,880
25983,F8_01_1_2_Chlorophyll_A_001_phosphate_plate5.tif,1,880.000,880,880
25984,F8_01_1_2_Chlorophyll_A_001_phosphate_plate5.tif,1,864.000,864,864
25985,F8_01_1_2_Chlorophyll_A_001_phosphate_plate5.tif,1,800.000,800,800
25986,F8_01_1_2_Chlorophyll_A_001_phosphate_plate5.tif,1,864.000,864,864
25987,F8_01_1_2_Chlorophyll_A_001_phosphate_plate5.tif,3,853.333,832,880
25988,F8_01_1_2_Chlorophyll_A_001_phosphate_plate5.tif,1,800.000,800,800
25989,F8_01_1_2_Chlorophyll_A_001_phosphate_plate5.tif,1,768.000,768,768
25990,F8_01_1_2_Chlorophyll_A_001_phosphate_plate5.tif,3,912.000,848,1024
25991,F8_01_1_2_Chlorophyll_A_001_phosphate_plate5.tif,1,912.000,912,912
25992,F8_01_1_2_Chlorophyll_A_001_phosphate_plate5.tif,1,864.000,864,864
25993,F8_01_1_2_Chlorophyll_A_001_phosphate_plate5.tif,1,816.000,816,816
25994,F8_01_1_2_Chlorophyll_A_001_phosphate_plate5.tif,1,832.000,832,832
25995,F8_01_1_2_Chlorophyll_A_001_phosphate_plate5.tif,3,794.667,768,848
25996,F8_01_1_2_Chlorophyll_A_001_phosphate_plate5.tif,1,800.000,800,800
25997,F8_01_1_2_Chlorophyll_A_001_phosphate_plate5.tif,1,816.000,816,816
25998,F8_01_1_2_Chlorophyll_A_001_phosphate_plate5.tif,2,832.000,768,896
25999,F8_01_1_2_Chlorophyll_A_001_phosphate_plate5.tif,2,792.000,768,816
26000,F8_01_1_2_Chlorophyll_A_001_phosphate_plate5.tif,1,768.000,768,768
26001,F8_01_1_2_Chlorophyll_A_001_phosphate_plate5.tif,1,768.000,768,768
26002,F8_01_1_2_Chlorophyll_A_001_phosphate_plate5.tif,4,852.000,768,960
26003,F8_01_1_2_Chlorophyll_A_001_phosphate_plate5.tif,1,816.000,816,816
26004,F8_01_1_2_Chlorophyll_A_001_phosphate_plate5.tif,2,880.000,768,992
26005,F8_01_1_2_Chlorophyll_A_001_phosphate_plate5.tif,1,864.000,864,864
26006,F8_01_1_2_Chlorophyll_A_001_phosphate_plate5.tif,2,824.000,768,880
26007,F8_01_1_2_Chlorophyll_A_001_phosphate_plate5.tif,1,800.000,800,800
26008,F8_01_1_2_Chlorophyll_A_001_phosphate_plate5.tif,5,886.400,768,976
26009,F8_01_1_2_Chlorophyll_A_001_phosphate_plate5.tif,18,877.333,768,1024
26010,F8_01_1_2_Chlorophyll_A_001_phosphate_plate5.tif,74,948.757,768,1200
26011,F8_01_1_2_Chlorophyll_A_001_phosphate_plate5.tif,15,867.200,768,992
26012,F8_01_1_2_Chlorophyll_A_001_phosphate_plate5.tif,43,849.860,768,1072
26013,F8_01_1_2_Chlorophyll_A_001_phosphate_plate5.tif,35,858.057,768,1008
26014,F8_01_1_2_Chlorophyll_A_001_phosphate_plate5.tif,28,879.429,768,1088
26015,F8_01_1_2_Chlorophyll_A_001_phosphate_plate5.tif,355,1909.093,768,32544
26016,F8_01_1_2_Chlorophyll_A_001_phosphate_plate5.tif,1,816.000,816,816
26017,F8_01_1_2_Chlorophyll_A_001_phosphate_plate5.tif,2,800.000,768,832
26018,F8_01_1_2_Chlorophyll_A_001_phosphate_plate5.tif,8,838.000,784,896
26019,F8_01_1_2_Chlorophyll_A_001_phosphate_plate5.tif,1,800.000,800,800
26020,F8_01_1_2_Chlorophyll_A_001_phosphate_plate5.tif,14,829.714,768,944
26021,F8_01_1_2_Chlorophyll_A_001_phosphate_plate5.tif,1,864.000,864,864
26022,F8_01_1_2_Chlorophyll_A_001_phosphate_plate5.tif,1,880.000,880,880
26023,F8_01_1_2_Chlorophyll_A_001_phosphate_plate5.tif,1,768.000,768,768
26024,F8_01_1_2_Chlorophyll_A_001_phosphate_plate5.tif,1,816.000,816,816
26025,F8_01_1_2_Chlorophyll_A_001_phosphate_plate5.tif,1,864.000,864,864
26026,F8_01_1_2_Chlorophyll_A_001_phosphate_plate5.tif,7,848.000,784,1024
26027,F8_01_1_2_Chlorophyll_A_001_phosphate_plate5.tif,1,800.000,800,800
26028,F8_01_1_2_Chlorophyll_A_001_phosphate_plate5.tif,2,936.000,864,1008
26029,F8_01_1_2_Chlorophyll_A_001_phosphate_plate5.tif,1,880.000,880,880
26030,F8_01_1_2_Chlorophyll_A_001_phosphate_plate5.tif,1,896.000,896,896
26031,F8_01_1_2_Chlorophyll_A_001_phosphate_plate5.tif,1,816.000,816,816
26032,F8_01_1_2_Chlorophyll_A_001_phosphate_plate5.tif,1,784.000,784,784
26033,F8_01_1_2_Chlorophyll_A_001_phosphate_plate5.tif,3,837.333,784,880
26034,F8_01_1_2_Chlorophyll_A_001_phosphate_plate5.tif,3,794.667,768,848
26035,F8_01_1_2_Chlorophyll_A_001_phosphate_plate5.tif,2,912.000,832,992
26036,F8_01_1_2_Chlorophyll_A_001_phosphate_plate5.tif,1,912.000,912,912
26037,F8_01_1_2_Chlorophyll_A_001_phosphate_plate5.tif,1,800.000,800,800
26038,F8_01_1_2_Chlorophyll_A_001_phosphate_plate5.tif,4,856.000,784,944
26039,F8_01_1_2_Chlorophyll_A_001_phosphate_plate5.tif,1,784.000,784,784
26040,F8_01_1_2_Chlorophyll_A_001_phosphate_plate5.tif,1,768.000,768,768
26041,F8_01_1_2_Chlorophyll_A_001_phosphate_plate5.tif,1,768.000,768,768
26042,F8_01_1_2_Chlorophyll_A_001_phosphate_plate5.tif,2,824.000,816,832
26043,F8_01_1_2_Chlorophyll_A_001_phosphate_plate5.tif,2,808.000,768,848
26044,F8_01_1_2_Chlorophyll_A_001_phosphate_plate5.tif,1,992.000,992,992
26045,F8_01_1_2_Chlorophyll_A_001_phosphate_plate5.tif,1,944.000,944,944
26046,F8_01_1_2_Chlorophyll_A_001_phosphate_plate5.tif,1,768.000,768,768
26047,F8_01_1_2_Chlorophyll_A_001_phosphate_plate5.tif,1,768.000,768,768
26048,F8_01_1_2_Chlorophyll_A_001_phosphate_plate5.tif,3,821.333,800,832
26049,F8_01_1_2_Chlorophyll_A_001_phosphate_plate5.tif,1,816.000,816,816
26050,F8_01_1_2_Chlorophyll_A_001_phosphate_plate5.tif,2,888.000,848,928
26051,F8_01_1_2_Chlorophyll_A_001_phosphate_plate5.tif,1,768.000,768,768
26052,F8_01_1_2_Chlorophyll_A_001_phosphate_plate5.tif,1,880.000,880,880
26053,F8_01_1_2_Chlorophyll_A_001_phosphate_plate5.tif,2,816.000,816,816
26054,F8_01_1_2_Chlorophyll_A_001_phosphate_plate5.tif,2,776.000,768,784
26055,F8_01_1_2_Chlorophyll_A_001_phosphate_plate5.tif,1,816.000,816,816
26056,F8_01_1_2_Chlorophyll_A_001_phosphate_plate5.tif,2,864.000,864,864
26057,F8_01_1_2_Chlorophyll_A_001_phosphate_plate5.tif,1,1008.000,1008,1008
26058,F8_01_1_2_Chlorophyll_A_001_phosphate_plate5.tif,1,832.000,832,832
26059,F8_01_1_2_Chlorophyll_A_001_phosphate_plate5.tif,1,800.000,800,800
26060,F8_01_1_2_Chlorophyll_A_001_phosphate_plate5.tif,1,768.000,768,768
26061,F8_01_1_2_Chlorophyll_A_001_phosphate_plate5.tif,1,784.000,784,784
26062,F8_01_1_2_Chlorophyll_A_001_phosphate_plate5.tif,1,816.000,816,816
26063,F8_01_1_2_Chlorophyll_A_001_phosphate_plate5.tif,1,768.000,768,768
26064,F8_01_1_2_Chlorophyll_A_001_phosphate_plate5.tif,1,784.000,784,784
26065,F8_01_1_2_Chlorophyll_A_001_phosphate_plate5.tif,1,864.000,864,864
26066,F8_01_1_2_Chlorophyll_A_001_phosphate_plate5.tif,1,896.000,896,896
26067,F8_01_1_2_Chlorophyll_A_001_phosphate_plate5.tif,1,816.000,816,816
26068,F8_01_1_2_Chlorophyll_A_001_phosphate_plate5.tif,1,784.000,784,784
26069,F8_01_1_2_Chlorophyll_A_001_phosphate_plate5.tif,1,784.000,784,784
26070,F8_01_1_2_Chlorophyll_A_001_phosphate_plate5.tif,1,880.000,880,880
26071,F8_01_1_2_Chlorophyll_A_001_phosphate_plate5.tif,1,768.000,768,768
26072,F8_01_1_2_Chlorophyll_A_001_phosphate_plate5.tif,1,928.000,928,928
26073,F8_01_1_2_Chlorophyll_A_001_phosphate_plate5.tif,1,768.000,768,768
26074,F8_01_1_2_Chlorophyll_A_001_phosphate_plate5.tif,3,810.667,768,864
26075,F8_01_1_2_Chlorophyll_A_001_phosphate_plate5.tif,3,800.000,768,848
26076,F8_01_1_2_Chlorophyll_A_001_phosphate_plate5.tif,1,928.000,928,928
26077,F8_01_1_2_Chlorophyll_A_001_phosphate_plate5.tif,3,784.000,768,816
26078,F8_01_1_2_Chlorophyll_A_001_phosphate_plate5.tif,3,858.667,768,912
26079,F8_01_1_2_Chlorophyll_A_001_phosphate_plate5.tif,4,836.000,768,944
26080,F8_01_1_2_Chlorophyll_A_001_phosphate_plate5.tif,2,968.000,880,1056
26081,F8_01_1_2_Chlorophyll_A_001_phosphate_plate5.tif,1,784.000,784,784
26082,F8_01_1_2_Chlorophyll_A_001_phosphate_plate5.tif,5,822.400,768,864
26083,F8_01_1_2_Chlorophyll_A_001_phosphate_plate5.tif,1,848.000,848,848
26084,F8_01_1_2_Chlorophyll_A_001_phosphate_plate5.tif,52,904.923,768,1232
26085,F8_01_1_2_Chlorophyll_A_001_phosphate_plate5.tif,57,924.912,768,1184
26086,F8_01_1_2_Chlorophyll_A_001_phosphate_plate5.tif,116,877.517,768,1232
26087,F8_01_1_2_Chlorophyll_A_001_phosphate_plate5.tif,2,864.000,832,896
26088,F8_01_1_2_Chlorophyll_A_001_phosphate_plate5.tif,5,908.800,784,992
26089,F8_01_1_2_Chlorophyll_A_001_phosphate_plate5.tif,1,848.000,848,848
26090,F8_01_1_2_Chlorophyll_A_001_phosphate_plate5.tif,2,888.000,848,928
26091,F8_01_1_2_Chlorophyll_A_001_phosphate_plate5.tif,1,784.000,784,784
26092,F8_01_1_2_Chlorophyll_A_001_phosphate_plate5.tif,1,832.000,832,832
26093,F8_01_1_2_Chlorophyll_A_001_phosphate_plate5.tif,2,856.000,848,864
26094,F8_01_1_2_Chlorophyll_A_001_phosphate_plate5.tif,15,855.467,768,976
26095,F8_01_1_2_Chlorophyll_A_001_phosphate_plate5.tif,6,837.333,768,960
26096,F8_01_1_2_Chlorophyll_A_001_phosphate_plate5.tif,8,838.000,768,896
26097,F8_01_1_2_Chlorophyll_A_001_phosphate_plate5.tif,1,784.000,784,784
26098,F8_01_1_2_Chlorophyll_A_001_phosphate_plate5.tif,3,864.000,800,976
26099,F8_01_1_2_Chlorophyll_A_001_phosphate_plate5.tif,3,837.333,768,880
26100,F8_01_1_2_Chlorophyll_A_001_phosphate_plate5.tif,1,912.000,912,912
26101,F8_01_1_2_Chlorophyll_A_001_phosphate_plate5.tif,1,944.000,944,944
26102,F8_01_1_2_Chlorophyll_A_001_phosphate_plate5.tif,2,792.000,784,800
26103,F8_01_1_2_Chlorophyll_A_001_phosphate_plate5.tif,2,792.000,784,800
26104,F8_01_1_2_Chlorophyll_A_001_phosphate_plate5.tif,1,880.000,880,880
26105,F8_01_1_2_Chlorophyll_A_001_phosphate_plate5.tif,1,800.000,800,800
26106,F8_01_1_2_Chlorophyll_A_001_phosphate_plate5.tif,1,816.000,816,816
26107,F8_01_1_2_Chlorophyll_A_001_phosphate_plate5.tif,3,869.333,816,944
26108,F8_01_1_2_Chlorophyll_A_001_phosphate_plate5.tif,1,832.000,832,832
26109,F8_01_1_2_Chlorophyll_A_001_phosphate_plate5.tif,1,912.000,912,912
26110,F8_01_1_2_Chlorophyll_A_001_phosphate_plate5.tif,1,912.000,912,912
26111,F8_01_1_2_Chlorophyll_A_001_phosphate_plate5.tif,1,880.000,880,880
26112,F8_01_1_2_Chlorophyll_A_001_phosphate_plate5.tif,1,848.000,848,848
26113,F8_01_1_2_Chlorophyll_A_001_phosphate_plate5.tif,4,852.000,768,912
26114,F8_01_1_2_Chlorophyll_A_001_phosphate_plate5.tif,1,848.000,848,848
26115,F8_01_1_2_Chlorophyll_A_001_phosphate_plate5.tif,172,2119.535,768,18480
26116,F8_01_1_2_Chlorophyll_A_001_phosphate_plate5.tif,1,864.000,864,864
26117,F8_01_1_2_Chlorophyll_A_001_phosphate_plate5.tif,2,880.000,816,944
26118,F8_01_1_2_Chlorophyll_A_001_phosphate_plate5.tif,1,864.000,864,864
26119,F8_01_1_2_Chlorophyll_A_001_phosphate_plate5.tif,1,864.000,864,864
26120,F8_01_1_2_Chlorophyll_A_001_phosphate_plate5.tif,1,848.000,848,848
26121,F8_01_1_2_Chlorophyll_A_001_phosphate_plate5.tif,1,768.000,768,768
26122,F8_01_1_2_Chlorophyll_A_001_phosphate_plate5.tif,1,784.000,784,784
26123,F8_01_1_2_Chlorophyll_A_001_phosphate_plate5.tif,1,864.000,864,864
26124,F8_01_1_2_Chlorophyll_A_001_phosphate_plate5.tif,30,881.600,768,1136
26125,F8_01_1_2_Chlorophyll_A_001_phosphate_plate5.tif,17,904.471,768,1072
26126,F8_01_1_2_Chlorophyll_A_001_phosphate_plate5.tif,31,881.548,768,1056
26127,F8_01_1_2_Chlorophyll_A_001_phosphate_plate5.tif,44,888.727,768,1168
26128,F8_01_1_2_Chlorophyll_A_001_phosphate_plate5.tif,10,843.200,768,912
26129,F8_01_1_2_Chlorophyll_A_001_phosphate_plate5.tif,9,855.111,784,976
26130,F8_01_1_2_Chlorophyll_A_001_phosphate_plate5.tif,3,821.333,800,832
26131,F8_01_1_2_Chlorophyll_A_001_phosphate_plate5.tif,6,874.667,768,960
26132,F8_01_1_2_Chlorophyll_A_001_phosphate_plate5.tif,3,858.667,784,944
26133,F8_01_1_2_Chlorophyll_A_001_phosphate_plate5.tif,1,848.000,848,848
26134,F8_01_1_2_Chlorophyll_A_001_phosphate_plate5.tif,1,768.000,768,768
26135,F8_01_1_2_Chlorophyll_A_001_phosphate_plate5.tif,1,768.000,768,768
26136,F8_01_1_2_Chlorophyll_A_001_phosphate_plate5.tif,1,800.000,800,800
26137,F8_01_1_2_Chlorophyll_A_001_phosphate_plate5.tif,11,805.818,768,880
26138,F8_01_1_2_Chlorophyll_A_001_phosphate_plate5.tif,2,824.000,800,848
26139,F8_01_1_2_Chlorophyll_A_001_phosphate_plate5.tif,1,816.000,816,816
26140,F8_01_1_2_Chlorophyll_A_001_phosphate_plate5.tif,1,1216.000,1216,1216
26141,F8_01_1_2_Chlorophyll_A_001_phosphate_plate5.tif,1,784.000,784,784
26142,F8_01_1_2_Chlorophyll_A_001_phosphate_plate5.tif,1,928.000,928,928
26143,F8_01_1_2_Chlorophyll_A_001_phosphate_plate5.tif,1,848.000,848,848
26144,F8_01_1_2_Chlorophyll_A_001_phosphate_plate5.tif,4,788.000,768,848
26145,F8_01_1_2_Chlorophyll_A_001_phosphate_plate5.tif,1,832.000,832,832
26146,F8_01_1_2_Chlorophyll_A_001_phosphate_plate5.tif,3,832.000,768,896
26147,F8_01_1_2_Chlorophyll_A_001_phosphate_plate5.tif,1,800.000,800,800
26148,F8_01_1_2_Chlorophyll_A_001_phosphate_plate5.tif,1,848.000,848,848
26149,F8_01_1_2_Chlorophyll_A_001_phosphate_plate5.tif,2,840.000,784,896
26150,F8_01_1_2_Chlorophyll_A_001_phosphate_plate5.tif,1,784.000,784,784
26151,F8_01_1_2_Chlorophyll_A_001_phosphate_plate5.tif,4,804.000,768,848
26152,F8_01_1_2_Chlorophyll_A_001_phosphate_plate5.tif,1,832.000,832,832
26153,F8_01_1_2_Chlorophyll_A_001_phosphate_plate5.tif,2,848.000,848,848
26154,F8_01_1_2_Chlorophyll_A_001_phosphate_plate5.tif,1,768.000,768,768
26155,F8_01_1_2_Chlorophyll_A_001_phosphate_plate5.tif,1,848.000,848,848
26156,F8_01_1_2_Chlorophyll_A_001_phosphate_plate5.tif,2,800.000,800,800
26157,F8_01_1_2_Chlorophyll_A_001_phosphate_plate5.tif,1,944.000,944,944
26158,F8_01_1_2_Chlorophyll_A_001_phosphate_plate5.tif,1,912.000,912,912
26159,F8_01_1_2_Chlorophyll_A_001_phosphate_plate5.tif,1,816.000,816,816
26160,F8_01_1_2_Chlorophyll_A_001_phosphate_plate5.tif,1,800.000,800,800
26161,F8_01_1_2_Chlorophyll_A_001_phosphate_plate5.tif,1,896.000,896,896
26162,F8_01_1_2_Chlorophyll_A_001_phosphate_plate5.tif,1,832.000,832,832
26163,F8_01_1_2_Chlorophyll_A_001_phosphate_plate5.tif,2,848.000,816,880
26164,F8_01_1_2_Chlorophyll_A_001_phosphate_plate5.tif,2,840.000,800,880
26165,F8_01_1_2_Chlorophyll_A_001_phosphate_plate5.tif,3,896.000,768,1008
26166,F8_01_1_2_Chlorophyll_A_001_phosphate_plate5.tif,1,784.000,784,784
26167,F8_01_1_2_Chlorophyll_A_001_phosphate_plate5.tif,1,784.000,784,784
26168,F8_01_1_2_Chlorophyll_A_001_phosphate_plate5.tif,1,880.000,880,880
26169,F8_01_1_2_Chlorophyll_A_001_phosphate_plate5.tif,1,768.000,768,768
26170,F8_01_1_2_Chlorophyll_A_001_phosphate_plate5.tif,4,852.000,800,976
26171,F8_01_1_2_Chlorophyll_A_001_phosphate_plate5.tif,1,880.000,880,880
26172,F8_01_1_2_Chlorophyll_A_001_phosphate_plate5.tif,1,864.000,864,864
26173,F8_01_1_2_Chlorophyll_A_001_phosphate_plate5.tif,1,784.000,784,784
26174,F8_01_1_2_Chlorophyll_A_001_phosphate_plate5.tif,1,832.000,832,832
26175,F8_01_1_2_Chlorophyll_A_001_phosphate_plate5.tif,2,816.000,784,848
26176,F8_01_1_2_Chlorophyll_A_001_phosphate_plate5.tif,1,800.000,800,800
26177,F8_01_1_2_Chlorophyll_A_001_phosphate_plate5.tif,1,848.000,848,848
26178,F8_01_1_2_Chlorophyll_A_001_phosphate_plate5.tif,1,960.000,960,960
26179,F8_01_1_2_Chlorophyll_A_001_phosphate_plate5.tif,1,880.000,880,880
26180,F8_01_1_2_Chlorophyll_A_001_phosphate_plate5.tif,57,934.175,768,1168
26181,F8_01_1_2_Chlorophyll_A_001_phosphate_plate5.tif,2,936.000,896,976
26182,F8_01_1_2_Chlorophyll_A_001_phosphate_plate5.tif,1,896.000,896,896
26183,F8_01_1_2_Chlorophyll_A_001_phosphate_plate5.tif,2,848.000,800,896
26184,F8_01_1_2_Chlorophyll_A_001_phosphate_plate5.tif,1,768.000,768,768
26185,F8_01_1_2_Chlorophyll_A_001_phosphate_plate5.tif,1,944.000,944,944
26186,F8_01_1_2_Chlorophyll_A_001_phosphate_plate5.tif,3,826.667,784,864
26187,F8_01_1_2_Chlorophyll_A_001_phosphate_plate5.tif,3,901.333,800,1088
26188,F8_01_1_2_Chlorophyll_A_001_phosphate_plate5.tif,4,880.000,768,1088
26189,F8_01_1_2_Chlorophyll_A_001_phosphate_plate5.tif,3,848.000,816,880
26190,F8_01_1_2_Chlorophyll_A_001_phosphate_plate5.tif,5,838.400,768,896
26191,F8_01_1_2_Chlorophyll_A_001_phosphate_plate5.tif,3,869.333,832,896
26192,F8_01_1_2_Chlorophyll_A_001_phosphate_plate5.tif,1,864.000,864,864
26193,F8_01_1_2_Chlorophyll_A_001_phosphate_plate5.tif,4,776.000,768,800
26194,F8_01_1_2_Chlorophyll_A_001_phosphate_plate5.tif,3,853.333,784,928
26195,F8_01_1_2_Chlorophyll_A_001_phosphate_plate5.tif,2,816.000,768,864
26196,F8_01_1_2_Chlorophyll_A_001_phosphate_plate5.tif,1,832.000,832,832
26197,F8_01_1_2_Chlorophyll_A_001_phosphate_plate5.tif,6,840.000,800,880
26198,F8_01_1_2_Chlorophyll_A_001_phosphate_plate5.tif,1,960.000,960,960
26199,F8_01_1_2_Chlorophyll_A_001_phosphate_plate5.tif,2,768.000,768,768
26200,F8_01_1_2_Chlorophyll_A_001_phosphate_plate5.tif,3,778.667,768,800
26201,F8_01_1_2_Chlorophyll_A_001_phosphate_plate5.tif,1,896.000,896,896
26202,F8_01_1_2_Chlorophyll_A_001_phosphate_plate5.tif,1,768.000,768,768
26203,F8_01_1_2_Chlorophyll_A_001_phosphate_plate5.tif,1,896.000,896,896
26204,F8_01_1_2_Chlorophyll_A_001_phosphate_plate5.tif,2,800.000,784,816
26205,F8_01_1_2_Chlorophyll_A_001_phosphate_plate5.tif,1,784.000,784,784
26206,F8_01_1_2_Chlorophyll_A_001_phosphate_plate5.tif,3,794.667,768,832
26207,F8_01_1_2_Chlorophyll_A_001_phosphate_plate5.tif,1,816.000,816,816
26208,F8_01_1_2_Chlorophyll_A_001_phosphate_plate5.tif,1,848.000,848,848
26209,F8_01_1_2_Chlorophyll_A_001_phosphate_plate5.tif,1,784.000,784,784
26210,F8_01_1_2_Chlorophyll_A_001_phosphate_plate5.tif,4,820.000,768,848
26211,F8_01_1_2_Chlorophyll_A_001_phosphate_plate5.tif,3,826.667,816,848
26212,F8_01_1_2_Chlorophyll_A_001_phosphate_plate5.tif,1,768.000,768,768
26213,F8_01_1_2_Chlorophyll_A_001_phosphate_plate5.tif,1,880.000,880,880
26214,F8_01_1_2_Chlorophyll_A_001_phosphate_plate5.tif,1,768.000,768,768
26215,F8_01_1_2_Chlorophyll_A_001_phosphate_plate5.tif,2,776.000,768,784
26216,F8_01_1_2_Chlorophyll_A_001_phosphate_plate5.tif,1,816.000,816,816
26217,F8_01_1_2_Chlorophyll_A_001_phosphate_plate5.tif,2,872.000,800,944
26218,F8_01_1_2_Chlorophyll_A_001_phosphate_plate5.tif,1,832.000,832,832
26219,F8_01_1_2_Chlorophyll_A_001_phosphate_plate5.tif,1,768.000,768,768
26220,F8_01_1_2_Chlorophyll_A_001_phosphate_plate5.tif,1,784.000,784,784
26221,F8_01_1_2_Chlorophyll_A_001_phosphate_plate5.tif,1,768.000,768,768
26222,F8_01_1_2_Chlorophyll_A_001_phosphate_plate5.tif,1,768.000,768,768
26223,F8_01_1_2_Chlorophyll_A_001_phosphate_plate5.tif,1,784.000,784,784
26224,F8_01_1_2_Chlorophyll_A_001_phosphate_plate5.tif,1,784.000,784,784
26225,F8_01_1_2_Chlorophyll_A_001_phosphate_plate5.tif,1,768.000,768,768
26226,F8_01_1_2_Chlorophyll_A_001_phosphate_plate5.tif,1,832.000,832,832
26227,F8_01_1_2_Chlorophyll_A_001_phosphate_plate5.tif,1,816.000,816,816
26228,F8_01_1_2_Chlorophyll_A_001_phosphate_plate5.tif,2,792.000,784,800
26229,F8_01_1_2_Chlorophyll_A_001_phosphate_plate5.tif,1,800.000,800,800
26230,F8_01_1_2_Chlorophyll_A_001_phosphate_plate5.tif,1,800.000,800,800
26231,F8_01_1_2_Chlorophyll_A_001_phosphate_plate5.tif,1,784.000,784,784
26232,F8_01_1_2_Chlorophyll_A_001_phosphate_plate5.tif,1,864.000,864,864
26233,F8_01_1_2_Chlorophyll_A_001_phosphate_plate5.tif,1,816.000,816,816
26234,F8_01_1_2_Chlorophyll_A_001_phosphate_plate5.tif,2,848.000,800,896
26235,F8_01_1_2_Chlorophyll_A_001_phosphate_plate5.tif,1,848.000,848,848
26236,F8_01_1_2_Chlorophyll_A_001_phosphate_plate5.tif,1,912.000,912,912
26237,F8_01_1_2_Chlorophyll_A_001_phosphate_plate5.tif,1,784.000,784,784
26238,F8_01_1_2_Chlorophyll_A_001_phosphate_plate5.tif,1,896.000,896,896
26239,F8_01_1_2_Chlorophyll_A_001_phosphate_plate5.tif,2,776.000,768,784
26240,F8_01_1_2_Chlorophyll_A_001_phosphate_plate5.tif,10,817.600,768,912
26241,F8_01_1_2_Chlorophyll_A_001_phosphate_plate5.tif,1,912.000,912,912
26242,F8_01_1_2_Chlorophyll_A_001_phosphate_plate5.tif,43,868.093,768,1024
26243,F8_01_1_2_Chlorophyll_A_001_phosphate_plate5.tif,139,885.295,768,1232
26244,F8_01_1_2_Chlorophyll_A_001_phosphate_plate5.tif,42,907.429,768,1184
26245,F8_01_1_2_Chlorophyll_A_001_phosphate_plate5.tif,37,931.459,768,1184
26246,F8_01_1_2_Chlorophyll_A_001_phosphate_plate5.tif,33,881.939,768,1040
26247,F8_01_1_2_Chlorophyll_A_001_phosphate_plate5.tif,1,816.000,816,816
26248,F8_01_1_2_Chlorophyll_A_001_phosphate_plate5.tif,1,1008.000,1008,1008
26249,F8_01_1_2_Chlorophyll_A_001_phosphate_plate5.tif,1,864.000,864,864
26250,F8_01_1_2_Chlorophyll_A_001_phosphate_plate5.tif,1,880.000,880,880
26251,F8_01_1_2_Chlorophyll_A_001_phosphate_plate5.tif,1,1024.000,1024,1024
26252,F8_01_1_2_Chlorophyll_A_001_phosphate_plate5.tif,4,836.000,784,864
26253,F8_01_1_2_Chlorophyll_A_001_phosphate_plate5.tif,7,886.857,832,944
26254,F8_01_1_2_Chlorophyll_A_001_phosphate_plate5.tif,256,1609.875,768,10272
26255,F8_01_1_2_Chlorophyll_A_001_phosphate_plate5.tif,1,832.000,832,832
26256,F8_01_1_2_Chlorophyll_A_001_phosphate_plate5.tif,1,768.000,768,768
26257,F8_01_1_2_Chlorophyll_A_001_phosphate_plate5.tif,2,800.000,768,832
26258,F8_01_1_2_Chlorophyll_A_001_phosphate_plate5.tif,1,784.000,784,784
26259,F8_01_1_2_Chlorophyll_A_001_phosphate_plate5.tif,2,792.000,768,816
26260,F8_01_1_2_Chlorophyll_A_001_phosphate_plate5.tif,3,885.333,832,976
26261,F8_01_1_2_Chlorophyll_A_001_phosphate_plate5.tif,2,848.000,768,928
26262,F8_01_1_2_Chlorophyll_A_001_phosphate_plate5.tif,1,800.000,800,800
26263,F8_01_1_2_Chlorophyll_A_001_phosphate_plate5.tif,1,816.000,816,816
26264,F8_01_1_2_Chlorophyll_A_001_phosphate_plate5.tif,3,842.667,816,896
26265,F8_01_1_2_Chlorophyll_A_001_phosphate_plate5.tif,1,1120.000,1120,1120
26266,F8_01_1_2_Chlorophyll_A_001_phosphate_plate5.tif,8,822.000,768,928
26267,F8_01_1_2_Chlorophyll_A_001_phosphate_plate5.tif,5,896.000,784,1120
26268,F8_01_1_2_Chlorophyll_A_001_phosphate_plate5.tif,1,784.000,784,784
26269,F8_01_1_2_Chlorophyll_A_001_phosphate_plate5.tif,6,824.000,768,1024
26270,F8_01_1_2_Chlorophyll_A_001_phosphate_plate5.tif,1,864.000,864,864
26271,F8_01_1_2_Chlorophyll_A_001_phosphate_plate5.tif,1,800.000,800,800
26272,F8_01_1_2_Chlorophyll_A_001_phosphate_plate5.tif,1,784.000,784,784
26273,F8_01_1_2_Chlorophyll_A_001_phosphate_plate5.tif,1,864.000,864,864
26274,F8_01_1_2_Chlorophyll_A_001_phosphate_plate5.tif,6,858.667,768,944
26275,F8_01_1_2_Chlorophyll_A_001_phosphate_plate5.tif,1,768.000,768,768
26276,F8_01_1_2_Chlorophyll_A_001_phosphate_plate5.tif,1,880.000,880,880
26277,F8_01_1_2_Chlorophyll_A_001_phosphate_plate5.tif,1,816.000,816,816
26278,F8_01_1_2_Chlorophyll_A_001_phosphate_plate5.tif,5,816.000,784,864
26279,F8_01_1_2_Chlorophyll_A_001_phosphate_plate5.tif,9,821.333,784,864
26280,F8_01_1_2_Chlorophyll_A_001_phosphate_plate5.tif,5,812.800,768,896
26281,F8_01_1_2_Chlorophyll_A_001_phosphate_plate5.tif,1,784.000,784,784
26282,F8_01_1_2_Chlorophyll_A_001_phosphate_plate5.tif,1,912.000,912,912
26283,F8_01_1_2_Chlorophyll_A_001_phosphate_plate5.tif,1,912.000,912,912
26284,F8_01_1_2_Chlorophyll_A_001_phosphate_plate5.tif,1,896.000,896,896
26285,F8_01_1_2_Chlorophyll_A_001_phosphate_plate5.tif,2,832.000,800,864
26286,F8_01_1_2_Chlorophyll_A_001_phosphate_plate5.tif,1,768.000,768,768
26287,F8_01_1_2_Chlorophyll_A_001_phosphate_plate5.tif,1,832.000,832,832
26288,F8_01_1_2_Chlorophyll_A_001_phosphate_plate5.tif,1,768.000,768,768
26289,F8_01_1_2_Chlorophyll_A_001_phosphate_plate5.tif,1,768.000,768,768
26290,F8_01_1_2_Chlorophyll_A_001_phosphate_plate5.tif,1,848.000,848,848
26291,F8_01_1_2_Chlorophyll_A_001_phosphate_plate5.tif,1,784.000,784,784
26292,F8_01_1_2_Chlorophyll_A_001_phosphate_plate5.tif,1,816.000,816,816
26293,F8_01_1_2_Chlorophyll_A_001_phosphate_plate5.tif,1,768.000,768,768
26294,F8_01_1_2_Chlorophyll_A_001_phosphate_plate5.tif,1,816.000,816,816
26295,F8_01_1_2_Chlorophyll_A_001_phosphate_plate5.tif,1,912.000,912,912
26296,F8_01_1_2_Chlorophyll_A_001_phosphate_plate5.tif,1,768.000,768,768
26297,F8_01_1_2_Chlorophyll_A_001_phosphate_plate5.tif,148,3645.081,768,26912
26298,F8_01_1_2_Chlorophyll_A_001_phosphate_plate5.tif,4,856.000,800,896
26299,F8_01_1_2_Chlorophyll_A_001_phosphate_plate5.tif,1,864.000,864,864
26300,F8_01_1_2_Chlorophyll_A_001_phosphate_plate5.tif,2,800.000,784,816
26301,F8_01_1_2_Chlorophyll_A_001_phosphate_plate5.tif,3,896.000,832,1008
26302,F8_01_1_2_Chlorophyll_A_001_phosphate_plate5.tif,1,1152.000,1152,1152
26303,F8_01_1_2_Chlorophyll_A_001_phosphate_plate5.tif,32,912.500,768,1104
26304,F8_01_1_2_Chlorophyll_A_001_phosphate_plate5.tif,23,885.565,768,1296
26305,F8_01_1_2_Chlorophyll_A_001_phosphate_plate5.tif,35,897.829,768,1360
26306,F8_01_1_2_Chlorophyll_A_001_phosphate_plate5.tif,17,898.824,784,1136
26307,F8_01_1_2_Chlorophyll_A_001_phosphate_plate5.tif,1,768.000,768,768
26308,F8_01_1_2_Chlorophyll_A_001_phosphate_plate5.tif,4,812.000,768,864
26309,F8_01_1_2_Chlorophyll_A_001_phosphate_plate5.tif,2,960.000,960,960
26310,F8_01_1_2_Chlorophyll_A_001_phosphate_plate5.tif,1,832.000,832,832
26311,F8_01_1_2_Chlorophyll_A_001_phosphate_plate5.tif,1,880.000,880,880
26312,F8_01_1_2_Chlorophyll_A_001_phosphate_plate5.tif,1,1024.000,1024,1024
26313,F8_01_1_2_Chlorophyll_A_001_phosphate_plate5.tif,1,768.000,768,768
26314,F8_01_1_2_Chlorophyll_A_001_phosphate_plate5.tif,1,880.000,880,880
26315,F8_01_1_2_Chlorophyll_A_001_phosphate_plate5.tif,3,816.000,768,864
26316,F8_01_1_2_Chlorophyll_A_001_phosphate_plate5.tif,1,848.000,848,848
26317,F8_01_1_2_Chlorophyll_A_001_phosphate_plate5.tif,1,784.000,784,784
26318,F8_01_1_2_Chlorophyll_A_001_phosphate_plate5.tif,1,832.000,832,832
26319,F8_01_1_2_Chlorophyll_A_001_phosphate_plate5.tif,2,824.000,784,864
26320,F8_01_1_2_Chlorophyll_A_001_phosphate_plate5.tif,1,848.000,848,848
26321,F8_01_1_2_Chlorophyll_A_001_phosphate_plate5.tif,5,803.200,768,848
26322,F8_01_1_2_Chlorophyll_A_001_phosphate_plate5.tif,3,821.333,768,880
26323,F8_01_1_2_Chlorophyll_A_001_phosphate_plate5.tif,1,864.000,864,864
26324,F8_01_1_2_Chlorophyll_A_001_phosphate_plate5.tif,1,800.000,800,800
26325,F8_01_1_2_Chlorophyll_A_001_phosphate_plate5.tif,3,826.667,768,944
26326,F8_01_1_2_Chlorophyll_A_001_phosphate_plate5.tif,1,800.000,800,800
26327,F8_01_1_2_Chlorophyll_A_001_phosphate_plate5.tif,1,816.000,816,816
26328,F8_01_1_2_Chlorophyll_A_001_phosphate_plate5.tif,4,912.000,816,960
26329,F8_01_1_2_Chlorophyll_A_001_phosphate_plate5.tif,1,816.000,816,816
26330,F8_01_1_2_Chlorophyll_A_001_phosphate_plate5.tif,3,821.333,768,896
26331,F8_01_1_2_Chlorophyll_A_001_phosphate_plate5.tif,4,848.000,800,880
26332,F8_01_1_2_Chlorophyll_A_001_phosphate_plate5.tif,1,784.000,784,784
26333,F8_01_1_2_Chlorophyll_A_001_phosphate_plate5.tif,7,861.714,768,960
26334,F8_01_1_2_Chlorophyll_A_001_phosphate_plate5.tif,2,800.000,768,832
26335,F8_01_1_2_Chlorophyll_A_001_phosphate_plate5.tif,4,860.000,816,944
26336,F8_01_1_2_Chlorophyll_A_001_phosphate_plate5.tif,2,856.000,832,880
26337,F8_01_1_2_Chlorophyll_A_001_phosphate_plate5.tif,2,840.000,768,912
26338,F8_01_1_2_Chlorophyll_A_001_phosphate_plate5.tif,1,976.000,976,976
26339,F8_01_1_2_Chlorophyll_A_001_phosphate_plate5.tif,4,872.000,784,960
26340,F8_01_1_2_Chlorophyll_A_001_phosphate_plate5.tif,1,880.000,880,880
26341,F8_01_1_2_Chlorophyll_A_001_phosphate_plate5.tif,2,792.000,768,816
26342,F8_01_1_2_Chlorophyll_A_001_phosphate_plate5.tif,1,768.000,768,768
26343,F8_01_1_2_Chlorophyll_A_001_phosphate_plate5.tif,2,776.000,768,784
26344,F8_01_1_2_Chlorophyll_A_001_phosphate_plate5.tif,1,768.000,768,768
26345,F8_01_1_2_Chlorophyll_A_001_phosphate_plate5.tif,1,816.000,816,816
26346,F8_01_1_2_Chlorophyll_A_001_phosphate_plate5.tif,1,896.000,896,896
26347,F8_01_1_2_Chlorophyll_A_001_phosphate_plate5.tif,2,776.000,768,784
26348,F8_01_1_2_Chlorophyll_A_001_phosphate_plate5.tif,1,848.000,848,848
26349,F8_01_1_2_Chlorophyll_A_001_phosphate_plate5.tif,1,848.000,848,848
26350,F8_01_1_2_Chlorophyll_A_001_phosphate_plate5.tif,1,800.000,800,800
26351,F8_01_1_2_Chlorophyll_A_001_phosphate_plate5.tif,1,768.000,768,768
26352,F8_01_1_2_Chlorophyll_A_001_phosphate_plate5.tif,1,864.000,864,864
26353,F8_01_1_2_Chlorophyll_A_001_phosphate_plate5.tif,18,874.667,768,1072
26354,F8_01_1_2_Chlorophyll_A_001_phosphate_plate5.tif,58,858.207,768,1024
26355,F8_01_1_2_Chlorophyll_A_001_phosphate_plate5.tif,1,832.000,832,832
26356,F8_01_1_2_Chlorophyll_A_001_phosphate_plate5.tif,36,841.778,768,960
26357,F8_01_1_2_Chlorophyll_A_001_phosphate_plate5.tif,54,851.259,768,1024
26358,F8_01_1_2_Chlorophyll_A_001_phosphate_plate5.tif,2,864.000,816,912
26359,F8_01_1_2_Chlorophyll_A_001_phosphate_plate5.tif,1,896.000,896,896
26360,F8_01_1_2_Chlorophyll_A_001_phosphate_plate5.tif,5,896.000,816,1056
26361,F8_01_1_2_Chlorophyll_A_001_phosphate_plate5.tif,3,826.667,784,912
26362,F8_01_1_2_Chlorophyll_A_001_phosphate_plate5.tif,5,803.200,768,832
26363,F8_01_1_2_Chlorophyll_A_001_phosphate_plate5.tif,1,928.000,928,928
26364,F8_01_1_2_Chlorophyll_A_001_phosphate_plate5.tif,2,888.000,800,976
26365,F8_01_1_2_Chlorophyll_A_001_phosphate_plate5.tif,1,848.000,848,848
26366,F8_01_1_2_Chlorophyll_A_001_phosphate_plate5.tif,1,896.000,896,896
26367,F8_01_1_2_Chlorophyll_A_001_phosphate_plate5.tif,1,880.000,880,880
26368,F8_01_1_2_Chlorophyll_A_001_phosphate_plate5.tif,1,864.000,864,864
26369,F8_01_1_2_Chlorophyll_A_001_phosphate_plate5.tif,2,888.000,800,976
26370,F8_01_1_2_Chlorophyll_A_001_phosphate_plate5.tif,1,864.000,864,864
26371,F8_01_1_2_Chlorophyll_A_001_phosphate_plate5.tif,1,768.000,768,768
26372,F8_01_1_2_Chlorophyll_A_001_phosphate_plate5.tif,2,840.000,816,864
26373,F8_01_1_2_Chlorophyll_A_001_phosphate_plate5.tif,2,784.000,768,800
26374,F8_01_1_2_Chlorophyll_A_001_phosphate_plate5.tif,4,780.000,768,800
26375,F8_01_1_2_Chlorophyll_A_001_phosphate_plate5.tif,3,837.333,800,864
26376,F8_01_1_2_Chlorophyll_A_001_phosphate_plate5.tif,1,896.000,896,896
26377,F8_01_1_2_Chlorophyll_A_001_phosphate_plate5.tif,1,912.000,912,912
26378,F8_01_1_2_Chlorophyll_A_001_phosphate_plate5.tif,1,816.000,816,816
26379,F8_01_1_2_Chlorophyll_A_001_phosphate_plate5.tif,1,784.000,784,784
26380,F8_01_1_2_Chlorophyll_A_001_phosphate_plate5.tif,1,768.000,768,768
26381,F8_01_1_2_Chlorophyll_A_001_phosphate_plate5.tif,2,776.000,768,784
26382,F8_01_1_2_Chlorophyll_A_001_phosphate_plate5.tif,5,835.200,768,976
26383,F8_01_1_2_Chlorophyll_A_001_phosphate_plate5.tif,2,776.000,768,784
26384,F8_01_1_2_Chlorophyll_A_001_phosphate_plate5.tif,3,890.667,800,992
26385,F8_01_1_2_Chlorophyll_A_001_phosphate_plate5.tif,2,880.000,800,960
26386,F8_01_1_2_Chlorophyll_A_001_phosphate_plate5.tif,1,928.000,928,928
26387,F8_01_1_2_Chlorophyll_A_001_phosphate_plate5.tif,2,784.000,784,784
26388,F8_01_1_2_Chlorophyll_A_001_phosphate_plate5.tif,3,842.667,768,960
26389,F8_01_1_2_Chlorophyll_A_001_phosphate_plate5.tif,1,816.000,816,816
26390,F8_01_1_2_Chlorophyll_A_001_phosphate_plate5.tif,1,848.000,848,848
26391,F8_01_1_2_Chlorophyll_A_001_phosphate_plate5.tif,1,784.000,784,784
26392,F8_01_1_2_Chlorophyll_A_001_phosphate_plate5.tif,3,821.333,800,848
26393,F8_01_1_2_Chlorophyll_A_001_phosphate_plate5.tif,1,848.000,848,848
26394,F8_01_1_2_Chlorophyll_A_001_phosphate_plate5.tif,1,832.000,832,832
26395,F8_01_1_2_Chlorophyll_A_001_phosphate_plate5.tif,1,800.000,800,800
26396,F8_01_1_2_Chlorophyll_A_001_phosphate_plate5.tif,1,768.000,768,768
26397,F8_01_1_2_Chlorophyll_A_001_phosphate_plate5.tif,1,800.000,800,800
26398,F8_01_1_2_Chlorophyll_A_001_phosphate_plate5.tif,2,808.000,768,848
26399,F8_01_1_2_Chlorophyll_A_001_phosphate_plate5.tif,3,800.000,768,832
26400,F8_01_1_2_Chlorophyll_A_001_phosphate_plate5.tif,1,912.000,912,912
26401,F8_01_1_2_Chlorophyll_A_001_phosphate_plate5.tif,2,816.000,768,864
26402,F8_01_1_2_Chlorophyll_A_001_phosphate_plate5.tif,1,832.000,832,832
26403,F8_01_1_2_Chlorophyll_A_001_phosphate_plate5.tif,2,864.000,784,944
26404,F8_01_1_2_Chlorophyll_A_001_phosphate_plate5.tif,1,880.000,880,880
26405,F8_01_1_2_Chlorophyll_A_001_phosphate_plate5.tif,1,864.000,864,864
26406,F8_01_1_2_Chlorophyll_A_001_phosphate_plate5.tif,1,768.000,768,768
26407,F8_01_1_2_Chlorophyll_A_001_phosphate_plate5.tif,2,792.000,768,816
26408,F8_01_1_2_Chlorophyll_A_001_phosphate_plate5.tif,5,812.800,784,896
26409,F8_01_1_2_Chlorophyll_A_001_phosphate_plate5.tif,1,768.000,768,768
26410,F8_01_1_2_Chlorophyll_A_001_phosphate_plate5.tif,6,826.667,768,960
26411,F8_01_1_2_Chlorophyll_A_001_phosphate_plate5.tif,5,857.600,784,912
26412,F8_01_1_2_Chlorophyll_A_001_phosphate_plate5.tif,2,912.000,896,928
26413,F8_01_1_2_Chlorophyll_A_001_phosphate_plate5.tif,2,840.000,800,880
26414,F8_01_1_2_Chlorophyll_A_001_phosphate_plate5.tif,24,852.667,768,1136
26415,F8_01_1_2_Chlorophyll_A_001_phosphate_plate5.tif,2,856.000,800,912
26416,F8_01_1_2_Chlorophyll_A_001_phosphate_plate5.tif,1,800.000,800,800
26417,F8_01_1_2_Chlorophyll_A_001_phosphate_plate5.tif,4,836.000,768,928
26418,F8_01_1_2_Chlorophyll_A_001_phosphate_plate5.tif,1,928.000,928,928
26419,F8_01_1_2_Chlorophyll_A_001_phosphate_plate5.tif,1,768.000,768,768
26420,F8_01_1_2_Chlorophyll_A_001_phosphate_plate5.tif,2,880.000,832,928
26421,F8_01_1_2_Chlorophyll_A_001_phosphate_plate5.tif,3,837.333,784,912
26422,F8_01_1_2_Chlorophyll_A_001_phosphate_plate5.tif,4,848.000,768,992
26423,F8_01_1_2_Chlorophyll_A_001_phosphate_plate5.tif,1,864.000,864,864
26424,F8_01_1_2_Chlorophyll_A_001_phosphate_plate5.tif,2,800.000,800,800
26425,F8_01_1_2_Chlorophyll_A_001_phosphate_plate5.tif,7,870.857,784,976
26426,F8_01_1_2_Chlorophyll_A_001_phosphate_plate5.tif,3,848.000,800,896
26427,F8_01_1_2_Chlorophyll_A_001_phosphate_plate5.tif,1,784.000,784,784
26428,F8_01_1_2_Chlorophyll_A_001_phosphate_plate5.tif,2,840.000,768,912
26429,F8_01_1_2_Chlorophyll_A_001_phosphate_plate5.tif,2,816.000,768,864
26430,F8_01_1_2_Chlorophyll_A_001_phosphate_plate5.tif,1,800.000,800,800
26431,F8_01_1_2_Chlorophyll_A_001_phosphate_plate5.tif,3,800.000,768,864
26432,F8_01_1_2_Chlorophyll_A_001_phosphate_plate5.tif,1,784.000,784,784
26433,F8_01_1_2_Chlorophyll_A_001_phosphate_plate5.tif,1,768.000,768,768
26434,F8_01_1_2_Chlorophyll_A_001_phosphate_plate5.tif,1,848.000,848,848
26435,F8_01_1_2_Chlorophyll_A_001_phosphate_plate5.tif,1,800.000,800,800
26436,F8_01_1_2_Chlorophyll_A_001_phosphate_plate5.tif,1,800.000,800,800
26437,F8_01_1_2_Chlorophyll_A_001_phosphate_plate5.tif,2,792.000,784,800
26438,F8_01_1_2_Chlorophyll_A_001_phosphate_plate5.tif,1,800.000,800,800
26439,F8_01_1_2_Chlorophyll_A_001_phosphate_plate5.tif,3,800.000,768,816
26440,F8_01_1_2_Chlorophyll_A_001_phosphate_plate5.tif,2,776.000,768,784
26441,F8_01_1_2_Chlorophyll_A_001_phosphate_plate5.tif,2,840.000,784,896
26442,F8_01_1_2_Chlorophyll_A_001_phosphate_plate5.tif,3,826.667,768,880
26443,F8_01_1_2_Chlorophyll_A_001_phosphate_plate5.tif,1,848.000,848,848
26444,F8_01_1_2_Chlorophyll_A_001_phosphate_plate5.tif,2,952.000,800,1104
26445,F8_01_1_2_Chlorophyll_A_001_phosphate_plate5.tif,2,808.000,784,832
26446,F8_01_1_2_Chlorophyll_A_001_phosphate_plate5.tif,2,904.000,896,912
26447,F8_01_1_2_Chlorophyll_A_001_phosphate_plate5.tif,1,912.000,912,912
26448,F8_01_1_2_Chlorophyll_A_001_phosphate_plate5.tif,1,768.000,768,768
26449,F8_01_1_2_Chlorophyll_A_001_phosphate_plate5.tif,5,844.800,768,944
26450,F8_01_1_2_Chlorophyll_A_001_phosphate_plate5.tif,1,832.000,832,832
26451,F8_01_1_2_Chlorophyll_A_001_phosphate_plate5.tif,1,864.000,864,864
26452,F8_01_1_2_Chlorophyll_A_001_phosphate_plate5.tif,1,784.000,784,784
26453,F8_01_1_2_Chlorophyll_A_001_phosphate_plate5.tif,1,816.000,816,816
26454,F8_01_1_2_Chlorophyll_A_001_phosphate_plate5.tif,1,768.000,768,768
26455,F8_01_1_2_Chlorophyll_A_001_phosphate_plate5.tif,1,800.000,800,800
26456,F8_01_1_2_Chlorophyll_A_001_phosphate_plate5.tif,1,768.000,768,768
26457,F8_01_1_2_Chlorophyll_A_001_phosphate_plate5.tif,2,832.000,800,864
26458,F8_01_1_2_Chlorophyll_A_001_phosphate_plate5.tif,1,832.000,832,832
26459,F8_01_1_2_Chlorophyll_A_001_phosphate_plate5.tif,1,800.000,800,800
26460,F8_01_1_2_Chlorophyll_A_001_phosphate_plate5.tif,1,832.000,832,832
26461,F8_01_1_2_Chlorophyll_A_001_phosphate_plate5.tif,38,905.684,768,1136
26462,F8_01_1_2_Chlorophyll_A_001_phosphate_plate5.tif,14,912.000,768,1216
26463,F8_01_1_2_Chlorophyll_A_001_phosphate_plate5.tif,541,1766.240,768,31808
26464,F8_01_1_2_Chlorophyll_A_001_phosphate_plate5.tif,66,885.091,768,1168
26465,F8_01_1_2_Chlorophyll_A_001_phosphate_plate5.tif,2,872.000,864,880
26466,F8_01_1_2_Chlorophyll_A_001_phosphate_plate5.tif,1,864.000,864,864
26467,F8_01_1_2_Chlorophyll_A_001_phosphate_plate5.tif,2,952.000,944,960
26468,F8_01_1_2_Chlorophyll_A_001_phosphate_plate5.tif,1,864.000,864,864
26469,F8_01_1_2_Chlorophyll_A_001_phosphate_plate5.tif,7,889.143,768,1040
26470,F8_01_1_2_Chlorophyll_A_001_phosphate_plate5.tif,1,800.000,800,800
26471,F8_01_1_2_Chlorophyll_A_001_phosphate_plate5.tif,1,800.000,800,800
26472,F8_01_1_2_Chlorophyll_A_001_phosphate_plate5.tif,1,944.000,944,944
26473,F8_01_1_2_Chlorophyll_A_001_phosphate_plate5.tif,1,864.000,864,864
26474,F8_01_1_2_Chlorophyll_A_001_phosphate_plate5.tif,1,864.000,864,864
26475,F8_01_1_2_Chlorophyll_A_001_phosphate_plate5.tif,3,938.667,880,992
26476,F8_01_1_2_Chlorophyll_A_001_phosphate_plate5.tif,1,784.000,784,784
26477,F8_01_1_2_Chlorophyll_A_001_phosphate_plate5.tif,1,944.000,944,944
26478,F8_01_1_2_Chlorophyll_A_001_phosphate_plate5.tif,1,800.000,800,800
26479,F8_01_1_2_Chlorophyll_A_001_phosphate_plate5.tif,1,832.000,832,832
26480,F8_01_1_2_Chlorophyll_A_001_phosphate_plate5.tif,8,820.000,768,928
26481,F8_01_1_2_Chlorophyll_A_001_phosphate_plate5.tif,1,944.000,944,944
26482,F8_01_1_2_Chlorophyll_A_001_phosphate_plate5.tif,1,784.000,784,784
26483,F8_01_1_2_Chlorophyll_A_001_phosphate_plate5.tif,2,776.000,768,784
26484,F8_01_1_2_Chlorophyll_A_001_phosphate_plate5.tif,5,848.000,784,992
26485,F8_01_1_2_Chlorophyll_A_001_phosphate_plate5.tif,1,960.000,960,960
26486,F8_01_1_2_Chlorophyll_A_001_phosphate_plate5.tif,1,784.000,784,784
26487,F8_01_1_2_Chlorophyll_A_001_phosphate_plate5.tif,1,768.000,768,768
26488,F8_01_1_2_Chlorophyll_A_001_phosphate_plate5.tif,1,848.000,848,848
26489,F8_01_1_2_Chlorophyll_A_001_phosphate_plate5.tif,3,896.000,800,960
26490,F8_01_1_2_Chlorophyll_A_001_phosphate_plate5.tif,1,784.000,784,784
26491,F8_01_1_2_Chlorophyll_A_001_phosphate_plate5.tif,2,784.000,768,800
26492,F8_01_1_2_Chlorophyll_A_001_phosphate_plate5.tif,3,794.667,768,816
26493,F8_01_1_2_Chlorophyll_A_001_phosphate_plate5.tif,1,784.000,784,784
26494,F8_01_1_2_Chlorophyll_A_001_phosphate_plate5.tif,2,872.000,768,976
26495,F8_01_1_2_Chlorophyll_A_001_phosphate_plate5.tif,1,784.000,784,784
26496,F8_01_1_2_Chlorophyll_A_001_phosphate_plate5.tif,1,800.000,800,800
26497,F8_01_1_2_Chlorophyll_A_001_phosphate_plate5.tif,1,800.000,800,800
26498,F8_01_1_2_Chlorophyll_A_001_phosphate_plate5.tif,1,768.000,768,768
26499,F8_01_1_2_Chlorophyll_A_001_phosphate_plate5.tif,3,789.333,784,800
26500,F8_01_1_2_Chlorophyll_A_001_phosphate_plate5.tif,2,816.000,784,848
26501,F8_01_1_2_Chlorophyll_A_001_phosphate_plate5.tif,1,944.000,944,944
26502,F8_01_1_2_Chlorophyll_A_001_phosphate_plate5.tif,2,920.000,896,944
26503,F8_01_1_2_Chlorophyll_A_001_phosphate_plate5.tif,1,784.000,784,784
26504,F8_01_1_2_Chlorophyll_A_001_phosphate_plate5.tif,1,944.000,944,944
26505,F8_01_1_2_Chlorophyll_A_001_phosphate_plate5.tif,1,816.000,816,816
26506,F8_01_1_2_Chlorophyll_A_001_phosphate_plate5.tif,1,768.000,768,768
26507,F8_01_1_2_Chlorophyll_A_001_phosphate_plate5.tif,1,896.000,896,896
26508,F8_01_1_2_Chlorophyll_A_001_phosphate_plate5.tif,1,768.000,768,768
26509,F8_01_1_2_Chlorophyll_A_001_phosphate_plate5.tif,1,768.000,768,768
26510,F8_01_1_2_Chlorophyll_A_001_phosphate_plate5.tif,2,888.000,816,960
26511,F8_01_1_2_Chlorophyll_A_001_phosphate_plate5.tif,3,896.000,864,912
26512,F8_01_1_2_Chlorophyll_A_001_phosphate_plate5.tif,1,768.000,768,768
26513,F8_01_1_2_Chlorophyll_A_001_phosphate_plate5.tif,1,848.000,848,848
26514,F8_01_1_2_Chlorophyll_A_001_phosphate_plate5.tif,1,896.000,896,896
26515,F8_01_1_2_Chlorophyll_A_001_phosphate_plate5.tif,1,976.000,976,976
26516,F8_01_1_2_Chlorophyll_A_001_phosphate_plate5.tif,21,971.429,768,1152
26517,F8_01_1_2_Chlorophyll_A_001_phosphate_plate5.tif,43,891.163,768,1120
26518,F8_01_1_2_Chlorophyll_A_001_phosphate_plate5.tif,26,882.462,768,1120
26519,F8_01_1_2_Chlorophyll_A_001_phosphate_plate5.tif,2,792.000,784,800
26520,F8_01_1_2_Chlorophyll_A_001_phosphate_plate5.tif,1,816.000,816,816
26521,F8_01_1_2_Chlorophyll_A_001_phosphate_plate5.tif,1,832.000,832,832
26522,F8_01_1_2_Chlorophyll_A_001_phosphate_plate5.tif,1,784.000,784,784
26523,F8_01_1_2_Chlorophyll_A_001_phosphate_plate5.tif,1,832.000,832,832
26524,F8_01_1_2_Chlorophyll_A_001_phosphate_plate5.tif,2,784.000,768,800
26525,F8_01_1_2_Chlorophyll_A_001_phosphate_plate5.tif,4,844.000,768,1008
26526,F8_01_1_2_Chlorophyll_A_001_phosphate_plate5.tif,1,896.000,896,896
26527,F8_01_1_2_Chlorophyll_A_001_phosphate_plate5.tif,2,832.000,784,880
26528,F8_01_1_2_Chlorophyll_A_001_phosphate_plate5.tif,1,768.000,768,768
26529,F8_01_1_2_Chlorophyll_A_001_phosphate_plate5.tif,2,816.000,768,864
26530,F8_01_1_2_Chlorophyll_A_001_phosphate_plate5.tif,1,832.000,832,832
26531,F8_01_1_2_Chlorophyll_A_001_phosphate_plate5.tif,1,848.000,848,848
26532,F8_01_1_2_Chlorophyll_A_001_phosphate_plate5.tif,1,768.000,768,768
26533,F8_01_1_2_Chlorophyll_A_001_phosphate_plate5.tif,1,784.000,784,784
26534,F8_01_1_2_Chlorophyll_A_001_phosphate_plate5.tif,4,812.000,784,864
26535,F8_01_1_2_Chlorophyll_A_001_phosphate_plate5.tif,1,768.000,768,768
26536,F8_01_1_2_Chlorophyll_A_001_phosphate_plate5.tif,8,872.000,800,960
26537,F8_01_1_2_Chlorophyll_A_001_phosphate_plate5.tif,1,816.000,816,816
26538,F8_01_1_2_Chlorophyll_A_001_phosphate_plate5.tif,1,832.000,832,832
26539,F8_01_1_2_Chlorophyll_A_001_phosphate_plate5.tif,1,816.000,816,816
26540,F8_01_1_2_Chlorophyll_A_001_phosphate_plate5.tif,2,832.000,784,880
26541,F8_01_1_2_Chlorophyll_A_001_phosphate_plate5.tif,4,808.000,768,880
26542,F8_01_1_2_Chlorophyll_A_001_phosphate_plate5.tif,2,776.000,768,784
26543,F8_01_1_2_Chlorophyll_A_001_phosphate_plate5.tif,2,776.000,768,784
26544,F8_01_1_2_Chlorophyll_A_001_phosphate_plate5.tif,2,816.000,800,832
26545,F8_01_1_2_Chlorophyll_A_001_phosphate_plate5.tif,3,826.667,768,896
26546,F8_01_1_2_Chlorophyll_A_001_phosphate_plate5.tif,1,912.000,912,912
26547,F8_01_1_2_Chlorophyll_A_001_phosphate_plate5.tif,1,896.000,896,896
26548,F8_01_1_2_Chlorophyll_A_001_phosphate_plate5.tif,1,800.000,800,800
26549,F8_01_1_2_Chlorophyll_A_001_phosphate_plate5.tif,1,960.000,960,960
26550,F8_01_1_2_Chlorophyll_A_001_phosphate_plate5.tif,1,800.000,800,800
26551,F8_01_1_2_Chlorophyll_A_001_phosphate_plate5.tif,1,784.000,784,784
26552,F8_01_1_2_Chlorophyll_A_001_phosphate_plate5.tif,1,848.000,848,848
26553,F8_01_1_2_Chlorophyll_A_001_phosphate_plate5.tif,1,848.000,848,848
26554,F8_01_1_2_Chlorophyll_A_001_phosphate_plate5.tif,1,768.000,768,768
26555,F8_01_1_2_Chlorophyll_A_001_phosphate_plate5.tif,4,820.000,800,832
26556,F8_01_1_2_Chlorophyll_A_001_phosphate_plate5.tif,2,800.000,768,832
26557,F8_01_1_2_Chlorophyll_A_001_phosphate_plate5.tif,2,784.000,784,784
26558,F8_01_1_2_Chlorophyll_A_001_phosphate_plate5.tif,1,816.000,816,816
26559,F8_01_1_2_Chlorophyll_A_001_phosphate_plate5.tif,1,928.000,928,928
26560,F8_01_1_2_Chlorophyll_A_001_phosphate_plate5.tif,1,864.000,864,864
26561,F8_01_1_2_Chlorophyll_A_001_phosphate_plate5.tif,1,816.000,816,816
26562,F8_01_1_2_Chlorophyll_A_001_phosphate_plate5.tif,1,816.000,816,816
26563,F8_01_1_2_Chlorophyll_A_001_phosphate_plate5.tif,3,821.333,768,848
26564,F8_01_1_2_Chlorophyll_A_001_phosphate_plate5.tif,2,968.000,784,1152
26565,F8_01_1_2_Chlorophyll_A_001_phosphate_plate5.tif,2,792.000,784,800
26566,F8_01_1_2_Chlorophyll_A_001_phosphate_plate5.tif,5,880.000,848,928
26567,F8_01_1_2_Chlorophyll_A_001_phosphate_plate5.tif,28,894.857,784,1136
26568,F8_01_1_2_Chlorophyll_A_001_phosphate_plate5.tif,58,882.207,768,1168
26569,F8_01_1_2_Chlorophyll_A_001_phosphate_plate5.tif,60,859.467,768,1232
26570,F8_01_1_2_Chlorophyll_A_001_phosphate_plate5.tif,1,1008.000,1008,1008
26571,F8_01_1_2_Chlorophyll_A_001_phosphate_plate5.tif,4,824.000,768,880
26572,F8_01_1_2_Chlorophyll_A_001_phosphate_plate5.tif,1,912.000,912,912
26573,F8_01_1_2_Chlorophyll_A_001_phosphate_plate5.tif,1,816.000,816,816
26574,F8_01_1_2_Chlorophyll_A_001_phosphate_plate5.tif,6,834.667,768,944
26575,F8_01_1_2_Chlorophyll_A_001_phosphate_plate5.tif,2,808.000,800,816
26576,F8_01_1_2_Chlorophyll_A_001_phosphate_plate5.tif,2,824.000,784,864
26577,F8_01_1_2_Chlorophyll_A_001_phosphate_plate5.tif,4,844.000,800,944
26578,F8_01_1_2_Chlorophyll_A_001_phosphate_plate5.tif,1,816.000,816,816
26579,F8_01_1_2_Chlorophyll_A_001_phosphate_plate5.tif,1,768.000,768,768
26580,F8_01_1_2_Chlorophyll_A_001_phosphate_plate5.tif,1,768.000,768,768
26581,F8_01_1_2_Chlorophyll_A_001_phosphate_plate5.tif,1,880.000,880,880
26582,F8_01_1_2_Chlorophyll_A_001_phosphate_plate5.tif,3,800.000,784,816
26583,F8_01_1_2_Chlorophyll_A_001_phosphate_plate5.tif,1,1024.000,1024,1024
26584,F8_01_1_2_Chlorophyll_A_001_phosphate_plate5.tif,1,896.000,896,896
26585,F8_01_1_2_Chlorophyll_A_001_phosphate_plate5.tif,2,872.000,768,976
26586,F8_01_1_2_Chlorophyll_A_001_phosphate_plate5.tif,1,832.000,832,832
26587,F8_01_1_2_Chlorophyll_A_001_phosphate_plate5.tif,1,784.000,784,784
26588,F8_01_1_2_Chlorophyll_A_001_phosphate_plate5.tif,1,928.000,928,928
26589,F8_01_1_2_Chlorophyll_A_001_phosphate_plate5.tif,3,869.333,784,976
26590,F8_01_1_2_Chlorophyll_A_001_phosphate_plate5.tif,2,904.000,784,1024
26591,F8_01_1_2_Chlorophyll_A_001_phosphate_plate5.tif,1,864.000,864,864
26592,F8_01_1_2_Chlorophyll_A_001_phosphate_plate5.tif,2,904.000,864,944
26593,F8_01_1_2_Chlorophyll_A_001_phosphate_plate5.tif,5,803.200,768,848
26594,F8_01_1_2_Chlorophyll_A_001_phosphate_plate5.tif,5,796.800,768,832
26595,F8_01_1_2_Chlorophyll_A_001_phosphate_plate5.tif,1,784.000,784,784
26596,F8_01_1_2_Chlorophyll_A_001_phosphate_plate5.tif,2,768.000,768,768
26597,F8_01_1_2_Chlorophyll_A_001_phosphate_plate5.tif,2,832.000,800,864
26598,F8_01_1_2_Chlorophyll_A_001_phosphate_plate5.tif,1,832.000,832,832
26599,F8_01_1_2_Chlorophyll_A_001_phosphate_plate5.tif,1,816.000,816,816
26600,F8_01_1_2_Chlorophyll_A_001_phosphate_plate5.tif,2,816.000,816,816
26601,F8_01_1_2_Chlorophyll_A_001_phosphate_plate5.tif,1,816.000,816,816
26602,F8_01_1_2_Chlorophyll_A_001_phosphate_plate5.tif,1,832.000,832,832
26603,F8_01_1_2_Chlorophyll_A_001_phosphate_plate5.tif,3,821.333,800,864
26604,F8_01_1_2_Chlorophyll_A_001_phosphate_plate5.tif,1,832.000,832,832
26605,F8_01_1_2_Chlorophyll_A_001_phosphate_plate5.tif,2,800.000,768,832
26606,F8_01_1_2_Chlorophyll_A_001_phosphate_plate5.tif,1,816.000,816,816
26607,F8_01_1_2_Chlorophyll_A_001_phosphate_plate5.tif,1,880.000,880,880
26608,F8_01_1_2_Chlorophyll_A_001_phosphate_plate5.tif,1,784.000,784,784
26609,F8_01_1_2_Chlorophyll_A_001_phosphate_plate5.tif,1,768.000,768,768
26610,F8_01_1_2_Chlorophyll_A_001_phosphate_plate5.tif,1,880.000,880,880
26611,F8_01_1_2_Chlorophyll_A_001_phosphate_plate5.tif,1,784.000,784,784
26612,F8_01_1_2_Chlorophyll_A_001_phosphate_plate5.tif,2,776.000,768,784
26613,F8_01_1_2_Chlorophyll_A_001_phosphate_plate5.tif,2,824.000,784,864
26614,F8_01_1_2_Chlorophyll_A_001_phosphate_plate5.tif,1,800.000,800,800
26615,F8_01_1_2_Chlorophyll_A_001_phosphate_plate5.tif,1,768.000,768,768
26616,F8_01_1_2_Chlorophyll_A_001_phosphate_plate5.tif,1,880.000,880,880
26617,F8_01_1_2_Chlorophyll_A_001_phosphate_plate5.tif,1,880.000,880,880
26618,F8_01_1_2_Chlorophyll_A_001_phosphate_plate5.tif,4,836.000,784,912
26619,F8_01_1_2_Chlorophyll_A_001_phosphate_plate5.tif,1,800.000,800,800
26620,F8_01_1_2_Chlorophyll_A_001_phosphate_plate5.tif,1,880.000,880,880
26621,F8_01_1_2_Chlorophyll_A_001_phosphate_plate5.tif,3,922.667,768,1104
26622,F8_01_1_2_Chlorophyll_A_001_phosphate_plate5.tif,156,914.974,768,1264
26623,F8_01_1_2_Chlorophyll_A_001_phosphate_plate5.tif,9,931.556,800,1072
26624,F8_01_1_2_Chlorophyll_A_001_phosphate_plate5.tif,59,923.119,768,1216
26625,F8_01_1_2_Chlorophyll_A_001_phosphate_plate5.tif,90,945.778,784,1216
26626,F8_01_1_2_Chlorophyll_A_001_phosphate_plate5.tif,58,893.241,784,1184
26627,F8_01_1_2_Chlorophyll_A_001_phosphate_plate5.tif,67,874.746,768,1136
26628,F8_01_1_2_Chlorophyll_A_001_phosphate_plate5.tif,56,888.000,768,1136
26629,F8_01_1_2_Chlorophyll_A_001_phosphate_plate5.tif,1,768.000,768,768
26630,F8_01_1_2_Chlorophyll_A_001_phosphate_plate5.tif,1,1040.000,1040,1040
26631,F8_01_1_2_Chlorophyll_A_001_phosphate_plate5.tif,2,824.000,800,848
26632,F8_01_1_2_Chlorophyll_A_001_phosphate_plate5.tif,5,828.800,768,928
26633,F8_01_1_2_Chlorophyll_A_001_phosphate_plate5.tif,1,768.000,768,768
26634,F8_01_1_2_Chlorophyll_A_001_phosphate_plate5.tif,6,874.667,800,960
26635,F8_01_1_2_Chlorophyll_A_001_phosphate_plate5.tif,2,800.000,784,816
26636,F8_01_1_2_Chlorophyll_A_001_phosphate_plate5.tif,10,843.200,768,944
26637,F8_01_1_2_Chlorophyll_A_001_phosphate_plate5.tif,8,802.000,768,848
26638,F8_01_1_2_Chlorophyll_A_001_phosphate_plate5.tif,3,880.000,784,976
26639,F8_01_1_2_Chlorophyll_A_001_phosphate_plate5.tif,1,768.000,768,768
26640,F8_01_1_2_Chlorophyll_A_001_phosphate_plate5.tif,14,821.714,768,928
26641,F8_01_1_2_Chlorophyll_A_001_phosphate_plate5.tif,1,848.000,848,848
26642,F8_01_1_2_Chlorophyll_A_001_phosphate_plate5.tif,1,784.000,784,784
26643,F8_01_1_2_Chlorophyll_A_001_phosphate_plate5.tif,1,816.000,816,816
26644,F8_01_1_2_Chlorophyll_A_001_phosphate_plate5.tif,1,768.000,768,768
26645,F8_01_1_2_Chlorophyll_A_001_phosphate_plate5.tif,3,858.667,832,896
26646,F8_01_1_2_Chlorophyll_A_001_phosphate_plate5.tif,3,848.000,800,928
26647,F8_01_1_2_Chlorophyll_A_001_phosphate_plate5.tif,2,904.000,800,1008
26648,F8_01_1_2_Chlorophyll_A_001_phosphate_plate5.tif,1,832.000,832,832
26649,F8_01_1_2_Chlorophyll_A_001_phosphate_plate5.tif,1,880.000,880,880
26650,F8_01_1_2_Chlorophyll_A_001_phosphate_plate5.tif,1,912.000,912,912
26651,F8_01_1_2_Chlorophyll_A_001_phosphate_plate5.tif,1,832.000,832,832
26652,F8_01_1_2_Chlorophyll_A_001_phosphate_plate5.tif,2,784.000,768,800
26653,F8_01_1_2_Chlorophyll_A_001_phosphate_plate5.tif,1,864.000,864,864
26654,F8_01_1_2_Chlorophyll_A_001_phosphate_plate5.tif,1,848.000,848,848
26655,F8_01_1_2_Chlorophyll_A_001_phosphate_plate5.tif,1,816.000,816,816
26656,F8_01_1_2_Chlorophyll_A_001_phosphate_plate5.tif,2,824.000,816,832
26657,F8_01_1_2_Chlorophyll_A_001_phosphate_plate5.tif,3,842.667,768,928
26658,F8_01_1_2_Chlorophyll_A_001_phosphate_plate5.tif,2,832.000,768,896
26659,F8_01_1_2_Chlorophyll_A_001_phosphate_plate5.tif,1,1104.000,1104,1104
26660,F8_01_1_2_Chlorophyll_A_001_phosphate_plate5.tif,1,848.000,848,848
26661,F8_01_1_2_Chlorophyll_A_001_phosphate_plate5.tif,1,784.000,784,784
26662,F8_01_1_2_Chlorophyll_A_001_phosphate_plate5.tif,3,848.000,768,960
26663,F8_01_1_2_Chlorophyll_A_001_phosphate_plate5.tif,2,848.000,816,880
26664,F8_01_1_2_Chlorophyll_A_001_phosphate_plate5.tif,1,832.000,832,832
26665,F8_01_1_2_Chlorophyll_A_001_phosphate_plate5.tif,1,832.000,832,832
26666,F8_01_1_2_Chlorophyll_A_001_phosphate_plate5.tif,1,784.000,784,784
26667,F8_01_1_2_Chlorophyll_A_001_phosphate_plate5.tif,2,808.000,800,816
26668,F8_01_1_2_Chlorophyll_A_001_phosphate_plate5.tif,1,768.000,768,768
26669,F8_01_1_2_Chlorophyll_A_001_phosphate_plate5.tif,1,768.000,768,768
26670,F8_01_1_2_Chlorophyll_A_001_phosphate_plate5.tif,1,848.000,848,848
26671,F8_01_1_2_Chlorophyll_A_001_phosphate_plate5.tif,1,832.000,832,832
26672,F8_01_1_2_Chlorophyll_A_001_phosphate_plate5.tif,1,784.000,784,784
26673,F8_01_1_2_Chlorophyll_A_001_phosphate_plate5.tif,1,880.000,880,880
26674,F8_01_1_2_Chlorophyll_A_001_phosphate_plate5.tif,1,800.000,800,800
26675,F8_01_1_2_Chlorophyll_A_001_phosphate_plate5.tif,1,800.000,800,800
26676,F8_01_1_2_Chlorophyll_A_001_phosphate_plate5.tif,1,896.000,896,896
26677,F8_01_1_2_Chlorophyll_A_001_phosphate_plate5.tif,33,961.455,768,1312
26678,F8_01_1_2_Chlorophyll_A_001_phosphate_plate5.tif,10,958.400,768,1104
26679,F8_01_1_2_Chlorophyll_A_001_phosphate_plate5.tif,15,977.067,784,1280
26680,F8_01_1_2_Chlorophyll_A_001_phosphate_plate5.tif,57,936.982,768,1200
26681,F8_01_1_2_Chlorophyll_A_001_phosphate_plate5.tif,19,858.105,768,1008
26682,F8_01_1_2_Chlorophyll_A_001_phosphate_plate5.tif,65,856.615,768,1168
26683,F8_01_1_2_Chlorophyll_A_001_phosphate_plate5.tif,1,864.000,864,864
26684,F8_01_1_2_Chlorophyll_A_001_phosphate_plate5.tif,1,848.000,848,848
26685,F8_01_1_2_Chlorophyll_A_001_phosphate_plate5.tif,5,844.800,784,928
26686,F8_01_1_2_Chlorophyll_A_001_phosphate_plate5.tif,1,800.000,800,800
26687,F8_01_1_2_Chlorophyll_A_001_phosphate_plate5.tif,2,904.000,864,944
26688,F8_01_1_2_Chlorophyll_A_001_phosphate_plate5.tif,1,896.000,896,896
26689,F8_01_1_2_Chlorophyll_A_001_phosphate_plate5.tif,2,864.000,784,944
26690,F8_01_1_2_Chlorophyll_A_001_phosphate_plate5.tif,6,874.667,768,1136
26691,F8_01_1_2_Chlorophyll_A_001_phosphate_plate5.tif,1,800.000,800,800
26692,F8_01_1_2_Chlorophyll_A_001_phosphate_plate5.tif,1,768.000,768,768
26693,F8_01_1_2_Chlorophyll_A_001_phosphate_plate5.tif,2,792.000,784,800
26694,F8_01_1_2_Chlorophyll_A_001_phosphate_plate5.tif,1,928.000,928,928
26695,F8_01_1_2_Chlorophyll_A_001_phosphate_plate5.tif,1,864.000,864,864
26696,F8_01_1_2_Chlorophyll_A_001_phosphate_plate5.tif,1,896.000,896,896
26697,F8_01_1_2_Chlorophyll_A_001_phosphate_plate5.tif,4,812.000,768,880
26698,F8_01_1_2_Chlorophyll_A_001_phosphate_plate5.tif,6,834.667,784,1008
26699,F8_01_1_2_Chlorophyll_A_001_phosphate_plate5.tif,5,848.000,768,944
26700,F8_01_1_2_Chlorophyll_A_001_phosphate_plate5.tif,1,992.000,992,992
26701,F8_01_1_2_Chlorophyll_A_001_phosphate_plate5.tif,1,960.000,960,960
26702,F8_01_1_2_Chlorophyll_A_001_phosphate_plate5.tif,1,816.000,816,816
26703,F8_01_1_2_Chlorophyll_A_001_phosphate_plate5.tif,1,880.000,880,880
26704,F8_01_1_2_Chlorophyll_A_001_phosphate_plate5.tif,3,805.333,784,832
26705,F8_01_1_2_Chlorophyll_A_001_phosphate_plate5.tif,2,824.000,768,880
26706,F8_01_1_2_Chlorophyll_A_001_phosphate_plate5.tif,1,880.000,880,880
26707,F8_01_1_2_Chlorophyll_A_001_phosphate_plate5.tif,1,816.000,816,816
26708,F8_01_1_2_Chlorophyll_A_001_phosphate_plate5.tif,1,880.000,880,880
26709,F8_01_1_2_Chlorophyll_A_001_phosphate_plate5.tif,1,816.000,816,816
26710,F8_01_1_2_Chlorophyll_A_001_phosphate_plate5.tif,4,832.000,800,912
26711,F8_01_1_2_Chlorophyll_A_001_phosphate_plate5.tif,4,848.000,784,944
26712,F8_01_1_2_Chlorophyll_A_001_phosphate_plate5.tif,2,984.000,912,1056
26713,F8_01_1_2_Chlorophyll_A_001_phosphate_plate5.tif,4,848.000,784,992
26714,F8_01_1_2_Chlorophyll_A_001_phosphate_plate5.tif,4,848.000,768,928
26715,F8_01_1_2_Chlorophyll_A_001_phosphate_plate5.tif,1,768.000,768,768
26716,F8_01_1_2_Chlorophyll_A_001_phosphate_plate5.tif,1,784.000,784,784
26717,F8_01_1_2_Chlorophyll_A_001_phosphate_plate5.tif,3,853.333,768,928
26718,F8_01_1_2_Chlorophyll_A_001_phosphate_plate5.tif,3,869.333,800,976
26719,F8_01_1_2_Chlorophyll_A_001_phosphate_plate5.tif,1,768.000,768,768
26720,F8_01_1_2_Chlorophyll_A_001_phosphate_plate5.tif,1,816.000,816,816
26721,F8_01_1_2_Chlorophyll_A_001_phosphate_plate5.tif,2,888.000,800,976
26722,F8_01_1_2_Chlorophyll_A_001_phosphate_plate5.tif,1,800.000,800,800
26723,F8_01_1_2_Chlorophyll_A_001_phosphate_plate5.tif,1,848.000,848,848
26724,F8_01_1_2_Chlorophyll_A_001_phosphate_plate5.tif,1,768.000,768,768
26725,F8_01_1_2_Chlorophyll_A_001_phosphate_plate5.tif,1,768.000,768,768
26726,F8_01_1_2_Chlorophyll_A_001_phosphate_plate5.tif,1,768.000,768,768
26727,F8_01_1_2_Chlorophyll_A_001_phosphate_plate5.tif,1,880.000,880,880
26728,F8_01_1_2_Chlorophyll_A_001_phosphate_plate5.tif,1,784.000,784,784
26729,F8_01_1_2_Chlorophyll_A_001_phosphate_plate5.tif,3,858.667,768,944
26730,F8_01_1_2_Chlorophyll_A_001_phosphate_plate5.tif,2,864.000,864,864
26731,F8_01_1_2_Chlorophyll_A_001_phosphate_plate5.tif,1,832.000,832,832
26732,F8_01_1_2_Chlorophyll_A_001_phosphate_plate5.tif,3,805.333,768,880
26733,F8_01_1_2_Chlorophyll_A_001_phosphate_plate5.tif,1,784.000,784,784
26734,F8_01_1_2_Chlorophyll_A_001_phosphate_plate5.tif,1,768.000,768,768
26735,F8_01_1_2_Chlorophyll_A_001_phosphate_plate5.tif,2,768.000,768,768
26736,F8_01_1_2_Chlorophyll_A_001_phosphate_plate5.tif,1,784.000,784,784
26737,F8_01_1_2_Chlorophyll_A_001_phosphate_plate5.tif,10,817.600,768,992
26738,F8_01_1_2_Chlorophyll_A_001_phosphate_plate5.tif,1,784.000,784,784
26739,F8_01_1_2_Chlorophyll_A_001_phosphate_plate5.tif,81,877.827,768,1344
26740,F8_01_1_2_Chlorophyll_A_001_phosphate_plate5.tif,14,928.000,768,1072
26741,F8_01_1_2_Chlorophyll_A_001_phosphate_plate5.tif,363,2135.978,768,24656
26742,F8_01_1_2_Chlorophyll_A_001_phosphate_plate5.tif,27,866.370,768,1120
26743,F8_01_1_2_Chlorophyll_A_001_phosphate_plate5.tif,1,848.000,848,848
26744,F8_01_1_2_Chlorophyll_A_001_phosphate_plate5.tif,4,824.000,800,864
26745,F8_01_1_2_Chlorophyll_A_001_phosphate_plate5.tif,2,832.000,800,864
26746,F8_01_1_2_Chlorophyll_A_001_phosphate_plate5.tif,3,832.000,800,848
26747,F8_01_1_2_Chlorophyll_A_001_phosphate_plate5.tif,1,800.000,800,800
26748,F8_01_1_2_Chlorophyll_A_001_phosphate_plate5.tif,10,832.000,768,944
26749,F8_01_1_2_Chlorophyll_A_001_phosphate_plate5.tif,5,796.800,768,816
26750,F8_01_1_2_Chlorophyll_A_001_phosphate_plate5.tif,1,864.000,864,864
26751,F8_01_1_2_Chlorophyll_A_001_phosphate_plate5.tif,1,768.000,768,768
26752,F8_01_1_2_Chlorophyll_A_001_phosphate_plate5.tif,1,848.000,848,848
26753,F8_01_1_2_Chlorophyll_A_001_phosphate_plate5.tif,6,845.333,768,960
26754,F8_01_1_2_Chlorophyll_A_001_phosphate_plate5.tif,2,832.000,800,864
26755,F8_01_1_2_Chlorophyll_A_001_phosphate_plate5.tif,1,784.000,784,784
26756,F8_01_1_2_Chlorophyll_A_001_phosphate_plate5.tif,2,792.000,784,800
26757,F8_01_1_2_Chlorophyll_A_001_phosphate_plate5.tif,2,848.000,816,880
26758,F8_01_1_2_Chlorophyll_A_001_phosphate_plate5.tif,7,834.286,768,928
26759,F8_01_1_2_Chlorophyll_A_001_phosphate_plate5.tif,17,861.176,768,1056
26760,F8_01_1_2_Chlorophyll_A_001_phosphate_plate5.tif,1,944.000,944,944
26761,F8_01_1_2_Chlorophyll_A_001_phosphate_plate5.tif,1,768.000,768,768
26762,F8_01_1_2_Chlorophyll_A_001_phosphate_plate5.tif,1,768.000,768,768
26763,F8_01_1_2_Chlorophyll_A_001_phosphate_plate5.tif,1,864.000,864,864
26764,F8_01_1_2_Chlorophyll_A_001_phosphate_plate5.tif,1,784.000,784,784
26765,F8_01_1_2_Chlorophyll_A_001_phosphate_plate5.tif,2,888.000,880,896
26766,F8_01_1_2_Chlorophyll_A_001_phosphate_plate5.tif,1,848.000,848,848
26767,F8_01_1_2_Chlorophyll_A_001_phosphate_plate5.tif,5,819.200,768,880
26768,F8_01_1_2_Chlorophyll_A_001_phosphate_plate5.tif,2,784.000,768,800
26769,F8_01_1_2_Chlorophyll_A_001_phosphate_plate5.tif,1,784.000,784,784
26770,F8_01_1_2_Chlorophyll_A_001_phosphate_plate5.tif,4,844.000,768,960
26771,F8_01_1_2_Chlorophyll_A_001_phosphate_plate5.tif,3,896.000,864,944
26772,F8_01_1_2_Chlorophyll_A_001_phosphate_plate5.tif,1,800.000,800,800
26773,F8_01_1_2_Chlorophyll_A_001_phosphate_plate5.tif,2,824.000,768,880
26774,F8_01_1_2_Chlorophyll_A_001_phosphate_plate5.tif,2,776.000,768,784
26775,F8_01_1_2_Chlorophyll_A_001_phosphate_plate5.tif,4,784.000,768,832
26776,F8_01_1_2_Chlorophyll_A_001_phosphate_plate5.tif,1,800.000,800,800
26777,F8_01_1_2_Chlorophyll_A_001_phosphate_plate5.tif,2,792.000,784,800
26778,F8_01_1_2_Chlorophyll_A_001_phosphate_plate5.tif,2,808.000,800,816
26779,F8_01_1_2_Chlorophyll_A_001_phosphate_plate5.tif,1,800.000,800,800
26780,F8_01_1_2_Chlorophyll_A_001_phosphate_plate5.tif,1,800.000,800,800
26781,F8_01_1_2_Chlorophyll_A_001_phosphate_plate5.tif,2,808.000,800,816
26782,F8_01_1_2_Chlorophyll_A_001_phosphate_plate5.tif,1,784.000,784,784
26783,F8_01_1_2_Chlorophyll_A_001_phosphate_plate5.tif,1,880.000,880,880
26784,F8_01_1_2_Chlorophyll_A_001_phosphate_plate5.tif,1,768.000,768,768
26785,F8_01_1_2_Chlorophyll_A_001_phosphate_plate5.tif,2,808.000,768,848
26786,F8_01_1_2_Chlorophyll_A_001_phosphate_plate5.tif,3,837.333,816,848
26787,F8_01_1_2_Chlorophyll_A_001_phosphate_plate5.tif,26,939.077,768,1152
26788,F8_01_1_2_Chlorophyll_A_001_phosphate_plate5.tif,18,890.667,768,1120
26789,F8_01_1_2_Chlorophyll_A_001_phosphate_plate5.tif,28,855.429,784,1056
26790,F8_01_1_2_Chlorophyll_A_001_phosphate_plate5.tif,10,867.200,784,1040
26791,F8_01_1_2_Chlorophyll_A_001_phosphate_plate5.tif,1,896.000,896,896
26792,F8_01_1_2_Chlorophyll_A_001_phosphate_plate5.tif,2,776.000,768,784
26793,F8_01_1_2_Chlorophyll_A_001_phosphate_plate5.tif,1,768.000,768,768
26794,F8_01_1_2_Chlorophyll_A_001_phosphate_plate5.tif,2,840.000,816,864
26795,F8_01_1_2_Chlorophyll_A_001_phosphate_plate5.tif,1,784.000,784,784
26796,F8_01_1_2_Chlorophyll_A_001_phosphate_plate5.tif,1,912.000,912,912
26797,F8_01_1_2_Chlorophyll_A_001_phosphate_plate5.tif,3,810.667,784,832
26798,F8_01_1_2_Chlorophyll_A_001_phosphate_plate5.tif,1,832.000,832,832
26799,F8_01_1_2_Chlorophyll_A_001_phosphate_plate5.tif,2,800.000,784,816
26800,F8_01_1_2_Chlorophyll_A_001_phosphate_plate5.tif,2,784.000,768,800
26801,F8_01_1_2_Chlorophyll_A_001_phosphate_plate5.tif,3,880.000,768,1008
26802,F8_01_1_2_Chlorophyll_A_001_phosphate_plate5.tif,7,779.429,768,816
26803,F8_01_1_2_Chlorophyll_A_001_phosphate_plate5.tif,5,864.000,768,1008
26804,F8_01_1_2_Chlorophyll_A_001_phosphate_plate5.tif,1,816.000,816,816
26805,F8_01_1_2_Chlorophyll_A_001_phosphate_plate5.tif,3,805.333,784,832
26806,F8_01_1_2_Chlorophyll_A_001_phosphate_plate5.tif,5,812.800,768,896
26807,F8_01_1_2_Chlorophyll_A_001_phosphate_plate5.tif,2,816.000,784,848
26808,F8_01_1_2_Chlorophyll_A_001_phosphate_plate5.tif,1,800.000,800,800
26809,F8_01_1_2_Chlorophyll_A_001_phosphate_plate5.tif,1,800.000,800,800
26810,F8_01_1_2_Chlorophyll_A_001_phosphate_plate5.tif,5,812.800,784,880
26811,F8_01_1_2_Chlorophyll_A_001_phosphate_plate5.tif,3,773.333,768,784
26812,F8_01_1_2_Chlorophyll_A_001_phosphate_plate5.tif,1,976.000,976,976
26813,F8_01_1_2_Chlorophyll_A_001_phosphate_plate5.tif,3,928.000,864,960
26814,F8_01_1_2_Chlorophyll_A_001_phosphate_plate5.tif,5,838.400,784,928
26815,F8_01_1_2_Chlorophyll_A_001_phosphate_plate5.tif,1,784.000,784,784
26816,F8_01_1_2_Chlorophyll_A_001_phosphate_plate5.tif,2,784.000,784,784
26817,F8_01_1_2_Chlorophyll_A_001_phosphate_plate5.tif,1,928.000,928,928
26818,F8_01_1_2_Chlorophyll_A_001_phosphate_plate5.tif,6,882.667,784,1024
26819,F8_01_1_2_Chlorophyll_A_001_phosphate_plate5.tif,1,784.000,784,784
26820,F8_01_1_2_Chlorophyll_A_001_phosphate_plate5.tif,1,880.000,880,880
26821,F8_01_1_2_Chlorophyll_A_001_phosphate_plate5.tif,2,816.000,784,848
26822,F8_01_1_2_Chlorophyll_A_001_phosphate_plate5.tif,1,880.000,880,880
26823,F8_01_1_2_Chlorophyll_A_001_phosphate_plate5.tif,4,816.000,768,896
26824,F8_01_1_2_Chlorophyll_A_001_phosphate_plate5.tif,1,768.000,768,768
26825,F8_01_1_2_Chlorophyll_A_001_phosphate_plate5.tif,1,768.000,768,768
26826,F8_01_1_2_Chlorophyll_A_001_phosphate_plate5.tif,1,816.000,816,816
26827,F8_01_1_2_Chlorophyll_A_001_phosphate_plate5.tif,1,896.000,896,896
26828,F8_01_1_2_Chlorophyll_A_001_phosphate_plate5.tif,1,832.000,832,832
26829,F8_01_1_2_Chlorophyll_A_001_phosphate_plate5.tif,3,853.333,768,1008
26830,F8_01_1_2_Chlorophyll_A_001_phosphate_plate5.tif,1,832.000,832,832
26831,F8_01_1_2_Chlorophyll_A_001_phosphate_plate5.tif,2,784.000,768,800
26832,F8_01_1_2_Chlorophyll_A_001_phosphate_plate5.tif,2,792.000,784,800
26833,F8_01_1_2_Chlorophyll_A_001_phosphate_plate5.tif,1,800.000,800,800
26834,F8_01_1_2_Chlorophyll_A_001_phosphate_plate5.tif,1,784.000,784,784
26835,F8_01_1_2_Chlorophyll_A_001_phosphate_plate5.tif,1,800.000,800,800
26836,F8_01_1_2_Chlorophyll_A_001_phosphate_plate5.tif,1,896.000,896,896
26837,F8_01_1_2_Chlorophyll_A_001_phosphate_plate5.tif,1,800.000,800,800
26838,F8_01_1_2_Chlorophyll_A_001_phosphate_plate5.tif,1,800.000,800,800
26839,F8_01_1_2_Chlorophyll_A_001_phosphate_plate5.tif,3,869.333,784,960
26840,F8_01_1_2_Chlorophyll_A_001_phosphate_plate5.tif,1,880.000,880,880
26841,F8_01_1_2_Chlorophyll_A_001_phosphate_plate5.tif,1,784.000,784,784
26842,F8_01_1_2_Chlorophyll_A_001_phosphate_plate5.tif,1,784.000,784,784
26843,F8_01_1_2_Chlorophyll_A_001_phosphate_plate5.tif,1,864.000,864,864
26844,F8_01_1_2_Chlorophyll_A_001_phosphate_plate5.tif,2,880.000,800,960
26845,F8_01_1_2_Chlorophyll_A_001_phosphate_plate5.tif,2,808.000,784,832
26846,F8_01_1_2_Chlorophyll_A_001_phosphate_plate5.tif,21,928.000,784,1152
26847,F8_01_1_2_Chlorophyll_A_001_phosphate_plate5.tif,67,917.254,768,1216
26848,F8_01_1_2_Chlorophyll_A_001_phosphate_plate5.tif,92,901.043,768,1200
26849,F8_01_1_2_Chlorophyll_A_001_phosphate_plate5.tif,6,834.667,784,896
26850,F8_01_1_2_Chlorophyll_A_001_phosphate_plate5.tif,1,768.000,768,768
26851,F8_01_1_2_Chlorophyll_A_001_phosphate_plate5.tif,1,800.000,800,800
26852,F8_01_1_2_Chlorophyll_A_001_phosphate_plate5.tif,2,840.000,816,864
26853,F8_01_1_2_Chlorophyll_A_001_phosphate_plate5.tif,1,832.000,832,832
26854,F8_01_1_2_Chlorophyll_A_001_phosphate_plate5.tif,2,816.000,768,864
26855,F8_01_1_2_Chlorophyll_A_001_phosphate_plate5.tif,1,912.000,912,912
26856,F8_01_1_2_Chlorophyll_A_001_phosphate_plate5.tif,1,784.000,784,784
26857,F8_01_1_2_Chlorophyll_A_001_phosphate_plate5.tif,1,880.000,880,880
26858,F8_01_1_2_Chlorophyll_A_001_phosphate_plate5.tif,1,864.000,864,864
26859,F8_01_1_2_Chlorophyll_A_001_phosphate_plate5.tif,3,869.333,832,896
26860,F8_01_1_2_Chlorophyll_A_001_phosphate_plate5.tif,3,864.000,816,896
26861,F8_01_1_2_Chlorophyll_A_001_phosphate_plate5.tif,1,864.000,864,864
26862,F8_01_1_2_Chlorophyll_A_001_phosphate_plate5.tif,7,854.857,800,944
26863,F8_01_1_2_Chlorophyll_A_001_phosphate_plate5.tif,1,928.000,928,928
26864,F8_01_1_2_Chlorophyll_A_001_phosphate_plate5.tif,4,800.000,768,816
26865,F8_01_1_2_Chlorophyll_A_001_phosphate_plate5.tif,7,825.143,768,896
26866,F8_01_1_2_Chlorophyll_A_001_phosphate_plate5.tif,1,784.000,784,784
26867,F8_01_1_2_Chlorophyll_A_001_phosphate_plate5.tif,1,768.000,768,768
26868,F8_01_1_2_Chlorophyll_A_001_phosphate_plate5.tif,2,872.000,864,880
26869,F8_01_1_2_Chlorophyll_A_001_phosphate_plate5.tif,1,928.000,928,928
26870,F8_01_1_2_Chlorophyll_A_001_phosphate_plate5.tif,2,800.000,784,816
26871,F8_01_1_2_Chlorophyll_A_001_phosphate_plate5.tif,1,896.000,896,896
26872,F8_01_1_2_Chlorophyll_A_001_phosphate_plate5.tif,2,872.000,816,928
26873,F8_01_1_2_Chlorophyll_A_001_phosphate_plate5.tif,3,800.000,784,816
26874,F8_01_1_2_Chlorophyll_A_001_phosphate_plate5.tif,1,784.000,784,784
26875,F8_01_1_2_Chlorophyll_A_001_phosphate_plate5.tif,1,768.000,768,768
26876,F8_01_1_2_Chlorophyll_A_001_phosphate_plate5.tif,1,816.000,816,816
26877,F8_01_1_2_Chlorophyll_A_001_phosphate_plate5.tif,1,912.000,912,912
26878,F8_01_1_2_Chlorophyll_A_001_phosphate_plate5.tif,1,784.000,784,784
26879,F8_01_1_2_Chlorophyll_A_001_phosphate_plate5.tif,1,864.000,864,864
26880,F8_01_1_2_Chlorophyll_A_001_phosphate_plate5.tif,2,824.000,768,880
26881,F8_01_1_2_Chlorophyll_A_001_phosphate_plate5.tif,1,800.000,800,800
26882,F8_01_1_2_Chlorophyll_A_001_phosphate_plate5.tif,1,768.000,768,768
26883,F8_01_1_2_Chlorophyll_A_001_phosphate_plate5.tif,1,768.000,768,768
26884,F8_01_1_2_Chlorophyll_A_001_phosphate_plate5.tif,1,800.000,800,800
26885,F8_01_1_2_Chlorophyll_A_001_phosphate_plate5.tif,2,824.000,768,880
26886,F8_01_1_2_Chlorophyll_A_001_phosphate_plate5.tif,1,816.000,816,816
26887,F8_01_1_2_Chlorophyll_A_001_phosphate_plate5.tif,1,768.000,768,768
26888,F8_01_1_2_Chlorophyll_A_001_phosphate_plate5.tif,1,784.000,784,784
26889,F8_01_1_2_Chlorophyll_A_001_phosphate_plate5.tif,44,860.727,768,1104
26890,F8_01_1_2_Chlorophyll_A_001_phosphate_plate5.tif,1,896.000,896,896
26891,F8_01_1_2_Chlorophyll_A_001_phosphate_plate5.tif,5,838.400,768,912
26892,F8_01_1_2_Chlorophyll_A_001_phosphate_plate5.tif,10,904.000,816,1040
26893,F8_01_1_2_Chlorophyll_A_001_phosphate_plate5.tif,1,832.000,832,832
26894,F8_01_1_2_Chlorophyll_A_001_phosphate_plate5.tif,1,768.000,768,768
26895,F8_01_1_2_Chlorophyll_A_001_phosphate_plate5.tif,3,917.333,832,960
26896,F8_01_1_2_Chlorophyll_A_001_phosphate_plate5.tif,3,858.667,816,928
26897,F8_01_1_2_Chlorophyll_A_001_phosphate_plate5.tif,1,768.000,768,768
26898,F8_01_1_2_Chlorophyll_A_001_phosphate_plate5.tif,1,816.000,816,816
26899,F8_01_1_2_Chlorophyll_A_001_phosphate_plate5.tif,4,852.000,768,1072
26900,F8_01_1_2_Chlorophyll_A_001_phosphate_plate5.tif,1,912.000,912,912
26901,F8_01_1_2_Chlorophyll_A_001_phosphate_plate5.tif,7,827.429,784,880
26902,F8_01_1_2_Chlorophyll_A_001_phosphate_plate5.tif,2,816.000,816,816
26903,F8_01_1_2_Chlorophyll_A_001_phosphate_plate5.tif,3,832.000,784,864
26904,F8_01_1_2_Chlorophyll_A_001_phosphate_plate5.tif,5,822.400,768,864
26905,F8_01_1_2_Chlorophyll_A_001_phosphate_plate5.tif,6,888.000,768,1008
26906,F8_01_1_2_Chlorophyll_A_001_phosphate_plate5.tif,1,800.000,800,800
26907,F8_01_1_2_Chlorophyll_A_001_phosphate_plate5.tif,6,810.667,768,880
26908,F8_01_1_2_Chlorophyll_A_001_phosphate_plate5.tif,1,848.000,848,848
26909,F8_01_1_2_Chlorophyll_A_001_phosphate_plate5.tif,1,880.000,880,880
26910,F8_01_1_2_Chlorophyll_A_001_phosphate_plate5.tif,1,768.000,768,768
26911,F8_01_1_2_Chlorophyll_A_001_phosphate_plate5.tif,1,800.000,800,800
26912,F8_01_1_2_Chlorophyll_A_001_phosphate_plate5.tif,2,872.000,848,896
26913,F8_01_1_2_Chlorophyll_A_001_phosphate_plate5.tif,2,904.000,784,1024
26914,F8_01_1_2_Chlorophyll_A_001_phosphate_plate5.tif,4,812.000,768,912
26915,F8_01_1_2_Chlorophyll_A_001_phosphate_plate5.tif,8,816.000,768,896
26916,F8_01_1_2_Chlorophyll_A_001_phosphate_plate5.tif,1,816.000,816,816
26917,F8_01_1_2_Chlorophyll_A_001_phosphate_plate5.tif,2,792.000,768,816
26918,F8_01_1_2_Chlorophyll_A_001_phosphate_plate5.tif,1,800.000,800,800
26919,F8_01_1_2_Chlorophyll_A_001_phosphate_plate5.tif,1,784.000,784,784
26920,F8_01_1_2_Chlorophyll_A_001_phosphate_plate5.tif,1,816.000,816,816
26921,F8_01_1_2_Chlorophyll_A_001_phosphate_plate5.tif,1,768.000,768,768
26922,F8_01_1_2_Chlorophyll_A_001_phosphate_plate5.tif,1,800.000,800,800
26923,F8_01_1_2_Chlorophyll_A_001_phosphate_plate5.tif,1,912.000,912,912
26924,F8_01_1_2_Chlorophyll_A_001_phosphate_plate5.tif,3,794.667,784,816
26925,F8_01_1_2_Chlorophyll_A_001_phosphate_plate5.tif,1,816.000,816,816
26926,F8_01_1_2_Chlorophyll_A_001_phosphate_plate5.tif,5,822.400,784,880
26927,F8_01_1_2_Chlorophyll_A_001_phosphate_plate5.tif,1,768.000,768,768
26928,F8_01_1_2_Chlorophyll_A_001_phosphate_plate5.tif,92,2950.957,768,11280
26929,F8_01_1_2_Chlorophyll_A_001_phosphate_plate5.tif,2,784.000,768,800
26930,F8_01_1_2_Chlorophyll_A_001_phosphate_plate5.tif,1,864.000,864,864
26931,F8_01_1_2_Chlorophyll_A_001_phosphate_plate5.tif,1,800.000,800,800
26932,F8_01_1_2_Chlorophyll_A_001_phosphate_plate5.tif,3,816.000,784,864
26933,F8_01_1_2_Chlorophyll_A_001_phosphate_plate5.tif,1,800.000,800,800
26934,F8_01_1_2_Chlorophyll_A_001_phosphate_plate5.tif,1,976.000,976,976
26935,F8_01_1_2_Chlorophyll_A_001_phosphate_plate5.tif,1,768.000,768,768
26936,F8_01_1_2_Chlorophyll_A_001_phosphate_plate5.tif,1,832.000,832,832
26937,F8_01_1_2_Chlorophyll_A_001_phosphate_plate5.tif,3,821.333,768,848
26938,F8_01_1_2_Chlorophyll_A_001_phosphate_plate5.tif,2,832.000,768,896
26939,F8_01_1_2_Chlorophyll_A_001_phosphate_plate5.tif,24,964.667,768,1184
26940,F8_01_1_2_Chlorophyll_A_001_phosphate_plate5.tif,44,939.636,768,1248
26941,F8_01_1_2_Chlorophyll_A_001_phosphate_plate5.tif,14,933.714,800,1168
26942,F8_01_1_2_Chlorophyll_A_001_phosphate_plate5.tif,25,926.720,816,1120
26943,F8_01_1_2_Chlorophyll_A_001_phosphate_plate5.tif,7,822.857,768,928
26944,F8_01_1_2_Chlorophyll_A_001_phosphate_plate5.tif,2,816.000,800,832
26945,F8_01_1_2_Chlorophyll_A_001_phosphate_plate5.tif,5,841.600,768,928
26946,F8_01_1_2_Chlorophyll_A_001_phosphate_plate5.tif,6,824.000,768,896
26947,F8_01_1_2_Chlorophyll_A_001_phosphate_plate5.tif,5,864.000,768,1072
26948,F8_01_1_2_Chlorophyll_A_001_phosphate_plate5.tif,1,800.000,800,800
26949,F8_01_1_2_Chlorophyll_A_001_phosphate_plate5.tif,1,784.000,784,784
26950,F8_01_1_2_Chlorophyll_A_001_phosphate_plate5.tif,8,806.000,768,896
26951,F8_01_1_2_Chlorophyll_A_001_phosphate_plate5.tif,1,800.000,800,800
26952,F8_01_1_2_Chlorophyll_A_001_phosphate_plate5.tif,3,848.000,784,944
26953,F8_01_1_2_Chlorophyll_A_001_phosphate_plate5.tif,1,768.000,768,768
26954,F8_01_1_2_Chlorophyll_A_001_phosphate_plate5.tif,1,768.000,768,768
26955,F8_01_1_2_Chlorophyll_A_001_phosphate_plate5.tif,1,768.000,768,768
26956,F8_01_1_2_Chlorophyll_A_001_phosphate_plate5.tif,2,840.000,784,896
26957,F8_01_1_2_Chlorophyll_A_001_phosphate_plate5.tif,2,768.000,768,768
26958,F8_01_1_2_Chlorophyll_A_001_phosphate_plate5.tif,1,784.000,784,784
26959,F8_01_1_2_Chlorophyll_A_001_phosphate_plate5.tif,2,912.000,768,1056
26960,F8_01_1_2_Chlorophyll_A_001_phosphate_plate5.tif,1,864.000,864,864
26961,F8_01_1_2_Chlorophyll_A_001_phosphate_plate5.tif,1,768.000,768,768
26962,F8_01_1_2_Chlorophyll_A_001_phosphate_plate5.tif,1,800.000,800,800
26963,F8_01_1_2_Chlorophyll_A_001_phosphate_plate5.tif,1,976.000,976,976
26964,F8_01_1_2_Chlorophyll_A_001_phosphate_plate5.tif,1,784.000,784,784
26965,F8_01_1_2_Chlorophyll_A_001_phosphate_plate5.tif,1,912.000,912,912
26966,F8_01_1_2_Chlorophyll_A_001_phosphate_plate5.tif,1,768.000,768,768
26967,F8_01_1_2_Chlorophyll_A_001_phosphate_plate5.tif,1,800.000,800,800
26968,F8_01_1_2_Chlorophyll_A_001_phosphate_plate5.tif,2,776.000,768,784
26969,F8_01_1_2_Chlorophyll_A_001_phosphate_plate5.tif,2,808.000,800,816
26970,F8_01_1_2_Chlorophyll_A_001_phosphate_plate5.tif,1,864.000,864,864
26971,F8_01_1_2_Chlorophyll_A_001_phosphate_plate5.tif,1,768.000,768,768
26972,F8_01_1_2_Chlorophyll_A_001_phosphate_plate5.tif,2,792.000,768,816
26973,F8_01_1_2_Chlorophyll_A_001_phosphate_plate5.tif,1,768.000,768,768
26974,F8_01_1_2_Chlorophyll_A_001_phosphate_plate5.tif,2,800.000,768,832
26975,F8_01_1_2_Chlorophyll_A_001_phosphate_plate5.tif,1,864.000,864,864
26976,F8_01_1_2_Chlorophyll_A_001_phosphate_plate5.tif,1,784.000,784,784
26977,F8_01_1_2_Chlorophyll_A_001_phosphate_plate5.tif,2,768.000,768,768
26978,F8_01_1_2_Chlorophyll_A_001_phosphate_plate5.tif,1,768.000,768,768
26979,F8_01_1_2_Chlorophyll_A_001_phosphate_plate5.tif,1,816.000,816,816
26980,F8_01_1_2_Chlorophyll_A_001_phosphate_plate5.tif,2,816.000,784,848
26981,F8_01_1_2_Chlorophyll_A_001_phosphate_plate5.tif,1,816.000,816,816
26982,F8_01_1_2_Chlorophyll_A_001_phosphate_plate5.tif,4,800.000,768,848
26983,F8_01_1_2_Chlorophyll_A_001_phosphate_plate5.tif,2,864.000,784,944
26984,F8_01_1_2_Chlorophyll_A_001_phosphate_plate5.tif,70,926.857,768,1232
26985,F8_01_1_2_Chlorophyll_A_001_phosphate_plate5.tif,15,942.933,784,1232
26986,F8_01_1_2_Chlorophyll_A_001_phosphate_plate5.tif,10,873.600,768,1040
26987,F8_01_1_2_Chlorophyll_A_001_phosphate_plate5.tif,3,794.667,768,816
26988,F8_01_1_2_Chlorophyll_A_001_phosphate_plate5.tif,1,816.000,816,816
26989,F8_01_1_2_Chlorophyll_A_001_phosphate_plate5.tif,2,840.000,768,912
26990,F8_01_1_2_Chlorophyll_A_001_phosphate_plate5.tif,1,880.000,880,880
26991,F8_01_1_2_Chlorophyll_A_001_phosphate_plate5.tif,4,852.000,784,912
26992,F8_01_1_2_Chlorophyll_A_001_phosphate_plate5.tif,2,808.000,784,832
26993,F8_01_1_2_Chlorophyll_A_001_phosphate_plate5.tif,11,824.727,784,896
26994,F8_01_1_2_Chlorophyll_A_001_phosphate_plate5.tif,1,784.000,784,784
26995,F8_01_1_2_Chlorophyll_A_001_phosphate_plate5.tif,1,768.000,768,768
26996,F8_01_1_2_Chlorophyll_A_001_phosphate_plate5.tif,1,832.000,832,832
26997,F8_01_1_2_Chlorophyll_A_001_phosphate_plate5.tif,1,832.000,832,832
26998,F8_01_1_2_Chlorophyll_A_001_phosphate_plate5.tif,1,768.000,768,768
26999,F8_01_1_2_Chlorophyll_A_001_phosphate_plate5.tif,1,816.000,816,816
27000,F8_01_1_2_Chlorophyll_A_001_phosphate_plate5.tif,1,800.000,800,800
27001,F8_01_1_2_Chlorophyll_A_001_phosphate_plate5.tif,1,768.000,768,768
27002,F8_01_1_2_Chlorophyll_A_001_phosphate_plate5.tif,3,805.333,768,880
27003,F8_01_1_2_Chlorophyll_A_001_phosphate_plate5.tif,1,800.000,800,800
27004,F8_01_1_2_Chlorophyll_A_001_phosphate_plate5.tif,1,768.000,768,768
27005,F8_01_1_2_Chlorophyll_A_001_phosphate_plate5.tif,1,848.000,848,848
27006,F8_01_1_2_Chlorophyll_A_001_phosphate_plate5.tif,2,816.000,816,816
27007,F8_01_1_2_Chlorophyll_A_001_phosphate_plate5.tif,1,800.000,800,800
27008,F8_01_1_2_Chlorophyll_A_001_phosphate_plate5.tif,1,880.000,880,880
27009,F8_01_1_2_Chlorophyll_A_001_phosphate_plate5.tif,1,896.000,896,896
27010,F8_01_1_2_Chlorophyll_A_001_phosphate_plate5.tif,1,784.000,784,784
27011,F8_01_1_2_Chlorophyll_A_001_phosphate_plate5.tif,1,800.000,800,800
27012,F8_01_1_2_Chlorophyll_A_001_phosphate_plate5.tif,2,856.000,800,912
27013,F8_01_1_2_Chlorophyll_A_001_phosphate_plate5.tif,1,832.000,832,832
27014,F8_01_1_2_Chlorophyll_A_001_phosphate_plate5.tif,1,800.000,800,800
27015,F8_01_1_2_Chlorophyll_A_001_phosphate_plate5.tif,1,816.000,816,816
27016,F8_01_1_2_Chlorophyll_A_001_phosphate_plate5.tif,1,816.000,816,816
27017,F8_01_1_2_Chlorophyll_A_001_phosphate_plate5.tif,1,768.000,768,768
27018,F8_01_1_2_Chlorophyll_A_001_phosphate_plate5.tif,1,768.000,768,768
27019,F8_01_1_2_Chlorophyll_A_001_phosphate_plate5.tif,1,864.000,864,864
27020,F8_01_1_2_Chlorophyll_A_001_phosphate_plate5.tif,1,800.000,800,800
27021,F8_01_1_2_Chlorophyll_A_001_phosphate_plate5.tif,5,841.600,768,880
27022,F8_01_1_2_Chlorophyll_A_001_phosphate_plate5.tif,1,880.000,880,880
27023,F8_01_1_2_Chlorophyll_A_001_phosphate_plate5.tif,4,860.000,784,1040
27024,F8_01_1_2_Chlorophyll_A_001_phosphate_plate5.tif,2,856.000,832,880
27025,F8_01_1_2_Chlorophyll_A_001_phosphate_plate5.tif,14,908.571,768,1056
27026,F8_01_1_2_Chlorophyll_A_001_phosphate_plate5.tif,1,1024.000,1024,1024
27027,F8_01_1_2_Chlorophyll_A_001_phosphate_plate5.tif,10,814.400,768,880
27028,F8_01_1_2_Chlorophyll_A_001_phosphate_plate5.tif,7,877.714,768,1040
27029,F8_01_1_2_Chlorophyll_A_001_phosphate_plate5.tif,1,784.000,784,784
27030,F8_01_1_2_Chlorophyll_A_001_phosphate_plate5.tif,1,880.000,880,880
27031,F8_01_1_2_Chlorophyll_A_001_phosphate_plate5.tif,1,800.000,800,800
27032,F8_01_1_2_Chlorophyll_A_001_phosphate_plate5.tif,1,832.000,832,832
27033,F8_01_1_2_Chlorophyll_A_001_phosphate_plate5.tif,1,832.000,832,832
27034,F8_01_1_2_Chlorophyll_A_001_phosphate_plate5.tif,1,832.000,832,832
27035,F8_01_1_2_Chlorophyll_A_001_phosphate_plate5.tif,8,810.000,784,896
27036,F8_01_1_2_Chlorophyll_A_001_phosphate_plate5.tif,5,835.200,768,928
27037,F8_01_1_2_Chlorophyll_A_001_phosphate_plate5.tif,4,908.000,816,1008
27038,F8_01_1_2_Chlorophyll_A_001_phosphate_plate5.tif,1,992.000,992,992
27039,F8_01_1_2_Chlorophyll_A_001_phosphate_plate5.tif,3,821.333,768,896
27040,F8_01_1_2_Chlorophyll_A_001_phosphate_plate5.tif,2,848.000,848,848
27041,F8_01_1_2_Chlorophyll_A_001_phosphate_plate5.tif,1,848.000,848,848
27042,F8_01_1_2_Chlorophyll_A_001_phosphate_plate5.tif,2,864.000,784,944
27043,F8_01_1_2_Chlorophyll_A_001_phosphate_plate5.tif,2,784.000,768,800
27044,F8_01_1_2_Chlorophyll_A_001_phosphate_plate5.tif,3,848.000,832,864
27045,F8_01_1_2_Chlorophyll_A_001_phosphate_plate5.tif,2,896.000,832,960
27046,F8_01_1_2_Chlorophyll_A_001_phosphate_plate5.tif,1,896.000,896,896
27047,F8_01_1_2_Chlorophyll_A_001_phosphate_plate5.tif,1,784.000,784,784
27048,F8_01_1_2_Chlorophyll_A_001_phosphate_plate5.tif,2,872.000,768,976
27049,F8_01_1_2_Chlorophyll_A_001_phosphate_plate5.tif,2,912.000,832,992
27050,F8_01_1_2_Chlorophyll_A_001_phosphate_plate5.tif,5,825.600,784,912
27051,F8_01_1_2_Chlorophyll_A_001_phosphate_plate5.tif,2,824.000,768,880
27052,F8_01_1_2_Chlorophyll_A_001_phosphate_plate5.tif,1,848.000,848,848
27053,F8_01_1_2_Chlorophyll_A_001_phosphate_plate5.tif,1,832.000,832,832
27054,F8_01_1_2_Chlorophyll_A_001_phosphate_plate5.tif,5,828.800,768,896
27055,F8_01_1_2_Chlorophyll_A_001_phosphate_plate5.tif,1,832.000,832,832
27056,F8_01_1_2_Chlorophyll_A_001_phosphate_plate5.tif,2,864.000,848,880
27057,F8_01_1_2_Chlorophyll_A_001_phosphate_plate5.tif,1,816.000,816,816
27058,F8_01_1_2_Chlorophyll_A_001_phosphate_plate5.tif,1,784.000,784,784
27059,F8_01_1_2_Chlorophyll_A_001_phosphate_plate5.tif,1,816.000,816,816
27060,F8_01_1_2_Chlorophyll_A_001_phosphate_plate5.tif,1,800.000,800,800
27061,F8_01_1_2_Chlorophyll_A_001_phosphate_plate5.tif,2,768.000,768,768
27062,F8_01_1_2_Chlorophyll_A_001_phosphate_plate5.tif,1,768.000,768,768
27063,F8_01_1_2_Chlorophyll_A_001_phosphate_plate5.tif,1,768.000,768,768
27064,F8_01_1_2_Chlorophyll_A_001_phosphate_plate5.tif,1,880.000,880,880
27065,F8_01_1_2_Chlorophyll_A_001_phosphate_plate5.tif,1,784.000,784,784
27066,F8_01_1_2_Chlorophyll_A_001_phosphate_plate5.tif,1,800.000,800,800
27067,F8_01_1_2_Chlorophyll_A_001_phosphate_plate5.tif,1,800.000,800,800
27068,F8_01_1_2_Chlorophyll_A_001_phosphate_plate5.tif,3,885.333,848,944
27069,F8_01_1_2_Chlorophyll_A_001_phosphate_plate5.tif,42,902.857,768,1184
27070,F8_01_1_2_Chlorophyll_A_001_phosphate_plate5.tif,10,910.400,784,1136
27071,F8_01_1_2_Chlorophyll_A_001_phosphate_plate5.tif,35,872.229,768,1040
27072,F8_01_1_2_Chlorophyll_A_001_phosphate_plate5.tif,66,855.273,768,1120
27073,F8_01_1_2_Chlorophyll_A_001_phosphate_plate5.tif,2,832.000,784,880
27074,F8_01_1_2_Chlorophyll_A_001_phosphate_plate5.tif,1,896.000,896,896
27075,F8_01_1_2_Chlorophyll_A_001_phosphate_plate5.tif,2,832.000,768,896
27076,F8_01_1_2_Chlorophyll_A_001_phosphate_plate5.tif,2,912.000,864,960
27077,F8_01_1_2_Chlorophyll_A_001_phosphate_plate5.tif,4,832.000,768,960
27078,F8_01_1_2_Chlorophyll_A_001_phosphate_plate5.tif,1,768.000,768,768
27079,F8_01_1_2_Chlorophyll_A_001_phosphate_plate5.tif,1,784.000,784,784
27080,F8_01_1_2_Chlorophyll_A_001_phosphate_plate5.tif,3,864.000,800,896
27081,F8_01_1_2_Chlorophyll_A_001_phosphate_plate5.tif,2,816.000,768,864
27082,F8_01_1_2_Chlorophyll_A_001_phosphate_plate5.tif,1,832.000,832,832
27083,F8_01_1_2_Chlorophyll_A_001_phosphate_plate5.tif,1,816.000,816,816
27084,F8_01_1_2_Chlorophyll_A_001_phosphate_plate5.tif,2,840.000,800,880
27085,F8_01_1_2_Chlorophyll_A_001_phosphate_plate5.tif,1,784.000,784,784
27086,F8_01_1_2_Chlorophyll_A_001_phosphate_plate5.tif,4,852.000,800,960
27087,F8_01_1_2_Chlorophyll_A_001_phosphate_plate5.tif,1,784.000,784,784
27088,F8_01_1_2_Chlorophyll_A_001_phosphate_plate5.tif,4,884.000,768,928
27089,F8_01_1_2_Chlorophyll_A_001_phosphate_plate5.tif,1,816.000,816,816
27090,F8_01_1_2_Chlorophyll_A_001_phosphate_plate5.tif,1,800.000,800,800
27091,F8_01_1_2_Chlorophyll_A_001_phosphate_plate5.tif,1,784.000,784,784
27092,F8_01_1_2_Chlorophyll_A_001_phosphate_plate5.tif,2,840.000,784,896
27093,F8_01_1_2_Chlorophyll_A_001_phosphate_plate5.tif,2,848.000,832,864
27094,F8_01_1_2_Chlorophyll_A_001_phosphate_plate5.tif,1,816.000,816,816
27095,F8_01_1_2_Chlorophyll_A_001_phosphate_plate5.tif,3,858.667,784,960
27096,F8_01_1_2_Chlorophyll_A_001_phosphate_plate5.tif,1,976.000,976,976
27097,F8_01_1_2_Chlorophyll_A_001_phosphate_plate5.tif,1,864.000,864,864
27098,F8_01_1_2_Chlorophyll_A_001_phosphate_plate5.tif,2,968.000,896,1040
27099,F8_01_1_2_Chlorophyll_A_001_phosphate_plate5.tif,1,880.000,880,880
27100,F8_01_1_2_Chlorophyll_A_001_phosphate_plate5.tif,1,768.000,768,768
27101,F8_01_1_2_Chlorophyll_A_001_phosphate_plate5.tif,1,1056.000,1056,1056
27102,F8_01_1_2_Chlorophyll_A_001_phosphate_plate5.tif,1,784.000,784,784
27103,F8_01_1_2_Chlorophyll_A_001_phosphate_plate5.tif,2,840.000,816,864
27104,F8_01_1_2_Chlorophyll_A_001_phosphate_plate5.tif,1,784.000,784,784
27105,F8_01_1_2_Chlorophyll_A_001_phosphate_plate5.tif,1,784.000,784,784
27106,F8_01_1_2_Chlorophyll_A_001_phosphate_plate5.tif,2,784.000,768,800
27107,F8_01_1_2_Chlorophyll_A_001_phosphate_plate5.tif,1,768.000,768,768
27108,F8_01_1_2_Chlorophyll_A_001_phosphate_plate5.tif,261,3371.893,768,38096
27109,F8_01_1_2_Chlorophyll_A_001_phosphate_plate5.tif,1,816.000,816,816
27110,F8_01_1_2_Chlorophyll_A_001_phosphate_plate5.tif,1,816.000,816,816
27111,F8_01_1_2_Chlorophyll_A_001_phosphate_plate5.tif,2,784.000,768,800
27112,F8_01_1_2_Chlorophyll_A_001_phosphate_plate5.tif,1,784.000,784,784
27113,F8_01_1_2_Chlorophyll_A_001_phosphate_plate5.tif,1,832.000,832,832
27114,F8_01_1_2_Chlorophyll_A_001_phosphate_plate5.tif,1,768.000,768,768
27115,F8_01_1_2_Chlorophyll_A_001_phosphate_plate5.tif,1,848.000,848,848
27116,F8_01_1_2_Chlorophyll_A_001_phosphate_plate5.tif,1,864.000,864,864
27117,F8_01_1_2_Chlorophyll_A_001_phosphate_plate5.tif,1,768.000,768,768
27118,F8_01_1_2_Chlorophyll_A_001_phosphate_plate5.tif,1,816.000,816,816
27119,F8_01_1_2_Chlorophyll_A_001_phosphate_plate5.tif,2,784.000,768,800
27120,F8_01_1_2_Chlorophyll_A_001_phosphate_plate5.tif,1,816.000,816,816
27121,F8_01_1_2_Chlorophyll_A_001_phosphate_plate5.tif,2,856.000,832,880
27122,F8_01_1_2_Chlorophyll_A_001_phosphate_plate5.tif,1,992.000,992,992
27123,F8_01_1_2_Chlorophyll_A_001_phosphate_plate5.tif,1,832.000,832,832
27124,F8_01_1_2_Chlorophyll_A_001_phosphate_plate5.tif,1,880.000,880,880
27125,F8_01_1_2_Chlorophyll_A_001_phosphate_plate5.tif,7,864.000,784,1056
27126,F8_01_1_2_Chlorophyll_A_001_phosphate_plate5.tif,197,972.508,768,1424
27127,F8_01_1_2_Chlorophyll_A_001_phosphate_plate5.tif,23,870.261,768,1120
27128,F8_01_1_2_Chlorophyll_A_001_phosphate_plate5.tif,2,936.000,848,1024
27129,F8_01_1_2_Chlorophyll_A_001_phosphate_plate5.tif,26,847.385,768,1056
27130,F8_01_1_2_Chlorophyll_A_001_phosphate_plate5.tif,22,845.818,768,1152
27131,F8_01_1_2_Chlorophyll_A_001_phosphate_plate5.tif,1,784.000,784,784
27132,F8_01_1_2_Chlorophyll_A_001_phosphate_plate5.tif,6,845.333,784,944
27133,F8_01_1_2_Chlorophyll_A_001_phosphate_plate5.tif,4,844.000,768,880
27134,F8_01_1_2_Chlorophyll_A_001_phosphate_plate5.tif,2,912.000,784,1040
27135,F8_01_1_2_Chlorophyll_A_001_phosphate_plate5.tif,10,835.200,784,896
27136,F8_01_1_2_Chlorophyll_A_001_phosphate_plate5.tif,1,800.000,800,800
27137,F8_01_1_2_Chlorophyll_A_001_phosphate_plate5.tif,2,824.000,816,832
27138,F8_01_1_2_Chlorophyll_A_001_phosphate_plate5.tif,2,784.000,784,784
27139,F8_01_1_2_Chlorophyll_A_001_phosphate_plate5.tif,1,768.000,768,768
27140,F8_01_1_2_Chlorophyll_A_001_phosphate_plate5.tif,1,864.000,864,864
27141,F8_01_1_2_Chlorophyll_A_001_phosphate_plate5.tif,1,832.000,832,832
27142,F8_01_1_2_Chlorophyll_A_001_phosphate_plate5.tif,1,1008.000,1008,1008
27143,F8_01_1_2_Chlorophyll_A_001_phosphate_plate5.tif,1,768.000,768,768
27144,F8_01_1_2_Chlorophyll_A_001_phosphate_plate5.tif,4,808.000,768,880
27145,F8_01_1_2_Chlorophyll_A_001_phosphate_plate5.tif,1,848.000,848,848
27146,F8_01_1_2_Chlorophyll_A_001_phosphate_plate5.tif,2,776.000,768,784
27147,F8_01_1_2_Chlorophyll_A_001_phosphate_plate5.tif,1,880.000,880,880
27148,F8_01_1_2_Chlorophyll_A_001_phosphate_plate5.tif,1,832.000,832,832
27149,F8_01_1_2_Chlorophyll_A_001_phosphate_plate5.tif,1,864.000,864,864
27150,F8_01_1_2_Chlorophyll_A_001_phosphate_plate5.tif,1,768.000,768,768
27151,F8_01_1_2_Chlorophyll_A_001_phosphate_plate5.tif,1,784.000,784,784
27152,F8_01_1_2_Chlorophyll_A_001_phosphate_plate5.tif,1,864.000,864,864
27153,F8_01_1_2_Chlorophyll_A_001_phosphate_plate5.tif,5,864.000,800,1008
27154,F8_01_1_2_Chlorophyll_A_001_phosphate_plate5.tif,1,768.000,768,768
27155,F8_01_1_2_Chlorophyll_A_001_phosphate_plate5.tif,1,880.000,880,880
27156,F8_01_1_2_Chlorophyll_A_001_phosphate_plate5.tif,1,768.000,768,768
27157,F8_01_1_2_Chlorophyll_A_001_phosphate_plate5.tif,1,832.000,832,832
27158,F8_01_1_2_Chlorophyll_A_001_phosphate_plate5.tif,1,1168.000,1168,1168
27159,F8_01_1_2_Chlorophyll_A_001_phosphate_plate5.tif,1,768.000,768,768
27160,F8_01_1_2_Chlorophyll_A_001_phosphate_plate5.tif,1,864.000,864,864
27161,F8_01_1_2_Chlorophyll_A_001_phosphate_plate5.tif,1,912.000,912,912
27162,F8_01_1_2_Chlorophyll_A_001_phosphate_plate5.tif,2,840.000,784,896
27163,F8_01_1_2_Chlorophyll_A_001_phosphate_plate5.tif,1,784.000,784,784
27164,F8_01_1_2_Chlorophyll_A_001_phosphate_plate5.tif,1,896.000,896,896
27165,F8_01_1_2_Chlorophyll_A_001_phosphate_plate5.tif,1,896.000,896,896
27166,F8_01_1_2_Chlorophyll_A_001_phosphate_plate5.tif,1,784.000,784,784
27167,F8_01_1_2_Chlorophyll_A_001_phosphate_plate5.tif,1,816.000,816,816
27168,F8_01_1_2_Chlorophyll_A_001_phosphate_plate5.tif,1,768.000,768,768
27169,F8_01_1_2_Chlorophyll_A_001_phosphate_plate5.tif,1,896.000,896,896
27170,F8_01_1_2_Chlorophyll_A_001_phosphate_plate5.tif,1,896.000,896,896
27171,F8_01_1_2_Chlorophyll_A_001_phosphate_plate5.tif,1,832.000,832,832
27172,F8_01_1_2_Chlorophyll_A_001_phosphate_plate5.tif,1,768.000,768,768
27173,F8_01_1_2_Chlorophyll_A_001_phosphate_plate5.tif,1,784.000,784,784
27174,F8_01_1_2_Chlorophyll_A_001_phosphate_plate5.tif,1,784.000,784,784
27175,F8_01_1_2_Chlorophyll_A_001_phosphate_plate5.tif,1,832.000,832,832
27176,F8_01_1_2_Chlorophyll_A_001_phosphate_plate5.tif,1,960.000,960,960
27177,F8_01_1_2_Chlorophyll_A_001_phosphate_plate5.tif,2,864.000,784,944
27178,F8_01_1_2_Chlorophyll_A_001_phosphate_plate5.tif,1,912.000,912,912
27179,F8_01_1_2_Chlorophyll_A_001_phosphate_plate5.tif,2,792.000,768,816
27180,F8_01_1_2_Chlorophyll_A_001_phosphate_plate5.tif,99,954.990,768,1296
27181,F8_01_1_2_Chlorophyll_A_001_phosphate_plate5.tif,15,974.933,768,1184
27182,F8_01_1_2_Chlorophyll_A_001_phosphate_plate5.tif,45,869.333,768,1184
27183,F8_01_1_2_Chlorophyll_A_001_phosphate_plate5.tif,5,819.200,768,960
27184,F8_01_1_2_Chlorophyll_A_001_phosphate_plate5.tif,2,816.000,800,832
27185,F8_01_1_2_Chlorophyll_A_001_phosphate_plate5.tif,2,768.000,768,768
27186,F8_01_1_2_Chlorophyll_A_001_phosphate_plate5.tif,2,792.000,768,816
27187,F8_01_1_2_Chlorophyll_A_001_phosphate_plate5.tif,17,828.235,768,928
27188,F8_01_1_2_Chlorophyll_A_001_phosphate_plate5.tif,6,834.667,784,928
27189,F8_01_1_2_Chlorophyll_A_001_phosphate_plate5.tif,1,864.000,864,864
27190,F8_01_1_2_Chlorophyll_A_001_phosphate_plate5.tif,1,912.000,912,912
27191,F8_01_1_2_Chlorophyll_A_001_phosphate_plate5.tif,1,816.000,816,816
27192,F8_01_1_2_Chlorophyll_A_001_phosphate_plate5.tif,4,836.000,784,960
27193,F8_01_1_2_Chlorophyll_A_001_phosphate_plate5.tif,4,824.000,784,864
27194,F8_01_1_2_Chlorophyll_A_001_phosphate_plate5.tif,1,832.000,832,832
27195,F8_01_1_2_Chlorophyll_A_001_phosphate_plate5.tif,1,768.000,768,768
27196,F8_01_1_2_Chlorophyll_A_001_phosphate_plate5.tif,1,768.000,768,768
27197,F8_01_1_2_Chlorophyll_A_001_phosphate_plate5.tif,1,944.000,944,944
27198,F8_01_1_2_Chlorophyll_A_001_phosphate_plate5.tif,1,992.000,992,992
27199,F8_01_1_2_Chlorophyll_A_001_phosphate_plate5.tif,4,848.000,768,944
27200,F8_01_1_2_Chlorophyll_A_001_phosphate_plate5.tif,1,848.000,848,848
27201,F8_01_1_2_Chlorophyll_A_001_phosphate_plate5.tif,1,784.000,784,784
27202,F8_01_1_2_Chlorophyll_A_001_phosphate_plate5.tif,1,832.000,832,832
27203,F8_01_1_2_Chlorophyll_A_001_phosphate_plate5.tif,1,768.000,768,768
27204,F8_01_1_2_Chlorophyll_A_001_phosphate_plate5.tif,1,848.000,848,848
27205,F8_01_1_2_Chlorophyll_A_001_phosphate_plate5.tif,3,821.333,784,864
27206,F8_01_1_2_Chlorophyll_A_001_phosphate_plate5.tif,1,784.000,784,784
27207,F8_01_1_2_Chlorophyll_A_001_phosphate_plate5.tif,1,816.000,816,816
27208,F8_01_1_2_Chlorophyll_A_001_phosphate_plate5.tif,1,768.000,768,768
27209,F8_01_1_2_Chlorophyll_A_001_phosphate_plate5.tif,3,906.667,768,1056
27210,F8_01_1_2_Chlorophyll_A_001_phosphate_plate5.tif,1,816.000,816,816
27211,F8_01_1_2_Chlorophyll_A_001_phosphate_plate5.tif,1,1088.000,1088,1088
27212,F8_01_1_2_Chlorophyll_A_001_phosphate_plate5.tif,1,960.000,960,960
27213,F8_01_1_2_Chlorophyll_A_001_phosphate_plate5.tif,1,768.000,768,768
27214,F8_01_1_2_Chlorophyll_A_001_phosphate_plate5.tif,1,768.000,768,768
27215,F8_01_1_2_Chlorophyll_A_001_phosphate_plate5.tif,2,800.000,768,832
27216,F8_01_1_2_Chlorophyll_A_001_phosphate_plate5.tif,1,768.000,768,768
27217,F8_01_1_2_Chlorophyll_A_001_phosphate_plate5.tif,34,875.765,768,1072
27218,F8_01_1_2_Chlorophyll_A_001_phosphate_plate5.tif,181,956.906,768,1296
27219,F8_01_1_2_Chlorophyll_A_001_phosphate_plate5.tif,42,884.571,768,1024
27220,F8_01_1_2_Chlorophyll_A_001_phosphate_plate5.tif,34,897.882,768,1104
27221,F8_01_1_2_Chlorophyll_A_001_phosphate_plate5.tif,22,877.818,768,1200
27222,F8_01_1_2_Chlorophyll_A_001_phosphate_plate5.tif,27,880.593,768,1088
27223,F8_01_1_2_Chlorophyll_A_001_phosphate_plate5.tif,1,768.000,768,768
27224,F8_01_1_2_Chlorophyll_A_001_phosphate_plate5.tif,3,810.667,768,848
27225,F8_01_1_2_Chlorophyll_A_001_phosphate_plate5.tif,2,848.000,848,848
27226,F8_01_1_2_Chlorophyll_A_001_phosphate_plate5.tif,7,873.143,784,1040
27227,F8_01_1_2_Chlorophyll_A_001_phosphate_plate5.tif,4,820.000,768,912
27228,F8_01_1_2_Chlorophyll_A_001_phosphate_plate5.tif,2,944.000,880,1008
27229,F8_01_1_2_Chlorophyll_A_001_phosphate_plate5.tif,1,848.000,848,848
27230,F8_01_1_2_Chlorophyll_A_001_phosphate_plate5.tif,1,768.000,768,768
27231,F8_01_1_2_Chlorophyll_A_001_phosphate_plate5.tif,1,800.000,800,800
27232,F8_01_1_2_Chlorophyll_A_001_phosphate_plate5.tif,2,792.000,784,800
27233,F8_01_1_2_Chlorophyll_A_001_phosphate_plate5.tif,1,880.000,880,880
27234,F8_01_1_2_Chlorophyll_A_001_phosphate_plate5.tif,2,880.000,800,960
27235,F8_01_1_2_Chlorophyll_A_001_phosphate_plate5.tif,1,944.000,944,944
27236,F8_01_1_2_Chlorophyll_A_001_phosphate_plate5.tif,1,880.000,880,880
27237,F8_01_1_2_Chlorophyll_A_001_phosphate_plate5.tif,1,768.000,768,768
27238,F8_01_1_2_Chlorophyll_A_001_phosphate_plate5.tif,6,872.000,832,976
27239,F8_01_1_2_Chlorophyll_A_001_phosphate_plate5.tif,2,776.000,768,784
27240,F8_01_1_2_Chlorophyll_A_001_phosphate_plate5.tif,1,880.000,880,880
27241,F8_01_1_2_Chlorophyll_A_001_phosphate_plate5.tif,1,784.000,784,784
27242,F8_01_1_2_Chlorophyll_A_001_phosphate_plate5.tif,1,832.000,832,832
27243,F8_01_1_2_Chlorophyll_A_001_phosphate_plate5.tif,1,800.000,800,800
27244,F8_01_1_2_Chlorophyll_A_001_phosphate_plate5.tif,2,904.000,784,1024
27245,F8_01_1_2_Chlorophyll_A_001_phosphate_plate5.tif,1,800.000,800,800
27246,F8_01_1_2_Chlorophyll_A_001_phosphate_plate5.tif,2,832.000,832,832
27247,F8_01_1_2_Chlorophyll_A_001_phosphate_plate5.tif,1,784.000,784,784
27248,F8_01_1_2_Chlorophyll_A_001_phosphate_plate5.tif,1,768.000,768,768
27249,F8_01_1_2_Chlorophyll_A_001_phosphate_plate5.tif,2,768.000,768,768
27250,F8_01_1_2_Chlorophyll_A_001_phosphate_plate5.tif,2,848.000,800,896
27251,F8_01_1_2_Chlorophyll_A_001_phosphate_plate5.tif,3,794.667,768,816
27252,F8_01_1_2_Chlorophyll_A_001_phosphate_plate5.tif,1,880.000,880,880
27253,F8_01_1_2_Chlorophyll_A_001_phosphate_plate5.tif,1,768.000,768,768
27254,F8_01_1_2_Chlorophyll_A_001_phosphate_plate5.tif,1,832.000,832,832
27255,F8_01_1_2_Chlorophyll_A_001_phosphate_plate5.tif,1,816.000,816,816
27256,F8_01_1_2_Chlorophyll_A_001_phosphate_plate5.tif,32,912.000,768,1088
27257,F8_01_1_2_Chlorophyll_A_001_phosphate_plate5.tif,140,866.629,768,1152
27258,F8_01_1_2_Chlorophyll_A_001_phosphate_plate5.tif,65,867.938,768,1072
27259,F8_01_1_2_Chlorophyll_A_001_phosphate_plate5.tif,2,784.000,768,800
27260,F8_01_1_2_Chlorophyll_A_001_phosphate_plate5.tif,32,854.500,768,1008
27261,F8_01_1_2_Chlorophyll_A_001_phosphate_plate5.tif,7,848.000,800,992
27262,F8_01_1_2_Chlorophyll_A_001_phosphate_plate5.tif,1,784.000,784,784
27263,F8_01_1_2_Chlorophyll_A_001_phosphate_plate5.tif,1,960.000,960,960
27264,F8_01_1_2_Chlorophyll_A_001_phosphate_plate5.tif,3,842.667,800,912
27265,F8_01_1_2_Chlorophyll_A_001_phosphate_plate5.tif,1,816.000,816,816
27266,F8_01_1_2_Chlorophyll_A_001_phosphate_plate5.tif,2,800.000,800,800
27267,F8_01_1_2_Chlorophyll_A_001_phosphate_plate5.tif,2,856.000,768,944
27268,F8_01_1_2_Chlorophyll_A_001_phosphate_plate5.tif,2,832.000,816,848
27269,F8_01_1_2_Chlorophyll_A_001_phosphate_plate5.tif,1,832.000,832,832
27270,F8_01_1_2_Chlorophyll_A_001_phosphate_plate5.tif,5,832.000,784,896
27271,F8_01_1_2_Chlorophyll_A_001_phosphate_plate5.tif,1,912.000,912,912
27272,F8_01_1_2_Chlorophyll_A_001_phosphate_plate5.tif,1,928.000,928,928
27273,F8_01_1_2_Chlorophyll_A_001_phosphate_plate5.tif,1,800.000,800,800
27274,F8_01_1_2_Chlorophyll_A_001_phosphate_plate5.tif,2,816.000,800,832
27275,F8_01_1_2_Chlorophyll_A_001_phosphate_plate5.tif,1,768.000,768,768
27276,F8_01_1_2_Chlorophyll_A_001_phosphate_plate5.tif,2,928.000,880,976
27277,F8_01_1_2_Chlorophyll_A_001_phosphate_plate5.tif,1,832.000,832,832
27278,F8_01_1_2_Chlorophyll_A_001_phosphate_plate5.tif,1,816.000,816,816
27279,F8_01_1_2_Chlorophyll_A_001_phosphate_plate5.tif,1,832.000,832,832
27280,F8_01_1_2_Chlorophyll_A_001_phosphate_plate5.tif,1,832.000,832,832
27281,F8_01_1_2_Chlorophyll_A_001_phosphate_plate5.tif,1,880.000,880,880
27282,F8_01_1_2_Chlorophyll_A_001_phosphate_plate5.tif,1,784.000,784,784
27283,F8_01_1_2_Chlorophyll_A_001_phosphate_plate5.tif,2,832.000,784,880
27284,F8_01_1_2_Chlorophyll_A_001_phosphate_plate5.tif,1,800.000,800,800
27285,F8_01_1_2_Chlorophyll_A_001_phosphate_plate5.tif,5,796.800,768,832
27286,F8_01_1_2_Chlorophyll_A_001_phosphate_plate5.tif,2,856.000,816,896
27287,F8_01_1_2_Chlorophyll_A_001_phosphate_plate5.tif,1,816.000,816,816
27288,F8_01_1_2_Chlorophyll_A_001_phosphate_plate5.tif,4,840.000,768,976
27289,F8_01_1_2_Chlorophyll_A_001_phosphate_plate5.tif,1,800.000,800,800
27290,F8_01_1_2_Chlorophyll_A_001_phosphate_plate5.tif,1,800.000,800,800
27291,F8_01_1_2_Chlorophyll_A_001_phosphate_plate5.tif,1,864.000,864,864
27292,F8_01_1_2_Chlorophyll_A_001_phosphate_plate5.tif,1,784.000,784,784
27293,F8_01_1_2_Chlorophyll_A_001_phosphate_plate5.tif,1,800.000,800,800
27294,F8_01_1_2_Chlorophyll_A_001_phosphate_plate5.tif,1,768.000,768,768
27295,F8_01_1_2_Chlorophyll_A_001_phosphate_plate5.tif,1,848.000,848,848
27296,F8_01_1_2_Chlorophyll_A_001_phosphate_plate5.tif,1,800.000,800,800
27297,F8_01_1_2_Chlorophyll_A_001_phosphate_plate5.tif,1,784.000,784,784
27298,F8_01_1_2_Chlorophyll_A_001_phosphate_plate5.tif,1,816.000,816,816
27299,F8_01_1_2_Chlorophyll_A_001_phosphate_plate5.tif,1,800.000,800,800
27300,F8_01_1_2_Chlorophyll_A_001_phosphate_plate5.tif,1,880.000,880,880
27301,F8_01_1_2_Chlorophyll_A_001_phosphate_plate5.tif,1,928.000,928,928
27302,F8_01_1_2_Chlorophyll_A_001_phosphate_plate5.tif,2,792.000,768,816
27303,F8_01_1_2_Chlorophyll_A_001_phosphate_plate5.tif,2,800.000,784,816
27304,F8_01_1_2_Chlorophyll_A_001_phosphate_plate5.tif,1,768.000,768,768
27305,F8_01_1_2_Chlorophyll_A_001_phosphate_plate5.tif,1,896.000,896,896
27306,F8_01_1_2_Chlorophyll_A_001_phosphate_plate5.tif,1,800.000,800,800
27307,F8_01_1_2_Chlorophyll_A_001_phosphate_plate5.tif,1,784.000,784,784
27308,F8_01_1_2_Chlorophyll_A_001_phosphate_plate5.tif,2,832.000,784,880
27309,F8_01_1_2_Chlorophyll_A_001_phosphate_plate5.tif,1,768.000,768,768
27310,F8_01_1_2_Chlorophyll_A_001_phosphate_plate5.tif,1,816.000,816,816
27311,F8_01_1_2_Chlorophyll_A_001_phosphate_plate5.tif,12,921.333,784,1056
27312,F8_01_1_2_Chlorophyll_A_001_phosphate_plate5.tif,18,957.333,768,1168
27313,F8_01_1_2_Chlorophyll_A_001_phosphate_plate5.tif,20,945.600,784,1216
27314,F8_01_1_2_Chlorophyll_A_001_phosphate_plate5.tif,11,877.091,816,944
27315,F8_01_1_2_Chlorophyll_A_001_phosphate_plate5.tif,15,850.133,768,944
27316,F8_01_1_2_Chlorophyll_A_001_phosphate_plate5.tif,28,878.857,768,1104
27317,F8_01_1_2_Chlorophyll_A_001_phosphate_plate5.tif,4,848.000,816,944
27318,F8_01_1_2_Chlorophyll_A_001_phosphate_plate5.tif,2,840.000,832,848
27319,F8_01_1_2_Chlorophyll_A_001_phosphate_plate5.tif,2,952.000,896,1008
27320,F8_01_1_2_Chlorophyll_A_001_phosphate_plate5.tif,2,824.000,768,880
27321,F8_01_1_2_Chlorophyll_A_001_phosphate_plate5.tif,1,832.000,832,832
27322,F8_01_1_2_Chlorophyll_A_001_phosphate_plate5.tif,4,900.000,800,1008
27323,F8_01_1_2_Chlorophyll_A_001_phosphate_plate5.tif,2,896.000,864,928
27324,F8_01_1_2_Chlorophyll_A_001_phosphate_plate5.tif,1,880.000,880,880
27325,F8_01_1_2_Chlorophyll_A_001_phosphate_plate5.tif,5,812.800,784,848
27326,F8_01_1_2_Chlorophyll_A_001_phosphate_plate5.tif,6,901.333,832,992
27327,F8_01_1_2_Chlorophyll_A_001_phosphate_plate5.tif,2,856.000,800,912
27328,F8_01_1_2_Chlorophyll_A_001_phosphate_plate5.tif,1,960.000,960,960
27329,F8_01_1_2_Chlorophyll_A_001_phosphate_plate5.tif,2,848.000,816,880
27330,F8_01_1_2_Chlorophyll_A_001_phosphate_plate5.tif,1,832.000,832,832
27331,F8_01_1_2_Chlorophyll_A_001_phosphate_plate5.tif,1,816.000,816,816
27332,F8_01_1_2_Chlorophyll_A_001_phosphate_plate5.tif,2,872.000,848,896
27333,F8_01_1_2_Chlorophyll_A_001_phosphate_plate5.tif,1,848.000,848,848
27334,F8_01_1_2_Chlorophyll_A_001_phosphate_plate5.tif,2,872.000,848,896
27335,F8_01_1_2_Chlorophyll_A_001_phosphate_plate5.tif,4,824.000,784,864
27336,F8_01_1_2_Chlorophyll_A_001_phosphate_plate5.tif,2,832.000,800,864
27337,F8_01_1_2_Chlorophyll_A_001_phosphate_plate5.tif,1,912.000,912,912
27338,F8_01_1_2_Chlorophyll_A_001_phosphate_plate5.tif,1,896.000,896,896
27339,F8_01_1_2_Chlorophyll_A_001_phosphate_plate5.tif,3,816.000,768,912
27340,F8_01_1_2_Chlorophyll_A_001_phosphate_plate5.tif,1,816.000,816,816
27341,F8_01_1_2_Chlorophyll_A_001_phosphate_plate5.tif,1,816.000,816,816
27342,F8_01_1_2_Chlorophyll_A_001_phosphate_plate5.tif,1,864.000,864,864
27343,F8_01_1_2_Chlorophyll_A_001_phosphate_plate5.tif,2,800.000,768,832
27344,F8_01_1_2_Chlorophyll_A_001_phosphate_plate5.tif,6,834.667,768,912
27345,F8_01_1_2_Chlorophyll_A_001_phosphate_plate5.tif,1,768.000,768,768
27346,F8_01_1_2_Chlorophyll_A_001_phosphate_plate5.tif,5,924.800,800,1056
27347,F8_01_1_2_Chlorophyll_A_001_phosphate_plate5.tif,4,848.000,800,960
27348,F8_01_1_2_Chlorophyll_A_001_phosphate_plate5.tif,1,784.000,784,784
27349,F8_01_1_2_Chlorophyll_A_001_phosphate_plate5.tif,5,812.800,768,944
27350,F8_01_1_2_Chlorophyll_A_001_phosphate_plate5.tif,1,768.000,768,768
27351,F8_01_1_2_Chlorophyll_A_001_phosphate_plate5.tif,1,816.000,816,816
27352,F8_01_1_2_Chlorophyll_A_001_phosphate_plate5.tif,1,864.000,864,864
27353,F8_01_1_2_Chlorophyll_A_001_phosphate_plate5.tif,2,816.000,816,816
27354,F8_01_1_2_Chlorophyll_A_001_phosphate_plate5.tif,2,824.000,816,832
27355,F8_01_1_2_Chlorophyll_A_001_phosphate_plate5.tif,1,832.000,832,832
27356,F8_01_1_2_Chlorophyll_A_001_phosphate_plate5.tif,3,869.333,816,960
27357,F8_01_1_2_Chlorophyll_A_001_phosphate_plate5.tif,2,864.000,848,880
27358,F8_01_1_2_Chlorophyll_A_001_phosphate_plate5.tif,1,816.000,816,816
27359,F8_01_1_2_Chlorophyll_A_001_phosphate_plate5.tif,1,768.000,768,768
27360,F8_01_1_2_Chlorophyll_A_001_phosphate_plate5.tif,1,896.000,896,896
27361,F8_01_1_2_Chlorophyll_A_001_phosphate_plate5.tif,1,912.000,912,912
27362,F8_01_1_2_Chlorophyll_A_001_phosphate_plate5.tif,1,768.000,768,768
27363,F8_01_1_2_Chlorophyll_A_001_phosphate_plate5.tif,1,896.000,896,896
27364,F8_01_1_2_Chlorophyll_A_001_phosphate_plate5.tif,1,864.000,864,864
27365,F8_01_1_2_Chlorophyll_A_001_phosphate_plate5.tif,1,976.000,976,976
27366,F8_01_1_2_Chlorophyll_A_001_phosphate_plate5.tif,1,1024.000,1024,1024
27367,F8_01_1_2_Chlorophyll_A_001_phosphate_plate5.tif,4,844.000,768,944
27368,F8_01_1_2_Chlorophyll_A_001_phosphate_plate5.tif,1,800.000,800,800
27369,F8_01_1_2_Chlorophyll_A_001_phosphate_plate5.tif,1,928.000,928,928
27370,F8_01_1_2_Chlorophyll_A_001_phosphate_plate5.tif,1,848.000,848,848
27371,F8_01_1_2_Chlorophyll_A_001_phosphate_plate5.tif,1,848.000,848,848
27372,F8_01_1_2_Chlorophyll_A_001_phosphate_plate5.tif,1,768.000,768,768
27373,F8_01_1_2_Chlorophyll_A_001_phosphate_plate5.tif,1,784.000,784,784
27374,F8_01_1_2_Chlorophyll_A_001_phosphate_plate5.tif,2,848.000,768,928
27375,F8_01_1_2_Chlorophyll_A_001_phosphate_plate5.tif,2,872.000,864,880
27376,F8_01_1_2_Chlorophyll_A_001_phosphate_plate5.tif,27,895.407,768,1088
27377,F8_01_1_2_Chlorophyll_A_001_phosphate_plate5.tif,39,940.308,768,1296
27378,F8_01_1_2_Chlorophyll_A_001_phosphate_plate5.tif,21,939.429,768,1184
27379,F8_01_1_2_Chlorophyll_A_001_phosphate_plate5.tif,2,864.000,848,880
27380,F8_01_1_2_Chlorophyll_A_001_phosphate_plate5.tif,19,840.421,768,1040
27381,F8_01_1_2_Chlorophyll_A_001_phosphate_plate5.tif,1,880.000,880,880
27382,F8_01_1_2_Chlorophyll_A_001_phosphate_plate5.tif,2,920.000,880,960
27383,F8_01_1_2_Chlorophyll_A_001_phosphate_plate5.tif,9,848.000,768,928
27384,F8_01_1_2_Chlorophyll_A_001_phosphate_plate5.tif,2,1040.000,992,1088
27385,F8_01_1_2_Chlorophyll_A_001_phosphate_plate5.tif,11,881.455,768,1232
27386,F8_01_1_2_Chlorophyll_A_001_phosphate_plate5.tif,4,872.000,768,976
27387,F8_01_1_2_Chlorophyll_A_001_phosphate_plate5.tif,1,912.000,912,912
27388,F8_01_1_2_Chlorophyll_A_001_phosphate_plate5.tif,4,820.000,768,880
27389,F8_01_1_2_Chlorophyll_A_001_phosphate_plate5.tif,1,800.000,800,800
27390,F8_01_1_2_Chlorophyll_A_001_phosphate_plate5.tif,2,824.000,784,864
27391,F8_01_1_2_Chlorophyll_A_001_phosphate_plate5.tif,1,832.000,832,832
27392,F8_01_1_2_Chlorophyll_A_001_phosphate_plate5.tif,1,800.000,800,800
27393,F8_01_1_2_Chlorophyll_A_001_phosphate_plate5.tif,1,848.000,848,848
27394,F8_01_1_2_Chlorophyll_A_001_phosphate_plate5.tif,1,768.000,768,768
27395,F8_01_1_2_Chlorophyll_A_001_phosphate_plate5.tif,2,880.000,800,960
27396,F8_01_1_2_Chlorophyll_A_001_phosphate_plate5.tif,2,824.000,784,864
27397,F8_01_1_2_Chlorophyll_A_001_phosphate_plate5.tif,1,768.000,768,768
27398,F8_01_1_2_Chlorophyll_A_001_phosphate_plate5.tif,2,784.000,768,800
27399,F8_01_1_2_Chlorophyll_A_001_phosphate_plate5.tif,1,768.000,768,768
27400,F8_01_1_2_Chlorophyll_A_001_phosphate_plate5.tif,6,832.000,768,896
27401,F8_01_1_2_Chlorophyll_A_001_phosphate_plate5.tif,1,768.000,768,768
27402,F8_01_1_2_Chlorophyll_A_001_phosphate_plate5.tif,2,848.000,768,928
27403,F8_01_1_2_Chlorophyll_A_001_phosphate_plate5.tif,4,824.000,768,880
27404,F8_01_1_2_Chlorophyll_A_001_phosphate_plate5.tif,2,792.000,768,816
27405,F8_01_1_2_Chlorophyll_A_001_phosphate_plate5.tif,3,826.667,784,912
27406,F8_01_1_2_Chlorophyll_A_001_phosphate_plate5.tif,1,768.000,768,768
27407,F8_01_1_2_Chlorophyll_A_001_phosphate_plate5.tif,4,832.000,784,880
27408,F8_01_1_2_Chlorophyll_A_001_phosphate_plate5.tif,3,805.333,784,832
27409,F8_01_1_2_Chlorophyll_A_001_phosphate_plate5.tif,1,784.000,784,784
27410,F8_01_1_2_Chlorophyll_A_001_phosphate_plate5.tif,1,768.000,768,768
27411,F8_01_1_2_Chlorophyll_A_001_phosphate_plate5.tif,1,864.000,864,864
27412,F8_01_1_2_Chlorophyll_A_001_phosphate_plate5.tif,1,816.000,816,816
27413,F8_01_1_2_Chlorophyll_A_001_phosphate_plate5.tif,1,880.000,880,880
27414,F8_01_1_2_Chlorophyll_A_001_phosphate_plate5.tif,1,768.000,768,768
27415,F8_01_1_2_Chlorophyll_A_001_phosphate_plate5.tif,2,824.000,816,832
27416,F8_01_1_2_Chlorophyll_A_001_phosphate_plate5.tif,2,816.000,800,832
27417,F8_01_1_2_Chlorophyll_A_001_phosphate_plate5.tif,2,816.000,784,848
27418,F8_01_1_2_Chlorophyll_A_001_phosphate_plate5.tif,2,840.000,768,912
27419,F8_01_1_2_Chlorophyll_A_001_phosphate_plate5.tif,2,880.000,880,880
27420,F8_01_1_2_Chlorophyll_A_001_phosphate_plate5.tif,6,866.667,800,976
27421,F8_01_1_2_Chlorophyll_A_001_phosphate_plate5.tif,1,816.000,816,816
27422,F8_01_1_2_Chlorophyll_A_001_phosphate_plate5.tif,1,848.000,848,848
27423,F8_01_1_2_Chlorophyll_A_001_phosphate_plate5.tif,9,920.889,768,1088
27424,F8_01_1_2_Chlorophyll_A_001_phosphate_plate5.tif,2,792.000,768,816
27425,F8_01_1_2_Chlorophyll_A_001_phosphate_plate5.tif,4,804.000,768,880
27426,F8_01_1_2_Chlorophyll_A_001_phosphate_plate5.tif,3,896.000,800,1024
27427,F8_01_1_2_Chlorophyll_A_001_phosphate_plate5.tif,2,832.000,800,864
27428,F8_01_1_2_Chlorophyll_A_001_phosphate_plate5.tif,3,848.000,816,864
27429,F8_01_1_2_Chlorophyll_A_001_phosphate_plate5.tif,1,1008.000,1008,1008
27430,F8_01_1_2_Chlorophyll_A_001_phosphate_plate5.tif,6,901.333,816,976
27431,F8_01_1_2_Chlorophyll_A_001_phosphate_plate5.tif,7,845.714,784,928
27432,F8_01_1_2_Chlorophyll_A_001_phosphate_plate5.tif,5,828.800,800,880
27433,F8_01_1_2_Chlorophyll_A_001_phosphate_plate5.tif,1,816.000,816,816
27434,F8_01_1_2_Chlorophyll_A_001_phosphate_plate5.tif,2,888.000,768,1008
27435,F8_01_1_2_Chlorophyll_A_001_phosphate_plate5.tif,2,808.000,784,832
27436,F8_01_1_2_Chlorophyll_A_001_phosphate_plate5.tif,2,792.000,768,816
27437,F8_01_1_2_Chlorophyll_A_001_phosphate_plate5.tif,1,784.000,784,784
27438,F8_01_1_2_Chlorophyll_A_001_phosphate_plate5.tif,7,816.000,768,880
27439,F8_01_1_2_Chlorophyll_A_001_phosphate_plate5.tif,16,848.000,768,1040
27440,F8_01_1_2_Chlorophyll_A_001_phosphate_plate5.tif,2,808.000,800,816
27441,F8_01_1_2_Chlorophyll_A_001_phosphate_plate5.tif,1,800.000,800,800
27442,F8_01_1_2_Chlorophyll_A_001_phosphate_plate5.tif,3,853.333,816,912
27443,F8_01_1_2_Chlorophyll_A_001_phosphate_plate5.tif,1,784.000,784,784
27444,F8_01_1_2_Chlorophyll_A_001_phosphate_plate5.tif,1,800.000,800,800
27445,F8_01_1_2_Chlorophyll_A_001_phosphate_plate5.tif,1,864.000,864,864
27446,F8_01_1_2_Chlorophyll_A_001_phosphate_plate5.tif,1,864.000,864,864
27447,F8_01_1_2_Chlorophyll_A_001_phosphate_plate5.tif,1,912.000,912,912
27448,F8_01_1_2_Chlorophyll_A_001_phosphate_plate5.tif,1,864.000,864,864
27449,F8_01_1_2_Chlorophyll_A_001_phosphate_plate5.tif,1,880.000,880,880
27450,F8_01_1_2_Chlorophyll_A_001_phosphate_plate5.tif,3,789.333,768,816
27451,F8_01_1_2_Chlorophyll_A_001_phosphate_plate5.tif,1,768.000,768,768
27452,F8_01_1_2_Chlorophyll_A_001_phosphate_plate5.tif,1,832.000,832,832
27453,F8_01_1_2_Chlorophyll_A_001_phosphate_plate5.tif,1,896.000,896,896
27454,F8_01_1_2_Chlorophyll_A_001_phosphate_plate5.tif,1,768.000,768,768
27455,F8_01_1_2_Chlorophyll_A_001_phosphate_plate5.tif,1,800.000,800,800
27456,F8_01_1_2_Chlorophyll_A_001_phosphate_plate5.tif,1,912.000,912,912
27457,F8_01_1_2_Chlorophyll_A_001_phosphate_plate5.tif,1,784.000,784,784
27458,F8_01_1_2_Chlorophyll_A_001_phosphate_plate5.tif,1,784.000,784,784
27459,F8_01_1_2_Chlorophyll_A_001_phosphate_plate5.tif,1,896.000,896,896
27460,F8_01_1_2_Chlorophyll_A_001_phosphate_plate5.tif,2,856.000,848,864
27461,F8_01_1_2_Chlorophyll_A_001_phosphate_plate5.tif,2,872.000,864,880
27462,F8_01_1_2_Chlorophyll_A_001_phosphate_plate5.tif,2,888.000,880,896
27463,F8_01_1_2_Chlorophyll_A_001_phosphate_plate5.tif,1,832.000,832,832
27464,F8_01_1_2_Chlorophyll_A_001_phosphate_plate5.tif,1,896.000,896,896
27465,F8_01_1_2_Chlorophyll_A_001_phosphate_plate5.tif,4,900.000,768,1232
27466,F8_01_1_2_Chlorophyll_A_001_phosphate_plate5.tif,5,860.800,768,992
27467,F8_01_1_2_Chlorophyll_A_001_phosphate_plate5.tif,63,956.698,768,1456
27468,F8_01_1_2_Chlorophyll_A_001_phosphate_plate5.tif,11,936.727,768,1104
27469,F8_01_1_2_Chlorophyll_A_001_phosphate_plate5.tif,56,874.571,768,1040
27470,F8_01_1_2_Chlorophyll_A_001_phosphate_plate5.tif,12,832.000,768,960
27471,F8_01_1_2_Chlorophyll_A_001_phosphate_plate5.tif,1,848.000,848,848
27472,F8_01_1_2_Chlorophyll_A_001_phosphate_plate5.tif,26,878.769,768,1072
27473,F8_01_1_2_Chlorophyll_A_001_phosphate_plate5.tif,7,845.714,768,976
27474,F8_01_1_2_Chlorophyll_A_001_phosphate_plate5.tif,1,800.000,800,800
27475,F8_01_1_2_Chlorophyll_A_001_phosphate_plate5.tif,3,901.333,800,960
27476,F8_01_1_2_Chlorophyll_A_001_phosphate_plate5.tif,1,848.000,848,848
27477,F8_01_1_2_Chlorophyll_A_001_phosphate_plate5.tif,1,816.000,816,816
27478,F8_01_1_2_Chlorophyll_A_001_phosphate_plate5.tif,2,808.000,768,848
27479,F8_01_1_2_Chlorophyll_A_001_phosphate_plate5.tif,2,808.000,800,816
27480,F8_01_1_2_Chlorophyll_A_001_phosphate_plate5.tif,1,976.000,976,976
27481,F8_01_1_2_Chlorophyll_A_001_phosphate_plate5.tif,1,912.000,912,912
27482,F8_01_1_2_Chlorophyll_A_001_phosphate_plate5.tif,1,880.000,880,880
27483,F8_01_1_2_Chlorophyll_A_001_phosphate_plate5.tif,1,816.000,816,816
27484,F8_01_1_2_Chlorophyll_A_001_phosphate_plate5.tif,1,784.000,784,784
27485,F8_01_1_2_Chlorophyll_A_001_phosphate_plate5.tif,1,800.000,800,800
27486,F8_01_1_2_Chlorophyll_A_001_phosphate_plate5.tif,1,832.000,832,832
27487,F8_01_1_2_Chlorophyll_A_001_phosphate_plate5.tif,3,853.333,816,880
27488,F8_01_1_2_Chlorophyll_A_001_phosphate_plate5.tif,1,784.000,784,784
27489,F8_01_1_2_Chlorophyll_A_001_phosphate_plate5.tif,4,792.000,768,816
27490,F8_01_1_2_Chlorophyll_A_001_phosphate_plate5.tif,5,803.200,768,864
27491,F8_01_1_2_Chlorophyll_A_001_phosphate_plate5.tif,1,960.000,960,960
27492,F8_01_1_2_Chlorophyll_A_001_phosphate_plate5.tif,1,864.000,864,864
27493,F8_01_1_2_Chlorophyll_A_001_phosphate_plate5.tif,1,832.000,832,832
27494,F8_01_1_2_Chlorophyll_A_001_phosphate_plate5.tif,1,848.000,848,848
27495,F8_01_1_2_Chlorophyll_A_001_phosphate_plate5.tif,2,824.000,784,864
27496,F8_01_1_2_Chlorophyll_A_001_phosphate_plate5.tif,1,864.000,864,864
27497,F8_01_1_2_Chlorophyll_A_001_phosphate_plate5.tif,1,896.000,896,896
27498,F8_01_1_2_Chlorophyll_A_001_phosphate_plate5.tif,1,800.000,800,800
27499,F8_01_1_2_Chlorophyll_A_001_phosphate_plate5.tif,1,864.000,864,864
27500,F8_01_1_2_Chlorophyll_A_001_phosphate_plate5.tif,2,768.000,768,768
27501,F8_01_1_2_Chlorophyll_A_001_phosphate_plate5.tif,2,864.000,864,864
27502,F8_01_1_2_Chlorophyll_A_001_phosphate_plate5.tif,1,864.000,864,864
27503,F8_01_1_2_Chlorophyll_A_001_phosphate_plate5.tif,1,848.000,848,848
27504,F8_01_1_2_Chlorophyll_A_001_phosphate_plate5.tif,1,864.000,864,864
27505,F8_01_1_2_Chlorophyll_A_001_phosphate_plate5.tif,1,784.000,784,784
27506,F8_01_1_2_Chlorophyll_A_001_phosphate_plate5.tif,1,784.000,784,784
27507,F8_01_1_2_Chlorophyll_A_001_phosphate_plate5.tif,1,768.000,768,768
27508,F8_01_1_2_Chlorophyll_A_001_phosphate_plate5.tif,1,768.000,768,768
27509,F8_01_1_2_Chlorophyll_A_001_phosphate_plate5.tif,1,816.000,816,816
27510,F8_01_1_2_Chlorophyll_A_001_phosphate_plate5.tif,1,768.000,768,768
27511,F8_01_1_2_Chlorophyll_A_001_phosphate_plate5.tif,2,816.000,800,832
27512,F8_01_1_2_Chlorophyll_A_001_phosphate_plate5.tif,3,864.000,816,912
27513,F8_01_1_2_Chlorophyll_A_001_phosphate_plate5.tif,1,784.000,784,784
27514,F8_01_1_2_Chlorophyll_A_001_phosphate_plate5.tif,15,857.600,768,976
27515,F8_01_1_2_Chlorophyll_A_001_phosphate_plate5.tif,6,933.333,848,992
27516,F8_01_1_2_Chlorophyll_A_001_phosphate_plate5.tif,28,893.143,768,1152
27517,F8_01_1_2_Chlorophyll_A_001_phosphate_plate5.tif,64,889.750,768,1136
27518,F8_01_1_2_Chlorophyll_A_001_phosphate_plate5.tif,64,869.750,768,1152
27519,F8_01_1_2_Chlorophyll_A_001_phosphate_plate5.tif,10,819.200,784,880
27520,F8_01_1_2_Chlorophyll_A_001_phosphate_plate5.tif,1,816.000,816,816
27521,F8_01_1_2_Chlorophyll_A_001_phosphate_plate5.tif,1,832.000,832,832
27522,F8_01_1_2_Chlorophyll_A_001_phosphate_plate5.tif,4,852.000,768,1008
27523,F8_01_1_2_Chlorophyll_A_001_phosphate_plate5.tif,1,816.000,816,816
27524,F8_01_1_2_Chlorophyll_A_001_phosphate_plate5.tif,25,833.280,768,1056
27525,F8_01_1_2_Chlorophyll_A_001_phosphate_plate5.tif,1,944.000,944,944
27526,F8_01_1_2_Chlorophyll_A_001_phosphate_plate5.tif,2,912.000,816,1008
27527,F8_01_1_2_Chlorophyll_A_001_phosphate_plate5.tif,3,805.333,784,832
27528,F8_01_1_2_Chlorophyll_A_001_phosphate_plate5.tif,2,944.000,832,1056
27529,F8_01_1_2_Chlorophyll_A_001_phosphate_plate5.tif,3,837.333,800,896
27530,F8_01_1_2_Chlorophyll_A_001_phosphate_plate5.tif,1,768.000,768,768
27531,F8_01_1_2_Chlorophyll_A_001_phosphate_plate5.tif,4,888.000,768,1040
27532,F8_01_1_2_Chlorophyll_A_001_phosphate_plate5.tif,1,784.000,784,784
27533,F8_01_1_2_Chlorophyll_A_001_phosphate_plate5.tif,2,864.000,816,912
27534,F8_01_1_2_Chlorophyll_A_001_phosphate_plate5.tif,1,784.000,784,784
27535,F8_01_1_2_Chlorophyll_A_001_phosphate_plate5.tif,1,768.000,768,768
27536,F8_01_1_2_Chlorophyll_A_001_phosphate_plate5.tif,132,1724.727,768,10080
27537,F8_01_1_2_Chlorophyll_A_001_phosphate_plate5.tif,1,880.000,880,880
27538,F8_01_1_2_Chlorophyll_A_001_phosphate_plate5.tif,2,832.000,816,848
27539,F8_01_1_2_Chlorophyll_A_001_phosphate_plate5.tif,3,810.667,768,864
27540,F8_01_1_2_Chlorophyll_A_001_phosphate_plate5.tif,1,768.000,768,768
27541,F8_01_1_2_Chlorophyll_A_001_phosphate_plate5.tif,1,784.000,784,784
27542,F8_01_1_2_Chlorophyll_A_001_phosphate_plate5.tif,1,896.000,896,896
27543,F8_01_1_2_Chlorophyll_A_001_phosphate_plate5.tif,4,852.000,816,896
27544,F8_01_1_2_Chlorophyll_A_001_phosphate_plate5.tif,1,800.000,800,800
27545,F8_01_1_2_Chlorophyll_A_001_phosphate_plate5.tif,1,1104.000,1104,1104
27546,F8_01_1_2_Chlorophyll_A_001_phosphate_plate5.tif,1,784.000,784,784
27547,F8_01_1_2_Chlorophyll_A_001_phosphate_plate5.tif,1,784.000,784,784
27548,F8_01_1_2_Chlorophyll_A_001_phosphate_plate5.tif,1,816.000,816,816
27549,F8_01_1_2_Chlorophyll_A_001_phosphate_plate5.tif,1,784.000,784,784
27550,F8_01_1_2_Chlorophyll_A_001_phosphate_plate5.tif,1,768.000,768,768
27551,F8_01_1_2_Chlorophyll_A_001_phosphate_plate5.tif,1,832.000,832,832
27552,F8_01_1_2_Chlorophyll_A_001_phosphate_plate5.tif,1,832.000,832,832
27553,F8_01_1_2_Chlorophyll_A_001_phosphate_plate5.tif,2,792.000,768,816
27554,F8_01_1_2_Chlorophyll_A_001_phosphate_plate5.tif,1,816.000,816,816
27555,F8_01_1_2_Chlorophyll_A_001_phosphate_plate5.tif,1,784.000,784,784
27556,F8_01_1_2_Chlorophyll_A_001_phosphate_plate5.tif,2,808.000,784,832
27557,F8_01_1_2_Chlorophyll_A_001_phosphate_plate5.tif,3,794.667,784,800
27558,F8_01_1_2_Chlorophyll_A_001_phosphate_plate5.tif,1,784.000,784,784
27559,F8_01_1_2_Chlorophyll_A_001_phosphate_plate5.tif,1,848.000,848,848
27560,F8_01_1_2_Chlorophyll_A_001_phosphate_plate5.tif,1,800.000,800,800
27561,F8_01_1_2_Chlorophyll_A_001_phosphate_plate5.tif,2,808.000,768,848
27562,F8_01_1_2_Chlorophyll_A_001_phosphate_plate5.tif,18,955.556,784,1152
27563,F8_01_1_2_Chlorophyll_A_001_phosphate_plate5.tif,56,952.286,768,1264
27564,F8_01_1_2_Chlorophyll_A_001_phosphate_plate5.tif,81,876.247,768,1168
27565,F8_01_1_2_Chlorophyll_A_001_phosphate_plate5.tif,1,928.000,928,928
27566,F8_01_1_2_Chlorophyll_A_001_phosphate_plate5.tif,1,816.000,816,816
27567,F8_01_1_2_Chlorophyll_A_001_phosphate_plate5.tif,6,858.667,800,912
27568,F8_01_1_2_Chlorophyll_A_001_phosphate_plate5.tif,3,848.000,784,960
27569,F8_01_1_2_Chlorophyll_A_001_phosphate_plate5.tif,4,860.000,768,1056
27570,F8_01_1_2_Chlorophyll_A_001_phosphate_plate5.tif,3,826.667,800,880
27571,F8_01_1_2_Chlorophyll_A_001_phosphate_plate5.tif,2,888.000,848,928
27572,F8_01_1_2_Chlorophyll_A_001_phosphate_plate5.tif,1,832.000,832,832
27573,F8_01_1_2_Chlorophyll_A_001_phosphate_plate5.tif,3,901.333,864,976
27574,F8_01_1_2_Chlorophyll_A_001_phosphate_plate5.tif,3,848.000,832,880
27575,F8_01_1_2_Chlorophyll_A_001_phosphate_plate5.tif,2,888.000,768,1008
27576,F8_01_1_2_Chlorophyll_A_001_phosphate_plate5.tif,5,822.400,768,976
27577,F8_01_1_2_Chlorophyll_A_001_phosphate_plate5.tif,1,816.000,816,816
27578,F8_01_1_2_Chlorophyll_A_001_phosphate_plate5.tif,1,832.000,832,832
27579,F8_01_1_2_Chlorophyll_A_001_phosphate_plate5.tif,1,880.000,880,880
27580,F8_01_1_2_Chlorophyll_A_001_phosphate_plate5.tif,1,864.000,864,864
27581,F8_01_1_2_Chlorophyll_A_001_phosphate_plate5.tif,1,784.000,784,784
27582,F8_01_1_2_Chlorophyll_A_001_phosphate_plate5.tif,1,864.000,864,864
27583,F8_01_1_2_Chlorophyll_A_001_phosphate_plate5.tif,3,869.333,800,944
27584,F8_01_1_2_Chlorophyll_A_001_phosphate_plate5.tif,1,832.000,832,832
27585,F8_01_1_2_Chlorophyll_A_001_phosphate_plate5.tif,1,912.000,912,912
27586,F8_01_1_2_Chlorophyll_A_001_phosphate_plate5.tif,1,768.000,768,768
27587,F8_01_1_2_Chlorophyll_A_001_phosphate_plate5.tif,1,768.000,768,768
27588,F8_01_1_2_Chlorophyll_A_001_phosphate_plate5.tif,1,848.000,848,848
27589,F8_01_1_2_Chlorophyll_A_001_phosphate_plate5.tif,1,896.000,896,896
27590,F8_01_1_2_Chlorophyll_A_001_phosphate_plate5.tif,2,816.000,816,816
27591,F8_01_1_2_Chlorophyll_A_001_phosphate_plate5.tif,1,912.000,912,912
27592,F8_01_1_2_Chlorophyll_A_001_phosphate_plate5.tif,1,800.000,800,800
27593,F8_01_1_2_Chlorophyll_A_001_phosphate_plate5.tif,1,816.000,816,816
27594,F8_01_1_2_Chlorophyll_A_001_phosphate_plate5.tif,1,832.000,832,832
27595,F8_01_1_2_Chlorophyll_A_001_phosphate_plate5.tif,1,800.000,800,800
27596,F8_01_1_2_Chlorophyll_A_001_phosphate_plate5.tif,1,784.000,784,784
27597,F8_01_1_2_Chlorophyll_A_001_phosphate_plate5.tif,1,800.000,800,800
27598,F8_01_1_2_Chlorophyll_A_001_phosphate_plate5.tif,1,768.000,768,768
27599,F8_01_1_2_Chlorophyll_A_001_phosphate_plate5.tif,1,800.000,800,800
27600,F8_01_1_2_Chlorophyll_A_001_phosphate_plate5.tif,1,816.000,816,816
27601,F8_01_1_2_Chlorophyll_A_001_phosphate_plate5.tif,1,896.000,896,896
27602,F8_01_1_2_Chlorophyll_A_001_phosphate_plate5.tif,3,800.000,768,864
27603,F8_01_1_2_Chlorophyll_A_001_phosphate_plate5.tif,1,784.000,784,784
27604,F8_01_1_2_Chlorophyll_A_001_phosphate_plate5.tif,2,824.000,800,848
27605,F8_01_1_2_Chlorophyll_A_001_phosphate_plate5.tif,1,768.000,768,768
27606,F8_01_1_2_Chlorophyll_A_001_phosphate_plate5.tif,2,792.000,784,800
27607,F8_01_1_2_Chlorophyll_A_001_phosphate_plate5.tif,1,800.000,800,800
27608,F8_01_1_2_Chlorophyll_A_001_phosphate_plate5.tif,1,768.000,768,768
27609,F8_01_1_2_Chlorophyll_A_001_phosphate_plate5.tif,1,912.000,912,912
27610,F8_01_1_2_Chlorophyll_A_001_phosphate_plate5.tif,1,800.000,800,800
27611,F8_01_1_2_Chlorophyll_A_001_phosphate_plate5.tif,1,784.000,784,784
27612,F8_01_1_2_Chlorophyll_A_001_phosphate_plate5.tif,1,800.000,800,800
27613,F8_01_1_2_Chlorophyll_A_001_phosphate_plate5.tif,1,864.000,864,864
27614,F8_01_1_2_Chlorophyll_A_001_phosphate_plate5.tif,1,816.000,816,816
27615,F8_01_1_2_Chlorophyll_A_001_phosphate_plate5.tif,1,784.000,784,784
27616,F8_01_1_2_Chlorophyll_A_001_phosphate_plate5.tif,2,816.000,816,816
27617,F8_01_1_2_Chlorophyll_A_001_phosphate_plate5.tif,1,784.000,784,784
27618,F8_01_1_2_Chlorophyll_A_001_phosphate_plate5.tif,1,800.000,800,800
27619,F8_01_1_2_Chlorophyll_A_001_phosphate_plate5.tif,3,933.333,768,1152
27620,F8_01_1_2_Chlorophyll_A_001_phosphate_plate5.tif,28,882.857,768,1280
27621,F8_01_1_2_Chlorophyll_A_001_phosphate_plate5.tif,55,914.327,768,1312
27622,F8_01_1_2_Chlorophyll_A_001_phosphate_plate5.tif,55,927.418,768,1232
27623,F8_01_1_2_Chlorophyll_A_001_phosphate_plate5.tif,72,962.444,768,1264
27624,F8_01_1_2_Chlorophyll_A_001_phosphate_plate5.tif,60,957.333,768,1248
27625,F8_01_1_2_Chlorophyll_A_001_phosphate_plate5.tif,13,897.231,768,1168
27626,F8_01_1_2_Chlorophyll_A_001_phosphate_plate5.tif,18,903.111,784,1120
27627,F8_01_1_2_Chlorophyll_A_001_phosphate_plate5.tif,350,1848.594,768,16192
27628,F8_01_1_2_Chlorophyll_A_001_phosphate_plate5.tif,1,784.000,784,784
27629,F8_01_1_2_Chlorophyll_A_001_phosphate_plate5.tif,1,784.000,784,784
27630,F8_01_1_2_Chlorophyll_A_001_phosphate_plate5.tif,1,912.000,912,912
27631,F8_01_1_2_Chlorophyll_A_001_phosphate_plate5.tif,2,808.000,784,832
27632,F8_01_1_2_Chlorophyll_A_001_phosphate_plate5.tif,3,826.667,784,880
27633,F8_01_1_2_Chlorophyll_A_001_phosphate_plate5.tif,5,838.400,784,928
27634,F8_01_1_2_Chlorophyll_A_001_phosphate_plate5.tif,8,828.000,768,928
27635,F8_01_1_2_Chlorophyll_A_001_phosphate_plate5.tif,4,844.000,768,944
27636,F8_01_1_2_Chlorophyll_A_001_phosphate_plate5.tif,7,838.857,784,896
27637,F8_01_1_2_Chlorophyll_A_001_phosphate_plate5.tif,3,789.333,768,800
27638,F8_01_1_2_Chlorophyll_A_001_phosphate_plate5.tif,1,960.000,960,960
27639,F8_01_1_2_Chlorophyll_A_001_phosphate_plate5.tif,1,864.000,864,864
27640,F8_01_1_2_Chlorophyll_A_001_phosphate_plate5.tif,5,848.000,800,912
27641,F8_01_1_2_Chlorophyll_A_001_phosphate_plate5.tif,1,800.000,800,800
27642,F8_01_1_2_Chlorophyll_A_001_phosphate_plate5.tif,2,864.000,800,928
27643,F8_01_1_2_Chlorophyll_A_001_phosphate_plate5.tif,10,819.200,768,992
27644,F8_01_1_2_Chlorophyll_A_001_phosphate_plate5.tif,5,851.200,768,944
27645,F8_01_1_2_Chlorophyll_A_001_phosphate_plate5.tif,2,832.000,816,848
27646,F8_01_1_2_Chlorophyll_A_001_phosphate_plate5.tif,1,1088.000,1088,1088
27647,F8_01_1_2_Chlorophyll_A_001_phosphate_plate5.tif,1,800.000,800,800
27648,F8_01_1_2_Chlorophyll_A_001_phosphate_plate5.tif,3,821.333,768,896
27649,F8_01_1_2_Chlorophyll_A_001_phosphate_plate5.tif,2,816.000,784,848
27650,F8_01_1_2_Chlorophyll_A_001_phosphate_plate5.tif,225,2289.280,768,19520
27651,F8_01_1_2_Chlorophyll_A_001_phosphate_plate5.tif,1,768.000,768,768
27652,F8_01_1_2_Chlorophyll_A_001_phosphate_plate5.tif,4,832.000,800,880
27653,F8_01_1_2_Chlorophyll_A_001_phosphate_plate5.tif,2,872.000,800,944
27654,F8_01_1_2_Chlorophyll_A_001_phosphate_plate5.tif,1,896.000,896,896
27655,F8_01_1_2_Chlorophyll_A_001_phosphate_plate5.tif,2,784.000,784,784
27656,F8_01_1_2_Chlorophyll_A_001_phosphate_plate5.tif,2,872.000,800,944
27657,F8_01_1_2_Chlorophyll_A_001_phosphate_plate5.tif,1,816.000,816,816
27658,F8_01_1_2_Chlorophyll_A_001_phosphate_plate5.tif,1,832.000,832,832
27659,F8_01_1_2_Chlorophyll_A_001_phosphate_plate5.tif,3,826.667,768,864
27660,F8_01_1_2_Chlorophyll_A_001_phosphate_plate5.tif,1,832.000,832,832
27661,F8_01_1_2_Chlorophyll_A_001_phosphate_plate5.tif,2,840.000,768,912
27662,F8_01_1_2_Chlorophyll_A_001_phosphate_plate5.tif,1,800.000,800,800
27663,F8_01_1_2_Chlorophyll_A_001_phosphate_plate5.tif,1,816.000,816,816
27664,F8_01_1_2_Chlorophyll_A_001_phosphate_plate5.tif,1,768.000,768,768
27665,F8_01_1_2_Chlorophyll_A_001_phosphate_plate5.tif,1,896.000,896,896
27666,F8_01_1_2_Chlorophyll_A_001_phosphate_plate5.tif,1,768.000,768,768
27667,F8_01_1_2_Chlorophyll_A_001_phosphate_plate5.tif,1,896.000,896,896
27668,F8_01_1_2_Chlorophyll_A_001_phosphate_plate5.tif,3,805.333,768,832
27669,F8_01_1_2_Chlorophyll_A_001_phosphate_plate5.tif,1,800.000,800,800
27670,F8_01_1_2_Chlorophyll_A_001_phosphate_plate5.tif,1,816.000,816,816
27671,F8_01_1_2_Chlorophyll_A_001_phosphate_plate5.tif,3,821.333,800,848
27672,F8_01_1_2_Chlorophyll_A_001_phosphate_plate5.tif,4,852.000,768,960
27673,F8_01_1_2_Chlorophyll_A_001_phosphate_plate5.tif,1,784.000,784,784
27674,F8_01_1_2_Chlorophyll_A_001_phosphate_plate5.tif,1,832.000,832,832
27675,F8_01_1_2_Chlorophyll_A_001_phosphate_plate5.tif,2,840.000,800,880
27676,F8_01_1_2_Chlorophyll_A_001_phosphate_plate5.tif,18,832.000,768,976
27677,F8_01_1_2_Chlorophyll_A_001_phosphate_plate5.tif,2,888.000,848,928
27678,F8_01_1_2_Chlorophyll_A_001_phosphate_plate5.tif,33,964.364,768,1232
27679,F8_01_1_2_Chlorophyll_A_001_phosphate_plate5.tif,59,962.983,768,1136
27680,F8_01_1_2_Chlorophyll_A_001_phosphate_plate5.tif,15,852.267,768,976
27681,F8_01_1_2_Chlorophyll_A_001_phosphate_plate5.tif,1,800.000,800,800
27682,F8_01_1_2_Chlorophyll_A_001_phosphate_plate5.tif,2,816.000,800,832
27683,F8_01_1_2_Chlorophyll_A_001_phosphate_plate5.tif,43,866.233,768,1056
27684,F8_01_1_2_Chlorophyll_A_001_phosphate_plate5.tif,1,960.000,960,960
27685,F8_01_1_2_Chlorophyll_A_001_phosphate_plate5.tif,2,808.000,768,848
27686,F8_01_1_2_Chlorophyll_A_001_phosphate_plate5.tif,2,792.000,768,816
27687,F8_01_1_2_Chlorophyll_A_001_phosphate_plate5.tif,4,844.000,768,992
27688,F8_01_1_2_Chlorophyll_A_001_phosphate_plate5.tif,3,826.667,784,912
27689,F8_01_1_2_Chlorophyll_A_001_phosphate_plate5.tif,2,912.000,896,928
27690,F8_01_1_2_Chlorophyll_A_001_phosphate_plate5.tif,2,816.000,784,848
27691,F8_01_1_2_Chlorophyll_A_001_phosphate_plate5.tif,1,800.000,800,800
27692,F8_01_1_2_Chlorophyll_A_001_phosphate_plate5.tif,2,848.000,832,864
27693,F8_01_1_2_Chlorophyll_A_001_phosphate_plate5.tif,6,829.333,784,944
27694,F8_01_1_2_Chlorophyll_A_001_phosphate_plate5.tif,4,808.000,768,832
27695,F8_01_1_2_Chlorophyll_A_001_phosphate_plate5.tif,1,784.000,784,784
27696,F8_01_1_2_Chlorophyll_A_001_phosphate_plate5.tif,1,784.000,784,784
27697,F8_01_1_2_Chlorophyll_A_001_phosphate_plate5.tif,1,848.000,848,848
27698,F8_01_1_2_Chlorophyll_A_001_phosphate_plate5.tif,1,768.000,768,768
27699,F8_01_1_2_Chlorophyll_A_001_phosphate_plate5.tif,1,768.000,768,768
27700,F8_01_1_2_Chlorophyll_A_001_phosphate_plate5.tif,2,816.000,800,832
27701,F8_01_1_2_Chlorophyll_A_001_phosphate_plate5.tif,5,848.000,784,944
27702,F8_01_1_2_Chlorophyll_A_001_phosphate_plate5.tif,1,864.000,864,864
27703,F8_01_1_2_Chlorophyll_A_001_phosphate_plate5.tif,5,832.000,768,880
27704,F8_01_1_2_Chlorophyll_A_001_phosphate_plate5.tif,2,792.000,768,816
27705,F8_01_1_2_Chlorophyll_A_001_phosphate_plate5.tif,2,904.000,864,944
27706,F8_01_1_2_Chlorophyll_A_001_phosphate_plate5.tif,1,832.000,832,832
27707,F8_01_1_2_Chlorophyll_A_001_phosphate_plate5.tif,1,768.000,768,768
27708,F8_01_1_2_Chlorophyll_A_001_phosphate_plate5.tif,1,816.000,816,816
27709,F8_01_1_2_Chlorophyll_A_001_phosphate_plate5.tif,1,768.000,768,768
27710,F8_01_1_2_Chlorophyll_A_001_phosphate_plate5.tif,1,816.000,816,816
27711,F8_01_1_2_Chlorophyll_A_001_phosphate_plate5.tif,1,800.000,800,800
27712,F8_01_1_2_Chlorophyll_A_001_phosphate_plate5.tif,1,832.000,832,832
27713,F8_01_1_2_Chlorophyll_A_001_phosphate_plate5.tif,2,784.000,768,800
27714,F8_01_1_2_Chlorophyll_A_001_phosphate_plate5.tif,2,848.000,784,912
27715,F8_01_1_2_Chlorophyll_A_001_phosphate_plate5.tif,1,800.000,800,800
27716,F8_01_1_2_Chlorophyll_A_001_phosphate_plate5.tif,1,848.000,848,848
27717,F8_01_1_2_Chlorophyll_A_001_phosphate_plate5.tif,1,768.000,768,768
27718,F8_01_1_2_Chlorophyll_A_001_phosphate_plate5.tif,1,816.000,816,816
27719,F8_01_1_2_Chlorophyll_A_001_phosphate_plate5.tif,1,816.000,816,816
27720,F8_01_1_2_Chlorophyll_A_001_phosphate_plate5.tif,3,837.333,784,912
27721,F8_01_1_2_Chlorophyll_A_001_phosphate_plate5.tif,1,768.000,768,768
27722,F8_01_1_2_Chlorophyll_A_001_phosphate_plate5.tif,2,784.000,768,800
27723,F8_01_1_2_Chlorophyll_A_001_phosphate_plate5.tif,1,880.000,880,880
27724,F8_01_1_2_Chlorophyll_A_001_phosphate_plate5.tif,1,864.000,864,864
27725,F8_01_1_2_Chlorophyll_A_001_phosphate_plate5.tif,1,912.000,912,912
27726,F8_01_1_2_Chlorophyll_A_001_phosphate_plate5.tif,2,792.000,768,816
27727,F8_01_1_2_Chlorophyll_A_001_phosphate_plate5.tif,1,880.000,880,880
27728,F8_01_1_2_Chlorophyll_A_001_phosphate_plate5.tif,2,832.000,800,864
27729,F8_01_1_2_Chlorophyll_A_001_phosphate_plate5.tif,156,1003.385,768,1376
27730,F8_01_1_2_Chlorophyll_A_001_phosphate_plate5.tif,2,880.000,800,960
27731,F8_01_1_2_Chlorophyll_A_001_phosphate_plate5.tif,2,808.000,768,848
27732,F8_01_1_2_Chlorophyll_A_001_phosphate_plate5.tif,1,784.000,784,784
27733,F8_01_1_2_Chlorophyll_A_001_phosphate_plate5.tif,1,928.000,928,928
27734,F8_01_1_2_Chlorophyll_A_001_phosphate_plate5.tif,1,800.000,800,800
27735,F8_01_1_2_Chlorophyll_A_001_phosphate_plate5.tif,1,864.000,864,864
27736,F8_01_1_2_Chlorophyll_A_001_phosphate_plate5.tif,1,784.000,784,784
27737,F8_01_1_2_Chlorophyll_A_001_phosphate_plate5.tif,4,836.000,784,896
27738,F8_01_1_2_Chlorophyll_A_001_phosphate_plate5.tif,1,848.000,848,848
27739,F8_01_1_2_Chlorophyll_A_001_phosphate_plate5.tif,2,872.000,784,960
27740,F8_01_1_2_Chlorophyll_A_001_phosphate_plate5.tif,2,840.000,816,864
27741,F8_01_1_2_Chlorophyll_A_001_phosphate_plate5.tif,1,1008.000,1008,1008
27742,F8_01_1_2_Chlorophyll_A_001_phosphate_plate5.tif,1,784.000,784,784
27743,F8_01_1_2_Chlorophyll_A_001_phosphate_plate5.tif,2,832.000,816,848
27744,F8_01_1_2_Chlorophyll_A_001_phosphate_plate5.tif,1,912.000,912,912
27745,F8_01_1_2_Chlorophyll_A_001_phosphate_plate5.tif,1,848.000,848,848
27746,F8_01_1_2_Chlorophyll_A_001_phosphate_plate5.tif,4,824.000,768,896
27747,F8_01_1_2_Chlorophyll_A_001_phosphate_plate5.tif,2,912.000,864,960
27748,F8_01_1_2_Chlorophyll_A_001_phosphate_plate5.tif,4,864.000,768,928
27749,F8_01_1_2_Chlorophyll_A_001_phosphate_plate5.tif,6,826.667,784,912
27750,F8_01_1_2_Chlorophyll_A_001_phosphate_plate5.tif,1,848.000,848,848
27751,F8_01_1_2_Chlorophyll_A_001_phosphate_plate5.tif,6,848.000,768,1040
27752,F8_01_1_2_Chlorophyll_A_001_phosphate_plate5.tif,1,832.000,832,832
27753,F8_01_1_2_Chlorophyll_A_001_phosphate_plate5.tif,2,792.000,784,800
27754,F8_01_1_2_Chlorophyll_A_001_phosphate_plate5.tif,2,800.000,784,816
27755,F8_01_1_2_Chlorophyll_A_001_phosphate_plate5.tif,2,784.000,784,784
27756,F8_01_1_2_Chlorophyll_A_001_phosphate_plate5.tif,1,800.000,800,800
27757,F8_01_1_2_Chlorophyll_A_001_phosphate_plate5.tif,1,784.000,784,784
27758,F8_01_1_2_Chlorophyll_A_001_phosphate_plate5.tif,1,960.000,960,960
27759,F8_01_1_2_Chlorophyll_A_001_phosphate_plate5.tif,2,800.000,800,800
27760,F8_01_1_2_Chlorophyll_A_001_phosphate_plate5.tif,1,832.000,832,832
27761,F8_01_1_2_Chlorophyll_A_001_phosphate_plate5.tif,2,784.000,784,784
27762,F8_01_1_2_Chlorophyll_A_001_phosphate_plate5.tif,1,944.000,944,944
27763,F8_01_1_2_Chlorophyll_A_001_phosphate_plate5.tif,1,880.000,880,880
27764,F8_01_1_2_Chlorophyll_A_001_phosphate_plate5.tif,1,848.000,848,848
27765,F8_01_1_2_Chlorophyll_A_001_phosphate_plate5.tif,2,800.000,768,832
27766,F8_01_1_2_Chlorophyll_A_001_phosphate_plate5.tif,1,800.000,800,800
27767,F8_01_1_2_Chlorophyll_A_001_phosphate_plate5.tif,1,768.000,768,768
27768,F8_01_1_2_Chlorophyll_A_001_phosphate_plate5.tif,1,768.000,768,768
27769,F8_01_1_2_Chlorophyll_A_001_phosphate_plate5.tif,1,944.000,944,944
27770,F8_01_1_2_Chlorophyll_A_001_phosphate_plate5.tif,1,864.000,864,864
27771,F8_01_1_2_Chlorophyll_A_001_phosphate_plate5.tif,1,784.000,784,784
27772,F8_01_1_2_Chlorophyll_A_001_phosphate_plate5.tif,1,768.000,768,768
27773,F8_01_1_2_Chlorophyll_A_001_phosphate_plate5.tif,1,928.000,928,928
27774,F8_01_1_2_Chlorophyll_A_001_phosphate_plate5.tif,1,864.000,864,864
27775,F8_01_1_2_Chlorophyll_A_001_phosphate_plate5.tif,1,816.000,816,816
27776,F8_01_1_2_Chlorophyll_A_001_phosphate_plate5.tif,1,816.000,816,816
27777,F8_01_1_2_Chlorophyll_A_001_phosphate_plate5.tif,1,768.000,768,768
27778,F8_01_1_2_Chlorophyll_A_001_phosphate_plate5.tif,1,848.000,848,848
27779,F8_01_1_2_Chlorophyll_A_001_phosphate_plate5.tif,2,848.000,816,880
27780,F8_01_1_2_Chlorophyll_A_001_phosphate_plate5.tif,2,800.000,768,832
27781,F8_01_1_2_Chlorophyll_A_001_phosphate_plate5.tif,2,784.000,768,800
27782,F8_01_1_2_Chlorophyll_A_001_phosphate_plate5.tif,1,848.000,848,848
27783,F8_01_1_2_Chlorophyll_A_001_phosphate_plate5.tif,2,840.000,768,912
27784,F8_01_1_2_Chlorophyll_A_001_phosphate_plate5.tif,1,784.000,784,784
27785,F8_01_1_2_Chlorophyll_A_001_phosphate_plate5.tif,1,784.000,784,784
27786,F8_01_1_2_Chlorophyll_A_001_phosphate_plate5.tif,1,784.000,784,784
27787,F8_01_1_2_Chlorophyll_A_001_phosphate_plate5.tif,2,848.000,784,912
27788,F8_01_1_2_Chlorophyll_A_001_phosphate_plate5.tif,23,875.826,768,1088
27789,F8_01_1_2_Chlorophyll_A_001_phosphate_plate5.tif,16,883.000,816,1024
27790,F8_01_1_2_Chlorophyll_A_001_phosphate_plate5.tif,27,837.926,768,1008
27791,F8_01_1_2_Chlorophyll_A_001_phosphate_plate5.tif,26,862.154,768,1120
27792,F8_01_1_2_Chlorophyll_A_001_phosphate_plate5.tif,1,896.000,896,896
27793,F8_01_1_2_Chlorophyll_A_001_phosphate_plate5.tif,4,828.000,784,880
27794,F8_01_1_2_Chlorophyll_A_001_phosphate_plate5.tif,1,816.000,816,816
27795,F8_01_1_2_Chlorophyll_A_001_phosphate_plate5.tif,1,896.000,896,896
27796,F8_01_1_2_Chlorophyll_A_001_phosphate_plate5.tif,2,792.000,784,800
27797,F8_01_1_2_Chlorophyll_A_001_phosphate_plate5.tif,1,768.000,768,768
27798,F8_01_1_2_Chlorophyll_A_001_phosphate_plate5.tif,1,896.000,896,896
27799,F8_01_1_2_Chlorophyll_A_001_phosphate_plate5.tif,8,836.000,784,896
27800,F8_01_1_2_Chlorophyll_A_001_phosphate_plate5.tif,7,880.000,784,1024
27801,F8_01_1_2_Chlorophyll_A_001_phosphate_plate5.tif,4,808.000,784,848
27802,F8_01_1_2_Chlorophyll_A_001_phosphate_plate5.tif,3,922.667,896,944
27803,F8_01_1_2_Chlorophyll_A_001_phosphate_plate5.tif,2,920.000,784,1056
27804,F8_01_1_2_Chlorophyll_A_001_phosphate_plate5.tif,1,768.000,768,768
27805,F8_01_1_2_Chlorophyll_A_001_phosphate_plate5.tif,1,768.000,768,768
27806,F8_01_1_2_Chlorophyll_A_001_phosphate_plate5.tif,1,976.000,976,976
27807,F8_01_1_2_Chlorophyll_A_001_phosphate_plate5.tif,1,832.000,832,832
27808,F8_01_1_2_Chlorophyll_A_001_phosphate_plate5.tif,2,800.000,784,816
27809,F8_01_1_2_Chlorophyll_A_001_phosphate_plate5.tif,3,869.333,816,976
27810,F8_01_1_2_Chlorophyll_A_001_phosphate_plate5.tif,1,784.000,784,784
27811,F8_01_1_2_Chlorophyll_A_001_phosphate_plate5.tif,2,856.000,816,896
27812,F8_01_1_2_Chlorophyll_A_001_phosphate_plate5.tif,10,817.600,768,928
27813,F8_01_1_2_Chlorophyll_A_001_phosphate_plate5.tif,2,864.000,848,880
27814,F8_01_1_2_Chlorophyll_A_001_phosphate_plate5.tif,7,838.857,768,976
27815,F8_01_1_2_Chlorophyll_A_001_phosphate_plate5.tif,1,864.000,864,864
27816,F8_01_1_2_Chlorophyll_A_001_phosphate_plate5.tif,1,784.000,784,784
27817,F8_01_1_2_Chlorophyll_A_001_phosphate_plate5.tif,1,816.000,816,816
27818,F8_01_1_2_Chlorophyll_A_001_phosphate_plate5.tif,1,784.000,784,784
27819,F8_01_1_2_Chlorophyll_A_001_phosphate_plate5.tif,1,912.000,912,912
27820,F8_01_1_2_Chlorophyll_A_001_phosphate_plate5.tif,2,816.000,784,848
27821,F8_01_1_2_Chlorophyll_A_001_phosphate_plate5.tif,1,768.000,768,768
27822,F8_01_1_2_Chlorophyll_A_001_phosphate_plate5.tif,1,800.000,800,800
27823,F8_01_1_2_Chlorophyll_A_001_phosphate_plate5.tif,1,768.000,768,768
27824,F8_01_1_2_Chlorophyll_A_001_phosphate_plate5.tif,3,800.000,768,832
27825,F8_01_1_2_Chlorophyll_A_001_phosphate_plate5.tif,1,912.000,912,912
27826,F8_01_1_2_Chlorophyll_A_001_phosphate_plate5.tif,2,784.000,784,784
27827,F8_01_1_2_Chlorophyll_A_001_phosphate_plate5.tif,1,832.000,832,832
27828,F8_01_1_2_Chlorophyll_A_001_phosphate_plate5.tif,1,832.000,832,832
27829,F8_01_1_2_Chlorophyll_A_001_phosphate_plate5.tif,2,800.000,800,800
27830,F8_01_1_2_Chlorophyll_A_001_phosphate_plate5.tif,1,864.000,864,864
27831,F8_01_1_2_Chlorophyll_A_001_phosphate_plate5.tif,1,864.000,864,864
27832,F8_01_1_2_Chlorophyll_A_001_phosphate_plate5.tif,1,816.000,816,816
27833,F8_01_1_2_Chlorophyll_A_001_phosphate_plate5.tif,1,832.000,832,832
27834,F8_01_1_2_Chlorophyll_A_001_phosphate_plate5.tif,1,944.000,944,944
27835,F8_01_1_2_Chlorophyll_A_001_phosphate_plate5.tif,4,816.000,768,864
27836,F8_01_1_2_Chlorophyll_A_001_phosphate_plate5.tif,25,879.360,768,1056
27837,F8_01_1_2_Chlorophyll_A_001_phosphate_plate5.tif,27,982.519,784,1280
27838,F8_01_1_2_Chlorophyll_A_001_phosphate_plate5.tif,20,885.600,768,1136
27839,F8_01_1_2_Chlorophyll_A_001_phosphate_plate5.tif,2,824.000,784,864
27840,F8_01_1_2_Chlorophyll_A_001_phosphate_plate5.tif,3,864.000,800,944
27841,F8_01_1_2_Chlorophyll_A_001_phosphate_plate5.tif,6,864.000,768,1024
27842,F8_01_1_2_Chlorophyll_A_001_phosphate_plate5.tif,4,884.000,784,992
27843,F8_01_1_2_Chlorophyll_A_001_phosphate_plate5.tif,1,960.000,960,960
27844,F8_01_1_2_Chlorophyll_A_001_phosphate_plate5.tif,2,848.000,784,912
27845,F8_01_1_2_Chlorophyll_A_001_phosphate_plate5.tif,6,917.333,768,1088
27846,F8_01_1_2_Chlorophyll_A_001_phosphate_plate5.tif,1,800.000,800,800
27847,F8_01_1_2_Chlorophyll_A_001_phosphate_plate5.tif,3,890.667,768,976
27848,F8_01_1_2_Chlorophyll_A_001_phosphate_plate5.tif,7,854.857,768,1024
27849,F8_01_1_2_Chlorophyll_A_001_phosphate_plate5.tif,6,808.000,784,880
27850,F8_01_1_2_Chlorophyll_A_001_phosphate_plate5.tif,1,912.000,912,912
27851,F8_01_1_2_Chlorophyll_A_001_phosphate_plate5.tif,3,826.667,768,912
27852,F8_01_1_2_Chlorophyll_A_001_phosphate_plate5.tif,1,800.000,800,800
27853,F8_01_1_2_Chlorophyll_A_001_phosphate_plate5.tif,3,832.000,800,848
27854,F8_01_1_2_Chlorophyll_A_001_phosphate_plate5.tif,3,826.667,784,880
27855,F8_01_1_2_Chlorophyll_A_001_phosphate_plate5.tif,1,896.000,896,896
27856,F8_01_1_2_Chlorophyll_A_001_phosphate_plate5.tif,1,816.000,816,816
27857,F8_01_1_2_Chlorophyll_A_001_phosphate_plate5.tif,1,768.000,768,768
27858,F8_01_1_2_Chlorophyll_A_001_phosphate_plate5.tif,2,840.000,800,880
27859,F8_01_1_2_Chlorophyll_A_001_phosphate_plate5.tif,1,784.000,784,784
27860,F8_01_1_2_Chlorophyll_A_001_phosphate_plate5.tif,1,848.000,848,848
27861,F8_01_1_2_Chlorophyll_A_001_phosphate_plate5.tif,1,816.000,816,816
27862,F8_01_1_2_Chlorophyll_A_001_phosphate_plate5.tif,1,768.000,768,768
27863,F8_01_1_2_Chlorophyll_A_001_phosphate_plate5.tif,2,896.000,864,928
27864,F8_01_1_2_Chlorophyll_A_001_phosphate_plate5.tif,1,800.000,800,800
27865,F8_01_1_2_Chlorophyll_A_001_phosphate_plate5.tif,1,864.000,864,864
27866,F8_01_1_2_Chlorophyll_A_001_phosphate_plate5.tif,3,778.667,768,800
27867,F8_01_1_2_Chlorophyll_A_001_phosphate_plate5.tif,1,816.000,816,816
27868,F8_01_1_2_Chlorophyll_A_001_phosphate_plate5.tif,2,768.000,768,768
27869,F8_01_1_2_Chlorophyll_A_001_phosphate_plate5.tif,1,800.000,800,800
27870,F8_01_1_2_Chlorophyll_A_001_phosphate_plate5.tif,1,880.000,880,880
27871,F8_01_1_2_Chlorophyll_A_001_phosphate_plate5.tif,2,928.000,768,1088
27872,F8_01_1_2_Chlorophyll_A_001_phosphate_plate5.tif,2,856.000,800,912
27873,F8_01_1_2_Chlorophyll_A_001_phosphate_plate5.tif,2,808.000,800,816
27874,F8_01_1_2_Chlorophyll_A_001_phosphate_plate5.tif,1,800.000,800,800
27875,F8_01_1_2_Chlorophyll_A_001_phosphate_plate5.tif,2,856.000,784,928
27876,F8_01_1_2_Chlorophyll_A_001_phosphate_plate5.tif,1,864.000,864,864
27877,F8_01_1_2_Chlorophyll_A_001_phosphate_plate5.tif,2,896.000,784,1008
27878,F8_01_1_2_Chlorophyll_A_001_phosphate_plate5.tif,1,800.000,800,800
27879,F8_01_1_2_Chlorophyll_A_001_phosphate_plate5.tif,1,896.000,896,896
27880,F8_01_1_2_Chlorophyll_A_001_phosphate_plate5.tif,1,800.000,800,800
27881,F8_01_1_2_Chlorophyll_A_001_phosphate_plate5.tif,1,880.000,880,880
27882,F8_01_1_2_Chlorophyll_A_001_phosphate_plate5.tif,1,832.000,832,832
27883,F8_01_1_2_Chlorophyll_A_001_phosphate_plate5.tif,1,784.000,784,784
27884,F8_01_1_2_Chlorophyll_A_001_phosphate_plate5.tif,1,880.000,880,880
27885,F8_01_1_2_Chlorophyll_A_001_phosphate_plate5.tif,2,768.000,768,768
27886,F8_01_1_2_Chlorophyll_A_001_phosphate_plate5.tif,4,800.000,768,896
27887,F8_01_1_2_Chlorophyll_A_001_phosphate_plate5.tif,1,768.000,768,768
27888,F8_01_1_2_Chlorophyll_A_001_phosphate_plate5.tif,1,768.000,768,768
27889,F8_01_1_2_Chlorophyll_A_001_phosphate_plate5.tif,1,960.000,960,960
27890,F8_01_1_2_Chlorophyll_A_001_phosphate_plate5.tif,1,768.000,768,768
27891,F8_01_1_2_Chlorophyll_A_001_phosphate_plate5.tif,1,768.000,768,768
27892,F8_01_1_2_Chlorophyll_A_001_phosphate_plate5.tif,2,808.000,784,832
27893,F8_01_1_2_Chlorophyll_A_001_phosphate_plate5.tif,1,800.000,800,800
27894,F8_01_1_2_Chlorophyll_A_001_phosphate_plate5.tif,1,800.000,800,800
27895,F8_01_1_2_Chlorophyll_A_001_phosphate_plate5.tif,2,920.000,896,944
27896,F8_01_1_2_Chlorophyll_A_001_phosphate_plate5.tif,2,800.000,768,832
27897,F8_01_1_2_Chlorophyll_A_001_phosphate_plate5.tif,1,768.000,768,768
27898,F8_01_1_2_Chlorophyll_A_001_phosphate_plate5.tif,11,869.818,784,1104
27899,F8_01_1_2_Chlorophyll_A_001_phosphate_plate5.tif,58,1015.172,816,1408
27900,F8_01_1_2_Chlorophyll_A_001_phosphate_plate5.tif,16,919.000,784,1040
27901,F8_01_1_2_Chlorophyll_A_001_phosphate_plate5.tif,34,901.647,768,1088
27902,F8_01_1_2_Chlorophyll_A_001_phosphate_plate5.tif,3,832.000,768,960
27903,F8_01_1_2_Chlorophyll_A_001_phosphate_plate5.tif,28,842.286,768,1008
27904,F8_01_1_2_Chlorophyll_A_001_phosphate_plate5.tif,2,832.000,768,896
27905,F8_01_1_2_Chlorophyll_A_001_phosphate_plate5.tif,18,832.000,768,944
27906,F8_01_1_2_Chlorophyll_A_001_phosphate_plate5.tif,2,912.000,880,944
27907,F8_01_1_2_Chlorophyll_A_001_phosphate_plate5.tif,2,856.000,816,896
27908,F8_01_1_2_Chlorophyll_A_001_phosphate_plate5.tif,2,800.000,768,832
27909,F8_01_1_2_Chlorophyll_A_001_phosphate_plate5.tif,1,816.000,816,816
27910,F8_01_1_2_Chlorophyll_A_001_phosphate_plate5.tif,2,816.000,816,816
27911,F8_01_1_2_Chlorophyll_A_001_phosphate_plate5.tif,2,888.000,816,960
27912,F8_01_1_2_Chlorophyll_A_001_phosphate_plate5.tif,9,816.000,768,912
27913,F8_01_1_2_Chlorophyll_A_001_phosphate_plate5.tif,3,890.667,784,976
27914,F8_01_1_2_Chlorophyll_A_001_phosphate_plate5.tif,1,784.000,784,784
27915,F8_01_1_2_Chlorophyll_A_001_phosphate_plate5.tif,7,793.143,768,832
27916,F8_01_1_2_Chlorophyll_A_001_phosphate_plate5.tif,1,992.000,992,992
27917,F8_01_1_2_Chlorophyll_A_001_phosphate_plate5.tif,1,864.000,864,864
27918,F8_01_1_2_Chlorophyll_A_001_phosphate_plate5.tif,1,800.000,800,800
27919,F8_01_1_2_Chlorophyll_A_001_phosphate_plate5.tif,1,880.000,880,880
27920,F8_01_1_2_Chlorophyll_A_001_phosphate_plate5.tif,1,912.000,912,912
27921,F8_01_1_2_Chlorophyll_A_001_phosphate_plate5.tif,2,816.000,768,864
27922,F8_01_1_2_Chlorophyll_A_001_phosphate_plate5.tif,2,776.000,768,784
27923,F8_01_1_2_Chlorophyll_A_001_phosphate_plate5.tif,1,816.000,816,816
27924,F8_01_1_2_Chlorophyll_A_001_phosphate_plate5.tif,1,816.000,816,816
27925,F8_01_1_2_Chlorophyll_A_001_phosphate_plate5.tif,1,768.000,768,768
27926,F8_01_1_2_Chlorophyll_A_001_phosphate_plate5.tif,1,800.000,800,800
27927,F8_01_1_2_Chlorophyll_A_001_phosphate_plate5.tif,1,800.000,800,800
27928,F8_01_1_2_Chlorophyll_A_001_phosphate_plate5.tif,5,886.400,784,976
27929,F8_01_1_2_Chlorophyll_A_001_phosphate_plate5.tif,2,896.000,832,960
27930,F8_01_1_2_Chlorophyll_A_001_phosphate_plate5.tif,1,768.000,768,768
27931,F8_01_1_2_Chlorophyll_A_001_phosphate_plate5.tif,1,832.000,832,832
27932,F8_01_1_2_Chlorophyll_A_001_phosphate_plate5.tif,2,784.000,768,800
27933,F8_01_1_2_Chlorophyll_A_001_phosphate_plate5.tif,3,858.667,768,1008
27934,F8_01_1_2_Chlorophyll_A_001_phosphate_plate5.tif,1,816.000,816,816
27935,F8_01_1_2_Chlorophyll_A_001_phosphate_plate5.tif,1,880.000,880,880
27936,F8_01_1_2_Chlorophyll_A_001_phosphate_plate5.tif,1,832.000,832,832
27937,F8_01_1_2_Chlorophyll_A_001_phosphate_plate5.tif,1,816.000,816,816
27938,F8_01_1_2_Chlorophyll_A_001_phosphate_plate5.tif,1,800.000,800,800
27939,F8_01_1_2_Chlorophyll_A_001_phosphate_plate5.tif,1,800.000,800,800
27940,F8_01_1_2_Chlorophyll_A_001_phosphate_plate5.tif,1,784.000,784,784
27941,F8_01_1_2_Chlorophyll_A_001_phosphate_plate5.tif,1,784.000,784,784
27942,F8_01_1_2_Chlorophyll_A_001_phosphate_plate5.tif,1,848.000,848,848
27943,F8_01_1_2_Chlorophyll_A_001_phosphate_plate5.tif,1,944.000,944,944
27944,F8_01_1_2_Chlorophyll_A_001_phosphate_plate5.tif,82,919.220,768,1296
27945,F8_01_1_2_Chlorophyll_A_001_phosphate_plate5.tif,17,927.059,768,1280
27946,F8_01_1_2_Chlorophyll_A_001_phosphate_plate5.tif,36,978.222,784,1424
27947,F8_01_1_2_Chlorophyll_A_001_phosphate_plate5.tif,56,885.429,768,1136
27948,F8_01_1_2_Chlorophyll_A_001_phosphate_plate5.tif,46,891.130,768,1248
27949,F8_01_1_2_Chlorophyll_A_001_phosphate_plate5.tif,12,892.000,784,1104
27950,F8_01_1_2_Chlorophyll_A_001_phosphate_plate5.tif,5,838.400,768,976
27951,F8_01_1_2_Chlorophyll_A_001_phosphate_plate5.tif,1,816.000,816,816
27952,F8_01_1_2_Chlorophyll_A_001_phosphate_plate5.tif,3,842.667,768,928
27953,F8_01_1_2_Chlorophyll_A_001_phosphate_plate5.tif,8,856.000,768,1008
27954,F8_01_1_2_Chlorophyll_A_001_phosphate_plate5.tif,2,856.000,784,928
27955,F8_01_1_2_Chlorophyll_A_001_phosphate_plate5.tif,1,768.000,768,768
27956,F8_01_1_2_Chlorophyll_A_001_phosphate_plate5.tif,1,944.000,944,944
27957,F8_01_1_2_Chlorophyll_A_001_phosphate_plate5.tif,2,776.000,768,784
27958,F8_01_1_2_Chlorophyll_A_001_phosphate_plate5.tif,1,784.000,784,784
27959,F8_01_1_2_Chlorophyll_A_001_phosphate_plate5.tif,2,880.000,864,896
27960,F8_01_1_2_Chlorophyll_A_001_phosphate_plate5.tif,1,768.000,768,768
27961,F8_01_1_2_Chlorophyll_A_001_phosphate_plate5.tif,2,800.000,768,832
27962,F8_01_1_2_Chlorophyll_A_001_phosphate_plate5.tif,5,835.200,768,928
27963,F8_01_1_2_Chlorophyll_A_001_phosphate_plate5.tif,181,2609.768,768,19376
27964,F8_01_1_2_Chlorophyll_A_001_phosphate_plate5.tif,1,832.000,832,832
27965,F8_01_1_2_Chlorophyll_A_001_phosphate_plate5.tif,1,784.000,784,784
27966,F8_01_1_2_Chlorophyll_A_001_phosphate_plate5.tif,2,904.000,864,944
27967,F8_01_1_2_Chlorophyll_A_001_phosphate_plate5.tif,2,856.000,848,864
27968,F8_01_1_2_Chlorophyll_A_001_phosphate_plate5.tif,4,836.000,784,896
27969,F8_01_1_2_Chlorophyll_A_001_phosphate_plate5.tif,1,768.000,768,768
27970,F8_01_1_2_Chlorophyll_A_001_phosphate_plate5.tif,1,784.000,784,784
27971,F8_01_1_2_Chlorophyll_A_001_phosphate_plate5.tif,2,824.000,768,880
27972,F8_01_1_2_Chlorophyll_A_001_phosphate_plate5.tif,3,890.667,816,976
27973,F8_01_1_2_Chlorophyll_A_001_phosphate_plate5.tif,3,890.667,864,944
27974,F8_01_1_2_Chlorophyll_A_001_phosphate_plate5.tif,11,818.909,768,1040
27975,F8_01_1_2_Chlorophyll_A_001_phosphate_plate5.tif,2,904.000,880,928
27976,F8_01_1_2_Chlorophyll_A_001_phosphate_plate5.tif,5,777.600,768,800
27977,F8_01_1_2_Chlorophyll_A_001_phosphate_plate5.tif,1,768.000,768,768
27978,F8_01_1_2_Chlorophyll_A_001_phosphate_plate5.tif,1,864.000,864,864
27979,F8_01_1_2_Chlorophyll_A_001_phosphate_plate5.tif,1,768.000,768,768
27980,F8_01_1_2_Chlorophyll_A_001_phosphate_plate5.tif,2,800.000,784,816
27981,F8_01_1_2_Chlorophyll_A_001_phosphate_plate5.tif,1,1024.000,1024,1024
27982,F8_01_1_2_Chlorophyll_A_001_phosphate_plate5.tif,6,816.000,784,848
27983,F8_01_1_2_Chlorophyll_A_001_phosphate_plate5.tif,1,784.000,784,784
27984,F8_01_1_2_Chlorophyll_A_001_phosphate_plate5.tif,1,960.000,960,960
27985,F8_01_1_2_Chlorophyll_A_001_phosphate_plate5.tif,1,816.000,816,816
27986,F8_01_1_2_Chlorophyll_A_001_phosphate_plate5.tif,1,880.000,880,880
27987,F8_01_1_2_Chlorophyll_A_001_phosphate_plate5.tif,1,800.000,800,800
27988,F8_01_1_2_Chlorophyll_A_001_phosphate_plate5.tif,1,864.000,864,864
27989,F8_01_1_2_Chlorophyll_A_001_phosphate_plate5.tif,1,800.000,800,800
27990,F8_01_1_2_Chlorophyll_A_001_phosphate_plate5.tif,1,800.000,800,800
27991,F8_01_1_2_Chlorophyll_A_001_phosphate_plate5.tif,2,776.000,768,784
27992,F8_01_1_2_Chlorophyll_A_001_phosphate_plate5.tif,1,816.000,816,816
27993,F8_01_1_2_Chlorophyll_A_001_phosphate_plate5.tif,1,784.000,784,784
27994,F8_01_1_2_Chlorophyll_A_001_phosphate_plate5.tif,1,784.000,784,784
27995,F8_01_1_2_Chlorophyll_A_001_phosphate_plate5.tif,1,896.000,896,896
27996,F8_01_1_2_Chlorophyll_A_001_phosphate_plate5.tif,3,832.000,768,944
27997,F8_01_1_2_Chlorophyll_A_001_phosphate_plate5.tif,2,784.000,784,784
27998,F8_01_1_2_Chlorophyll_A_001_phosphate_plate5.tif,1,912.000,912,912
27999,F8_01_1_2_Chlorophyll_A_001_phosphate_plate5.tif,10,953.600,784,1232
28000,F8_01_1_2_Chlorophyll_A_001_phosphate_plate5.tif,45,925.511,768,1136
28001,F8_01_1_2_Chlorophyll_A_001_phosphate_plate5.tif,1,768.000,768,768
28002,F8_01_1_2_Chlorophyll_A_001_phosphate_plate5.tif,1,784.000,784,784
28003,F8_01_1_2_Chlorophyll_A_001_phosphate_plate5.tif,1,864.000,864,864
28004,F8_01_1_2_Chlorophyll_A_001_phosphate_plate5.tif,4,852.000,832,880
28005,F8_01_1_2_Chlorophyll_A_001_phosphate_plate5.tif,1,960.000,960,960
28006,F8_01_1_2_Chlorophyll_A_001_phosphate_plate5.tif,3,890.667,864,912
28007,F8_01_1_2_Chlorophyll_A_001_phosphate_plate5.tif,1,976.000,976,976
28008,F8_01_1_2_Chlorophyll_A_001_phosphate_plate5.tif,4,916.000,864,976
28009,F8_01_1_2_Chlorophyll_A_001_phosphate_plate5.tif,1,816.000,816,816
28010,F8_01_1_2_Chlorophyll_A_001_phosphate_plate5.tif,1,800.000,800,800
28011,F8_01_1_2_Chlorophyll_A_001_phosphate_plate5.tif,1,816.000,816,816
28012,F8_01_1_2_Chlorophyll_A_001_phosphate_plate5.tif,2,880.000,768,992
28013,F8_01_1_2_Chlorophyll_A_001_phosphate_plate5.tif,1,800.000,800,800
28014,F8_01_1_2_Chlorophyll_A_001_phosphate_plate5.tif,2,792.000,784,800
28015,F8_01_1_2_Chlorophyll_A_001_phosphate_plate5.tif,1,1024.000,1024,1024
28016,F8_01_1_2_Chlorophyll_A_001_phosphate_plate5.tif,1,768.000,768,768
28017,F8_01_1_2_Chlorophyll_A_001_phosphate_plate5.tif,6,834.667,784,896
28018,F8_01_1_2_Chlorophyll_A_001_phosphate_plate5.tif,1,1120.000,1120,1120
28019,F8_01_1_2_Chlorophyll_A_001_phosphate_plate5.tif,1,768.000,768,768
28020,F8_01_1_2_Chlorophyll_A_001_phosphate_plate5.tif,5,880.000,800,1088
28021,F8_01_1_2_Chlorophyll_A_001_phosphate_plate5.tif,1,816.000,816,816
28022,F8_01_1_2_Chlorophyll_A_001_phosphate_plate5.tif,1,784.000,784,784
28023,F8_01_1_2_Chlorophyll_A_001_phosphate_plate5.tif,1,880.000,880,880
28024,F8_01_1_2_Chlorophyll_A_001_phosphate_plate5.tif,2,816.000,768,864
28025,F8_01_1_2_Chlorophyll_A_001_phosphate_plate5.tif,1,768.000,768,768
28026,F8_01_1_2_Chlorophyll_A_001_phosphate_plate5.tif,1,784.000,784,784
28027,F8_01_1_2_Chlorophyll_A_001_phosphate_plate5.tif,1,800.000,800,800
28028,F8_01_1_2_Chlorophyll_A_001_phosphate_plate5.tif,2,832.000,784,880
28029,F8_01_1_2_Chlorophyll_A_001_phosphate_plate5.tif,1,784.000,784,784
28030,F8_01_1_2_Chlorophyll_A_001_phosphate_plate5.tif,1,800.000,800,800
28031,F8_01_1_2_Chlorophyll_A_001_phosphate_plate5.tif,1,832.000,832,832
28032,F8_01_1_2_Chlorophyll_A_001_phosphate_plate5.tif,1,784.000,784,784
28033,F8_01_1_2_Chlorophyll_A_001_phosphate_plate5.tif,1,784.000,784,784
28034,F8_01_1_2_Chlorophyll_A_001_phosphate_plate5.tif,3,837.333,768,880
28035,F8_01_1_2_Chlorophyll_A_001_phosphate_plate5.tif,1,800.000,800,800
28036,F8_01_1_2_Chlorophyll_A_001_phosphate_plate5.tif,74,884.973,768,1168
28037,F8_01_1_2_Chlorophyll_A_001_phosphate_plate5.tif,13,974.769,784,1136
28038,F8_01_1_2_Chlorophyll_A_001_phosphate_plate5.tif,53,992.906,784,1296
28039,F8_01_1_2_Chlorophyll_A_001_phosphate_plate5.tif,13,962.462,800,1136
28040,F8_01_1_2_Chlorophyll_A_001_phosphate_plate5.tif,35,917.486,784,1136
28041,F8_01_1_2_Chlorophyll_A_001_phosphate_plate5.tif,14,853.714,768,1040
28042,F8_01_1_2_Chlorophyll_A_001_phosphate_plate5.tif,245,1884.800,768,12448
28043,F8_01_1_2_Chlorophyll_A_001_phosphate_plate5.tif,2,888.000,816,960
28044,F8_01_1_2_Chlorophyll_A_001_phosphate_plate5.tif,4,852.000,784,944
28045,F8_01_1_2_Chlorophyll_A_001_phosphate_plate5.tif,2,888.000,800,976
28046,F8_01_1_2_Chlorophyll_A_001_phosphate_plate5.tif,1,880.000,880,880
28047,F8_01_1_2_Chlorophyll_A_001_phosphate_plate5.tif,1,976.000,976,976
28048,F8_01_1_2_Chlorophyll_A_001_phosphate_plate5.tif,1,880.000,880,880
28049,F8_01_1_2_Chlorophyll_A_001_phosphate_plate5.tif,3,842.667,816,880
28050,F8_01_1_2_Chlorophyll_A_001_phosphate_plate5.tif,10,835.200,784,960
28051,F8_01_1_2_Chlorophyll_A_001_phosphate_plate5.tif,2,872.000,784,960
28052,F8_01_1_2_Chlorophyll_A_001_phosphate_plate5.tif,1,768.000,768,768
28053,F8_01_1_2_Chlorophyll_A_001_phosphate_plate5.tif,1,832.000,832,832
28054,F8_01_1_2_Chlorophyll_A_001_phosphate_plate5.tif,1,880.000,880,880
28055,F8_01_1_2_Chlorophyll_A_001_phosphate_plate5.tif,1,832.000,832,832
28056,F8_01_1_2_Chlorophyll_A_001_phosphate_plate5.tif,1,832.000,832,832
28057,F8_01_1_2_Chlorophyll_A_001_phosphate_plate5.tif,1,896.000,896,896
28058,F8_01_1_2_Chlorophyll_A_001_phosphate_plate5.tif,1,768.000,768,768
28059,F8_01_1_2_Chlorophyll_A_001_phosphate_plate5.tif,10,828.800,768,992
28060,F8_01_1_2_Chlorophyll_A_001_phosphate_plate5.tif,1,800.000,800,800
28061,F8_01_1_2_Chlorophyll_A_001_phosphate_plate5.tif,1,816.000,816,816
28062,F8_01_1_2_Chlorophyll_A_001_phosphate_plate5.tif,3,805.333,800,816
28063,F8_01_1_2_Chlorophyll_A_001_phosphate_plate5.tif,1,784.000,784,784
28064,F8_01_1_2_Chlorophyll_A_001_phosphate_plate5.tif,1,784.000,784,784
28065,F8_01_1_2_Chlorophyll_A_001_phosphate_plate5.tif,1,944.000,944,944
28066,F8_01_1_2_Chlorophyll_A_001_phosphate_plate5.tif,1,832.000,832,832
28067,F8_01_1_2_Chlorophyll_A_001_phosphate_plate5.tif,1,816.000,816,816
28068,F8_01_1_2_Chlorophyll_A_001_phosphate_plate5.tif,3,837.333,768,880
28069,F8_01_1_2_Chlorophyll_A_001_phosphate_plate5.tif,1,816.000,816,816
28070,F8_01_1_2_Chlorophyll_A_001_phosphate_plate5.tif,1,848.000,848,848
28071,F8_01_1_2_Chlorophyll_A_001_phosphate_plate5.tif,1,1008.000,1008,1008
28072,F8_01_1_2_Chlorophyll_A_001_phosphate_plate5.tif,2,864.000,768,960
28073,F8_01_1_2_Chlorophyll_A_001_phosphate_plate5.tif,1,816.000,816,816
28074,F8_01_1_2_Chlorophyll_A_001_phosphate_plate5.tif,1,848.000,848,848
28075,F8_01_1_2_Chlorophyll_A_001_phosphate_plate5.tif,2,824.000,800,848
28076,F8_01_1_2_Chlorophyll_A_001_phosphate_plate5.tif,1,816.000,816,816
28077,F8_01_1_2_Chlorophyll_A_001_phosphate_plate5.tif,3,864.000,768,944
28078,F8_01_1_2_Chlorophyll_A_001_phosphate_plate5.tif,1,768.000,768,768
28079,F8_01_1_2_Chlorophyll_A_001_phosphate_plate5.tif,2,816.000,816,816
28080,F8_01_1_2_Chlorophyll_A_001_phosphate_plate5.tif,1,960.000,960,960
28081,F8_01_1_2_Chlorophyll_A_001_phosphate_plate5.tif,1,816.000,816,816
28082,F8_01_1_2_Chlorophyll_A_001_phosphate_plate5.tif,1,912.000,912,912
28083,F8_01_1_2_Chlorophyll_A_001_phosphate_plate5.tif,1,832.000,832,832
28084,F8_01_1_2_Chlorophyll_A_001_phosphate_plate5.tif,1,944.000,944,944
28085,F8_01_1_2_Chlorophyll_A_001_phosphate_plate5.tif,1,896.000,896,896
28086,F8_01_1_2_Chlorophyll_A_001_phosphate_plate5.tif,1,800.000,800,800
28087,F8_01_1_2_Chlorophyll_A_001_phosphate_plate5.tif,1,800.000,800,800
28088,F8_01_1_2_Chlorophyll_A_001_phosphate_plate5.tif,1,784.000,784,784
28089,F8_01_1_2_Chlorophyll_A_001_phosphate_plate5.tif,2,872.000,800,944
28090,F8_01_1_2_Chlorophyll_A_001_phosphate_plate5.tif,1,816.000,816,816
28091,F8_01_1_2_Chlorophyll_A_001_phosphate_plate5.tif,2,784.000,784,784
28092,F8_01_1_2_Chlorophyll_A_001_phosphate_plate5.tif,1,848.000,848,848
28093,F8_01_1_2_Chlorophyll_A_001_phosphate_plate5.tif,3,810.667,784,864
28094,F8_01_1_2_Chlorophyll_A_001_phosphate_plate5.tif,2,808.000,784,832
28095,F8_01_1_2_Chlorophyll_A_001_phosphate_plate5.tif,1,896.000,896,896
28096,F8_01_1_2_Chlorophyll_A_001_phosphate_plate5.tif,1,816.000,816,816
28097,F8_01_1_2_Chlorophyll_A_001_phosphate_plate5.tif,1,848.000,848,848
28098,F8_01_1_2_Chlorophyll_A_001_phosphate_plate5.tif,63,955.175,768,1232
28099,F8_01_1_2_Chlorophyll_A_001_phosphate_plate5.tif,88,973.273,768,1456
28100,F8_01_1_2_Chlorophyll_A_001_phosphate_plate5.tif,86,981.395,768,1296
28101,F8_01_1_2_Chlorophyll_A_001_phosphate_plate5.tif,54,924.741,768,1168
28102,F8_01_1_2_Chlorophyll_A_001_phosphate_plate5.tif,1,768.000,768,768
28103,F8_01_1_2_Chlorophyll_A_001_phosphate_plate5.tif,1,800.000,800,800
28104,F8_01_1_2_Chlorophyll_A_001_phosphate_plate5.tif,5,883.200,768,1024
28105,F8_01_1_2_Chlorophyll_A_001_phosphate_plate5.tif,3,912.000,800,1136
28106,F8_01_1_2_Chlorophyll_A_001_phosphate_plate5.tif,1,800.000,800,800
28107,F8_01_1_2_Chlorophyll_A_001_phosphate_plate5.tif,2,832.000,784,880
28108,F8_01_1_2_Chlorophyll_A_001_phosphate_plate5.tif,24,876.000,768,1040
28109,F8_01_1_2_Chlorophyll_A_001_phosphate_plate5.tif,1,928.000,928,928
28110,F8_01_1_2_Chlorophyll_A_001_phosphate_plate5.tif,1,864.000,864,864
28111,F8_01_1_2_Chlorophyll_A_001_phosphate_plate5.tif,3,810.667,784,848
28112,F8_01_1_2_Chlorophyll_A_001_phosphate_plate5.tif,1,832.000,832,832
28113,F8_01_1_2_Chlorophyll_A_001_phosphate_plate5.tif,1,896.000,896,896
28114,F8_01_1_2_Chlorophyll_A_001_phosphate_plate5.tif,4,844.000,800,912
28115,F8_01_1_2_Chlorophyll_A_001_phosphate_plate5.tif,2,928.000,832,1024
28116,F8_01_1_2_Chlorophyll_A_001_phosphate_plate5.tif,1,960.000,960,960
28117,F8_01_1_2_Chlorophyll_A_001_phosphate_plate5.tif,2,800.000,800,800
28118,F8_01_1_2_Chlorophyll_A_001_phosphate_plate5.tif,1,800.000,800,800
28119,F8_01_1_2_Chlorophyll_A_001_phosphate_plate5.tif,2,808.000,768,848
28120,F8_01_1_2_Chlorophyll_A_001_phosphate_plate5.tif,7,818.286,768,912
28121,F8_01_1_2_Chlorophyll_A_001_phosphate_plate5.tif,1,848.000,848,848
28122,F8_01_1_2_Chlorophyll_A_001_phosphate_plate5.tif,3,912.000,832,1008
28123,F8_01_1_2_Chlorophyll_A_001_phosphate_plate5.tif,2,928.000,880,976
28124,F8_01_1_2_Chlorophyll_A_001_phosphate_plate5.tif,3,789.333,768,816
28125,F8_01_1_2_Chlorophyll_A_001_phosphate_plate5.tif,2,808.000,768,848
28126,F8_01_1_2_Chlorophyll_A_001_phosphate_plate5.tif,1,768.000,768,768
28127,F8_01_1_2_Chlorophyll_A_001_phosphate_plate5.tif,2,912.000,880,944
28128,F8_01_1_2_Chlorophyll_A_001_phosphate_plate5.tif,2,816.000,816,816
28129,F8_01_1_2_Chlorophyll_A_001_phosphate_plate5.tif,1,912.000,912,912
28130,F8_01_1_2_Chlorophyll_A_001_phosphate_plate5.tif,1,832.000,832,832
28131,F8_01_1_2_Chlorophyll_A_001_phosphate_plate5.tif,2,776.000,768,784
28132,F8_01_1_2_Chlorophyll_A_001_phosphate_plate5.tif,1,784.000,784,784
28133,F8_01_1_2_Chlorophyll_A_001_phosphate_plate5.tif,1,800.000,800,800
28134,F8_01_1_2_Chlorophyll_A_001_phosphate_plate5.tif,1,768.000,768,768
28135,F8_01_1_2_Chlorophyll_A_001_phosphate_plate5.tif,3,832.000,800,880
28136,F8_01_1_2_Chlorophyll_A_001_phosphate_plate5.tif,249,3765.076,768,20400
28137,F8_01_1_2_Chlorophyll_A_001_phosphate_plate5.tif,1,816.000,816,816
28138,F8_01_1_2_Chlorophyll_A_001_phosphate_plate5.tif,1,848.000,848,848
28139,F8_01_1_2_Chlorophyll_A_001_phosphate_plate5.tif,2,832.000,784,880
28140,F8_01_1_2_Chlorophyll_A_001_phosphate_plate5.tif,1,800.000,800,800
28141,F8_01_1_2_Chlorophyll_A_001_phosphate_plate5.tif,2,784.000,768,800
28142,F8_01_1_2_Chlorophyll_A_001_phosphate_plate5.tif,1,784.000,784,784
28143,F8_01_1_2_Chlorophyll_A_001_phosphate_plate5.tif,2,792.000,784,800
28144,F8_01_1_2_Chlorophyll_A_001_phosphate_plate5.tif,1,784.000,784,784
28145,F8_01_1_2_Chlorophyll_A_001_phosphate_plate5.tif,1,800.000,800,800
28146,F8_01_1_2_Chlorophyll_A_001_phosphate_plate5.tif,1,848.000,848,848
28147,F8_01_1_2_Chlorophyll_A_001_phosphate_plate5.tif,3,864.000,832,896
28148,F8_01_1_2_Chlorophyll_A_001_phosphate_plate5.tif,16,927.000,816,1088
28149,F8_01_1_2_Chlorophyll_A_001_phosphate_plate5.tif,47,1006.638,784,1264
28150,F8_01_1_2_Chlorophyll_A_001_phosphate_plate5.tif,92,983.304,768,1296
28151,F8_01_1_2_Chlorophyll_A_001_phosphate_plate5.tif,17,891.294,768,1056
28152,F8_01_1_2_Chlorophyll_A_001_phosphate_plate5.tif,1,1024.000,1024,1024
28153,F8_01_1_2_Chlorophyll_A_001_phosphate_plate5.tif,109,865.321,768,1088
28154,F8_01_1_2_Chlorophyll_A_001_phosphate_plate5.tif,2,976.000,896,1056
28155,F8_01_1_2_Chlorophyll_A_001_phosphate_plate5.tif,4,808.000,768,880
28156,F8_01_1_2_Chlorophyll_A_001_phosphate_plate5.tif,1,912.000,912,912
28157,F8_01_1_2_Chlorophyll_A_001_phosphate_plate5.tif,3,816.000,800,832
28158,F8_01_1_2_Chlorophyll_A_001_phosphate_plate5.tif,103,845.825,768,1040
28159,F8_01_1_2_Chlorophyll_A_001_phosphate_plate5.tif,6,840.000,784,944
28160,F8_01_1_2_Chlorophyll_A_001_phosphate_plate5.tif,8,896.000,816,1040
28161,F8_01_1_2_Chlorophyll_A_001_phosphate_plate5.tif,4,816.000,784,880
28162,F8_01_1_2_Chlorophyll_A_001_phosphate_plate5.tif,2,816.000,816,816
28163,F8_01_1_2_Chlorophyll_A_001_phosphate_plate5.tif,1,880.000,880,880
28164,F8_01_1_2_Chlorophyll_A_001_phosphate_plate5.tif,4,804.000,768,832
28165,F8_01_1_2_Chlorophyll_A_001_phosphate_plate5.tif,2,928.000,848,1008
28166,F8_01_1_2_Chlorophyll_A_001_phosphate_plate5.tif,1,848.000,848,848
28167,F8_01_1_2_Chlorophyll_A_001_phosphate_plate5.tif,3,901.333,784,960
28168,F8_01_1_2_Chlorophyll_A_001_phosphate_plate5.tif,2,880.000,864,896
28169,F8_01_1_2_Chlorophyll_A_001_phosphate_plate5.tif,7,866.286,768,960
28170,F8_01_1_2_Chlorophyll_A_001_phosphate_plate5.tif,1,768.000,768,768
28171,F8_01_1_2_Chlorophyll_A_001_phosphate_plate5.tif,2,872.000,800,944
28172,F8_01_1_2_Chlorophyll_A_001_phosphate_plate5.tif,1,784.000,784,784
28173,F8_01_1_2_Chlorophyll_A_001_phosphate_plate5.tif,1,896.000,896,896
28174,F8_01_1_2_Chlorophyll_A_001_phosphate_plate5.tif,2,848.000,816,880
28175,F8_01_1_2_Chlorophyll_A_001_phosphate_plate5.tif,2,880.000,816,944
28176,F8_01_1_2_Chlorophyll_A_001_phosphate_plate5.tif,1,896.000,896,896
28177,F8_01_1_2_Chlorophyll_A_001_phosphate_plate5.tif,1,800.000,800,800
28178,F8_01_1_2_Chlorophyll_A_001_phosphate_plate5.tif,1,768.000,768,768
28179,F8_01_1_2_Chlorophyll_A_001_phosphate_plate5.tif,7,843.429,768,1040
28180,F8_01_1_2_Chlorophyll_A_001_phosphate_plate5.tif,7,806.857,768,864
28181,F8_01_1_2_Chlorophyll_A_001_phosphate_plate5.tif,3,810.667,800,832
28182,F8_01_1_2_Chlorophyll_A_001_phosphate_plate5.tif,1,768.000,768,768
28183,F8_01_1_2_Chlorophyll_A_001_phosphate_plate5.tif,1,848.000,848,848
28184,F8_01_1_2_Chlorophyll_A_001_phosphate_plate5.tif,2,824.000,816,832
28185,F8_01_1_2_Chlorophyll_A_001_phosphate_plate5.tif,1,880.000,880,880
28186,F8_01_1_2_Chlorophyll_A_001_phosphate_plate5.tif,1,800.000,800,800
28187,F8_01_1_2_Chlorophyll_A_001_phosphate_plate5.tif,1,928.000,928,928
28188,F8_01_1_2_Chlorophyll_A_001_phosphate_plate5.tif,2,808.000,800,816
28189,F8_01_1_2_Chlorophyll_A_001_phosphate_plate5.tif,1,976.000,976,976
28190,F8_01_1_2_Chlorophyll_A_001_phosphate_plate5.tif,1,1024.000,1024,1024
28191,F8_01_1_2_Chlorophyll_A_001_phosphate_plate5.tif,1,832.000,832,832
28192,F8_01_1_2_Chlorophyll_A_001_phosphate_plate5.tif,2,808.000,800,816
28193,F8_01_1_2_Chlorophyll_A_001_phosphate_plate5.tif,1,944.000,944,944
28194,F8_01_1_2_Chlorophyll_A_001_phosphate_plate5.tif,1,784.000,784,784
28195,F8_01_1_2_Chlorophyll_A_001_phosphate_plate5.tif,1,768.000,768,768
28196,F8_01_1_2_Chlorophyll_A_001_phosphate_plate5.tif,1,784.000,784,784
28197,F8_01_1_2_Chlorophyll_A_001_phosphate_plate5.tif,1,816.000,816,816
28198,F8_01_1_2_Chlorophyll_A_001_phosphate_plate5.tif,3,784.000,768,816
28199,F8_01_1_2_Chlorophyll_A_001_phosphate_plate5.tif,1,800.000,800,800
28200,F8_01_1_2_Chlorophyll_A_001_phosphate_plate5.tif,1,848.000,848,848
28201,F8_01_1_2_Chlorophyll_A_001_phosphate_plate5.tif,1,848.000,848,848
28202,F8_01_1_2_Chlorophyll_A_001_phosphate_plate5.tif,1,816.000,816,816
28203,F8_01_1_2_Chlorophyll_A_001_phosphate_plate5.tif,1,912.000,912,912
28204,F8_01_1_2_Chlorophyll_A_001_phosphate_plate5.tif,2,824.000,816,832
28205,F8_01_1_2_Chlorophyll_A_001_phosphate_plate5.tif,1,928.000,928,928
28206,F8_01_1_2_Chlorophyll_A_001_phosphate_plate5.tif,2,824.000,816,832
28207,F8_01_1_2_Chlorophyll_A_001_phosphate_plate5.tif,1,784.000,784,784
28208,F8_01_1_2_Chlorophyll_A_001_phosphate_plate5.tif,1,784.000,784,784
28209,F8_01_1_2_Chlorophyll_A_001_phosphate_plate5.tif,207,963.478,768,1376
28210,F8_01_1_2_Chlorophyll_A_001_phosphate_plate5.tif,62,985.548,768,1280
28211,F8_01_1_2_Chlorophyll_A_001_phosphate_plate5.tif,2,840.000,784,896
28212,F8_01_1_2_Chlorophyll_A_001_phosphate_plate5.tif,79,841.924,768,992
28213,F8_01_1_2_Chlorophyll_A_001_phosphate_plate5.tif,13,809.846,768,896
28214,F8_01_1_2_Chlorophyll_A_001_phosphate_plate5.tif,3,837.333,784,928
28215,F8_01_1_2_Chlorophyll_A_001_phosphate_plate5.tif,5,838.400,768,880
28216,F8_01_1_2_Chlorophyll_A_001_phosphate_plate5.tif,1,784.000,784,784
28217,F8_01_1_2_Chlorophyll_A_001_phosphate_plate5.tif,1,880.000,880,880
28218,F8_01_1_2_Chlorophyll_A_001_phosphate_plate5.tif,3,784.000,768,800
28219,F8_01_1_2_Chlorophyll_A_001_phosphate_plate5.tif,1,800.000,800,800
28220,F8_01_1_2_Chlorophyll_A_001_phosphate_plate5.tif,10,825.600,768,928
28221,F8_01_1_2_Chlorophyll_A_001_phosphate_plate5.tif,6,864.000,768,1136
28222,F8_01_1_2_Chlorophyll_A_001_phosphate_plate5.tif,1,784.000,784,784
28223,F8_01_1_2_Chlorophyll_A_001_phosphate_plate5.tif,2,800.000,800,800
28224,F8_01_1_2_Chlorophyll_A_001_phosphate_plate5.tif,1,944.000,944,944
28225,F8_01_1_2_Chlorophyll_A_001_phosphate_plate5.tif,2,840.000,768,912
28226,F8_01_1_2_Chlorophyll_A_001_phosphate_plate5.tif,1,800.000,800,800
28227,F8_01_1_2_Chlorophyll_A_001_phosphate_plate5.tif,2,864.000,848,880
28228,F8_01_1_2_Chlorophyll_A_001_phosphate_plate5.tif,1,768.000,768,768
28229,F8_01_1_2_Chlorophyll_A_001_phosphate_plate5.tif,1,832.000,832,832
28230,F8_01_1_2_Chlorophyll_A_001_phosphate_plate5.tif,2,832.000,768,896
28231,F8_01_1_2_Chlorophyll_A_001_phosphate_plate5.tif,1,848.000,848,848
28232,F8_01_1_2_Chlorophyll_A_001_phosphate_plate5.tif,3,794.667,768,816
28233,F8_01_1_2_Chlorophyll_A_001_phosphate_plate5.tif,2,832.000,784,880
28234,F8_01_1_2_Chlorophyll_A_001_phosphate_plate5.tif,1,800.000,800,800
28235,F8_01_1_2_Chlorophyll_A_001_phosphate_plate5.tif,1,816.000,816,816
28236,F8_01_1_2_Chlorophyll_A_001_phosphate_plate5.tif,2,824.000,768,880
28237,F8_01_1_2_Chlorophyll_A_001_phosphate_plate5.tif,4,812.000,800,832
28238,F8_01_1_2_Chlorophyll_A_001_phosphate_plate5.tif,2,864.000,800,928
28239,F8_01_1_2_Chlorophyll_A_001_phosphate_plate5.tif,1,768.000,768,768
28240,F8_01_1_2_Chlorophyll_A_001_phosphate_plate5.tif,1,800.000,800,800
28241,F8_01_1_2_Chlorophyll_A_001_phosphate_plate5.tif,2,800.000,784,816
28242,F8_01_1_2_Chlorophyll_A_001_phosphate_plate5.tif,1,800.000,800,800
28243,F8_01_1_2_Chlorophyll_A_001_phosphate_plate5.tif,1,864.000,864,864
28244,F8_01_1_2_Chlorophyll_A_001_phosphate_plate5.tif,2,784.000,768,800
28245,F8_01_1_2_Chlorophyll_A_001_phosphate_plate5.tif,1,800.000,800,800
28246,F8_01_1_2_Chlorophyll_A_001_phosphate_plate5.tif,1,800.000,800,800
28247,F8_01_1_2_Chlorophyll_A_001_phosphate_plate5.tif,1,880.000,880,880
28248,F8_01_1_2_Chlorophyll_A_001_phosphate_plate5.tif,1,880.000,880,880
28249,F8_01_1_2_Chlorophyll_A_001_phosphate_plate5.tif,1,832.000,832,832
28250,F8_01_1_2_Chlorophyll_A_001_phosphate_plate5.tif,1,816.000,816,816
28251,F8_01_1_2_Chlorophyll_A_001_phosphate_plate5.tif,1,784.000,784,784
28252,F8_01_1_2_Chlorophyll_A_001_phosphate_plate5.tif,1,816.000,816,816
28253,F8_01_1_2_Chlorophyll_A_001_phosphate_plate5.tif,1,896.000,896,896
28254,F8_01_1_2_Chlorophyll_A_001_phosphate_plate5.tif,3,789.333,768,800
28255,F8_01_1_2_Chlorophyll_A_001_phosphate_plate5.tif,1,896.000,896,896
28256,F8_01_1_2_Chlorophyll_A_001_phosphate_plate5.tif,8,890.000,784,1104
28257,F8_01_1_2_Chlorophyll_A_001_phosphate_plate5.tif,52,933.231,784,1248
28258,F8_01_1_2_Chlorophyll_A_001_phosphate_plate5.tif,17,958.118,800,1152
28259,F8_01_1_2_Chlorophyll_A_001_phosphate_plate5.tif,36,900.000,768,1072
28260,F8_01_1_2_Chlorophyll_A_001_phosphate_plate5.tif,12,837.333,768,944
28261,F8_01_1_2_Chlorophyll_A_001_phosphate_plate5.tif,5,828.800,800,864
28262,F8_01_1_2_Chlorophyll_A_001_phosphate_plate5.tif,8,824.000,768,896
28263,F8_01_1_2_Chlorophyll_A_001_phosphate_plate5.tif,11,850.909,768,976
28264,F8_01_1_2_Chlorophyll_A_001_phosphate_plate5.tif,1,784.000,784,784
28265,F8_01_1_2_Chlorophyll_A_001_phosphate_plate5.tif,2,896.000,800,992
28266,F8_01_1_2_Chlorophyll_A_001_phosphate_plate5.tif,1,848.000,848,848
28267,F8_01_1_2_Chlorophyll_A_001_phosphate_plate5.tif,2,872.000,768,976
28268,F8_01_1_2_Chlorophyll_A_001_phosphate_plate5.tif,1,960.000,960,960
28269,F8_01_1_2_Chlorophyll_A_001_phosphate_plate5.tif,1,768.000,768,768
28270,F8_01_1_2_Chlorophyll_A_001_phosphate_plate5.tif,11,843.636,784,944
28271,F8_01_1_2_Chlorophyll_A_001_phosphate_plate5.tif,1,960.000,960,960
28272,F8_01_1_2_Chlorophyll_A_001_phosphate_plate5.tif,1,768.000,768,768
28273,F8_01_1_2_Chlorophyll_A_001_phosphate_plate5.tif,1,976.000,976,976
28274,F8_01_1_2_Chlorophyll_A_001_phosphate_plate5.tif,3,826.667,768,896
28275,F8_01_1_2_Chlorophyll_A_001_phosphate_plate5.tif,1,784.000,784,784
28276,F8_01_1_2_Chlorophyll_A_001_phosphate_plate5.tif,1,784.000,784,784
28277,F8_01_1_2_Chlorophyll_A_001_phosphate_plate5.tif,2,880.000,768,992
28278,F8_01_1_2_Chlorophyll_A_001_phosphate_plate5.tif,1,816.000,816,816
28279,F8_01_1_2_Chlorophyll_A_001_phosphate_plate5.tif,1,896.000,896,896
28280,F8_01_1_2_Chlorophyll_A_001_phosphate_plate5.tif,1,768.000,768,768
28281,F8_01_1_2_Chlorophyll_A_001_phosphate_plate5.tif,1,768.000,768,768
28282,F8_01_1_2_Chlorophyll_A_001_phosphate_plate5.tif,3,816.000,768,896
28283,F8_01_1_2_Chlorophyll_A_001_phosphate_plate5.tif,1,768.000,768,768
28284,F8_01_1_2_Chlorophyll_A_001_phosphate_plate5.tif,1,864.000,864,864
28285,F8_01_1_2_Chlorophyll_A_001_phosphate_plate5.tif,2,856.000,768,944
28286,F8_01_1_2_Chlorophyll_A_001_phosphate_plate5.tif,1,768.000,768,768
28287,F8_01_1_2_Chlorophyll_A_001_phosphate_plate5.tif,2,864.000,768,960
28288,F8_01_1_2_Chlorophyll_A_001_phosphate_plate5.tif,2,824.000,768,880
28289,F8_01_1_2_Chlorophyll_A_001_phosphate_plate5.tif,1,864.000,864,864
28290,F8_01_1_2_Chlorophyll_A_001_phosphate_plate5.tif,1,784.000,784,784
28291,F8_01_1_2_Chlorophyll_A_001_phosphate_plate5.tif,1,816.000,816,816
28292,F8_01_1_2_Chlorophyll_A_001_phosphate_plate5.tif,1,768.000,768,768
28293,F8_01_1_2_Chlorophyll_A_001_phosphate_plate5.tif,1,784.000,784,784
28294,F8_01_1_2_Chlorophyll_A_001_phosphate_plate5.tif,1,768.000,768,768
28295,F8_01_1_2_Chlorophyll_A_001_phosphate_plate5.tif,1,784.000,784,784
28296,F8_01_1_2_Chlorophyll_A_001_phosphate_plate5.tif,1,768.000,768,768
28297,F8_01_1_2_Chlorophyll_A_001_phosphate_plate5.tif,2,784.000,784,784
28298,F8_01_1_2_Chlorophyll_A_001_phosphate_plate5.tif,2,856.000,832,880
28299,F8_01_1_2_Chlorophyll_A_001_phosphate_plate5.tif,1,816.000,816,816
28300,F8_01_1_2_Chlorophyll_A_001_phosphate_plate5.tif,1,864.000,864,864
28301,F8_01_1_2_Chlorophyll_A_001_phosphate_plate5.tif,2,784.000,768,800
28302,F8_01_1_2_Chlorophyll_A_001_phosphate_plate5.tif,1,832.000,832,832
28303,F8_01_1_2_Chlorophyll_A_001_phosphate_plate5.tif,1,800.000,800,800
28304,F8_01_1_2_Chlorophyll_A_001_phosphate_plate5.tif,2,856.000,848,864
28305,F8_01_1_2_Chlorophyll_A_001_phosphate_plate5.tif,1,784.000,784,784
28306,F8_01_1_2_Chlorophyll_A_001_phosphate_plate5.tif,1,768.000,768,768
28307,F8_01_1_2_Chlorophyll_A_001_phosphate_plate5.tif,1,864.000,864,864
28308,F8_01_1_2_Chlorophyll_A_001_phosphate_plate5.tif,7,914.286,768,992
28309,F8_01_1_2_Chlorophyll_A_001_phosphate_plate5.tif,7,848.000,784,944
28310,F8_01_1_2_Chlorophyll_A_001_phosphate_plate5.tif,33,867.394,784,992
28311,F8_01_1_2_Chlorophyll_A_001_phosphate_plate5.tif,3,890.667,832,992
28312,F8_01_1_2_Chlorophyll_A_001_phosphate_plate5.tif,2,776.000,768,784
28313,F8_01_1_2_Chlorophyll_A_001_phosphate_plate5.tif,1,928.000,928,928
28314,F8_01_1_2_Chlorophyll_A_001_phosphate_plate5.tif,254,2214.740,768,25408
28315,F8_01_1_2_Chlorophyll_A_001_phosphate_plate5.tif,1,800.000,800,800
28316,F8_01_1_2_Chlorophyll_A_001_phosphate_plate5.tif,1,816.000,816,816
28317,F8_01_1_2_Chlorophyll_A_001_phosphate_plate5.tif,7,838.857,800,896
28318,F8_01_1_2_Chlorophyll_A_001_phosphate_plate5.tif,1,944.000,944,944
28319,F8_01_1_2_Chlorophyll_A_001_phosphate_plate5.tif,2,936.000,896,976
28320,F8_01_1_2_Chlorophyll_A_001_phosphate_plate5.tif,1,832.000,832,832
28321,F8_01_1_2_Chlorophyll_A_001_phosphate_plate5.tif,9,901.333,800,1024
28322,F8_01_1_2_Chlorophyll_A_001_phosphate_plate5.tif,2,824.000,784,864
28323,F8_01_1_2_Chlorophyll_A_001_phosphate_plate5.tif,2,792.000,784,800
28324,F8_01_1_2_Chlorophyll_A_001_phosphate_plate5.tif,2,856.000,768,944
28325,F8_01_1_2_Chlorophyll_A_001_phosphate_plate5.tif,2,872.000,800,944
28326,F8_01_1_2_Chlorophyll_A_001_phosphate_plate5.tif,1,880.000,880,880
28327,F8_01_1_2_Chlorophyll_A_001_phosphate_plate5.tif,1,928.000,928,928
28328,F8_01_1_2_Chlorophyll_A_001_phosphate_plate5.tif,4,844.000,800,896
28329,F8_01_1_2_Chlorophyll_A_001_phosphate_plate5.tif,3,896.000,800,1056
28330,F8_01_1_2_Chlorophyll_A_001_phosphate_plate5.tif,1,800.000,800,800
28331,F8_01_1_2_Chlorophyll_A_001_phosphate_plate5.tif,1,848.000,848,848
28332,F8_01_1_2_Chlorophyll_A_001_phosphate_plate5.tif,1,784.000,784,784
28333,F8_01_1_2_Chlorophyll_A_001_phosphate_plate5.tif,25,896.000,768,1360
28334,F8_01_1_2_Chlorophyll_A_001_phosphate_plate5.tif,1,880.000,880,880
28335,F8_01_1_2_Chlorophyll_A_001_phosphate_plate5.tif,1,864.000,864,864
28336,F8_01_1_2_Chlorophyll_A_001_phosphate_plate5.tif,1,880.000,880,880
28337,F8_01_1_2_Chlorophyll_A_001_phosphate_plate5.tif,1,768.000,768,768
28338,F8_01_1_2_Chlorophyll_A_001_phosphate_plate5.tif,1,976.000,976,976
28339,F8_01_1_2_Chlorophyll_A_001_phosphate_plate5.tif,1,816.000,816,816
28340,F8_01_1_2_Chlorophyll_A_001_phosphate_plate5.tif,1,800.000,800,800
28341,F8_01_1_2_Chlorophyll_A_001_phosphate_plate5.tif,4,832.000,784,864
28342,F8_01_1_2_Chlorophyll_A_001_phosphate_plate5.tif,1,832.000,832,832
28343,F8_01_1_2_Chlorophyll_A_001_phosphate_plate5.tif,2,896.000,896,896
28344,F8_01_1_2_Chlorophyll_A_001_phosphate_plate5.tif,4,848.000,816,880
28345,F8_01_1_2_Chlorophyll_A_001_phosphate_plate5.tif,3,800.000,768,864
28346,F8_01_1_2_Chlorophyll_A_001_phosphate_plate5.tif,1,816.000,816,816
28347,F8_01_1_2_Chlorophyll_A_001_phosphate_plate5.tif,1,784.000,784,784
28348,F8_01_1_2_Chlorophyll_A_001_phosphate_plate5.tif,1,816.000,816,816
28349,F8_01_1_2_Chlorophyll_A_001_phosphate_plate5.tif,1,816.000,816,816
28350,F8_01_1_2_Chlorophyll_A_001_phosphate_plate5.tif,1,800.000,800,800
28351,F8_01_1_2_Chlorophyll_A_001_phosphate_plate5.tif,1,768.000,768,768
28352,F8_01_1_2_Chlorophyll_A_001_phosphate_plate5.tif,1,768.000,768,768
28353,F8_01_1_2_Chlorophyll_A_001_phosphate_plate5.tif,1,784.000,784,784
28354,F8_01_1_2_Chlorophyll_A_001_phosphate_plate5.tif,1,816.000,816,816
28355,F8_01_1_2_Chlorophyll_A_001_phosphate_plate5.tif,1,784.000,784,784
28356,F8_01_1_2_Chlorophyll_A_001_phosphate_plate5.tif,1,832.000,832,832
28357,F8_01_1_2_Chlorophyll_A_001_phosphate_plate5.tif,2,824.000,800,848
28358,F8_01_1_2_Chlorophyll_A_001_phosphate_plate5.tif,1,768.000,768,768
28359,F8_01_1_2_Chlorophyll_A_001_phosphate_plate5.tif,2,824.000,768,880
28360,F8_01_1_2_Chlorophyll_A_001_phosphate_plate5.tif,1,768.000,768,768
28361,F8_01_1_2_Chlorophyll_A_001_phosphate_plate5.tif,2,832.000,800,864
28362,F8_01_1_2_Chlorophyll_A_001_phosphate_plate5.tif,1,896.000,896,896
28363,F8_01_1_2_Chlorophyll_A_001_phosphate_plate5.tif,2,784.000,768,800
28364,F8_01_1_2_Chlorophyll_A_001_phosphate_plate5.tif,1,784.000,784,784
28365,F8_01_1_2_Chlorophyll_A_001_phosphate_plate5.tif,14,899.429,768,1072
28366,F8_01_1_2_Chlorophyll_A_001_phosphate_plate5.tif,43,998.698,800,1296
28367,F8_01_1_2_Chlorophyll_A_001_phosphate_plate5.tif,1470,1842.765,768,22848
28368,F8_01_1_2_Chlorophyll_A_001_phosphate_plate5.tif,18,885.333,784,1024
28369,F8_01_1_2_Chlorophyll_A_001_phosphate_plate5.tif,2,824.000,816,832
28370,F8_01_1_2_Chlorophyll_A_001_phosphate_plate5.tif,1,800.000,800,800
28371,F8_01_1_2_Chlorophyll_A_001_phosphate_plate5.tif,3,848.000,768,896
28372,F8_01_1_2_Chlorophyll_A_001_phosphate_plate5.tif,2,896.000,832,960
28373,F8_01_1_2_Chlorophyll_A_001_phosphate_plate5.tif,4,908.000,864,928
28374,F8_01_1_2_Chlorophyll_A_001_phosphate_plate5.tif,2,808.000,800,816
28375,F8_01_1_2_Chlorophyll_A_001_phosphate_plate5.tif,211,1919.242,768,12992
28376,F8_01_1_2_Chlorophyll_A_001_phosphate_plate5.tif,2,856.000,800,912
28377,F8_01_1_2_Chlorophyll_A_001_phosphate_plate5.tif,1,768.000,768,768
28378,F8_01_1_2_Chlorophyll_A_001_phosphate_plate5.tif,2,888.000,880,896
28379,F8_01_1_2_Chlorophyll_A_001_phosphate_plate5.tif,1,784.000,784,784
28380,F8_01_1_2_Chlorophyll_A_001_phosphate_plate5.tif,3,880.000,784,1040
28381,F8_01_1_2_Chlorophyll_A_001_phosphate_plate5.tif,1,800.000,800,800
28382,F8_01_1_2_Chlorophyll_A_001_phosphate_plate5.tif,1,816.000,816,816
28383,F8_01_1_2_Chlorophyll_A_001_phosphate_plate5.tif,2,768.000,768,768
28384,F8_01_1_2_Chlorophyll_A_001_phosphate_plate5.tif,1,880.000,880,880
28385,F8_01_1_2_Chlorophyll_A_001_phosphate_plate5.tif,2,864.000,800,928
28386,F8_01_1_2_Chlorophyll_A_001_phosphate_plate5.tif,1,896.000,896,896
28387,F8_01_1_2_Chlorophyll_A_001_phosphate_plate5.tif,1,784.000,784,784
28388,F8_01_1_2_Chlorophyll_A_001_phosphate_plate5.tif,2,816.000,768,864
28389,F8_01_1_2_Chlorophyll_A_001_phosphate_plate5.tif,1,832.000,832,832
28390,F8_01_1_2_Chlorophyll_A_001_phosphate_plate5.tif,1,784.000,784,784
28391,F8_01_1_2_Chlorophyll_A_001_phosphate_plate5.tif,1,848.000,848,848
28392,F8_01_1_2_Chlorophyll_A_001_phosphate_plate5.tif,7,841.143,768,944
28393,F8_01_1_2_Chlorophyll_A_001_phosphate_plate5.tif,1,816.000,816,816
28394,F8_01_1_2_Chlorophyll_A_001_phosphate_plate5.tif,1,816.000,816,816
28395,F8_01_1_2_Chlorophyll_A_001_phosphate_plate5.tif,2,832.000,800,864
28396,F8_01_1_2_Chlorophyll_A_001_phosphate_plate5.tif,1,928.000,928,928
28397,F8_01_1_2_Chlorophyll_A_001_phosphate_plate5.tif,1,768.000,768,768
28398,F8_01_1_2_Chlorophyll_A_001_phosphate_plate5.tif,1,768.000,768,768
28399,F8_01_1_2_Chlorophyll_A_001_phosphate_plate5.tif,2,848.000,784,912
28400,F8_01_1_2_Chlorophyll_A_001_phosphate_plate5.tif,1,784.000,784,784
28401,F8_01_1_2_Chlorophyll_A_001_phosphate_plate5.tif,1,816.000,816,816
28402,F8_01_1_2_Chlorophyll_A_001_phosphate_plate5.tif,1,928.000,928,928
28403,F8_01_1_2_Chlorophyll_A_001_phosphate_plate5.tif,1,816.000,816,816
28404,F8_01_1_2_Chlorophyll_A_001_phosphate_plate5.tif,1,848.000,848,848
28405,F8_01_1_2_Chlorophyll_A_001_phosphate_plate5.tif,1,800.000,800,800
28406,F8_01_1_2_Chlorophyll_A_001_phosphate_plate5.tif,3,837.333,768,960
28407,F8_01_1_2_Chlorophyll_A_001_phosphate_plate5.tif,1,784.000,784,784
28408,F8_01_1_2_Chlorophyll_A_001_phosphate_plate5.tif,1,816.000,816,816
28409,F8_01_1_2_Chlorophyll_A_001_phosphate_plate5.tif,1,800.000,800,800
28410,F8_01_1_2_Chlorophyll_A_001_phosphate_plate5.tif,3,789.333,768,816
28411,F8_01_1_2_Chlorophyll_A_001_phosphate_plate5.tif,4,824.000,784,896
28412,F8_01_1_2_Chlorophyll_A_001_phosphate_plate5.tif,1,976.000,976,976
28413,F8_01_1_2_Chlorophyll_A_001_phosphate_plate5.tif,13,1060.923,784,1488
28414,F8_01_1_2_Chlorophyll_A_001_phosphate_plate5.tif,16,877.000,784,992
28415,F8_01_1_2_Chlorophyll_A_001_phosphate_plate5.tif,1,832.000,832,832
28416,F8_01_1_2_Chlorophyll_A_001_phosphate_plate5.tif,40,878.800,768,1088
28417,F8_01_1_2_Chlorophyll_A_001_phosphate_plate5.tif,1,912.000,912,912
28418,F8_01_1_2_Chlorophyll_A_001_phosphate_plate5.tif,1,896.000,896,896
28419,F8_01_1_2_Chlorophyll_A_001_phosphate_plate5.tif,5,825.600,784,864
28420,F8_01_1_2_Chlorophyll_A_001_phosphate_plate5.tif,1,768.000,768,768
28421,F8_01_1_2_Chlorophyll_A_001_phosphate_plate5.tif,1,960.000,960,960
28422,F8_01_1_2_Chlorophyll_A_001_phosphate_plate5.tif,2,880.000,848,912
28423,F8_01_1_2_Chlorophyll_A_001_phosphate_plate5.tif,1,848.000,848,848
28424,F8_01_1_2_Chlorophyll_A_001_phosphate_plate5.tif,6,826.667,768,896
28425,F8_01_1_2_Chlorophyll_A_001_phosphate_plate5.tif,120,2106.400,768,11264
28426,F8_01_1_2_Chlorophyll_A_001_phosphate_plate5.tif,8,838.000,768,944
28427,F8_01_1_2_Chlorophyll_A_001_phosphate_plate5.tif,3,848.000,784,880
28428,F8_01_1_2_Chlorophyll_A_001_phosphate_plate5.tif,1,800.000,800,800
28429,F8_01_1_2_Chlorophyll_A_001_phosphate_plate5.tif,1,800.000,800,800
28430,F8_01_1_2_Chlorophyll_A_001_phosphate_plate5.tif,2,808.000,800,816
28431,F8_01_1_2_Chlorophyll_A_001_phosphate_plate5.tif,1,784.000,784,784
28432,F8_01_1_2_Chlorophyll_A_001_phosphate_plate5.tif,1,832.000,832,832
28433,F8_01_1_2_Chlorophyll_A_001_phosphate_plate5.tif,5,787.200,768,832
28434,F8_01_1_2_Chlorophyll_A_001_phosphate_plate5.tif,4,856.000,768,944
28435,F8_01_1_2_Chlorophyll_A_001_phosphate_plate5.tif,4,812.000,768,864
28436,F8_01_1_2_Chlorophyll_A_001_phosphate_plate5.tif,3,869.333,784,976
28437,F8_01_1_2_Chlorophyll_A_001_phosphate_plate5.tif,1,896.000,896,896
28438,F8_01_1_2_Chlorophyll_A_001_phosphate_plate5.tif,1,832.000,832,832
28439,F8_01_1_2_Chlorophyll_A_001_phosphate_plate5.tif,3,848.000,768,960
28440,F8_01_1_2_Chlorophyll_A_001_phosphate_plate5.tif,2,832.000,768,896
28441,F8_01_1_2_Chlorophyll_A_001_phosphate_plate5.tif,2,800.000,768,832
28442,F8_01_1_2_Chlorophyll_A_001_phosphate_plate5.tif,3,858.667,768,1008
28443,F8_01_1_2_Chlorophyll_A_001_phosphate_plate5.tif,1,784.000,784,784
28444,F8_01_1_2_Chlorophyll_A_001_phosphate_plate5.tif,1,960.000,960,960
28445,F8_01_1_2_Chlorophyll_A_001_phosphate_plate5.tif,1,816.000,816,816
28446,F8_01_1_2_Chlorophyll_A_001_phosphate_plate5.tif,1,784.000,784,784
28447,F8_01_1_2_Chlorophyll_A_001_phosphate_plate5.tif,1,800.000,800,800
28448,F8_01_1_2_Chlorophyll_A_001_phosphate_plate5.tif,1,784.000,784,784
28449,F8_01_1_2_Chlorophyll_A_001_phosphate_plate5.tif,2,840.000,784,896
28450,F8_01_1_2_Chlorophyll_A_001_phosphate_plate5.tif,3,805.333,784,848
28451,F8_01_1_2_Chlorophyll_A_001_phosphate_plate5.tif,2,848.000,816,880
28452,F8_01_1_2_Chlorophyll_A_001_phosphate_plate5.tif,1,784.000,784,784
28453,F8_01_1_2_Chlorophyll_A_001_phosphate_plate5.tif,1,832.000,832,832
28454,F8_01_1_2_Chlorophyll_A_001_phosphate_plate5.tif,1,768.000,768,768
28455,F8_01_1_2_Chlorophyll_A_001_phosphate_plate5.tif,3,816.000,784,880
28456,F8_01_1_2_Chlorophyll_A_001_phosphate_plate5.tif,1,816.000,816,816
28457,F8_01_1_2_Chlorophyll_A_001_phosphate_plate5.tif,1,816.000,816,816
28458,F8_01_1_2_Chlorophyll_A_001_phosphate_plate5.tif,1,992.000,992,992
28459,F8_01_1_2_Chlorophyll_A_001_phosphate_plate5.tif,2,784.000,784,784
28460,F8_01_1_2_Chlorophyll_A_001_phosphate_plate5.tif,1,800.000,800,800
28461,F8_01_1_2_Chlorophyll_A_001_phosphate_plate5.tif,1,784.000,784,784
28462,F8_01_1_2_Chlorophyll_A_001_phosphate_plate5.tif,3,853.333,768,976
28463,F8_01_1_2_Chlorophyll_A_001_phosphate_plate5.tif,1,800.000,800,800
28464,F8_01_1_2_Chlorophyll_A_001_phosphate_plate5.tif,4,860.000,832,880
28465,F8_01_1_2_Chlorophyll_A_001_phosphate_plate5.tif,103,1065.320,832,1472
28466,F8_01_1_2_Chlorophyll_A_001_phosphate_plate5.tif,48,1018.333,784,1376
28467,F8_01_1_2_Chlorophyll_A_001_phosphate_plate5.tif,19,917.895,768,1184
28468,F8_01_1_2_Chlorophyll_A_001_phosphate_plate5.tif,130,860.308,768,1152
28469,F8_01_1_2_Chlorophyll_A_001_phosphate_plate5.tif,2,792.000,784,800
28470,F8_01_1_2_Chlorophyll_A_001_phosphate_plate5.tif,1,784.000,784,784
28471,F8_01_1_2_Chlorophyll_A_001_phosphate_plate5.tif,15,827.733,768,944
28472,F8_01_1_2_Chlorophyll_A_001_phosphate_plate5.tif,1,768.000,768,768
28473,F8_01_1_2_Chlorophyll_A_001_phosphate_plate5.tif,1,864.000,864,864
28474,F8_01_1_2_Chlorophyll_A_001_phosphate_plate5.tif,1,864.000,864,864
28475,F8_01_1_2_Chlorophyll_A_001_phosphate_plate5.tif,1,896.000,896,896
28476,F8_01_1_2_Chlorophyll_A_001_phosphate_plate5.tif,1,1040.000,1040,1040
28477,F8_01_1_2_Chlorophyll_A_001_phosphate_plate5.tif,1,784.000,784,784
28478,F8_01_1_2_Chlorophyll_A_001_phosphate_plate5.tif,3,826.667,800,848
28479,F8_01_1_2_Chlorophyll_A_001_phosphate_plate5.tif,1,864.000,864,864
28480,F8_01_1_2_Chlorophyll_A_001_phosphate_plate5.tif,3,826.667,800,880
28481,F8_01_1_2_Chlorophyll_A_001_phosphate_plate5.tif,3,837.333,800,864
28482,F8_01_1_2_Chlorophyll_A_001_phosphate_plate5.tif,1,832.000,832,832
28483,F8_01_1_2_Chlorophyll_A_001_phosphate_plate5.tif,2,904.000,864,944
28484,F8_01_1_2_Chlorophyll_A_001_phosphate_plate5.tif,4,840.000,800,864
28485,F8_01_1_2_Chlorophyll_A_001_phosphate_plate5.tif,2,928.000,784,1072
28486,F8_01_1_2_Chlorophyll_A_001_phosphate_plate5.tif,1,784.000,784,784
28487,F8_01_1_2_Chlorophyll_A_001_phosphate_plate5.tif,2,936.000,768,1104
28488,F8_01_1_2_Chlorophyll_A_001_phosphate_plate5.tif,1,816.000,816,816
28489,F8_01_1_2_Chlorophyll_A_001_phosphate_plate5.tif,4,852.000,800,912
28490,F8_01_1_2_Chlorophyll_A_001_phosphate_plate5.tif,2,896.000,864,928
28491,F8_01_1_2_Chlorophyll_A_001_phosphate_plate5.tif,1,768.000,768,768
28492,F8_01_1_2_Chlorophyll_A_001_phosphate_plate5.tif,1,768.000,768,768
28493,F8_01_1_2_Chlorophyll_A_001_phosphate_plate5.tif,1,976.000,976,976
28494,F8_01_1_2_Chlorophyll_A_001_phosphate_plate5.tif,1,800.000,800,800
28495,F8_01_1_2_Chlorophyll_A_001_phosphate_plate5.tif,1,864.000,864,864
28496,F8_01_1_2_Chlorophyll_A_001_phosphate_plate5.tif,1,864.000,864,864
28497,F8_01_1_2_Chlorophyll_A_001_phosphate_plate5.tif,1,784.000,784,784
28498,F8_01_1_2_Chlorophyll_A_001_phosphate_plate5.tif,1,816.000,816,816
28499,F8_01_1_2_Chlorophyll_A_001_phosphate_plate5.tif,1,800.000,800,800
28500,F8_01_1_2_Chlorophyll_A_001_phosphate_plate5.tif,1,784.000,784,784
28501,F8_01_1_2_Chlorophyll_A_001_phosphate_plate5.tif,1,768.000,768,768
28502,F8_01_1_2_Chlorophyll_A_001_phosphate_plate5.tif,1,768.000,768,768
28503,F8_01_1_2_Chlorophyll_A_001_phosphate_plate5.tif,1,768.000,768,768
28504,F8_01_1_2_Chlorophyll_A_001_phosphate_plate5.tif,1,768.000,768,768
28505,F8_01_1_2_Chlorophyll_A_001_phosphate_plate5.tif,1,800.000,800,800
28506,F8_01_1_2_Chlorophyll_A_001_phosphate_plate5.tif,2,840.000,816,864
28507,F8_01_1_2_Chlorophyll_A_001_phosphate_plate5.tif,1,784.000,784,784
28508,F8_01_1_2_Chlorophyll_A_001_phosphate_plate5.tif,1,800.000,800,800
28509,F8_01_1_2_Chlorophyll_A_001_phosphate_plate5.tif,1,832.000,832,832
28510,F8_01_1_2_Chlorophyll_A_001_phosphate_plate5.tif,2,824.000,816,832
28511,F8_01_1_2_Chlorophyll_A_001_phosphate_plate5.tif,2,912.000,784,1040
28512,F8_01_1_2_Chlorophyll_A_001_phosphate_plate5.tif,1,768.000,768,768
28513,F8_01_1_2_Chlorophyll_A_001_phosphate_plate5.tif,4,796.000,768,864
28514,F8_01_1_2_Chlorophyll_A_001_phosphate_plate5.tif,53,994.415,768,1360
28515,F8_01_1_2_Chlorophyll_A_001_phosphate_plate5.tif,27,917.926,784,1104
28516,F8_01_1_2_Chlorophyll_A_001_phosphate_plate5.tif,44,889.455,768,1104
28517,F8_01_1_2_Chlorophyll_A_001_phosphate_plate5.tif,9,956.444,768,1216
28518,F8_01_1_2_Chlorophyll_A_001_phosphate_plate5.tif,1,864.000,864,864
28519,F8_01_1_2_Chlorophyll_A_001_phosphate_plate5.tif,19,848.842,768,1024
28520,F8_01_1_2_Chlorophyll_A_001_phosphate_plate5.tif,2,880.000,800,960
28521,F8_01_1_2_Chlorophyll_A_001_phosphate_plate5.tif,1,784.000,784,784
28522,F8_01_1_2_Chlorophyll_A_001_phosphate_plate5.tif,4,820.000,768,864
28523,F8_01_1_2_Chlorophyll_A_001_phosphate_plate5.tif,3,810.667,800,832
28524,F8_01_1_2_Chlorophyll_A_001_phosphate_plate5.tif,1,800.000,800,800
28525,F8_01_1_2_Chlorophyll_A_001_phosphate_plate5.tif,11,832.000,768,960
28526,F8_01_1_2_Chlorophyll_A_001_phosphate_plate5.tif,2,792.000,768,816
28527,F8_01_1_2_Chlorophyll_A_001_phosphate_plate5.tif,1,768.000,768,768
28528,F8_01_1_2_Chlorophyll_A_001_phosphate_plate5.tif,3,842.667,816,864
28529,F8_01_1_2_Chlorophyll_A_001_phosphate_plate5.tif,1,800.000,800,800
28530,F8_01_1_2_Chlorophyll_A_001_phosphate_plate5.tif,2,824.000,800,848
28531,F8_01_1_2_Chlorophyll_A_001_phosphate_plate5.tif,1,928.000,928,928
28532,F8_01_1_2_Chlorophyll_A_001_phosphate_plate5.tif,2,832.000,832,832
28533,F8_01_1_2_Chlorophyll_A_001_phosphate_plate5.tif,7,811.429,768,864
28534,F8_01_1_2_Chlorophyll_A_001_phosphate_plate5.tif,5,912.000,832,960
28535,F8_01_1_2_Chlorophyll_A_001_phosphate_plate5.tif,1,864.000,864,864
28536,F8_01_1_2_Chlorophyll_A_001_phosphate_plate5.tif,1,960.000,960,960
28537,F8_01_1_2_Chlorophyll_A_001_phosphate_plate5.tif,1,896.000,896,896
28538,F8_01_1_2_Chlorophyll_A_001_phosphate_plate5.tif,1,784.000,784,784
28539,F8_01_1_2_Chlorophyll_A_001_phosphate_plate5.tif,1,784.000,784,784
28540,F8_01_1_2_Chlorophyll_A_001_phosphate_plate5.tif,1,944.000,944,944
28541,F8_01_1_2_Chlorophyll_A_001_phosphate_plate5.tif,2,776.000,768,784
28542,F8_01_1_2_Chlorophyll_A_001_phosphate_plate5.tif,1,800.000,800,800
28543,F8_01_1_2_Chlorophyll_A_001_phosphate_plate5.tif,1,816.000,816,816
28544,F8_01_1_2_Chlorophyll_A_001_phosphate_plate5.tif,1,800.000,800,800
28545,F8_01_1_2_Chlorophyll_A_001_phosphate_plate5.tif,2,856.000,832,880
28546,F8_01_1_2_Chlorophyll_A_001_phosphate_plate5.tif,1,832.000,832,832
28547,F8_01_1_2_Chlorophyll_A_001_phosphate_plate5.tif,1,768.000,768,768
28548,F8_01_1_2_Chlorophyll_A_001_phosphate_plate5.tif,1,928.000,928,928
28549,F8_01_1_2_Chlorophyll_A_001_phosphate_plate5.tif,1,880.000,880,880
28550,F8_01_1_2_Chlorophyll_A_001_phosphate_plate5.tif,1,816.000,816,816
28551,F8_01_1_2_Chlorophyll_A_001_phosphate_plate5.tif,1,816.000,816,816
28552,F8_01_1_2_Chlorophyll_A_001_phosphate_plate5.tif,1,864.000,864,864
28553,F8_01_1_2_Chlorophyll_A_001_phosphate_plate5.tif,1,832.000,832,832
28554,F8_01_1_2_Chlorophyll_A_001_phosphate_plate5.tif,1,880.000,880,880
28555,F8_01_1_2_Chlorophyll_A_001_phosphate_plate5.tif,8,960.000,768,1056
28556,F8_01_1_2_Chlorophyll_A_001_phosphate_plate5.tif,496,1100.548,768,1568
28557,F8_01_1_2_Chlorophyll_A_001_phosphate_plate5.tif,39,879.179,768,1136
28558,F8_01_1_2_Chlorophyll_A_001_phosphate_plate5.tif,55,893.382,768,1088
28559,F8_01_1_2_Chlorophyll_A_001_phosphate_plate5.tif,1,768.000,768,768
28560,F8_01_1_2_Chlorophyll_A_001_phosphate_plate5.tif,29,843.586,768,1056
28561,F8_01_1_2_Chlorophyll_A_001_phosphate_plate5.tif,4,816.000,784,864
28562,F8_01_1_2_Chlorophyll_A_001_phosphate_plate5.tif,2,864.000,800,928
28563,F8_01_1_2_Chlorophyll_A_001_phosphate_plate5.tif,7,841.143,768,928
28564,F8_01_1_2_Chlorophyll_A_001_phosphate_plate5.tif,1,1008.000,1008,1008
28565,F8_01_1_2_Chlorophyll_A_001_phosphate_plate5.tif,2,880.000,832,928
28566,F8_01_1_2_Chlorophyll_A_001_phosphate_plate5.tif,1,912.000,912,912
28567,F8_01_1_2_Chlorophyll_A_001_phosphate_plate5.tif,1,896.000,896,896
28568,F8_01_1_2_Chlorophyll_A_001_phosphate_plate5.tif,1,816.000,816,816
28569,F8_01_1_2_Chlorophyll_A_001_phosphate_plate5.tif,7,822.857,768,960
28570,F8_01_1_2_Chlorophyll_A_001_phosphate_plate5.tif,7,891.429,768,1024
28571,F8_01_1_2_Chlorophyll_A_001_phosphate_plate5.tif,1,768.000,768,768
28572,F8_01_1_2_Chlorophyll_A_001_phosphate_plate5.tif,2,800.000,768,832
28573,F8_01_1_2_Chlorophyll_A_001_phosphate_plate5.tif,2,800.000,800,800
28574,F8_01_1_2_Chlorophyll_A_001_phosphate_plate5.tif,1,816.000,816,816
28575,F8_01_1_2_Chlorophyll_A_001_phosphate_plate5.tif,3,826.667,768,880
28576,F8_01_1_2_Chlorophyll_A_001_phosphate_plate5.tif,1,1024.000,1024,1024
28577,F8_01_1_2_Chlorophyll_A_001_phosphate_plate5.tif,1,816.000,816,816
28578,F8_01_1_2_Chlorophyll_A_001_phosphate_plate5.tif,4,820.000,784,848
28579,F8_01_1_2_Chlorophyll_A_001_phosphate_plate5.tif,1,928.000,928,928
28580,F8_01_1_2_Chlorophyll_A_001_phosphate_plate5.tif,3,874.667,816,976
28581,F8_01_1_2_Chlorophyll_A_001_phosphate_plate5.tif,5,825.600,768,912
28582,F8_01_1_2_Chlorophyll_A_001_phosphate_plate5.tif,11,882.909,784,1072
28583,F8_01_1_2_Chlorophyll_A_001_phosphate_plate5.tif,3,938.667,864,1056
28584,F8_01_1_2_Chlorophyll_A_001_phosphate_plate5.tif,2,872.000,832,912
28585,F8_01_1_2_Chlorophyll_A_001_phosphate_plate5.tif,1,880.000,880,880
28586,F8_01_1_2_Chlorophyll_A_001_phosphate_plate5.tif,1,784.000,784,784
28587,F8_01_1_2_Chlorophyll_A_001_phosphate_plate5.tif,2,832.000,800,864
28588,F8_01_1_2_Chlorophyll_A_001_phosphate_plate5.tif,1,768.000,768,768
28589,F8_01_1_2_Chlorophyll_A_001_phosphate_plate5.tif,1,816.000,816,816
28590,F8_01_1_2_Chlorophyll_A_001_phosphate_plate5.tif,1,784.000,784,784
28591,F8_01_1_2_Chlorophyll_A_001_phosphate_plate5.tif,1,768.000,768,768
28592,F8_01_1_2_Chlorophyll_A_001_phosphate_plate5.tif,3,821.333,784,896
28593,F8_01_1_2_Chlorophyll_A_001_phosphate_plate5.tif,1,768.000,768,768
28594,F8_01_1_2_Chlorophyll_A_001_phosphate_plate5.tif,1,816.000,816,816
28595,F8_01_1_2_Chlorophyll_A_001_phosphate_plate5.tif,1,800.000,800,800
28596,F8_01_1_2_Chlorophyll_A_001_phosphate_plate5.tif,2,792.000,784,800
28597,F8_01_1_2_Chlorophyll_A_001_phosphate_plate5.tif,1,832.000,832,832
28598,F8_01_1_2_Chlorophyll_A_001_phosphate_plate5.tif,2,800.000,800,800
28599,F8_01_1_2_Chlorophyll_A_001_phosphate_plate5.tif,1,800.000,800,800
28600,F8_01_1_2_Chlorophyll_A_001_phosphate_plate5.tif,73,920.110,768,1216
28601,F8_01_1_2_Chlorophyll_A_001_phosphate_plate5.tif,177,1056.452,768,1488
28602,F8_01_1_2_Chlorophyll_A_001_phosphate_plate5.tif,90,998.756,768,1360
28603,F8_01_1_2_Chlorophyll_A_001_phosphate_plate5.tif,6,909.333,768,1072
28604,F8_01_1_2_Chlorophyll_A_001_phosphate_plate5.tif,1,832.000,832,832
28605,F8_01_1_2_Chlorophyll_A_001_phosphate_plate5.tif,1,784.000,784,784
28606,F8_01_1_2_Chlorophyll_A_001_phosphate_plate5.tif,4,896.000,816,1008
28607,F8_01_1_2_Chlorophyll_A_001_phosphate_plate5.tif,1,832.000,832,832
28608,F8_01_1_2_Chlorophyll_A_001_phosphate_plate5.tif,7,850.286,768,976
28609,F8_01_1_2_Chlorophyll_A_001_phosphate_plate5.tif,1,976.000,976,976
28610,F8_01_1_2_Chlorophyll_A_001_phosphate_plate5.tif,2,816.000,816,816
28611,F8_01_1_2_Chlorophyll_A_001_phosphate_plate5.tif,3,821.333,800,864
28612,F8_01_1_2_Chlorophyll_A_001_phosphate_plate5.tif,1,928.000,928,928
28613,F8_01_1_2_Chlorophyll_A_001_phosphate_plate5.tif,2,904.000,864,944
28614,F8_01_1_2_Chlorophyll_A_001_phosphate_plate5.tif,1,896.000,896,896
28615,F8_01_1_2_Chlorophyll_A_001_phosphate_plate5.tif,1,864.000,864,864
28616,F8_01_1_2_Chlorophyll_A_001_phosphate_plate5.tif,3,912.000,880,960
28617,F8_01_1_2_Chlorophyll_A_001_phosphate_plate5.tif,1,1008.000,1008,1008
28618,F8_01_1_2_Chlorophyll_A_001_phosphate_plate5.tif,5,812.800,784,880
28619,F8_01_1_2_Chlorophyll_A_001_phosphate_plate5.tif,5,835.200,784,976
28620,F8_01_1_2_Chlorophyll_A_001_phosphate_plate5.tif,2,944.000,880,1008
28621,F8_01_1_2_Chlorophyll_A_001_phosphate_plate5.tif,1,768.000,768,768
28622,F8_01_1_2_Chlorophyll_A_001_phosphate_plate5.tif,1,768.000,768,768
28623,F8_01_1_2_Chlorophyll_A_001_phosphate_plate5.tif,2,880.000,864,896
28624,F8_01_1_2_Chlorophyll_A_001_phosphate_plate5.tif,1,800.000,800,800
28625,F8_01_1_2_Chlorophyll_A_001_phosphate_plate5.tif,1,848.000,848,848
28626,F8_01_1_2_Chlorophyll_A_001_phosphate_plate5.tif,1,784.000,784,784
28627,F8_01_1_2_Chlorophyll_A_001_phosphate_plate5.tif,1,800.000,800,800
28628,F8_01_1_2_Chlorophyll_A_001_phosphate_plate5.tif,1,864.000,864,864
28629,F8_01_1_2_Chlorophyll_A_001_phosphate_plate5.tif,2,808.000,800,816
28630,F8_01_1_2_Chlorophyll_A_001_phosphate_plate5.tif,1,800.000,800,800
28631,F8_01_1_2_Chlorophyll_A_001_phosphate_plate5.tif,2,816.000,768,864
28632,F8_01_1_2_Chlorophyll_A_001_phosphate_plate5.tif,1,768.000,768,768
28633,F8_01_1_2_Chlorophyll_A_001_phosphate_plate5.tif,1,768.000,768,768
28634,F8_01_1_2_Chlorophyll_A_001_phosphate_plate5.tif,1,816.000,816,816
28635,F8_01_1_2_Chlorophyll_A_001_phosphate_plate5.tif,1,768.000,768,768
28636,F8_01_1_2_Chlorophyll_A_001_phosphate_plate5.tif,1,832.000,832,832
28637,F8_01_1_2_Chlorophyll_A_001_phosphate_plate5.tif,3,826.667,768,896
28638,F8_01_1_2_Chlorophyll_A_001_phosphate_plate5.tif,1,784.000,784,784
28639,F8_01_1_2_Chlorophyll_A_001_phosphate_plate5.tif,1,832.000,832,832
28640,F8_01_1_2_Chlorophyll_A_001_phosphate_plate5.tif,1,912.000,912,912
28641,F8_01_1_2_Chlorophyll_A_001_phosphate_plate5.tif,4,812.000,784,864
28642,F8_01_1_2_Chlorophyll_A_001_phosphate_plate5.tif,42,964.571,800,1184
28643,F8_01_1_2_Chlorophyll_A_001_phosphate_plate5.tif,51,1018.980,768,1424
28644,F8_01_1_2_Chlorophyll_A_001_phosphate_plate5.tif,11,869.818,768,1024
28645,F8_01_1_2_Chlorophyll_A_001_phosphate_plate5.tif,1,864.000,864,864
28646,F8_01_1_2_Chlorophyll_A_001_phosphate_plate5.tif,1,816.000,816,816
28647,F8_01_1_2_Chlorophyll_A_001_phosphate_plate5.tif,1,816.000,816,816
28648,F8_01_1_2_Chlorophyll_A_001_phosphate_plate5.tif,1,768.000,768,768
28649,F8_01_1_2_Chlorophyll_A_001_phosphate_plate5.tif,1,848.000,848,848
28650,F8_01_1_2_Chlorophyll_A_001_phosphate_plate5.tif,1,768.000,768,768
28651,F8_01_1_2_Chlorophyll_A_001_phosphate_plate5.tif,1,896.000,896,896
28652,F8_01_1_2_Chlorophyll_A_001_phosphate_plate5.tif,2,816.000,768,864
28653,F8_01_1_2_Chlorophyll_A_001_phosphate_plate5.tif,1,928.000,928,928
28654,F8_01_1_2_Chlorophyll_A_001_phosphate_plate5.tif,1,800.000,800,800
28655,F8_01_1_2_Chlorophyll_A_001_phosphate_plate5.tif,4,860.000,768,944
28656,F8_01_1_2_Chlorophyll_A_001_phosphate_plate5.tif,2,800.000,768,832
28657,F8_01_1_2_Chlorophyll_A_001_phosphate_plate5.tif,2,816.000,784,848
28658,F8_01_1_2_Chlorophyll_A_001_phosphate_plate5.tif,2,840.000,768,912
28659,F8_01_1_2_Chlorophyll_A_001_phosphate_plate5.tif,1,832.000,832,832
28660,F8_01_1_2_Chlorophyll_A_001_phosphate_plate5.tif,3,794.667,768,816
28661,F8_01_1_2_Chlorophyll_A_001_phosphate_plate5.tif,4,824.000,784,880
28662,F8_01_1_2_Chlorophyll_A_001_phosphate_plate5.tif,10,878.400,768,976
28663,F8_01_1_2_Chlorophyll_A_001_phosphate_plate5.tif,287,1860.906,768,11152
28664,F8_01_1_2_Chlorophyll_A_001_phosphate_plate5.tif,1,784.000,784,784
28665,F8_01_1_2_Chlorophyll_A_001_phosphate_plate5.tif,1,816.000,816,816
28666,F8_01_1_2_Chlorophyll_A_001_phosphate_plate5.tif,1,832.000,832,832
28667,F8_01_1_2_Chlorophyll_A_001_phosphate_plate5.tif,2,816.000,800,832
28668,F8_01_1_2_Chlorophyll_A_001_phosphate_plate5.tif,1,848.000,848,848
28669,F8_01_1_2_Chlorophyll_A_001_phosphate_plate5.tif,1,816.000,816,816
28670,F8_01_1_2_Chlorophyll_A_001_phosphate_plate5.tif,1,816.000,816,816
28671,F8_01_1_2_Chlorophyll_A_001_phosphate_plate5.tif,1,784.000,784,784
28672,F8_01_1_2_Chlorophyll_A_001_phosphate_plate5.tif,1,848.000,848,848
28673,F8_01_1_2_Chlorophyll_A_001_phosphate_plate5.tif,1,768.000,768,768
28674,F8_01_1_2_Chlorophyll_A_001_phosphate_plate5.tif,1,784.000,784,784
28675,F8_01_1_2_Chlorophyll_A_001_phosphate_plate5.tif,1,800.000,800,800
28676,F8_01_1_2_Chlorophyll_A_001_phosphate_plate5.tif,1,768.000,768,768
28677,F8_01_1_2_Chlorophyll_A_001_phosphate_plate5.tif,4,792.000,768,800
28678,F8_01_1_2_Chlorophyll_A_001_phosphate_plate5.tif,1,864.000,864,864
28679,F8_01_1_2_Chlorophyll_A_001_phosphate_plate5.tif,41,1038.829,800,1456
28680,F8_01_1_2_Chlorophyll_A_001_phosphate_plate5.tif,35,925.714,784,1088
28681,F8_01_1_2_Chlorophyll_A_001_phosphate_plate5.tif,11,907.636,768,1040
28682,F8_01_1_2_Chlorophyll_A_001_phosphate_plate5.tif,36,866.667,768,1136
28683,F8_01_1_2_Chlorophyll_A_001_phosphate_plate5.tif,26,914.462,784,1120
28684,F8_01_1_2_Chlorophyll_A_001_phosphate_plate5.tif,8,838.000,768,944
28685,F8_01_1_2_Chlorophyll_A_001_phosphate_plate5.tif,3,954.667,896,1008
28686,F8_01_1_2_Chlorophyll_A_001_phosphate_plate5.tif,1,816.000,816,816
28687,F8_01_1_2_Chlorophyll_A_001_phosphate_plate5.tif,17,826.353,768,944
28688,F8_01_1_2_Chlorophyll_A_001_phosphate_plate5.tif,1,784.000,784,784
28689,F8_01_1_2_Chlorophyll_A_001_phosphate_plate5.tif,10,867.200,768,1056
28690,F8_01_1_2_Chlorophyll_A_001_phosphate_plate5.tif,1,832.000,832,832
28691,F8_01_1_2_Chlorophyll_A_001_phosphate_plate5.tif,4,872.000,784,992
28692,F8_01_1_2_Chlorophyll_A_001_phosphate_plate5.tif,2,784.000,784,784
28693,F8_01_1_2_Chlorophyll_A_001_phosphate_plate5.tif,1,816.000,816,816
28694,F8_01_1_2_Chlorophyll_A_001_phosphate_plate5.tif,1,928.000,928,928
28695,F8_01_1_2_Chlorophyll_A_001_phosphate_plate5.tif,2,864.000,768,960
28696,F8_01_1_2_Chlorophyll_A_001_phosphate_plate5.tif,3,901.333,864,944
28697,F8_01_1_2_Chlorophyll_A_001_phosphate_plate5.tif,2,824.000,816,832
28698,F8_01_1_2_Chlorophyll_A_001_phosphate_plate5.tif,2,792.000,784,800
28699,F8_01_1_2_Chlorophyll_A_001_phosphate_plate5.tif,1,848.000,848,848
28700,F8_01_1_2_Chlorophyll_A_001_phosphate_plate5.tif,1,912.000,912,912
28701,F8_01_1_2_Chlorophyll_A_001_phosphate_plate5.tif,4,820.000,784,848
28702,F8_01_1_2_Chlorophyll_A_001_phosphate_plate5.tif,2,816.000,800,832
28703,F8_01_1_2_Chlorophyll_A_001_phosphate_plate5.tif,3,869.333,784,944
28704,F8_01_1_2_Chlorophyll_A_001_phosphate_plate5.tif,1,816.000,816,816
28705,F8_01_1_2_Chlorophyll_A_001_phosphate_plate5.tif,1,832.000,832,832
28706,F8_01_1_2_Chlorophyll_A_001_phosphate_plate5.tif,3,832.000,784,880
28707,F8_01_1_2_Chlorophyll_A_001_phosphate_plate5.tif,1,816.000,816,816
28708,F8_01_1_2_Chlorophyll_A_001_phosphate_plate5.tif,1,768.000,768,768
28709,F8_01_1_2_Chlorophyll_A_001_phosphate_plate5.tif,1,816.000,816,816
28710,F8_01_1_2_Chlorophyll_A_001_phosphate_plate5.tif,1,816.000,816,816
28711,F8_01_1_2_Chlorophyll_A_001_phosphate_plate5.tif,1,832.000,832,832
28712,F8_01_1_2_Chlorophyll_A_001_phosphate_plate5.tif,1,784.000,784,784
28713,F8_01_1_2_Chlorophyll_A_001_phosphate_plate5.tif,1,880.000,880,880
28714,F8_01_1_2_Chlorophyll_A_001_phosphate_plate5.tif,1,864.000,864,864
28715,F8_01_1_2_Chlorophyll_A_001_phosphate_plate5.tif,1,768.000,768,768
28716,F8_01_1_2_Chlorophyll_A_001_phosphate_plate5.tif,1,848.000,848,848
28717,F8_01_1_2_Chlorophyll_A_001_phosphate_plate5.tif,1,768.000,768,768
28718,F8_01_1_2_Chlorophyll_A_001_phosphate_plate5.tif,1,816.000,816,816
28719,F8_01_1_2_Chlorophyll_A_001_phosphate_plate5.tif,1,816.000,816,816
28720,F8_01_1_2_Chlorophyll_A_001_phosphate_plate5.tif,1,960.000,960,960
28721,F8_01_1_2_Chlorophyll_A_001_phosphate_plate5.tif,4,828.000,768,864
28722,F8_01_1_2_Chlorophyll_A_001_phosphate_plate5.tif,1,800.000,800,800
28723,F8_01_1_2_Chlorophyll_A_001_phosphate_plate5.tif,1,816.000,816,816
28724,F8_01_1_2_Chlorophyll_A_001_phosphate_plate5.tif,6,813.333,768,896
28725,F8_01_1_2_Chlorophyll_A_001_phosphate_plate5.tif,5,790.400,768,816
28726,F8_01_1_2_Chlorophyll_A_001_phosphate_plate5.tif,1,784.000,784,784
28727,F8_01_1_2_Chlorophyll_A_001_phosphate_plate5.tif,1,784.000,784,784
28728,F8_01_1_2_Chlorophyll_A_001_phosphate_plate5.tif,1,944.000,944,944
28729,F8_01_1_2_Chlorophyll_A_001_phosphate_plate5.tif,128,928.625,768,1248
28730,F8_01_1_2_Chlorophyll_A_001_phosphate_plate5.tif,61,963.410,768,1296
28731,F8_01_1_2_Chlorophyll_A_001_phosphate_plate5.tif,6,978.667,864,1152
28732,F8_01_1_2_Chlorophyll_A_001_phosphate_plate5.tif,191,975.246,768,1360
28733,F8_01_1_2_Chlorophyll_A_001_phosphate_plate5.tif,2,768.000,768,768
28734,F8_01_1_2_Chlorophyll_A_001_phosphate_plate5.tif,3,837.333,768,896
28735,F8_01_1_2_Chlorophyll_A_001_phosphate_plate5.tif,3,832.000,768,960
28736,F8_01_1_2_Chlorophyll_A_001_phosphate_plate5.tif,1,896.000,896,896
28737,F8_01_1_2_Chlorophyll_A_001_phosphate_plate5.tif,2,872.000,832,912
28738,F8_01_1_2_Chlorophyll_A_001_phosphate_plate5.tif,1,784.000,784,784
28739,F8_01_1_2_Chlorophyll_A_001_phosphate_plate5.tif,1,832.000,832,832
28740,F8_01_1_2_Chlorophyll_A_001_phosphate_plate5.tif,1,864.000,864,864
28741,F8_01_1_2_Chlorophyll_A_001_phosphate_plate5.tif,2,824.000,800,848
28742,F8_01_1_2_Chlorophyll_A_001_phosphate_plate5.tif,1,800.000,800,800
28743,F8_01_1_2_Chlorophyll_A_001_phosphate_plate5.tif,1,800.000,800,800
28744,F8_01_1_2_Chlorophyll_A_001_phosphate_plate5.tif,2,800.000,768,832
28745,F8_01_1_2_Chlorophyll_A_001_phosphate_plate5.tif,1,800.000,800,800
28746,F8_01_1_2_Chlorophyll_A_001_phosphate_plate5.tif,1,768.000,768,768
28747,F8_01_1_2_Chlorophyll_A_001_phosphate_plate5.tif,2,808.000,768,848
28748,F8_01_1_2_Chlorophyll_A_001_phosphate_plate5.tif,2,888.000,832,944
28749,F8_01_1_2_Chlorophyll_A_001_phosphate_plate5.tif,1,896.000,896,896
28750,F8_01_1_2_Chlorophyll_A_001_phosphate_plate5.tif,1,880.000,880,880
28751,F8_01_1_2_Chlorophyll_A_001_phosphate_plate5.tif,3,848.000,800,896
28752,F8_01_1_2_Chlorophyll_A_001_phosphate_plate5.tif,1,896.000,896,896
28753,F8_01_1_2_Chlorophyll_A_001_phosphate_plate5.tif,2,840.000,816,864
28754,F8_01_1_2_Chlorophyll_A_001_phosphate_plate5.tif,1,784.000,784,784
28755,F8_01_1_2_Chlorophyll_A_001_phosphate_plate5.tif,1,848.000,848,848
28756,F8_01_1_2_Chlorophyll_A_001_phosphate_plate5.tif,1,880.000,880,880
28757,F8_01_1_2_Chlorophyll_A_001_phosphate_plate5.tif,1,800.000,800,800
28758,F8_01_1_2_Chlorophyll_A_001_phosphate_plate5.tif,1,784.000,784,784
28759,F8_01_1_2_Chlorophyll_A_001_phosphate_plate5.tif,1,768.000,768,768
28760,F8_01_1_2_Chlorophyll_A_001_phosphate_plate5.tif,2,768.000,768,768
28761,F8_01_1_2_Chlorophyll_A_001_phosphate_plate5.tif,1,768.000,768,768
28762,F8_01_1_2_Chlorophyll_A_001_phosphate_plate5.tif,1,864.000,864,864
28763,F8_01_1_2_Chlorophyll_A_001_phosphate_plate5.tif,1,816.000,816,816
28764,F8_01_1_2_Chlorophyll_A_001_phosphate_plate5.tif,3,778.667,768,800
28765,F8_01_1_2_Chlorophyll_A_001_phosphate_plate5.tif,1,784.000,784,784
28766,F8_01_1_2_Chlorophyll_A_001_phosphate_plate5.tif,2,928.000,768,1088
28767,F8_01_1_2_Chlorophyll_A_001_phosphate_plate5.tif,1,896.000,896,896
28768,F8_01_1_2_Chlorophyll_A_001_phosphate_plate5.tif,1,880.000,880,880
28769,F8_01_1_2_Chlorophyll_A_001_phosphate_plate5.tif,6,837.333,768,896
28770,F8_01_1_2_Chlorophyll_A_001_phosphate_plate5.tif,49,987.755,768,1312
28771,F8_01_1_2_Chlorophyll_A_001_phosphate_plate5.tif,15,858.667,768,1008
28772,F8_01_1_2_Chlorophyll_A_001_phosphate_plate5.tif,2,792.000,768,816
28773,F8_01_1_2_Chlorophyll_A_001_phosphate_plate5.tif,1,864.000,864,864
28774,F8_01_1_2_Chlorophyll_A_001_phosphate_plate5.tif,2,784.000,768,800
28775,F8_01_1_2_Chlorophyll_A_001_phosphate_plate5.tif,6,824.000,768,944
28776,F8_01_1_2_Chlorophyll_A_001_phosphate_plate5.tif,1,800.000,800,800
28777,F8_01_1_2_Chlorophyll_A_001_phosphate_plate5.tif,1,832.000,832,832
28778,F8_01_1_2_Chlorophyll_A_001_phosphate_plate5.tif,1,848.000,848,848
28779,F8_01_1_2_Chlorophyll_A_001_phosphate_plate5.tif,1,800.000,800,800
28780,F8_01_1_2_Chlorophyll_A_001_phosphate_plate5.tif,205,3018.380,768,26048
28781,F8_01_1_2_Chlorophyll_A_001_phosphate_plate5.tif,1,864.000,864,864
28782,F8_01_1_2_Chlorophyll_A_001_phosphate_plate5.tif,1,800.000,800,800
28783,F8_01_1_2_Chlorophyll_A_001_phosphate_plate5.tif,6,818.667,768,912
28784,F8_01_1_2_Chlorophyll_A_001_phosphate_plate5.tif,1,784.000,784,784
28785,F8_01_1_2_Chlorophyll_A_001_phosphate_plate5.tif,1,784.000,784,784
28786,F8_01_1_2_Chlorophyll_A_001_phosphate_plate5.tif,4,864.000,816,944
28787,F8_01_1_2_Chlorophyll_A_001_phosphate_plate5.tif,1,832.000,832,832
28788,F8_01_1_2_Chlorophyll_A_001_phosphate_plate5.tif,1,816.000,816,816
28789,F8_01_1_2_Chlorophyll_A_001_phosphate_plate5.tif,1,800.000,800,800
28790,F8_01_1_2_Chlorophyll_A_001_phosphate_plate5.tif,1,848.000,848,848
28791,F8_01_1_2_Chlorophyll_A_001_phosphate_plate5.tif,1,768.000,768,768
28792,F8_01_1_2_Chlorophyll_A_001_phosphate_plate5.tif,2,808.000,784,832
28793,F8_01_1_2_Chlorophyll_A_001_phosphate_plate5.tif,1,832.000,832,832
28794,F8_01_1_2_Chlorophyll_A_001_phosphate_plate5.tif,1,832.000,832,832
28795,F8_01_1_2_Chlorophyll_A_001_phosphate_plate5.tif,1,784.000,784,784
28796,F8_01_1_2_Chlorophyll_A_001_phosphate_plate5.tif,2,792.000,784,800
28797,F8_01_1_2_Chlorophyll_A_001_phosphate_plate5.tif,1,848.000,848,848
28798,F8_01_1_2_Chlorophyll_A_001_phosphate_plate5.tif,3,858.667,784,928
28799,F8_01_1_2_Chlorophyll_A_001_phosphate_plate5.tif,2,808.000,800,816
28800,F8_01_1_2_Chlorophyll_A_001_phosphate_plate5.tif,1,880.000,880,880
28801,F8_01_1_2_Chlorophyll_A_001_phosphate_plate5.tif,107,900.935,768,1152
28802,F8_01_1_2_Chlorophyll_A_001_phosphate_plate5.tif,237,2085.738,768,19936
28803,F8_01_1_2_Chlorophyll_A_001_phosphate_plate5.tif,3,816.000,784,864
28804,F8_01_1_2_Chlorophyll_A_001_phosphate_plate5.tif,1,800.000,800,800
28805,F8_01_1_2_Chlorophyll_A_001_phosphate_plate5.tif,16,839.000,768,976
28806,F8_01_1_2_Chlorophyll_A_001_phosphate_plate5.tif,4,856.000,784,928
28807,F8_01_1_2_Chlorophyll_A_001_phosphate_plate5.tif,4,876.000,816,944
28808,F8_01_1_2_Chlorophyll_A_001_phosphate_plate5.tif,1,800.000,800,800
28809,F8_01_1_2_Chlorophyll_A_001_phosphate_plate5.tif,2,832.000,816,848
28810,F8_01_1_2_Chlorophyll_A_001_phosphate_plate5.tif,1,800.000,800,800
28811,F8_01_1_2_Chlorophyll_A_001_phosphate_plate5.tif,2,920.000,816,1024
28812,F8_01_1_2_Chlorophyll_A_001_phosphate_plate5.tif,1,800.000,800,800
28813,F8_01_1_2_Chlorophyll_A_001_phosphate_plate5.tif,3,970.667,864,1136
28814,F8_01_1_2_Chlorophyll_A_001_phosphate_plate5.tif,4,836.000,784,896
28815,F8_01_1_2_Chlorophyll_A_001_phosphate_plate5.tif,8,860.000,768,992
28816,F8_01_1_2_Chlorophyll_A_001_phosphate_plate5.tif,3,864.000,816,912
28817,F8_01_1_2_Chlorophyll_A_001_phosphate_plate5.tif,2,800.000,768,832
28818,F8_01_1_2_Chlorophyll_A_001_phosphate_plate5.tif,1,896.000,896,896
28819,F8_01_1_2_Chlorophyll_A_001_phosphate_plate5.tif,1,912.000,912,912
28820,F8_01_1_2_Chlorophyll_A_001_phosphate_plate5.tif,4,856.000,816,896
28821,F8_01_1_2_Chlorophyll_A_001_phosphate_plate5.tif,4,812.000,768,912
28822,F8_01_1_2_Chlorophyll_A_001_phosphate_plate5.tif,1,832.000,832,832
28823,F8_01_1_2_Chlorophyll_A_001_phosphate_plate5.tif,1,816.000,816,816
28824,F8_01_1_2_Chlorophyll_A_001_phosphate_plate5.tif,3,821.333,784,880
28825,F8_01_1_2_Chlorophyll_A_001_phosphate_plate5.tif,1,992.000,992,992
28826,F8_01_1_2_Chlorophyll_A_001_phosphate_plate5.tif,1,800.000,800,800
28827,F8_01_1_2_Chlorophyll_A_001_phosphate_plate5.tif,2,768.000,768,768
28828,F8_01_1_2_Chlorophyll_A_001_phosphate_plate5.tif,1,784.000,784,784
28829,F8_01_1_2_Chlorophyll_A_001_phosphate_plate5.tif,1,848.000,848,848
28830,F8_01_1_2_Chlorophyll_A_001_phosphate_plate5.tif,1,848.000,848,848
28831,F8_01_1_2_Chlorophyll_A_001_phosphate_plate5.tif,1,768.000,768,768
28832,F8_01_1_2_Chlorophyll_A_001_phosphate_plate5.tif,1,880.000,880,880
28833,F8_01_1_2_Chlorophyll_A_001_phosphate_plate5.tif,1,816.000,816,816
28834,F8_01_1_2_Chlorophyll_A_001_phosphate_plate5.tif,1,768.000,768,768
28835,F8_01_1_2_Chlorophyll_A_001_phosphate_plate5.tif,1,944.000,944,944
28836,F8_01_1_2_Chlorophyll_A_001_phosphate_plate5.tif,1,768.000,768,768
28837,F8_01_1_2_Chlorophyll_A_001_phosphate_plate5.tif,1,768.000,768,768
28838,F8_01_1_2_Chlorophyll_A_001_phosphate_plate5.tif,3,848.000,816,912
28839,F8_01_1_2_Chlorophyll_A_001_phosphate_plate5.tif,1,768.000,768,768
28840,F8_01_1_2_Chlorophyll_A_001_phosphate_plate5.tif,2,800.000,768,832
28841,F8_01_1_2_Chlorophyll_A_001_phosphate_plate5.tif,1,784.000,784,784
28842,F8_01_1_2_Chlorophyll_A_001_phosphate_plate5.tif,1,944.000,944,944
28843,F8_01_1_2_Chlorophyll_A_001_phosphate_plate5.tif,10,841.600,768,928
28844,F8_01_1_2_Chlorophyll_A_001_phosphate_plate5.tif,51,1068.235,768,1408
28845,F8_01_1_2_Chlorophyll_A_001_phosphate_plate5.tif,41,906.927,768,1120
28846,F8_01_1_2_Chlorophyll_A_001_phosphate_plate5.tif,30,876.800,768,1024
28847,F8_01_1_2_Chlorophyll_A_001_phosphate_plate5.tif,20,868.000,768,1008
28848,F8_01_1_2_Chlorophyll_A_001_phosphate_plate5.tif,2,816.000,816,816
28849,F8_01_1_2_Chlorophyll_A_001_phosphate_plate5.tif,15,868.267,784,1024
28850,F8_01_1_2_Chlorophyll_A_001_phosphate_plate5.tif,11,864.000,768,992
28851,F8_01_1_2_Chlorophyll_A_001_phosphate_plate5.tif,3,885.333,784,1040
28852,F8_01_1_2_Chlorophyll_A_001_phosphate_plate5.tif,1,800.000,800,800
28853,F8_01_1_2_Chlorophyll_A_001_phosphate_plate5.tif,2,832.000,784,880
28854,F8_01_1_2_Chlorophyll_A_001_phosphate_plate5.tif,1,880.000,880,880
28855,F8_01_1_2_Chlorophyll_A_001_phosphate_plate5.tif,14,844.571,768,928
28856,F8_01_1_2_Chlorophyll_A_001_phosphate_plate5.tif,1,800.000,800,800
28857,F8_01_1_2_Chlorophyll_A_001_phosphate_plate5.tif,4,872.000,784,976
28858,F8_01_1_2_Chlorophyll_A_001_phosphate_plate5.tif,3,944.000,896,1008
28859,F8_01_1_2_Chlorophyll_A_001_phosphate_plate5.tif,2,992.000,960,1024
28860,F8_01_1_2_Chlorophyll_A_001_phosphate_plate5.tif,1,768.000,768,768
28861,F8_01_1_2_Chlorophyll_A_001_phosphate_plate5.tif,2,792.000,784,800
28862,F8_01_1_2_Chlorophyll_A_001_phosphate_plate5.tif,6,880.000,800,1056
28863,F8_01_1_2_Chlorophyll_A_001_phosphate_plate5.tif,2,840.000,832,848
28864,F8_01_1_2_Chlorophyll_A_001_phosphate_plate5.tif,1,896.000,896,896
28865,F8_01_1_2_Chlorophyll_A_001_phosphate_plate5.tif,1,896.000,896,896
28866,F8_01_1_2_Chlorophyll_A_001_phosphate_plate5.tif,1,784.000,784,784
28867,F8_01_1_2_Chlorophyll_A_001_phosphate_plate5.tif,1,784.000,784,784
28868,F8_01_1_2_Chlorophyll_A_001_phosphate_plate5.tif,2,784.000,784,784
28869,F8_01_1_2_Chlorophyll_A_001_phosphate_plate5.tif,1,816.000,816,816
28870,F8_01_1_2_Chlorophyll_A_001_phosphate_plate5.tif,4,856.000,784,928
28871,F8_01_1_2_Chlorophyll_A_001_phosphate_plate5.tif,1,816.000,816,816
28872,F8_01_1_2_Chlorophyll_A_001_phosphate_plate5.tif,1,976.000,976,976
28873,F8_01_1_2_Chlorophyll_A_001_phosphate_plate5.tif,1,768.000,768,768
28874,F8_01_1_2_Chlorophyll_A_001_phosphate_plate5.tif,5,806.400,768,912
28875,F8_01_1_2_Chlorophyll_A_001_phosphate_plate5.tif,3,826.667,768,896
28876,F8_01_1_2_Chlorophyll_A_001_phosphate_plate5.tif,1,864.000,864,864
28877,F8_01_1_2_Chlorophyll_A_001_phosphate_plate5.tif,4,836.000,800,912
28878,F8_01_1_2_Chlorophyll_A_001_phosphate_plate5.tif,1,768.000,768,768
28879,F8_01_1_2_Chlorophyll_A_001_phosphate_plate5.tif,1,768.000,768,768
28880,F8_01_1_2_Chlorophyll_A_001_phosphate_plate5.tif,1,880.000,880,880
28881,F8_01_1_2_Chlorophyll_A_001_phosphate_plate5.tif,1,768.000,768,768
28882,F8_01_1_2_Chlorophyll_A_001_phosphate_plate5.tif,3,821.333,784,880
28883,F8_01_1_2_Chlorophyll_A_001_phosphate_plate5.tif,1,784.000,784,784
28884,F8_01_1_2_Chlorophyll_A_001_phosphate_plate5.tif,1,896.000,896,896
28885,F8_01_1_2_Chlorophyll_A_001_phosphate_plate5.tif,1,784.000,784,784
28886,F8_01_1_2_Chlorophyll_A_001_phosphate_plate5.tif,2,808.000,784,832
28887,F8_01_1_2_Chlorophyll_A_001_phosphate_plate5.tif,2,856.000,832,880
28888,F8_01_1_2_Chlorophyll_A_001_phosphate_plate5.tif,1,784.000,784,784
28889,F8_01_1_2_Chlorophyll_A_001_phosphate_plate5.tif,1,896.000,896,896
28890,F8_01_1_2_Chlorophyll_A_001_phosphate_plate5.tif,1,768.000,768,768
28891,F8_01_1_2_Chlorophyll_A_001_phosphate_plate5.tif,1,944.000,944,944
28892,F8_01_1_2_Chlorophyll_A_001_phosphate_plate5.tif,1,864.000,864,864
28893,F8_01_1_2_Chlorophyll_A_001_phosphate_plate5.tif,2,808.000,768,848
28894,F8_01_1_2_Chlorophyll_A_001_phosphate_plate5.tif,1,848.000,848,848
28895,F8_01_1_2_Chlorophyll_A_001_phosphate_plate5.tif,1,880.000,880,880
28896,F8_01_1_2_Chlorophyll_A_001_phosphate_plate5.tif,1,944.000,944,944
28897,F8_01_1_2_Chlorophyll_A_001_phosphate_plate5.tif,1,816.000,816,816
28898,F8_01_1_2_Chlorophyll_A_001_phosphate_plate5.tif,2,896.000,800,992
28899,F8_01_1_2_Chlorophyll_A_001_phosphate_plate5.tif,1,880.000,880,880
28900,F8_01_1_2_Chlorophyll_A_001_phosphate_plate5.tif,2,840.000,832,848
28901,F8_01_1_2_Chlorophyll_A_001_phosphate_plate5.tif,1,880.000,880,880
28902,F8_01_1_2_Chlorophyll_A_001_phosphate_plate5.tif,2,816.000,768,864
28903,F8_01_1_2_Chlorophyll_A_001_phosphate_plate5.tif,1,768.000,768,768
28904,F8_01_1_2_Chlorophyll_A_001_phosphate_plate5.tif,9,860.444,768,1120
28905,F8_01_1_2_Chlorophyll_A_001_phosphate_plate5.tif,25,910.080,800,1184
28906,F8_01_1_2_Chlorophyll_A_001_phosphate_plate5.tif,51,880.941,768,1120
28907,F8_01_1_2_Chlorophyll_A_001_phosphate_plate5.tif,2,800.000,784,816
28908,F8_01_1_2_Chlorophyll_A_001_phosphate_plate5.tif,4,860.000,832,880
28909,F8_01_1_2_Chlorophyll_A_001_phosphate_plate5.tif,2,792.000,768,816
28910,F8_01_1_2_Chlorophyll_A_001_phosphate_plate5.tif,10,888.000,768,1024
28911,F8_01_1_2_Chlorophyll_A_001_phosphate_plate5.tif,2,864.000,816,912
28912,F8_01_1_2_Chlorophyll_A_001_phosphate_plate5.tif,2,816.000,800,832
28913,F8_01_1_2_Chlorophyll_A_001_phosphate_plate5.tif,1,784.000,784,784
28914,F8_01_1_2_Chlorophyll_A_001_phosphate_plate5.tif,1,864.000,864,864
28915,F8_01_1_2_Chlorophyll_A_001_phosphate_plate5.tif,3,816.000,768,848
28916,F8_01_1_2_Chlorophyll_A_001_phosphate_plate5.tif,1,832.000,832,832
28917,F8_01_1_2_Chlorophyll_A_001_phosphate_plate5.tif,1,960.000,960,960
28918,F8_01_1_2_Chlorophyll_A_001_phosphate_plate5.tif,1,896.000,896,896
28919,F8_01_1_2_Chlorophyll_A_001_phosphate_plate5.tif,1,800.000,800,800
28920,F8_01_1_2_Chlorophyll_A_001_phosphate_plate5.tif,3,880.000,816,960
28921,F8_01_1_2_Chlorophyll_A_001_phosphate_plate5.tif,2,832.000,784,880
28922,F8_01_1_2_Chlorophyll_A_001_phosphate_plate5.tif,1,976.000,976,976
28923,F8_01_1_2_Chlorophyll_A_001_phosphate_plate5.tif,2,880.000,816,944
28924,F8_01_1_2_Chlorophyll_A_001_phosphate_plate5.tif,1,784.000,784,784
28925,F8_01_1_2_Chlorophyll_A_001_phosphate_plate5.tif,1,768.000,768,768
28926,F8_01_1_2_Chlorophyll_A_001_phosphate_plate5.tif,3,810.667,768,864
28927,F8_01_1_2_Chlorophyll_A_001_phosphate_plate5.tif,1,784.000,784,784
28928,F8_01_1_2_Chlorophyll_A_001_phosphate_plate5.tif,1,816.000,816,816
28929,F8_01_1_2_Chlorophyll_A_001_phosphate_plate5.tif,1,816.000,816,816
28930,F8_01_1_2_Chlorophyll_A_001_phosphate_plate5.tif,1,784.000,784,784
28931,F8_01_1_2_Chlorophyll_A_001_phosphate_plate5.tif,1,768.000,768,768
28932,F8_01_1_2_Chlorophyll_A_001_phosphate_plate5.tif,1,976.000,976,976
28933,F8_01_1_2_Chlorophyll_A_001_phosphate_plate5.tif,1,784.000,784,784
28934,F8_01_1_2_Chlorophyll_A_001_phosphate_plate5.tif,1,768.000,768,768
28935,F8_01_1_2_Chlorophyll_A_001_phosphate_plate5.tif,1,848.000,848,848
28936,F8_01_1_2_Chlorophyll_A_001_phosphate_plate5.tif,2,768.000,768,768
28937,F8_01_1_2_Chlorophyll_A_001_phosphate_plate5.tif,1,800.000,800,800
28938,F8_01_1_2_Chlorophyll_A_001_phosphate_plate5.tif,2,816.000,784,848
28939,F8_01_1_2_Chlorophyll_A_001_phosphate_plate5.tif,2,792.000,784,800
28940,F8_01_1_2_Chlorophyll_A_001_phosphate_plate5.tif,1,848.000,848,848
28941,F8_01_1_2_Chlorophyll_A_001_phosphate_plate5.tif,2,792.000,768,816
28942,F8_01_1_2_Chlorophyll_A_001_phosphate_plate5.tif,1,848.000,848,848
28943,F8_01_1_2_Chlorophyll_A_001_phosphate_plate5.tif,4,848.000,768,976
28944,F8_01_1_2_Chlorophyll_A_001_phosphate_plate5.tif,117,948.786,768,1344
28945,F8_01_1_2_Chlorophyll_A_001_phosphate_plate5.tif,54,889.481,768,1168
28946,F8_01_1_2_Chlorophyll_A_001_phosphate_plate5.tif,10,868.800,768,992
28947,F8_01_1_2_Chlorophyll_A_001_phosphate_plate5.tif,13,843.077,768,944
28948,F8_01_1_2_Chlorophyll_A_001_phosphate_plate5.tif,9,858.667,768,944
28949,F8_01_1_2_Chlorophyll_A_001_phosphate_plate5.tif,3,885.333,800,1040
28950,F8_01_1_2_Chlorophyll_A_001_phosphate_plate5.tif,1,800.000,800,800
28951,F8_01_1_2_Chlorophyll_A_001_phosphate_plate5.tif,1,784.000,784,784
28952,F8_01_1_2_Chlorophyll_A_001_phosphate_plate5.tif,2,856.000,800,912
28953,F8_01_1_2_Chlorophyll_A_001_phosphate_plate5.tif,3,800.000,768,848
28954,F8_01_1_2_Chlorophyll_A_001_phosphate_plate5.tif,1,896.000,896,896
28955,F8_01_1_2_Chlorophyll_A_001_phosphate_plate5.tif,1,896.000,896,896
28956,F8_01_1_2_Chlorophyll_A_001_phosphate_plate5.tif,1,864.000,864,864
28957,F8_01_1_2_Chlorophyll_A_001_phosphate_plate5.tif,1,848.000,848,848
28958,F8_01_1_2_Chlorophyll_A_001_phosphate_plate5.tif,1,784.000,784,784
28959,F8_01_1_2_Chlorophyll_A_001_phosphate_plate5.tif,5,822.400,816,832
28960,F8_01_1_2_Chlorophyll_A_001_phosphate_plate5.tif,2,864.000,832,896
28961,F8_01_1_2_Chlorophyll_A_001_phosphate_plate5.tif,236,2098.034,768,12608
28962,F8_01_1_2_Chlorophyll_A_001_phosphate_plate5.tif,1,768.000,768,768
28963,F8_01_1_2_Chlorophyll_A_001_phosphate_plate5.tif,1,832.000,832,832
28964,F8_01_1_2_Chlorophyll_A_001_phosphate_plate5.tif,1,784.000,784,784
28965,F8_01_1_2_Chlorophyll_A_001_phosphate_plate5.tif,2,816.000,784,848
28966,F8_01_1_2_Chlorophyll_A_001_phosphate_plate5.tif,1,768.000,768,768
28967,F8_01_1_2_Chlorophyll_A_001_phosphate_plate5.tif,1,768.000,768,768
28968,F8_01_1_2_Chlorophyll_A_001_phosphate_plate5.tif,1,800.000,800,800
28969,F8_01_1_2_Chlorophyll_A_001_phosphate_plate5.tif,1,784.000,784,784
28970,F8_01_1_2_Chlorophyll_A_001_phosphate_plate5.tif,1,944.000,944,944
28971,F8_01_1_2_Chlorophyll_A_001_phosphate_plate5.tif,2,816.000,768,864
28972,F8_01_1_2_Chlorophyll_A_001_phosphate_plate5.tif,1,832.000,832,832
28973,F8_01_1_2_Chlorophyll_A_001_phosphate_plate5.tif,7,873.143,768,976
28974,F8_01_1_2_Chlorophyll_A_001_phosphate_plate5.tif,61,2448.525,768,9408
28975,F8_01_1_2_Chlorophyll_A_001_phosphate_plate5.tif,1,864.000,864,864
28976,F8_01_1_2_Chlorophyll_A_001_phosphate_plate5.tif,1,864.000,864,864
28977,F8_01_1_2_Chlorophyll_A_001_phosphate_plate5.tif,2,864.000,848,880
28978,F8_01_1_2_Chlorophyll_A_001_phosphate_plate5.tif,1,848.000,848,848
28979,F8_01_1_2_Chlorophyll_A_001_phosphate_plate5.tif,1,848.000,848,848
28980,F8_01_1_2_Chlorophyll_A_001_phosphate_plate5.tif,3,832.000,800,864
28981,F8_01_1_2_Chlorophyll_A_001_phosphate_plate5.tif,1,848.000,848,848
28982,F8_01_1_2_Chlorophyll_A_001_phosphate_plate5.tif,1,848.000,848,848
28983,F8_01_1_2_Chlorophyll_A_001_phosphate_plate5.tif,2,824.000,800,848
28984,F8_01_1_2_Chlorophyll_A_001_phosphate_plate5.tif,1,768.000,768,768
28985,F8_01_1_2_Chlorophyll_A_001_phosphate_plate5.tif,2,824.000,784,864
28986,F8_01_1_2_Chlorophyll_A_001_phosphate_plate5.tif,1,816.000,816,816
28987,F8_01_1_2_Chlorophyll_A_001_phosphate_plate5.tif,2,768.000,768,768
28988,F8_01_1_2_Chlorophyll_A_001_phosphate_plate5.tif,1,832.000,832,832
28989,F8_01_1_2_Chlorophyll_A_001_phosphate_plate5.tif,1,784.000,784,784
28990,F8_01_1_2_Chlorophyll_A_001_phosphate_plate5.tif,1,768.000,768,768
28991,F8_01_1_2_Chlorophyll_A_001_phosphate_plate5.tif,1,784.000,784,784
28992,F8_01_1_2_Chlorophyll_A_001_phosphate_plate5.tif,5,928.000,864,1024
28993,F8_01_1_2_Chlorophyll_A_001_phosphate_plate5.tif,1,848.000,848,848
28994,F8_01_1_2_Chlorophyll_A_001_phosphate_plate5.tif,1,848.000,848,848
28995,F8_01_1_2_Chlorophyll_A_001_phosphate_plate5.tif,516,1536.248,768,15408
28996,F8_01_1_2_Chlorophyll_A_001_phosphate_plate5.tif,1,768.000,768,768
28997,F8_01_1_2_Chlorophyll_A_001_phosphate_plate5.tif,3,917.333,832,960
28998,F8_01_1_2_Chlorophyll_A_001_phosphate_plate5.tif,3,869.333,784,928
28999,F8_01_1_2_Chlorophyll_A_001_phosphate_plate5.tif,4,840.000,816,880
29000,F8_01_1_2_Chlorophyll_A_001_phosphate_plate5.tif,1,784.000,784,784
29001,F8_01_1_2_Chlorophyll_A_001_phosphate_plate5.tif,21,848.762,768,1024
29002,F8_01_1_2_Chlorophyll_A_001_phosphate_plate5.tif,1,864.000,864,864
29003,F8_01_1_2_Chlorophyll_A_001_phosphate_plate5.tif,1,944.000,944,944
29004,F8_01_1_2_Chlorophyll_A_001_phosphate_plate5.tif,3,837.333,800,864
29005,F8_01_1_2_Chlorophyll_A_001_phosphate_plate5.tif,1,912.000,912,912
29006,F8_01_1_2_Chlorophyll_A_001_phosphate_plate5.tif,9,833.778,768,896
29007,F8_01_1_2_Chlorophyll_A_001_phosphate_plate5.tif,1,880.000,880,880
29008,F8_01_1_2_Chlorophyll_A_001_phosphate_plate5.tif,3,837.333,832,848
29009,F8_01_1_2_Chlorophyll_A_001_phosphate_plate5.tif,5,841.600,768,1056
29010,F8_01_1_2_Chlorophyll_A_001_phosphate_plate5.tif,1,816.000,816,816
29011,F8_01_1_2_Chlorophyll_A_001_phosphate_plate5.tif,2,808.000,784,832
29012,F8_01_1_2_Chlorophyll_A_001_phosphate_plate5.tif,1,784.000,784,784
29013,F8_01_1_2_Chlorophyll_A_001_phosphate_plate5.tif,4,884.000,832,912
29014,F8_01_1_2_Chlorophyll_A_001_phosphate_plate5.tif,1,832.000,832,832
29015,F8_01_1_2_Chlorophyll_A_001_phosphate_plate5.tif,1,768.000,768,768
29016,F8_01_1_2_Chlorophyll_A_001_phosphate_plate5.tif,2,920.000,864,976
29017,F8_01_1_2_Chlorophyll_A_001_phosphate_plate5.tif,1,880.000,880,880
29018,F8_01_1_2_Chlorophyll_A_001_phosphate_plate5.tif,2,800.000,784,816
29019,F8_01_1_2_Chlorophyll_A_001_phosphate_plate5.tif,1,816.000,816,816
29020,F8_01_1_2_Chlorophyll_A_001_phosphate_plate5.tif,1,784.000,784,784
29021,F8_01_1_2_Chlorophyll_A_001_phosphate_plate5.tif,1,816.000,816,816
29022,F8_01_1_2_Chlorophyll_A_001_phosphate_plate5.tif,3,784.000,768,800
29023,F8_01_1_2_Chlorophyll_A_001_phosphate_plate5.tif,1,960.000,960,960
29024,F8_01_1_2_Chlorophyll_A_001_phosphate_plate5.tif,1,768.000,768,768
29025,F8_01_1_2_Chlorophyll_A_001_phosphate_plate5.tif,1,768.000,768,768
29026,F8_01_1_2_Chlorophyll_A_001_phosphate_plate5.tif,1,832.000,832,832
29027,F8_01_1_2_Chlorophyll_A_001_phosphate_plate5.tif,1,784.000,784,784
29028,F8_01_1_2_Chlorophyll_A_001_phosphate_plate5.tif,1,768.000,768,768
29029,F8_01_1_2_Chlorophyll_A_001_phosphate_plate5.tif,2,832.000,768,896
29030,F8_01_1_2_Chlorophyll_A_001_phosphate_plate5.tif,1,768.000,768,768
29031,F8_01_1_2_Chlorophyll_A_001_phosphate_plate5.tif,1,784.000,784,784
29032,F8_01_1_2_Chlorophyll_A_001_phosphate_plate5.tif,5,835.200,768,944
29033,F8_01_1_2_Chlorophyll_A_001_phosphate_plate5.tif,1,784.000,784,784
29034,F8_01_1_2_Chlorophyll_A_001_phosphate_plate5.tif,1,880.000,880,880
29035,F8_01_1_2_Chlorophyll_A_001_phosphate_plate5.tif,2,864.000,816,912
29036,F8_01_1_2_Chlorophyll_A_001_phosphate_plate5.tif,1,800.000,800,800
29037,F8_01_1_2_Chlorophyll_A_001_phosphate_plate5.tif,3,858.667,816,896
29038,F8_01_1_2_Chlorophyll_A_001_phosphate_plate5.tif,1,768.000,768,768
29039,F8_01_1_2_Chlorophyll_A_001_phosphate_plate5.tif,4,840.000,784,960
29040,F8_01_1_2_Chlorophyll_A_001_phosphate_plate5.tif,4,832.000,800,896
29041,F8_01_1_2_Chlorophyll_A_001_phosphate_plate5.tif,1,784.000,784,784
29042,F8_01_1_2_Chlorophyll_A_001_phosphate_plate5.tif,5,854.400,784,928
29043,F8_01_1_2_Chlorophyll_A_001_phosphate_plate5.tif,1,832.000,832,832
29044,F8_01_1_2_Chlorophyll_A_001_phosphate_plate5.tif,2,792.000,768,816
29045,F8_01_1_2_Chlorophyll_A_001_phosphate_plate5.tif,2,824.000,816,832
29046,F8_01_1_2_Chlorophyll_A_001_phosphate_plate5.tif,3,858.667,800,912
29047,F8_01_1_2_Chlorophyll_A_001_phosphate_plate5.tif,1,768.000,768,768
29048,F8_01_1_2_Chlorophyll_A_001_phosphate_plate5.tif,1,1088.000,1088,1088
29049,F8_01_1_2_Chlorophyll_A_001_phosphate_plate5.tif,1,800.000,800,800
29050,F8_01_1_2_Chlorophyll_A_001_phosphate_plate5.tif,3,805.333,768,848
29051,F8_01_1_2_Chlorophyll_A_001_phosphate_plate5.tif,1,800.000,800,800
29052,F8_01_1_2_Chlorophyll_A_001_phosphate_plate5.tif,1,832.000,832,832
29053,F8_01_1_2_Chlorophyll_A_001_phosphate_plate5.tif,1,928.000,928,928
29054,F8_01_1_2_Chlorophyll_A_001_phosphate_plate5.tif,2,792.000,768,816
29055,F8_01_1_2_Chlorophyll_A_001_phosphate_plate5.tif,3,826.667,768,896
29056,F8_01_1_2_Chlorophyll_A_001_phosphate_plate5.tif,8,830.000,768,944
29057,F8_01_1_2_Chlorophyll_A_001_phosphate_plate5.tif,2,824.000,816,832
29058,F8_01_1_2_Chlorophyll_A_001_phosphate_plate5.tif,1,832.000,832,832
29059,F8_01_1_2_Chlorophyll_A_001_phosphate_plate5.tif,1,832.000,832,832
29060,F8_01_1_2_Chlorophyll_A_001_phosphate_plate5.tif,3,816.000,768,848
29061,F8_01_1_2_Chlorophyll_A_001_phosphate_plate5.tif,1,880.000,880,880
29062,F8_01_1_2_Chlorophyll_A_001_phosphate_plate5.tif,1,944.000,944,944
29063,F8_01_1_2_Chlorophyll_A_001_phosphate_plate5.tif,2,816.000,768,864
29064,F8_01_1_2_Chlorophyll_A_001_phosphate_plate5.tif,1,784.000,784,784
29065,F8_01_1_2_Chlorophyll_A_001_phosphate_plate5.tif,1,768.000,768,768
29066,F8_01_1_2_Chlorophyll_A_001_phosphate_plate5.tif,1,816.000,816,816
29067,F8_01_1_2_Chlorophyll_A_001_phosphate_plate5.tif,1,800.000,800,800
29068,F8_01_1_2_Chlorophyll_A_001_phosphate_plate5.tif,2,792.000,784,800
29069,F8_01_1_2_Chlorophyll_A_001_phosphate_plate5.tif,1,800.000,800,800
29070,F8_01_1_2_Chlorophyll_A_001_phosphate_plate5.tif,1,800.000,800,800
29071,F8_01_1_2_Chlorophyll_A_001_phosphate_plate5.tif,1,816.000,816,816
29072,F8_01_1_2_Chlorophyll_A_001_phosphate_plate5.tif,1,912.000,912,912
29073,F8_01_1_2_Chlorophyll_A_001_phosphate_plate5.tif,1,912.000,912,912
29074,F8_01_1_2_Chlorophyll_A_001_phosphate_plate5.tif,1,864.000,864,864
29075,F8_01_1_2_Chlorophyll_A_001_phosphate_plate5.tif,1,800.000,800,800
29076,F8_01_1_2_Chlorophyll_A_001_phosphate_plate5.tif,1,768.000,768,768
29077,F8_01_1_2_Chlorophyll_A_001_phosphate_plate5.tif,1,784.000,784,784
29078,F8_01_1_2_Chlorophyll_A_001_phosphate_plate5.tif,1,816.000,816,816
29079,F8_01_1_2_Chlorophyll_A_001_phosphate_plate5.tif,1,896.000,896,896
29080,F8_01_1_2_Chlorophyll_A_001_phosphate_plate5.tif,1,768.000,768,768
29081,F8_01_1_2_Chlorophyll_A_001_phosphate_plate5.tif,1,784.000,784,784
29082,F8_01_1_2_Chlorophyll_A_001_phosphate_plate5.tif,46,904.696,768,1248
29083,F8_01_1_2_Chlorophyll_A_001_phosphate_plate5.tif,113,869.097,768,1200
29084,F8_01_1_2_Chlorophyll_A_001_phosphate_plate5.tif,1,816.000,816,816
29085,F8_01_1_2_Chlorophyll_A_001_phosphate_plate5.tif,19,845.474,768,1088
29086,F8_01_1_2_Chlorophyll_A_001_phosphate_plate5.tif,1,784.000,784,784
29087,F8_01_1_2_Chlorophyll_A_001_phosphate_plate5.tif,1,880.000,880,880
29088,F8_01_1_2_Chlorophyll_A_001_phosphate_plate5.tif,4,864.000,784,944
29089,F8_01_1_2_Chlorophyll_A_001_phosphate_plate5.tif,1,832.000,832,832
29090,F8_01_1_2_Chlorophyll_A_001_phosphate_plate5.tif,45,854.400,768,1088
29091,F8_01_1_2_Chlorophyll_A_001_phosphate_plate5.tif,1,768.000,768,768
29092,F8_01_1_2_Chlorophyll_A_001_phosphate_plate5.tif,1,800.000,800,800
29093,F8_01_1_2_Chlorophyll_A_001_phosphate_plate5.tif,1,928.000,928,928
29094,F8_01_1_2_Chlorophyll_A_001_phosphate_plate5.tif,19,832.000,768,928
29095,F8_01_1_2_Chlorophyll_A_001_phosphate_plate5.tif,1,944.000,944,944
29096,F8_01_1_2_Chlorophyll_A_001_phosphate_plate5.tif,4,864.000,784,1040
29097,F8_01_1_2_Chlorophyll_A_001_phosphate_plate5.tif,1,848.000,848,848
29098,F8_01_1_2_Chlorophyll_A_001_phosphate_plate5.tif,1,848.000,848,848
29099,F8_01_1_2_Chlorophyll_A_001_phosphate_plate5.tif,1,768.000,768,768
29100,F8_01_1_2_Chlorophyll_A_001_phosphate_plate5.tif,1,784.000,784,784
29101,F8_01_1_2_Chlorophyll_A_001_phosphate_plate5.tif,1,816.000,816,816
29102,F8_01_1_2_Chlorophyll_A_001_phosphate_plate5.tif,2,808.000,784,832
29103,F8_01_1_2_Chlorophyll_A_001_phosphate_plate5.tif,3,874.667,784,976
29104,F8_01_1_2_Chlorophyll_A_001_phosphate_plate5.tif,1,832.000,832,832
29105,F8_01_1_2_Chlorophyll_A_001_phosphate_plate5.tif,1,848.000,848,848
29106,F8_01_1_2_Chlorophyll_A_001_phosphate_plate5.tif,1,880.000,880,880
29107,F8_01_1_2_Chlorophyll_A_001_phosphate_plate5.tif,1,816.000,816,816
29108,F8_01_1_2_Chlorophyll_A_001_phosphate_plate5.tif,1,960.000,960,960
29109,F8_01_1_2_Chlorophyll_A_001_phosphate_plate5.tif,2,824.000,816,832
29110,F8_01_1_2_Chlorophyll_A_001_phosphate_plate5.tif,1,848.000,848,848
29111,F8_01_1_2_Chlorophyll_A_001_phosphate_plate5.tif,1,768.000,768,768
29112,F8_01_1_2_Chlorophyll_A_001_phosphate_plate5.tif,1,832.000,832,832
29113,F8_01_1_2_Chlorophyll_A_001_phosphate_plate5.tif,1,768.000,768,768
29114,F8_01_1_2_Chlorophyll_A_001_phosphate_plate5.tif,1,784.000,784,784
29115,F8_01_1_2_Chlorophyll_A_001_phosphate_plate5.tif,169,1101.728,768,1536
29116,F8_01_1_2_Chlorophyll_A_001_phosphate_plate5.tif,46,941.217,768,1264
29117,F8_01_1_2_Chlorophyll_A_001_phosphate_plate5.tif,4,840.000,784,944
29118,F8_01_1_2_Chlorophyll_A_001_phosphate_plate5.tif,1,912.000,912,912
29119,F8_01_1_2_Chlorophyll_A_001_phosphate_plate5.tif,2,888.000,880,896
29120,F8_01_1_2_Chlorophyll_A_001_phosphate_plate5.tif,10,820.800,768,928
29121,F8_01_1_2_Chlorophyll_A_001_phosphate_plate5.tif,1,864.000,864,864
29122,F8_01_1_2_Chlorophyll_A_001_phosphate_plate5.tif,4,888.000,816,960
29123,F8_01_1_2_Chlorophyll_A_001_phosphate_plate5.tif,9,814.222,768,912
29124,F8_01_1_2_Chlorophyll_A_001_phosphate_plate5.tif,1,768.000,768,768
29125,F8_01_1_2_Chlorophyll_A_001_phosphate_plate5.tif,1,944.000,944,944
29126,F8_01_1_2_Chlorophyll_A_001_phosphate_plate5.tif,1,1008.000,1008,1008
29127,F8_01_1_2_Chlorophyll_A_001_phosphate_plate5.tif,1,784.000,784,784
29128,F8_01_1_2_Chlorophyll_A_001_phosphate_plate5.tif,2,904.000,864,944
29129,F8_01_1_2_Chlorophyll_A_001_phosphate_plate5.tif,3,848.000,768,976
29130,F8_01_1_2_Chlorophyll_A_001_phosphate_plate5.tif,1,832.000,832,832
29131,F8_01_1_2_Chlorophyll_A_001_phosphate_plate5.tif,1,864.000,864,864
29132,F8_01_1_2_Chlorophyll_A_001_phosphate_plate5.tif,1,784.000,784,784
29133,F8_01_1_2_Chlorophyll_A_001_phosphate_plate5.tif,1,768.000,768,768
29134,F8_01_1_2_Chlorophyll_A_001_phosphate_plate5.tif,1,912.000,912,912
29135,F8_01_1_2_Chlorophyll_A_001_phosphate_plate5.tif,20,869.600,768,1104
29136,F8_01_1_2_Chlorophyll_A_001_phosphate_plate5.tif,1,784.000,784,784
29137,F8_01_1_2_Chlorophyll_A_001_phosphate_plate5.tif,1,800.000,800,800
29138,F8_01_1_2_Chlorophyll_A_001_phosphate_plate5.tif,1,896.000,896,896
29139,F8_01_1_2_Chlorophyll_A_001_phosphate_plate5.tif,1,800.000,800,800
29140,F8_01_1_2_Chlorophyll_A_001_phosphate_plate5.tif,1,864.000,864,864
29141,F8_01_1_2_Chlorophyll_A_001_phosphate_plate5.tif,1,768.000,768,768
29142,F8_01_1_2_Chlorophyll_A_001_phosphate_plate5.tif,1,864.000,864,864
29143,F8_01_1_2_Chlorophyll_A_001_phosphate_plate5.tif,1,768.000,768,768
29144,F8_01_1_2_Chlorophyll_A_001_phosphate_plate5.tif,2,824.000,784,864
29145,F8_01_1_2_Chlorophyll_A_001_phosphate_plate5.tif,1,816.000,816,816
29146,F8_01_1_2_Chlorophyll_A_001_phosphate_plate5.tif,1,784.000,784,784
29147,F8_01_1_2_Chlorophyll_A_001_phosphate_plate5.tif,1,784.000,784,784
29148,F8_01_1_2_Chlorophyll_A_001_phosphate_plate5.tif,1,816.000,816,816
29149,F8_01_1_2_Chlorophyll_A_001_phosphate_plate5.tif,1,848.000,848,848
29150,F8_01_1_2_Chlorophyll_A_001_phosphate_plate5.tif,1,912.000,912,912
29151,F8_01_1_2_Chlorophyll_A_001_phosphate_plate5.tif,1,800.000,800,800
29152,F8_01_1_2_Chlorophyll_A_001_phosphate_plate5.tif,1,800.000,800,800
29153,F8_01_1_2_Chlorophyll_A_001_phosphate_plate5.tif,1,912.000,912,912
29154,F8_01_1_2_Chlorophyll_A_001_phosphate_plate5.tif,1,816.000,816,816
29155,F8_01_1_2_Chlorophyll_A_001_phosphate_plate5.tif,2,784.000,784,784
29156,F8_01_1_2_Chlorophyll_A_001_phosphate_plate5.tif,1,816.000,816,816
29157,F8_01_1_2_Chlorophyll_A_001_phosphate_plate5.tif,2,832.000,768,896
29158,F8_01_1_2_Chlorophyll_A_001_phosphate_plate5.tif,3,938.667,832,1024
29159,F8_01_1_2_Chlorophyll_A_001_phosphate_plate5.tif,1,816.000,816,816
29160,F8_01_1_2_Chlorophyll_A_001_phosphate_plate5.tif,2,904.000,880,928
29161,F8_01_1_2_Chlorophyll_A_001_phosphate_plate5.tif,6,808.000,768,912
29162,F8_01_1_2_Chlorophyll_A_001_phosphate_plate5.tif,2,832.000,816,848
29163,F8_01_1_2_Chlorophyll_A_001_phosphate_plate5.tif,5,822.400,768,896
29164,F8_01_1_2_Chlorophyll_A_001_phosphate_plate5.tif,1,816.000,816,816
29165,F8_01_1_2_Chlorophyll_A_001_phosphate_plate5.tif,1,1040.000,1040,1040
29166,F8_01_1_2_Chlorophyll_A_001_phosphate_plate5.tif,4,792.000,768,832
29167,F8_01_1_2_Chlorophyll_A_001_phosphate_plate5.tif,1,880.000,880,880
29168,F8_01_1_2_Chlorophyll_A_001_phosphate_plate5.tif,7,793.143,768,816
29169,F8_01_1_2_Chlorophyll_A_001_phosphate_plate5.tif,4,852.000,768,960
29170,F8_01_1_2_Chlorophyll_A_001_phosphate_plate5.tif,2,776.000,768,784
29171,F8_01_1_2_Chlorophyll_A_001_phosphate_plate5.tif,2,808.000,800,816
29172,F8_01_1_2_Chlorophyll_A_001_phosphate_plate5.tif,1,784.000,784,784
29173,F8_01_1_2_Chlorophyll_A_001_phosphate_plate5.tif,4,876.000,800,960
29174,F8_01_1_2_Chlorophyll_A_001_phosphate_plate5.tif,1,784.000,784,784
29175,F8_01_1_2_Chlorophyll_A_001_phosphate_plate5.tif,3,837.333,800,912
29176,F8_01_1_2_Chlorophyll_A_001_phosphate_plate5.tif,3,805.333,784,816
29177,F8_01_1_2_Chlorophyll_A_001_phosphate_plate5.tif,1,784.000,784,784
29178,F8_01_1_2_Chlorophyll_A_001_phosphate_plate5.tif,1,816.000,816,816
29179,F8_01_1_2_Chlorophyll_A_001_phosphate_plate5.tif,1,816.000,816,816
29180,F8_01_1_2_Chlorophyll_A_001_phosphate_plate5.tif,1,848.000,848,848
29181,F8_01_1_2_Chlorophyll_A_001_phosphate_plate5.tif,1,800.000,800,800
29182,F8_01_1_2_Chlorophyll_A_001_phosphate_plate5.tif,1,832.000,832,832
29183,F8_01_1_2_Chlorophyll_A_001_phosphate_plate5.tif,2,856.000,816,896
29184,F8_01_1_2_Chlorophyll_A_001_phosphate_plate5.tif,2,784.000,768,800
29185,F8_01_1_2_Chlorophyll_A_001_phosphate_plate5.tif,1,896.000,896,896
29186,F8_01_1_2_Chlorophyll_A_001_phosphate_plate5.tif,4,888.000,768,1072
29187,F8_01_1_2_Chlorophyll_A_001_phosphate_plate5.tif,1,784.000,784,784
29188,F8_01_1_2_Chlorophyll_A_001_phosphate_plate5.tif,1,768.000,768,768
29189,F8_01_1_2_Chlorophyll_A_001_phosphate_plate5.tif,1,768.000,768,768
29190,F8_01_1_2_Chlorophyll_A_001_phosphate_plate5.tif,13,867.692,768,1088
29191,F8_01_1_2_Chlorophyll_A_001_phosphate_plate5.tif,1,768.000,768,768
29192,F8_01_1_2_Chlorophyll_A_001_phosphate_plate5.tif,23,921.739,768,1232
29193,F8_01_1_2_Chlorophyll_A_001_phosphate_plate5.tif,34,898.353,784,1152
29194,F8_01_1_2_Chlorophyll_A_001_phosphate_plate5.tif,1,1104.000,1104,1104
29195,F8_01_1_2_Chlorophyll_A_001_phosphate_plate5.tif,33,866.909,768,1056
29196,F8_01_1_2_Chlorophyll_A_001_phosphate_plate5.tif,2,896.000,800,992
29197,F8_01_1_2_Chlorophyll_A_001_phosphate_plate5.tif,3,885.333,784,944
29198,F8_01_1_2_Chlorophyll_A_001_phosphate_plate5.tif,1,800.000,800,800
29199,F8_01_1_2_Chlorophyll_A_001_phosphate_plate5.tif,77,843.429,768,1088
29200,F8_01_1_2_Chlorophyll_A_001_phosphate_plate5.tif,4,812.000,784,832
29201,F8_01_1_2_Chlorophyll_A_001_phosphate_plate5.tif,1,800.000,800,800
29202,F8_01_1_2_Chlorophyll_A_001_phosphate_plate5.tif,1,944.000,944,944
29203,F8_01_1_2_Chlorophyll_A_001_phosphate_plate5.tif,1,848.000,848,848
29204,F8_01_1_2_Chlorophyll_A_001_phosphate_plate5.tif,5,864.000,768,992
29205,F8_01_1_2_Chlorophyll_A_001_phosphate_plate5.tif,2,840.000,800,880
29206,F8_01_1_2_Chlorophyll_A_001_phosphate_plate5.tif,2,856.000,848,864
29207,F8_01_1_2_Chlorophyll_A_001_phosphate_plate5.tif,3,853.333,784,944
29208,F8_01_1_2_Chlorophyll_A_001_phosphate_plate5.tif,1,768.000,768,768
29209,F8_01_1_2_Chlorophyll_A_001_phosphate_plate5.tif,2,832.000,784,880
29210,F8_01_1_2_Chlorophyll_A_001_phosphate_plate5.tif,1,768.000,768,768
29211,F8_01_1_2_Chlorophyll_A_001_phosphate_plate5.tif,1,864.000,864,864
29212,F8_01_1_2_Chlorophyll_A_001_phosphate_plate5.tif,1,848.000,848,848
29213,F8_01_1_2_Chlorophyll_A_001_phosphate_plate5.tif,1,768.000,768,768
29214,F8_01_1_2_Chlorophyll_A_001_phosphate_plate5.tif,1,800.000,800,800
29215,F8_01_1_2_Chlorophyll_A_001_phosphate_plate5.tif,1,800.000,800,800
29216,F8_01_1_2_Chlorophyll_A_001_phosphate_plate5.tif,1,816.000,816,816
29217,F8_01_1_2_Chlorophyll_A_001_phosphate_plate5.tif,1,784.000,784,784
29218,F8_01_1_2_Chlorophyll_A_001_phosphate_plate5.tif,2,832.000,800,864
29219,F8_01_1_2_Chlorophyll_A_001_phosphate_plate5.tif,1,864.000,864,864
29220,F8_01_1_2_Chlorophyll_A_001_phosphate_plate5.tif,360,2341.733,768,21760
29221,F8_01_1_2_Chlorophyll_A_001_phosphate_plate5.tif,1,848.000,848,848
29222,F8_01_1_2_Chlorophyll_A_001_phosphate_plate5.tif,1,896.000,896,896
29223,F8_01_1_2_Chlorophyll_A_001_phosphate_plate5.tif,3,869.333,800,960
29224,F8_01_1_2_Chlorophyll_A_001_phosphate_plate5.tif,3,885.333,784,992
29225,F8_01_1_2_Chlorophyll_A_001_phosphate_plate5.tif,1,832.000,832,832
29226,F8_01_1_2_Chlorophyll_A_001_phosphate_plate5.tif,1,880.000,880,880
29227,F8_01_1_2_Chlorophyll_A_001_phosphate_plate5.tif,1,784.000,784,784
29228,F8_01_1_2_Chlorophyll_A_001_phosphate_plate5.tif,2,880.000,800,960
29229,F8_01_1_2_Chlorophyll_A_001_phosphate_plate5.tif,2,848.000,784,912
29230,F8_01_1_2_Chlorophyll_A_001_phosphate_plate5.tif,1,896.000,896,896
29231,F8_01_1_2_Chlorophyll_A_001_phosphate_plate5.tif,2,784.000,784,784
29232,F8_01_1_2_Chlorophyll_A_001_phosphate_plate5.tif,1,848.000,848,848
29233,F8_01_1_2_Chlorophyll_A_001_phosphate_plate5.tif,1,768.000,768,768
29234,F8_01_1_2_Chlorophyll_A_001_phosphate_plate5.tif,1,960.000,960,960
29235,F8_01_1_2_Chlorophyll_A_001_phosphate_plate5.tif,1,784.000,784,784
29236,F8_01_1_2_Chlorophyll_A_001_phosphate_plate5.tif,1,928.000,928,928
29237,F8_01_1_2_Chlorophyll_A_001_phosphate_plate5.tif,1,832.000,832,832
29238,F8_01_1_2_Chlorophyll_A_001_phosphate_plate5.tif,2,840.000,832,848
29239,F8_01_1_2_Chlorophyll_A_001_phosphate_plate5.tif,1,768.000,768,768
29240,F8_01_1_2_Chlorophyll_A_001_phosphate_plate5.tif,1,800.000,800,800
29241,F8_01_1_2_Chlorophyll_A_001_phosphate_plate5.tif,2,880.000,880,880
29242,F8_01_1_2_Chlorophyll_A_001_phosphate_plate5.tif,3,789.333,768,800
29243,F8_01_1_2_Chlorophyll_A_001_phosphate_plate5.tif,3,789.333,768,816
29244,F8_01_1_2_Chlorophyll_A_001_phosphate_plate5.tif,1,784.000,784,784
29245,F8_01_1_2_Chlorophyll_A_001_phosphate_plate5.tif,2,800.000,784,816
29246,F8_01_1_2_Chlorophyll_A_001_phosphate_plate5.tif,14,818.286,768,880
29247,F8_01_1_2_Chlorophyll_A_001_phosphate_plate5.tif,1,784.000,784,784
29248,F8_01_1_2_Chlorophyll_A_001_phosphate_plate5.tif,1,768.000,768,768
29249,F8_01_1_2_Chlorophyll_A_001_phosphate_plate5.tif,1,784.000,784,784
29250,F8_01_1_2_Chlorophyll_A_001_phosphate_plate5.tif,63,929.270,768,1392
29251,F8_01_1_2_Chlorophyll_A_001_phosphate_plate5.tif,35,871.771,768,1040
29252,F8_01_1_2_Chlorophyll_A_001_phosphate_plate5.tif,1,784.000,784,784
29253,F8_01_1_2_Chlorophyll_A_001_phosphate_plate5.tif,4,868.000,816,928
29254,F8_01_1_2_Chlorophyll_A_001_phosphate_plate5.tif,1,800.000,800,800
29255,F8_01_1_2_Chlorophyll_A_001_phosphate_plate5.tif,2,776.000,768,784
29256,F8_01_1_2_Chlorophyll_A_001_phosphate_plate5.tif,1,944.000,944,944
29257,F8_01_1_2_Chlorophyll_A_001_phosphate_plate5.tif,3,896.000,864,944
29258,F8_01_1_2_Chlorophyll_A_001_phosphate_plate5.tif,2,816.000,800,832
29259,F8_01_1_2_Chlorophyll_A_001_phosphate_plate5.tif,2,880.000,816,944
29260,F8_01_1_2_Chlorophyll_A_001_phosphate_plate5.tif,1,832.000,832,832
29261,F8_01_1_2_Chlorophyll_A_001_phosphate_plate5.tif,6,853.333,784,976
29262,F8_01_1_2_Chlorophyll_A_001_phosphate_plate5.tif,2,832.000,768,896
29263,F8_01_1_2_Chlorophyll_A_001_phosphate_plate5.tif,1,1040.000,1040,1040
29264,F8_01_1_2_Chlorophyll_A_001_phosphate_plate5.tif,4,820.000,768,880
29265,F8_01_1_2_Chlorophyll_A_001_phosphate_plate5.tif,1,784.000,784,784
29266,F8_01_1_2_Chlorophyll_A_001_phosphate_plate5.tif,2,792.000,768,816
29267,F8_01_1_2_Chlorophyll_A_001_phosphate_plate5.tif,1,784.000,784,784
29268,F8_01_1_2_Chlorophyll_A_001_phosphate_plate5.tif,2,768.000,768,768
29269,F8_01_1_2_Chlorophyll_A_001_phosphate_plate5.tif,2,792.000,784,800
29270,F8_01_1_2_Chlorophyll_A_001_phosphate_plate5.tif,1,784.000,784,784
29271,F8_01_1_2_Chlorophyll_A_001_phosphate_plate5.tif,1,768.000,768,768
29272,F8_01_1_2_Chlorophyll_A_001_phosphate_plate5.tif,1,816.000,816,816
29273,F8_01_1_2_Chlorophyll_A_001_phosphate_plate5.tif,93,3067.355,768,17328
29274,F8_01_1_2_Chlorophyll_A_001_phosphate_plate5.tif,5,819.200,768,880
29275,F8_01_1_2_Chlorophyll_A_001_phosphate_plate5.tif,1,864.000,864,864
29276,F8_01_1_2_Chlorophyll_A_001_phosphate_plate5.tif,2,872.000,784,960
29277,F8_01_1_2_Chlorophyll_A_001_phosphate_plate5.tif,1,800.000,800,800
29278,F8_01_1_2_Chlorophyll_A_001_phosphate_plate5.tif,1,784.000,784,784
29279,F8_01_1_2_Chlorophyll_A_001_phosphate_plate5.tif,1,784.000,784,784
29280,F8_01_1_2_Chlorophyll_A_001_phosphate_plate5.tif,1,768.000,768,768
29281,F8_01_1_2_Chlorophyll_A_001_phosphate_plate5.tif,1,864.000,864,864
29282,F8_01_1_2_Chlorophyll_A_001_phosphate_plate5.tif,7,870.857,768,1040
29283,F8_01_1_2_Chlorophyll_A_001_phosphate_plate5.tif,1,880.000,880,880
29284,F8_01_1_2_Chlorophyll_A_001_phosphate_plate5.tif,1,960.000,960,960
29285,F8_01_1_2_Chlorophyll_A_001_phosphate_plate5.tif,11,858.182,768,992
29286,F8_01_1_2_Chlorophyll_A_001_phosphate_plate5.tif,5,857.600,768,1088
29287,F8_01_1_2_Chlorophyll_A_001_phosphate_plate5.tif,1,832.000,832,832
29288,F8_01_1_2_Chlorophyll_A_001_phosphate_plate5.tif,2,808.000,800,816
29289,F8_01_1_2_Chlorophyll_A_001_phosphate_plate5.tif,1,784.000,784,784
29290,F8_01_1_2_Chlorophyll_A_001_phosphate_plate5.tif,1,880.000,880,880
29291,F8_01_1_2_Chlorophyll_A_001_phosphate_plate5.tif,1,816.000,816,816
29292,F8_01_1_2_Chlorophyll_A_001_phosphate_plate5.tif,2,840.000,832,848
29293,F8_01_1_2_Chlorophyll_A_001_phosphate_plate5.tif,2,904.000,896,912
29294,F8_01_1_2_Chlorophyll_A_001_phosphate_plate5.tif,1,864.000,864,864
29295,F8_01_1_2_Chlorophyll_A_001_phosphate_plate5.tif,1,800.000,800,800
29296,F8_01_1_2_Chlorophyll_A_001_phosphate_plate5.tif,2,816.000,800,832
29297,F8_01_1_2_Chlorophyll_A_001_phosphate_plate5.tif,1,816.000,816,816
29298,F8_01_1_2_Chlorophyll_A_001_phosphate_plate5.tif,1,832.000,832,832
29299,F8_01_1_2_Chlorophyll_A_001_phosphate_plate5.tif,5,828.800,784,864
29300,F8_01_1_2_Chlorophyll_A_001_phosphate_plate5.tif,1,768.000,768,768
29301,F8_01_1_2_Chlorophyll_A_001_phosphate_plate5.tif,2,800.000,800,800
29302,F8_01_1_2_Chlorophyll_A_001_phosphate_plate5.tif,4,788.000,768,832
29303,F8_01_1_2_Chlorophyll_A_001_phosphate_plate5.tif,1,944.000,944,944
29304,F8_01_1_2_Chlorophyll_A_001_phosphate_plate5.tif,1,768.000,768,768
29305,F8_01_1_2_Chlorophyll_A_001_phosphate_plate5.tif,2,800.000,784,816
29306,F8_01_1_2_Chlorophyll_A_001_phosphate_plate5.tif,1,944.000,944,944
29307,F8_01_1_2_Chlorophyll_A_001_phosphate_plate5.tif,2,848.000,832,864
29308,F8_01_1_2_Chlorophyll_A_001_phosphate_plate5.tif,1,800.000,800,800
29309,F8_01_1_2_Chlorophyll_A_001_phosphate_plate5.tif,1,928.000,928,928
29310,F8_01_1_2_Chlorophyll_A_001_phosphate_plate5.tif,1,784.000,784,784
29311,F8_01_1_2_Chlorophyll_A_001_phosphate_plate5.tif,1,768.000,768,768
29312,F8_01_1_2_Chlorophyll_A_001_phosphate_plate5.tif,1,800.000,800,800
29313,F8_01_1_2_Chlorophyll_A_001_phosphate_plate5.tif,1,864.000,864,864
29314,F8_01_1_2_Chlorophyll_A_001_phosphate_plate5.tif,1,784.000,784,784
29315,F8_01_1_2_Chlorophyll_A_001_phosphate_plate5.tif,1,800.000,800,800
29316,F8_01_1_2_Chlorophyll_A_001_phosphate_plate5.tif,1,816.000,816,816
29317,F8_01_1_2_Chlorophyll_A_001_phosphate_plate5.tif,2,824.000,816,832
29318,F8_01_1_2_Chlorophyll_A_001_phosphate_plate5.tif,1,768.000,768,768
29319,F8_01_1_2_Chlorophyll_A_001_phosphate_plate5.tif,1,848.000,848,848
29320,F8_01_1_2_Chlorophyll_A_001_phosphate_plate5.tif,1,784.000,784,784
29321,F8_01_1_2_Chlorophyll_A_001_phosphate_plate5.tif,54,1823.111,768,8432
29322,F8_01_1_2_Chlorophyll_A_001_phosphate_plate5.tif,2,792.000,784,800
29323,F8_01_1_2_Chlorophyll_A_001_phosphate_plate5.tif,1,800.000,800,800
29324,F8_01_1_2_Chlorophyll_A_001_phosphate_plate5.tif,3,874.667,816,912
29325,F8_01_1_2_Chlorophyll_A_001_phosphate_plate5.tif,2,808.000,784,832
29326,F8_01_1_2_Chlorophyll_A_001_phosphate_plate5.tif,1,784.000,784,784
29327,F8_01_1_2_Chlorophyll_A_001_phosphate_plate5.tif,132,973.818,768,1472
29328,F8_01_1_2_Chlorophyll_A_001_phosphate_plate5.tif,52,928.615,768,1216
29329,F8_01_1_2_Chlorophyll_A_001_phosphate_plate5.tif,1,880.000,880,880
29330,F8_01_1_2_Chlorophyll_A_001_phosphate_plate5.tif,20,858.400,768,1088
29331,F8_01_1_2_Chlorophyll_A_001_phosphate_plate5.tif,7,841.143,768,928
29332,F8_01_1_2_Chlorophyll_A_001_phosphate_plate5.tif,1,816.000,816,816
29333,F8_01_1_2_Chlorophyll_A_001_phosphate_plate5.tif,1,816.000,816,816
29334,F8_01_1_2_Chlorophyll_A_001_phosphate_plate5.tif,9,880.000,784,976
29335,F8_01_1_2_Chlorophyll_A_001_phosphate_plate5.tif,3,842.667,784,928
29336,F8_01_1_2_Chlorophyll_A_001_phosphate_plate5.tif,2,968.000,960,976
29337,F8_01_1_2_Chlorophyll_A_001_phosphate_plate5.tif,1,800.000,800,800
29338,F8_01_1_2_Chlorophyll_A_001_phosphate_plate5.tif,2,856.000,832,880
29339,F8_01_1_2_Chlorophyll_A_001_phosphate_plate5.tif,5,816.000,768,848
29340,F8_01_1_2_Chlorophyll_A_001_phosphate_plate5.tif,1,768.000,768,768
29341,F8_01_1_2_Chlorophyll_A_001_phosphate_plate5.tif,1,800.000,800,800
29342,F8_01_1_2_Chlorophyll_A_001_phosphate_plate5.tif,1,784.000,784,784
29343,F8_01_1_2_Chlorophyll_A_001_phosphate_plate5.tif,4,788.000,768,800
29344,F8_01_1_2_Chlorophyll_A_001_phosphate_plate5.tif,1,768.000,768,768
29345,F8_01_1_2_Chlorophyll_A_001_phosphate_plate5.tif,3,885.333,768,1072
29346,F8_01_1_2_Chlorophyll_A_001_phosphate_plate5.tif,1,768.000,768,768
29347,F8_01_1_2_Chlorophyll_A_001_phosphate_plate5.tif,1,800.000,800,800
29348,F8_01_1_2_Chlorophyll_A_001_phosphate_plate5.tif,1,928.000,928,928
29349,F8_01_1_2_Chlorophyll_A_001_phosphate_plate5.tif,1,864.000,864,864
29350,F8_01_1_2_Chlorophyll_A_001_phosphate_plate5.tif,1,800.000,800,800
29351,F8_01_1_2_Chlorophyll_A_001_phosphate_plate5.tif,1,816.000,816,816
29352,F8_01_1_2_Chlorophyll_A_001_phosphate_plate5.tif,1,800.000,800,800
29353,F8_01_1_2_Chlorophyll_A_001_phosphate_plate5.tif,1,800.000,800,800
29354,F8_01_1_2_Chlorophyll_A_001_phosphate_plate5.tif,1,864.000,864,864
29355,F8_01_1_2_Chlorophyll_A_001_phosphate_plate5.tif,2,840.000,784,896
29356,F8_01_1_2_Chlorophyll_A_001_phosphate_plate5.tif,1,784.000,784,784
29357,F8_01_1_2_Chlorophyll_A_001_phosphate_plate5.tif,1,944.000,944,944
29358,F8_01_1_2_Chlorophyll_A_001_phosphate_plate5.tif,1,768.000,768,768
29359,F8_01_1_2_Chlorophyll_A_001_phosphate_plate5.tif,1,816.000,816,816
29360,F8_01_1_2_Chlorophyll_A_001_phosphate_plate5.tif,2,864.000,832,896
29361,F8_01_1_2_Chlorophyll_A_001_phosphate_plate5.tif,1,816.000,816,816
29362,F8_01_1_2_Chlorophyll_A_001_phosphate_plate5.tif,1,832.000,832,832
29363,F8_01_1_2_Chlorophyll_A_001_phosphate_plate5.tif,2,864.000,832,896
29364,F8_01_1_2_Chlorophyll_A_001_phosphate_plate5.tif,1,800.000,800,800
29365,F8_01_1_2_Chlorophyll_A_001_phosphate_plate5.tif,1,800.000,800,800
29366,F8_01_1_2_Chlorophyll_A_001_phosphate_plate5.tif,1,832.000,832,832
29367,F8_01_1_2_Chlorophyll_A_001_phosphate_plate5.tif,1,832.000,832,832
29368,F8_01_1_2_Chlorophyll_A_001_phosphate_plate5.tif,1,768.000,768,768
29369,F8_01_1_2_Chlorophyll_A_001_phosphate_plate5.tif,24,916.000,768,1216
29370,F8_01_1_2_Chlorophyll_A_001_phosphate_plate5.tif,15,884.267,768,1152
29371,F8_01_1_2_Chlorophyll_A_001_phosphate_plate5.tif,5,825.600,768,960
29372,F8_01_1_2_Chlorophyll_A_001_phosphate_plate5.tif,11,832.000,768,944
29373,F8_01_1_2_Chlorophyll_A_001_phosphate_plate5.tif,2,952.000,816,1088
29374,F8_01_1_2_Chlorophyll_A_001_phosphate_plate5.tif,9,826.667,784,896
29375,F8_01_1_2_Chlorophyll_A_001_phosphate_plate5.tif,5,822.400,768,896
29376,F8_01_1_2_Chlorophyll_A_001_phosphate_plate5.tif,1,832.000,832,832
29377,F8_01_1_2_Chlorophyll_A_001_phosphate_plate5.tif,2,856.000,816,896
29378,F8_01_1_2_Chlorophyll_A_001_phosphate_plate5.tif,5,851.200,768,928
29379,F8_01_1_2_Chlorophyll_A_001_phosphate_plate5.tif,3,869.333,816,896
29380,F8_01_1_2_Chlorophyll_A_001_phosphate_plate5.tif,2,792.000,768,816
29381,F8_01_1_2_Chlorophyll_A_001_phosphate_plate5.tif,6,842.667,784,1008
29382,F8_01_1_2_Chlorophyll_A_001_phosphate_plate5.tif,1,768.000,768,768
29383,F8_01_1_2_Chlorophyll_A_001_phosphate_plate5.tif,1,800.000,800,800
29384,F8_01_1_2_Chlorophyll_A_001_phosphate_plate5.tif,6,824.000,768,880
29385,F8_01_1_2_Chlorophyll_A_001_phosphate_plate5.tif,2,936.000,848,1024
29386,F8_01_1_2_Chlorophyll_A_001_phosphate_plate5.tif,24,934.667,784,1216
29387,F8_01_1_2_Chlorophyll_A_001_phosphate_plate5.tif,1,832.000,832,832
29388,F8_01_1_2_Chlorophyll_A_001_phosphate_plate5.tif,4,808.000,768,880
29389,F8_01_1_2_Chlorophyll_A_001_phosphate_plate5.tif,1,944.000,944,944
29390,F8_01_1_2_Chlorophyll_A_001_phosphate_plate5.tif,1,816.000,816,816
29391,F8_01_1_2_Chlorophyll_A_001_phosphate_plate5.tif,1,816.000,816,816
29392,F8_01_1_2_Chlorophyll_A_001_phosphate_plate5.tif,1,896.000,896,896
29393,F8_01_1_2_Chlorophyll_A_001_phosphate_plate5.tif,2,880.000,864,896
29394,F8_01_1_2_Chlorophyll_A_001_phosphate_plate5.tif,1,768.000,768,768
29395,F8_01_1_2_Chlorophyll_A_001_phosphate_plate5.tif,1,864.000,864,864
29396,F8_01_1_2_Chlorophyll_A_001_phosphate_plate5.tif,1,768.000,768,768
29397,F8_01_1_2_Chlorophyll_A_001_phosphate_plate5.tif,1,768.000,768,768
29398,F8_01_1_2_Chlorophyll_A_001_phosphate_plate5.tif,1,992.000,992,992
29399,F8_01_1_2_Chlorophyll_A_001_phosphate_plate5.tif,2,784.000,768,800
29400,F8_01_1_2_Chlorophyll_A_001_phosphate_plate5.tif,1,896.000,896,896
29401,F8_01_1_2_Chlorophyll_A_001_phosphate_plate5.tif,1,976.000,976,976
29402,F8_01_1_2_Chlorophyll_A_001_phosphate_plate5.tif,1,832.000,832,832
29403,F8_01_1_2_Chlorophyll_A_001_phosphate_plate5.tif,1,768.000,768,768
29404,F8_01_1_2_Chlorophyll_A_001_phosphate_plate5.tif,2,832.000,816,848
29405,F8_01_1_2_Chlorophyll_A_001_phosphate_plate5.tif,25,942.720,768,1264
29406,F8_01_1_2_Chlorophyll_A_001_phosphate_plate5.tif,1,848.000,848,848
29407,F8_01_1_2_Chlorophyll_A_001_phosphate_plate5.tif,1,848.000,848,848
29408,F8_01_1_2_Chlorophyll_A_001_phosphate_plate5.tif,5,825.600,768,960
29409,F8_01_1_2_Chlorophyll_A_001_phosphate_plate5.tif,1,800.000,800,800
29410,F8_01_1_2_Chlorophyll_A_001_phosphate_plate5.tif,25,856.960,768,1056
29411,F8_01_1_2_Chlorophyll_A_001_phosphate_plate5.tif,1,864.000,864,864
29412,F8_01_1_2_Chlorophyll_A_001_phosphate_plate5.tif,2,904.000,784,1024
29413,F8_01_1_2_Chlorophyll_A_001_phosphate_plate5.tif,1,976.000,976,976
29414,F8_01_1_2_Chlorophyll_A_001_phosphate_plate5.tif,1,864.000,864,864
29415,F8_01_1_2_Chlorophyll_A_001_phosphate_plate5.tif,1,784.000,784,784
29416,F8_01_1_2_Chlorophyll_A_001_phosphate_plate5.tif,13,865.231,768,960
29417,F8_01_1_2_Chlorophyll_A_001_phosphate_plate5.tif,1,768.000,768,768
29418,F8_01_1_2_Chlorophyll_A_001_phosphate_plate5.tif,6,824.000,768,912
29419,F8_01_1_2_Chlorophyll_A_001_phosphate_plate5.tif,3,842.667,800,912
29420,F8_01_1_2_Chlorophyll_A_001_phosphate_plate5.tif,1,784.000,784,784
29421,F8_01_1_2_Chlorophyll_A_001_phosphate_plate5.tif,7,852.571,768,912
29422,F8_01_1_2_Chlorophyll_A_001_phosphate_plate5.tif,1,784.000,784,784
29423,F8_01_1_2_Chlorophyll_A_001_phosphate_plate5.tif,2,904.000,864,944
29424,F8_01_1_2_Chlorophyll_A_001_phosphate_plate5.tif,3,848.000,784,960
29425,F8_01_1_2_Chlorophyll_A_001_phosphate_plate5.tif,8,842.000,768,1024
29426,F8_01_1_2_Chlorophyll_A_001_phosphate_plate5.tif,2,824.000,816,832
29427,F8_01_1_2_Chlorophyll_A_001_phosphate_plate5.tif,4,792.000,768,832
29428,F8_01_1_2_Chlorophyll_A_001_phosphate_plate5.tif,1,896.000,896,896
29429,F8_01_1_2_Chlorophyll_A_001_phosphate_plate5.tif,1,864.000,864,864
29430,F8_01_1_2_Chlorophyll_A_001_phosphate_plate5.tif,6,864.000,816,992
29431,F8_01_1_2_Chlorophyll_A_001_phosphate_plate5.tif,1,912.000,912,912
29432,F8_01_1_2_Chlorophyll_A_001_phosphate_plate5.tif,1,784.000,784,784
29433,F8_01_1_2_Chlorophyll_A_001_phosphate_plate5.tif,1,880.000,880,880
29434,F8_01_1_2_Chlorophyll_A_001_phosphate_plate5.tif,3,805.333,768,880
29435,F8_01_1_2_Chlorophyll_A_001_phosphate_plate5.tif,12,826.667,784,912
29436,F8_01_1_2_Chlorophyll_A_001_phosphate_plate5.tif,2,856.000,800,912
29437,F8_01_1_2_Chlorophyll_A_001_phosphate_plate5.tif,1,880.000,880,880
29438,F8_01_1_2_Chlorophyll_A_001_phosphate_plate5.tif,1,784.000,784,784
29439,F8_01_1_2_Chlorophyll_A_001_phosphate_plate5.tif,1,784.000,784,784
29440,F8_01_1_2_Chlorophyll_A_001_phosphate_plate5.tif,3,789.333,768,800
29441,F8_01_1_2_Chlorophyll_A_001_phosphate_plate5.tif,3,778.667,768,784
29442,F8_01_1_2_Chlorophyll_A_001_phosphate_plate5.tif,2,824.000,800,848
29443,F8_01_1_2_Chlorophyll_A_001_phosphate_plate5.tif,1,768.000,768,768
29444,F8_01_1_2_Chlorophyll_A_001_phosphate_plate5.tif,1,784.000,784,784
29445,F8_01_1_2_Chlorophyll_A_001_phosphate_plate5.tif,2,872.000,832,912
29446,F8_01_1_2_Chlorophyll_A_001_phosphate_plate5.tif,1,928.000,928,928
29447,F8_01_1_2_Chlorophyll_A_001_phosphate_plate5.tif,1,880.000,880,880
29448,F8_01_1_2_Chlorophyll_A_001_phosphate_plate5.tif,2,880.000,864,896
29449,F8_01_1_2_Chlorophyll_A_001_phosphate_plate5.tif,1,800.000,800,800
29450,F8_01_1_2_Chlorophyll_A_001_phosphate_plate5.tif,1,864.000,864,864
29451,F8_01_1_2_Chlorophyll_A_001_phosphate_plate5.tif,1,784.000,784,784
29452,F8_01_1_2_Chlorophyll_A_001_phosphate_plate5.tif,4,856.000,768,976
29453,F8_01_1_2_Chlorophyll_A_001_phosphate_plate5.tif,2,864.000,784,944
29454,F8_01_1_2_Chlorophyll_A_001_phosphate_plate5.tif,2,896.000,800,992
29455,F8_01_1_2_Chlorophyll_A_001_phosphate_plate5.tif,1,912.000,912,912
29456,F8_01_1_2_Chlorophyll_A_001_phosphate_plate5.tif,2,816.000,784,848
29457,F8_01_1_2_Chlorophyll_A_001_phosphate_plate5.tif,1,800.000,800,800
29458,F8_01_1_2_Chlorophyll_A_001_phosphate_plate5.tif,1,944.000,944,944
29459,F8_01_1_2_Chlorophyll_A_001_phosphate_plate5.tif,1,880.000,880,880
29460,F8_01_1_2_Chlorophyll_A_001_phosphate_plate5.tif,1,848.000,848,848
29461,F8_01_1_2_Chlorophyll_A_001_phosphate_plate5.tif,2,888.000,800,976
29462,F8_01_1_2_Chlorophyll_A_001_phosphate_plate5.tif,1,816.000,816,816
29463,F8_01_1_2_Chlorophyll_A_001_phosphate_plate5.tif,1,992.000,992,992
29464,F8_01_1_2_Chlorophyll_A_001_phosphate_plate5.tif,32,901.500,784,1104
29465,F8_01_1_2_Chlorophyll_A_001_phosphate_plate5.tif,41,990.439,800,1328
29466,F8_01_1_2_Chlorophyll_A_001_phosphate_plate5.tif,46,947.478,768,1296
29467,F8_01_1_2_Chlorophyll_A_001_phosphate_plate5.tif,88,953.273,768,1232
29468,F8_01_1_2_Chlorophyll_A_001_phosphate_plate5.tif,33,898.424,768,1120
29469,F8_01_1_2_Chlorophyll_A_001_phosphate_plate5.tif,1,784.000,784,784
29470,F8_01_1_2_Chlorophyll_A_001_phosphate_plate5.tif,2,776.000,768,784
29471,F8_01_1_2_Chlorophyll_A_001_phosphate_plate5.tif,1,960.000,960,960
29472,F8_01_1_2_Chlorophyll_A_001_phosphate_plate5.tif,2,848.000,800,896
29473,F8_01_1_2_Chlorophyll_A_001_phosphate_plate5.tif,17,839.529,768,1024
29474,F8_01_1_2_Chlorophyll_A_001_phosphate_plate5.tif,8,822.000,768,960
29475,F8_01_1_2_Chlorophyll_A_001_phosphate_plate5.tif,2,800.000,784,816
29476,F8_01_1_2_Chlorophyll_A_001_phosphate_plate5.tif,1,816.000,816,816
29477,F8_01_1_2_Chlorophyll_A_001_phosphate_plate5.tif,18,864.889,768,1104
29478,F8_01_1_2_Chlorophyll_A_001_phosphate_plate5.tif,2,880.000,832,928
29479,F8_01_1_2_Chlorophyll_A_001_phosphate_plate5.tif,2,808.000,800,816
29480,F8_01_1_2_Chlorophyll_A_001_phosphate_plate5.tif,3,816.000,784,848
29481,F8_01_1_2_Chlorophyll_A_001_phosphate_plate5.tif,1,768.000,768,768
29482,F8_01_1_2_Chlorophyll_A_001_phosphate_plate5.tif,1,944.000,944,944
29483,F8_01_1_2_Chlorophyll_A_001_phosphate_plate5.tif,2,776.000,768,784
29484,F8_01_1_2_Chlorophyll_A_001_phosphate_plate5.tif,1,784.000,784,784
29485,F8_01_1_2_Chlorophyll_A_001_phosphate_plate5.tif,1,800.000,800,800
29486,F8_01_1_2_Chlorophyll_A_001_phosphate_plate5.tif,2,872.000,864,880
29487,F8_01_1_2_Chlorophyll_A_001_phosphate_plate5.tif,1,896.000,896,896
29488,F8_01_1_2_Chlorophyll_A_001_phosphate_plate5.tif,2,848.000,832,864
29489,F8_01_1_2_Chlorophyll_A_001_phosphate_plate5.tif,1,928.000,928,928
29490,F8_01_1_2_Chlorophyll_A_001_phosphate_plate5.tif,2,840.000,784,896
29491,F8_01_1_2_Chlorophyll_A_001_phosphate_plate5.tif,1,784.000,784,784
29492,F8_01_1_2_Chlorophyll_A_001_phosphate_plate5.tif,3,832.000,768,944
29493,F8_01_1_2_Chlorophyll_A_001_phosphate_plate5.tif,1,784.000,784,784
29494,F8_01_1_2_Chlorophyll_A_001_phosphate_plate5.tif,1,832.000,832,832
29495,F8_01_1_2_Chlorophyll_A_001_phosphate_plate5.tif,1,864.000,864,864
29496,F8_01_1_2_Chlorophyll_A_001_phosphate_plate5.tif,1,944.000,944,944
29497,F8_01_1_2_Chlorophyll_A_001_phosphate_plate5.tif,2,792.000,768,816
29498,F8_01_1_2_Chlorophyll_A_001_phosphate_plate5.tif,1,768.000,768,768
29499,F8_01_1_2_Chlorophyll_A_001_phosphate_plate5.tif,1,768.000,768,768
29500,F8_01_1_2_Chlorophyll_A_001_phosphate_plate5.tif,1,800.000,800,800
29501,F8_01_1_2_Chlorophyll_A_001_phosphate_plate5.tif,3,821.333,784,880
29502,F8_01_1_2_Chlorophyll_A_001_phosphate_plate5.tif,2,784.000,768,800
29503,F8_01_1_2_Chlorophyll_A_001_phosphate_plate5.tif,1,848.000,848,848
29504,F8_01_1_2_Chlorophyll_A_001_phosphate_plate5.tif,1,864.000,864,864
29505,F8_01_1_2_Chlorophyll_A_001_phosphate_plate5.tif,1,960.000,960,960
29506,F8_01_1_2_Chlorophyll_A_001_phosphate_plate5.tif,11,880.000,816,1024
29507,F8_01_1_2_Chlorophyll_A_001_phosphate_plate5.tif,60,888.800,768,1088
29508,F8_01_1_2_Chlorophyll_A_001_phosphate_plate5.tif,3,784.000,768,816
29509,F8_01_1_2_Chlorophyll_A_001_phosphate_plate5.tif,3,853.333,800,944
29510,F8_01_1_2_Chlorophyll_A_001_phosphate_plate5.tif,2,840.000,816,864
29511,F8_01_1_2_Chlorophyll_A_001_phosphate_plate5.tif,1,992.000,992,992
29512,F8_01_1_2_Chlorophyll_A_001_phosphate_plate5.tif,1,960.000,960,960
29513,F8_01_1_2_Chlorophyll_A_001_phosphate_plate5.tif,7,811.429,768,880
29514,F8_01_1_2_Chlorophyll_A_001_phosphate_plate5.tif,3,794.667,784,816
29515,F8_01_1_2_Chlorophyll_A_001_phosphate_plate5.tif,3,800.000,768,848
29516,F8_01_1_2_Chlorophyll_A_001_phosphate_plate5.tif,1,800.000,800,800
29517,F8_01_1_2_Chlorophyll_A_001_phosphate_plate5.tif,1,784.000,784,784
29518,F8_01_1_2_Chlorophyll_A_001_phosphate_plate5.tif,1,784.000,784,784
29519,F8_01_1_2_Chlorophyll_A_001_phosphate_plate5.tif,1,1008.000,1008,1008
29520,F8_01_1_2_Chlorophyll_A_001_phosphate_plate5.tif,1,816.000,816,816
29521,F8_01_1_2_Chlorophyll_A_001_phosphate_plate5.tif,1,896.000,896,896
29522,F8_01_1_2_Chlorophyll_A_001_phosphate_plate5.tif,4,836.000,816,864
29523,F8_01_1_2_Chlorophyll_A_001_phosphate_plate5.tif,4,820.000,768,848
29524,F8_01_1_2_Chlorophyll_A_001_phosphate_plate5.tif,1,768.000,768,768
29525,F8_01_1_2_Chlorophyll_A_001_phosphate_plate5.tif,1,784.000,784,784
29526,F8_01_1_2_Chlorophyll_A_001_phosphate_plate5.tif,1,768.000,768,768
29527,F8_01_1_2_Chlorophyll_A_001_phosphate_plate5.tif,2,816.000,816,816
29528,F8_01_1_2_Chlorophyll_A_001_phosphate_plate5.tif,1,768.000,768,768
29529,F8_01_1_2_Chlorophyll_A_001_phosphate_plate5.tif,1,768.000,768,768
29530,F8_01_1_2_Chlorophyll_A_001_phosphate_plate5.tif,2,872.000,800,944
29531,F8_01_1_2_Chlorophyll_A_001_phosphate_plate5.tif,1,912.000,912,912
29532,F8_01_1_2_Chlorophyll_A_001_phosphate_plate5.tif,1,800.000,800,800
29533,F8_01_1_2_Chlorophyll_A_001_phosphate_plate5.tif,1,864.000,864,864
29534,F8_01_1_2_Chlorophyll_A_001_phosphate_plate5.tif,2,800.000,768,832
29535,F8_01_1_2_Chlorophyll_A_001_phosphate_plate5.tif,1,832.000,832,832
29536,F8_01_1_2_Chlorophyll_A_001_phosphate_plate5.tif,1,768.000,768,768
29537,F8_01_1_2_Chlorophyll_A_001_phosphate_plate5.tif,1,880.000,880,880
29538,F8_01_1_2_Chlorophyll_A_001_phosphate_plate5.tif,2,912.000,832,992
29539,F8_01_1_2_Chlorophyll_A_001_phosphate_plate5.tif,1,880.000,880,880
29540,F8_01_1_2_Chlorophyll_A_001_phosphate_plate5.tif,8,922.000,784,1024
29541,F8_01_1_2_Chlorophyll_A_001_phosphate_plate5.tif,8,870.000,800,992
29542,F8_01_1_2_Chlorophyll_A_001_phosphate_plate5.tif,1,1008.000,1008,1008
29543,F8_01_1_2_Chlorophyll_A_001_phosphate_plate5.tif,1,784.000,784,784
29544,F8_01_1_2_Chlorophyll_A_001_phosphate_plate5.tif,1,800.000,800,800
29545,F8_01_1_2_Chlorophyll_A_001_phosphate_plate5.tif,2,840.000,800,880
29546,F8_01_1_2_Chlorophyll_A_001_phosphate_plate5.tif,4,852.000,800,896
29547,F8_01_1_2_Chlorophyll_A_001_phosphate_plate5.tif,4,924.000,832,1008
29548,F8_01_1_2_Chlorophyll_A_001_phosphate_plate5.tif,2,856.000,832,880
29549,F8_01_1_2_Chlorophyll_A_001_phosphate_plate5.tif,3,794.667,784,816
29550,F8_01_1_2_Chlorophyll_A_001_phosphate_plate5.tif,5,800.000,784,832
29551,F8_01_1_2_Chlorophyll_A_001_phosphate_plate5.tif,1,784.000,784,784
29552,F8_01_1_2_Chlorophyll_A_001_phosphate_plate5.tif,3,805.333,784,832
29553,F8_01_1_2_Chlorophyll_A_001_phosphate_plate5.tif,1,768.000,768,768
29554,F8_01_1_2_Chlorophyll_A_001_phosphate_plate5.tif,1,768.000,768,768
29555,F8_01_1_2_Chlorophyll_A_001_phosphate_plate5.tif,1,800.000,800,800
29556,F8_01_1_2_Chlorophyll_A_001_phosphate_plate5.tif,11,877.091,784,976
29557,F8_01_1_2_Chlorophyll_A_001_phosphate_plate5.tif,1,800.000,800,800
29558,F8_01_1_2_Chlorophyll_A_001_phosphate_plate5.tif,3,853.333,784,912
29559,F8_01_1_2_Chlorophyll_A_001_phosphate_plate5.tif,1,832.000,832,832
29560,F8_01_1_2_Chlorophyll_A_001_phosphate_plate5.tif,3,821.333,784,880
29561,F8_01_1_2_Chlorophyll_A_001_phosphate_plate5.tif,1,800.000,800,800
29562,F8_01_1_2_Chlorophyll_A_001_phosphate_plate5.tif,1,864.000,864,864
29563,F8_01_1_2_Chlorophyll_A_001_phosphate_plate5.tif,2,776.000,768,784
29564,F8_01_1_2_Chlorophyll_A_001_phosphate_plate5.tif,1,896.000,896,896
29565,F8_01_1_2_Chlorophyll_A_001_phosphate_plate5.tif,1,816.000,816,816
29566,F8_01_1_2_Chlorophyll_A_001_phosphate_plate5.tif,1,976.000,976,976
29567,F8_01_1_2_Chlorophyll_A_001_phosphate_plate5.tif,1,896.000,896,896
29568,F8_01_1_2_Chlorophyll_A_001_phosphate_plate5.tif,1,784.000,784,784
29569,F8_01_1_2_Chlorophyll_A_001_phosphate_plate5.tif,1,864.000,864,864
29570,F8_01_1_2_Chlorophyll_A_001_phosphate_plate5.tif,1,800.000,800,800
29571,F8_01_1_2_Chlorophyll_A_001_phosphate_plate5.tif,1,784.000,784,784
29572,F8_01_1_2_Chlorophyll_A_001_phosphate_plate5.tif,1,816.000,816,816
29573,F8_01_1_2_Chlorophyll_A_001_phosphate_plate5.tif,1,848.000,848,848
29574,F8_01_1_2_Chlorophyll_A_001_phosphate_plate5.tif,1,768.000,768,768
29575,F8_01_1_2_Chlorophyll_A_001_phosphate_plate5.tif,1,768.000,768,768
29576,F8_01_1_2_Chlorophyll_A_001_phosphate_plate5.tif,2,776.000,768,784
29577,F8_01_1_2_Chlorophyll_A_001_phosphate_plate5.tif,3,816.000,784,864
29578,F8_01_1_2_Chlorophyll_A_001_phosphate_plate5.tif,1,784.000,784,784
29579,F8_01_1_2_Chlorophyll_A_001_phosphate_plate5.tif,1,784.000,784,784
29580,F8_01_1_2_Chlorophyll_A_001_phosphate_plate5.tif,1,768.000,768,768
29581,F8_01_1_2_Chlorophyll_A_001_phosphate_plate5.tif,32,875.500,768,1088
29582,F8_01_1_2_Chlorophyll_A_001_phosphate_plate5.tif,48,907.667,768,1168
29583,F8_01_1_2_Chlorophyll_A_001_phosphate_plate5.tif,59,884.610,768,1136
29584,F8_01_1_2_Chlorophyll_A_001_phosphate_plate5.tif,2,896.000,896,896
29585,F8_01_1_2_Chlorophyll_A_001_phosphate_plate5.tif,4,840.000,800,880
29586,F8_01_1_2_Chlorophyll_A_001_phosphate_plate5.tif,7,841.143,768,976
29587,F8_01_1_2_Chlorophyll_A_001_phosphate_plate5.tif,18,842.667,768,960
29588,F8_01_1_2_Chlorophyll_A_001_phosphate_plate5.tif,3,885.333,784,976
29589,F8_01_1_2_Chlorophyll_A_001_phosphate_plate5.tif,1,800.000,800,800
29590,F8_01_1_2_Chlorophyll_A_001_phosphate_plate5.tif,17,848.000,768,960
29591,F8_01_1_2_Chlorophyll_A_001_phosphate_plate5.tif,4,876.000,784,960
29592,F8_01_1_2_Chlorophyll_A_001_phosphate_plate5.tif,6,866.667,784,1040
29593,F8_01_1_2_Chlorophyll_A_001_phosphate_plate5.tif,5,851.200,784,928
29594,F8_01_1_2_Chlorophyll_A_001_phosphate_plate5.tif,1,816.000,816,816
29595,F8_01_1_2_Chlorophyll_A_001_phosphate_plate5.tif,1,880.000,880,880
29596,F8_01_1_2_Chlorophyll_A_001_phosphate_plate5.tif,3,821.333,784,864
29597,F8_01_1_2_Chlorophyll_A_001_phosphate_plate5.tif,1,816.000,816,816
29598,F8_01_1_2_Chlorophyll_A_001_phosphate_plate5.tif,2,784.000,768,800
29599,F8_01_1_2_Chlorophyll_A_001_phosphate_plate5.tif,1,768.000,768,768
29600,F8_01_1_2_Chlorophyll_A_001_phosphate_plate5.tif,4,868.000,848,896
29601,F8_01_1_2_Chlorophyll_A_001_phosphate_plate5.tif,16,847.000,768,1024
29602,F8_01_1_2_Chlorophyll_A_001_phosphate_plate5.tif,31,851.613,768,1008
29603,F8_01_1_2_Chlorophyll_A_001_phosphate_plate5.tif,1,880.000,880,880
29604,F8_01_1_2_Chlorophyll_A_001_phosphate_plate5.tif,201,1286.368,768,2768
29605,F8_01_1_2_Chlorophyll_A_001_phosphate_plate5.tif,2,880.000,832,928
29606,F8_01_1_2_Chlorophyll_A_001_phosphate_plate5.tif,2,848.000,784,912
29607,F8_01_1_2_Chlorophyll_A_001_phosphate_plate5.tif,1,832.000,832,832
29608,F8_01_1_2_Chlorophyll_A_001_phosphate_plate5.tif,1,848.000,848,848
29609,F8_01_1_2_Chlorophyll_A_001_phosphate_plate5.tif,1,784.000,784,784
29610,F8_01_1_2_Chlorophyll_A_001_phosphate_plate5.tif,184,2708.348,768,16304
29611,F8_01_1_2_Chlorophyll_A_001_phosphate_plate5.tif,1,816.000,816,816
29612,F8_01_1_2_Chlorophyll_A_001_phosphate_plate5.tif,1,768.000,768,768
29613,F8_01_1_2_Chlorophyll_A_001_phosphate_plate5.tif,1,816.000,816,816
29614,F8_01_1_2_Chlorophyll_A_001_phosphate_plate5.tif,1,768.000,768,768
29615,F8_01_1_2_Chlorophyll_A_001_phosphate_plate5.tif,1,768.000,768,768
29616,F8_01_1_2_Chlorophyll_A_001_phosphate_plate5.tif,1,880.000,880,880
29617,F8_01_1_2_Chlorophyll_A_001_phosphate_plate5.tif,1,816.000,816,816
29618,F8_01_1_2_Chlorophyll_A_001_phosphate_plate5.tif,1,800.000,800,800
29619,F8_01_1_2_Chlorophyll_A_001_phosphate_plate5.tif,1,816.000,816,816
29620,F8_01_1_2_Chlorophyll_A_001_phosphate_plate5.tif,1,784.000,784,784
29621,F8_01_1_2_Chlorophyll_A_001_phosphate_plate5.tif,2,912.000,816,1008
29622,F8_01_1_2_Chlorophyll_A_001_phosphate_plate5.tif,1,784.000,784,784
29623,F8_01_1_2_Chlorophyll_A_001_phosphate_plate5.tif,1,864.000,864,864
29624,F8_01_1_2_Chlorophyll_A_001_phosphate_plate5.tif,1,816.000,816,816
29625,F8_01_1_2_Chlorophyll_A_001_phosphate_plate5.tif,1,880.000,880,880
29626,F8_01_1_2_Chlorophyll_A_001_phosphate_plate5.tif,1,864.000,864,864
29627,F8_01_1_2_Chlorophyll_A_001_phosphate_plate5.tif,3,901.333,816,960
29628,F8_01_1_2_Chlorophyll_A_001_phosphate_plate5.tif,2,904.000,864,944
29629,F8_01_1_2_Chlorophyll_A_001_phosphate_plate5.tif,1,848.000,848,848
29630,F8_01_1_2_Chlorophyll_A_001_phosphate_plate5.tif,1,928.000,928,928
29631,F8_01_1_2_Chlorophyll_A_001_phosphate_plate5.tif,5,844.800,784,912
29632,F8_01_1_2_Chlorophyll_A_001_phosphate_plate5.tif,1,784.000,784,784
29633,F8_01_1_2_Chlorophyll_A_001_phosphate_plate5.tif,34,922.353,800,1152
29634,F8_01_1_2_Chlorophyll_A_001_phosphate_plate5.tif,25,888.960,768,1152
29635,F8_01_1_2_Chlorophyll_A_001_phosphate_plate5.tif,2,800.000,784,816
29636,F8_01_1_2_Chlorophyll_A_001_phosphate_plate5.tif,1,816.000,816,816
29637,F8_01_1_2_Chlorophyll_A_001_phosphate_plate5.tif,113,858.195,768,1168
29638,F8_01_1_2_Chlorophyll_A_001_phosphate_plate5.tif,1,864.000,864,864
29639,F8_01_1_2_Chlorophyll_A_001_phosphate_plate5.tif,2,792.000,784,800
29640,F8_01_1_2_Chlorophyll_A_001_phosphate_plate5.tif,1,864.000,864,864
29641,F8_01_1_2_Chlorophyll_A_001_phosphate_plate5.tif,1,784.000,784,784
29642,F8_01_1_2_Chlorophyll_A_001_phosphate_plate5.tif,1,912.000,912,912
29643,F8_01_1_2_Chlorophyll_A_001_phosphate_plate5.tif,1,880.000,880,880
29644,F8_01_1_2_Chlorophyll_A_001_phosphate_plate5.tif,1,864.000,864,864
29645,F8_01_1_2_Chlorophyll_A_001_phosphate_plate5.tif,3,805.333,768,848
29646,F8_01_1_2_Chlorophyll_A_001_phosphate_plate5.tif,1,1040.000,1040,1040
29647,F8_01_1_2_Chlorophyll_A_001_phosphate_plate5.tif,6,856.000,800,960
29648,F8_01_1_2_Chlorophyll_A_001_phosphate_plate5.tif,4,852.000,768,880
29649,F8_01_1_2_Chlorophyll_A_001_phosphate_plate5.tif,1,768.000,768,768
29650,F8_01_1_2_Chlorophyll_A_001_phosphate_plate5.tif,1,768.000,768,768
29651,F8_01_1_2_Chlorophyll_A_001_phosphate_plate5.tif,1,944.000,944,944
29652,F8_01_1_2_Chlorophyll_A_001_phosphate_plate5.tif,1,880.000,880,880
29653,F8_01_1_2_Chlorophyll_A_001_phosphate_plate5.tif,1,816.000,816,816
29654,F8_01_1_2_Chlorophyll_A_001_phosphate_plate5.tif,2,880.000,800,960
29655,F8_01_1_2_Chlorophyll_A_001_phosphate_plate5.tif,2,888.000,864,912
29656,F8_01_1_2_Chlorophyll_A_001_phosphate_plate5.tif,1,800.000,800,800
29657,F8_01_1_2_Chlorophyll_A_001_phosphate_plate5.tif,1,864.000,864,864
29658,F8_01_1_2_Chlorophyll_A_001_phosphate_plate5.tif,1,768.000,768,768
29659,F8_01_1_2_Chlorophyll_A_001_phosphate_plate5.tif,1,784.000,784,784
29660,F8_01_1_2_Chlorophyll_A_001_phosphate_plate5.tif,1,880.000,880,880
29661,F8_01_1_2_Chlorophyll_A_001_phosphate_plate5.tif,1,800.000,800,800
29662,F8_01_1_2_Chlorophyll_A_001_phosphate_plate5.tif,1,800.000,800,800
29663,F8_01_1_2_Chlorophyll_A_001_phosphate_plate5.tif,2,888.000,864,912
29664,F8_01_1_2_Chlorophyll_A_001_phosphate_plate5.tif,2,840.000,816,864
29665,F8_01_1_2_Chlorophyll_A_001_phosphate_plate5.tif,1,944.000,944,944
29666,F8_01_1_2_Chlorophyll_A_001_phosphate_plate5.tif,1,928.000,928,928
29667,F8_01_1_2_Chlorophyll_A_001_phosphate_plate5.tif,1,784.000,784,784
29668,F8_01_1_2_Chlorophyll_A_001_phosphate_plate5.tif,1,864.000,864,864
29669,F8_01_1_2_Chlorophyll_A_001_phosphate_plate5.tif,5,832.000,768,864
29670,F8_01_1_2_Chlorophyll_A_001_phosphate_plate5.tif,1,784.000,784,784
29671,F8_01_1_2_Chlorophyll_A_001_phosphate_plate5.tif,1,768.000,768,768
29672,F8_01_1_2_Chlorophyll_A_001_phosphate_plate5.tif,57,952.982,768,1296
29673,F8_01_1_2_Chlorophyll_A_001_phosphate_plate5.tif,3,810.667,800,816
29674,F8_01_1_2_Chlorophyll_A_001_phosphate_plate5.tif,1,880.000,880,880
29675,F8_01_1_2_Chlorophyll_A_001_phosphate_plate5.tif,6,858.667,800,928
29676,F8_01_1_2_Chlorophyll_A_001_phosphate_plate5.tif,1,768.000,768,768
29677,F8_01_1_2_Chlorophyll_A_001_phosphate_plate5.tif,1,912.000,912,912
29678,F8_01_1_2_Chlorophyll_A_001_phosphate_plate5.tif,1,832.000,832,832
29679,F8_01_1_2_Chlorophyll_A_001_phosphate_plate5.tif,16,831.000,768,928
29680,F8_01_1_2_Chlorophyll_A_001_phosphate_plate5.tif,12,846.667,768,1056
29681,F8_01_1_2_Chlorophyll_A_001_phosphate_plate5.tif,1,1040.000,1040,1040
29682,F8_01_1_2_Chlorophyll_A_001_phosphate_plate5.tif,3,816.000,784,880
29683,F8_01_1_2_Chlorophyll_A_001_phosphate_plate5.tif,13,855.385,768,992
29684,F8_01_1_2_Chlorophyll_A_001_phosphate_plate5.tif,1,784.000,784,784
29685,F8_01_1_2_Chlorophyll_A_001_phosphate_plate5.tif,3,778.667,768,784
29686,F8_01_1_2_Chlorophyll_A_001_phosphate_plate5.tif,1,832.000,832,832
29687,F8_01_1_2_Chlorophyll_A_001_phosphate_plate5.tif,3,821.333,784,848
29688,F8_01_1_2_Chlorophyll_A_001_phosphate_plate5.tif,4,884.000,832,976
29689,F8_01_1_2_Chlorophyll_A_001_phosphate_plate5.tif,1,784.000,784,784
29690,F8_01_1_2_Chlorophyll_A_001_phosphate_plate5.tif,3,853.333,784,912
29691,F8_01_1_2_Chlorophyll_A_001_phosphate_plate5.tif,1,784.000,784,784
29692,F8_01_1_2_Chlorophyll_A_001_phosphate_plate5.tif,1,928.000,928,928
29693,F8_01_1_2_Chlorophyll_A_001_phosphate_plate5.tif,1,800.000,800,800
29694,F8_01_1_2_Chlorophyll_A_001_phosphate_plate5.tif,1,832.000,832,832
29695,F8_01_1_2_Chlorophyll_A_001_phosphate_plate5.tif,4,864.000,768,1008
29696,F8_01_1_2_Chlorophyll_A_001_phosphate_plate5.tif,1,768.000,768,768
29697,F8_01_1_2_Chlorophyll_A_001_phosphate_plate5.tif,9,840.889,768,992
29698,F8_01_1_2_Chlorophyll_A_001_phosphate_plate5.tif,1,784.000,784,784
29699,F8_01_1_2_Chlorophyll_A_001_phosphate_plate5.tif,4,836.000,800,896
29700,F8_01_1_2_Chlorophyll_A_001_phosphate_plate5.tif,5,844.800,784,928
29701,F8_01_1_2_Chlorophyll_A_001_phosphate_plate5.tif,1,896.000,896,896
29702,F8_01_1_2_Chlorophyll_A_001_phosphate_plate5.tif,2,904.000,784,1024
29703,F8_01_1_2_Chlorophyll_A_001_phosphate_plate5.tif,2,784.000,784,784
29704,F8_01_1_2_Chlorophyll_A_001_phosphate_plate5.tif,1,784.000,784,784
29705,F8_01_1_2_Chlorophyll_A_001_phosphate_plate5.tif,1,784.000,784,784
29706,F8_01_1_2_Chlorophyll_A_001_phosphate_plate5.tif,1,816.000,816,816
29707,F8_01_1_2_Chlorophyll_A_001_phosphate_plate5.tif,2,800.000,800,800
29708,F8_01_1_2_Chlorophyll_A_001_phosphate_plate5.tif,1,1072.000,1072,1072
29709,F8_01_1_2_Chlorophyll_A_001_phosphate_plate5.tif,1,768.000,768,768
29710,F8_01_1_2_Chlorophyll_A_001_phosphate_plate5.tif,1,816.000,816,816
29711,F8_01_1_2_Chlorophyll_A_001_phosphate_plate5.tif,1,800.000,800,800
29712,F8_01_1_2_Chlorophyll_A_001_phosphate_plate5.tif,4,896.000,832,928
29713,F8_01_1_2_Chlorophyll_A_001_phosphate_plate5.tif,1,848.000,848,848
29714,F8_01_1_2_Chlorophyll_A_001_phosphate_plate5.tif,2,824.000,816,832
29715,F8_01_1_2_Chlorophyll_A_001_phosphate_plate5.tif,1,784.000,784,784
29716,F8_01_1_2_Chlorophyll_A_001_phosphate_plate5.tif,1,800.000,800,800
29717,F8_01_1_2_Chlorophyll_A_001_phosphate_plate5.tif,3,826.667,800,848
29718,F8_01_1_2_Chlorophyll_A_001_phosphate_plate5.tif,1,800.000,800,800
29719,F8_01_1_2_Chlorophyll_A_001_phosphate_plate5.tif,3,885.333,816,992
29720,F8_01_1_2_Chlorophyll_A_001_phosphate_plate5.tif,2,800.000,800,800
29721,F8_01_1_2_Chlorophyll_A_001_phosphate_plate5.tif,1,848.000,848,848
29722,F8_01_1_2_Chlorophyll_A_001_phosphate_plate5.tif,1,784.000,784,784
29723,F8_01_1_2_Chlorophyll_A_001_phosphate_plate5.tif,3,794.667,784,800
29724,F8_01_1_2_Chlorophyll_A_001_phosphate_plate5.tif,1,1056.000,1056,1056
29725,F8_01_1_2_Chlorophyll_A_001_phosphate_plate5.tif,2,784.000,768,800
29726,F8_01_1_2_Chlorophyll_A_001_phosphate_plate5.tif,1,784.000,784,784
29727,F8_01_1_2_Chlorophyll_A_001_phosphate_plate5.tif,1,784.000,784,784
29728,F8_01_1_2_Chlorophyll_A_001_phosphate_plate5.tif,3,837.333,768,960
29729,F8_01_1_2_Chlorophyll_A_001_phosphate_plate5.tif,1,864.000,864,864
29730,F8_01_1_2_Chlorophyll_A_001_phosphate_plate5.tif,1,800.000,800,800
29731,F8_01_1_2_Chlorophyll_A_001_phosphate_plate5.tif,6,840.000,768,992
29732,F8_01_1_2_Chlorophyll_A_001_phosphate_plate5.tif,3,784.000,784,784
29733,F8_01_1_2_Chlorophyll_A_001_phosphate_plate5.tif,4,808.000,768,848
29734,F8_01_1_2_Chlorophyll_A_001_phosphate_plate5.tif,1,880.000,880,880
29735,F8_01_1_2_Chlorophyll_A_001_phosphate_plate5.tif,42,997.714,768,1344
29736,F8_01_1_2_Chlorophyll_A_001_phosphate_plate5.tif,351,2214.792,768,13168
29737,F8_01_1_2_Chlorophyll_A_001_phosphate_plate5.tif,1,880.000,880,880
29738,F8_01_1_2_Chlorophyll_A_001_phosphate_plate5.tif,4,828.000,768,896
29739,F8_01_1_2_Chlorophyll_A_001_phosphate_plate5.tif,28,853.714,768,1040
29740,F8_01_1_2_Chlorophyll_A_001_phosphate_plate5.tif,6,840.000,768,1072
29741,F8_01_1_2_Chlorophyll_A_001_phosphate_plate5.tif,1,832.000,832,832
29742,F8_01_1_2_Chlorophyll_A_001_phosphate_plate5.tif,7,816.000,784,880
29743,F8_01_1_2_Chlorophyll_A_001_phosphate_plate5.tif,2,816.000,800,832
29744,F8_01_1_2_Chlorophyll_A_001_phosphate_plate5.tif,4,832.000,800,912
29745,F8_01_1_2_Chlorophyll_A_001_phosphate_plate5.tif,1,784.000,784,784
29746,F8_01_1_2_Chlorophyll_A_001_phosphate_plate5.tif,2,920.000,912,928
29747,F8_01_1_2_Chlorophyll_A_001_phosphate_plate5.tif,1,816.000,816,816
29748,F8_01_1_2_Chlorophyll_A_001_phosphate_plate5.tif,1,944.000,944,944
29749,F8_01_1_2_Chlorophyll_A_001_phosphate_plate5.tif,1,784.000,784,784
29750,F8_01_1_2_Chlorophyll_A_001_phosphate_plate5.tif,3,794.667,768,832
29751,F8_01_1_2_Chlorophyll_A_001_phosphate_plate5.tif,7,825.143,768,896
29752,F8_01_1_2_Chlorophyll_A_001_phosphate_plate5.tif,2,928.000,896,960
29753,F8_01_1_2_Chlorophyll_A_001_phosphate_plate5.tif,1,800.000,800,800
29754,F8_01_1_2_Chlorophyll_A_001_phosphate_plate5.tif,3,890.667,768,976
29755,F8_01_1_2_Chlorophyll_A_001_phosphate_plate5.tif,2,816.000,816,816
29756,F8_01_1_2_Chlorophyll_A_001_phosphate_plate5.tif,2,856.000,800,912
29757,F8_01_1_2_Chlorophyll_A_001_phosphate_plate5.tif,2,784.000,768,800
29758,F8_01_1_2_Chlorophyll_A_001_phosphate_plate5.tif,3,853.333,800,896
29759,F8_01_1_2_Chlorophyll_A_001_phosphate_plate5.tif,1,912.000,912,912
29760,F8_01_1_2_Chlorophyll_A_001_phosphate_plate5.tif,1,848.000,848,848
29761,F8_01_1_2_Chlorophyll_A_001_phosphate_plate5.tif,1,784.000,784,784
29762,F8_01_1_2_Chlorophyll_A_001_phosphate_plate5.tif,1,896.000,896,896
29763,F8_01_1_2_Chlorophyll_A_001_phosphate_plate5.tif,1,816.000,816,816
29764,F8_01_1_2_Chlorophyll_A_001_phosphate_plate5.tif,1,816.000,816,816
29765,F8_01_1_2_Chlorophyll_A_001_phosphate_plate5.tif,2,832.000,800,864
29766,F8_01_1_2_Chlorophyll_A_001_phosphate_plate5.tif,1,816.000,816,816
29767,F8_01_1_2_Chlorophyll_A_001_phosphate_plate5.tif,1,768.000,768,768
29768,F8_01_1_2_Chlorophyll_A_001_phosphate_plate5.tif,1,848.000,848,848
29769,F8_01_1_2_Chlorophyll_A_001_phosphate_plate5.tif,2,840.000,832,848
29770,F8_01_1_2_Chlorophyll_A_001_phosphate_plate5.tif,1,768.000,768,768
29771,F8_01_1_2_Chlorophyll_A_001_phosphate_plate5.tif,1,864.000,864,864
29772,F8_01_1_2_Chlorophyll_A_001_phosphate_plate5.tif,1,800.000,800,800
29773,F8_01_1_2_Chlorophyll_A_001_phosphate_plate5.tif,1,896.000,896,896
29774,F8_01_1_2_Chlorophyll_A_001_phosphate_plate5.tif,4,864.000,768,1008
29775,F8_01_1_2_Chlorophyll_A_001_phosphate_plate5.tif,1,880.000,880,880
29776,F8_01_1_2_Chlorophyll_A_001_phosphate_plate5.tif,4,904.000,800,944
29777,F8_01_1_2_Chlorophyll_A_001_phosphate_plate5.tif,1,864.000,864,864
29778,F8_01_1_2_Chlorophyll_A_001_phosphate_plate5.tif,7,818.286,768,880
29779,F8_01_1_2_Chlorophyll_A_001_phosphate_plate5.tif,1,912.000,912,912
29780,F8_01_1_2_Chlorophyll_A_001_phosphate_plate5.tif,2,808.000,784,832
29781,F8_01_1_2_Chlorophyll_A_001_phosphate_plate5.tif,1,960.000,960,960
29782,F8_01_1_2_Chlorophyll_A_001_phosphate_plate5.tif,1,816.000,816,816
29783,F8_01_1_2_Chlorophyll_A_001_phosphate_plate5.tif,3,800.000,784,816
29784,F8_01_1_2_Chlorophyll_A_001_phosphate_plate5.tif,4,784.000,768,832
29785,F8_01_1_2_Chlorophyll_A_001_phosphate_plate5.tif,1,784.000,784,784
29786,F8_01_1_2_Chlorophyll_A_001_phosphate_plate5.tif,3,832.000,768,880
29787,F8_01_1_2_Chlorophyll_A_001_phosphate_plate5.tif,4,860.000,784,944
29788,F8_01_1_2_Chlorophyll_A_001_phosphate_plate5.tif,7,886.857,768,1248
29789,F8_01_1_2_Chlorophyll_A_001_phosphate_plate5.tif,3,826.667,784,864
29790,F8_01_1_2_Chlorophyll_A_001_phosphate_plate5.tif,1,816.000,816,816
29791,F8_01_1_2_Chlorophyll_A_001_phosphate_plate5.tif,4,912.000,896,928
29792,F8_01_1_2_Chlorophyll_A_001_phosphate_plate5.tif,3,842.667,832,864
29793,F8_01_1_2_Chlorophyll_A_001_phosphate_plate5.tif,8,842.000,768,1008
29794,F8_01_1_2_Chlorophyll_A_001_phosphate_plate5.tif,2,872.000,848,896
29795,F8_01_1_2_Chlorophyll_A_001_phosphate_plate5.tif,9,821.333,768,880
29796,F8_01_1_2_Chlorophyll_A_001_phosphate_plate5.tif,13,809.846,768,960
29797,F8_01_1_2_Chlorophyll_A_001_phosphate_plate5.tif,2,816.000,800,832
29798,F8_01_1_2_Chlorophyll_A_001_phosphate_plate5.tif,2,816.000,800,832
29799,F8_01_1_2_Chlorophyll_A_001_phosphate_plate5.tif,5,851.200,768,1056
29800,F8_01_1_2_Chlorophyll_A_001_phosphate_plate5.tif,1,848.000,848,848
29801,F8_01_1_2_Chlorophyll_A_001_phosphate_plate5.tif,2,984.000,960,1008
29802,F8_01_1_2_Chlorophyll_A_001_phosphate_plate5.tif,1,816.000,816,816
29803,F8_01_1_2_Chlorophyll_A_001_phosphate_plate5.tif,1,896.000,896,896
29804,F8_01_1_2_Chlorophyll_A_001_phosphate_plate5.tif,1,784.000,784,784
29805,F8_01_1_2_Chlorophyll_A_001_phosphate_plate5.tif,1,880.000,880,880
29806,F8_01_1_2_Chlorophyll_A_001_phosphate_plate5.tif,1,832.000,832,832
29807,F8_01_1_2_Chlorophyll_A_001_phosphate_plate5.tif,1,816.000,816,816
29808,F8_01_1_2_Chlorophyll_A_001_phosphate_plate5.tif,2,832.000,816,848
29809,F8_01_1_2_Chlorophyll_A_001_phosphate_plate5.tif,3,832.000,816,848
29810,F8_01_1_2_Chlorophyll_A_001_phosphate_plate5.tif,1,832.000,832,832
29811,F8_01_1_2_Chlorophyll_A_001_phosphate_plate5.tif,1,784.000,784,784
29812,F8_01_1_2_Chlorophyll_A_001_phosphate_plate5.tif,1,800.000,800,800
29813,F8_01_1_2_Chlorophyll_A_001_phosphate_plate5.tif,1,800.000,800,800
29814,F8_01_1_2_Chlorophyll_A_001_phosphate_plate5.tif,1,784.000,784,784
29815,F8_01_1_2_Chlorophyll_A_001_phosphate_plate5.tif,2,816.000,816,816
29816,F8_01_1_2_Chlorophyll_A_001_phosphate_plate5.tif,1,784.000,784,784
29817,F8_01_1_2_Chlorophyll_A_001_phosphate_plate5.tif,1,832.000,832,832
29818,F8_01_1_2_Chlorophyll_A_001_phosphate_plate5.tif,2,792.000,768,816
29819,F8_01_1_2_Chlorophyll_A_001_phosphate_plate5.tif,2,832.000,768,896
29820,F8_01_1_2_Chlorophyll_A_001_phosphate_plate5.tif,1,880.000,880,880
29821,F8_01_1_2_Chlorophyll_A_001_phosphate_plate5.tif,2,848.000,816,880
29822,F8_01_1_2_Chlorophyll_A_001_phosphate_plate5.tif,41,943.610,784,1168
29823,F8_01_1_2_Chlorophyll_A_001_phosphate_plate5.tif,32,905.000,768,1104
29824,F8_01_1_2_Chlorophyll_A_001_phosphate_plate5.tif,33,941.091,768,1264
29825,F8_01_1_2_Chlorophyll_A_001_phosphate_plate5.tif,90,871.111,768,1136
29826,F8_01_1_2_Chlorophyll_A_001_phosphate_plate5.tif,1,848.000,848,848
29827,F8_01_1_2_Chlorophyll_A_001_phosphate_plate5.tif,1,896.000,896,896
29828,F8_01_1_2_Chlorophyll_A_001_phosphate_plate5.tif,4,868.000,800,944
29829,F8_01_1_2_Chlorophyll_A_001_phosphate_plate5.tif,11,855.273,768,1008
29830,F8_01_1_2_Chlorophyll_A_001_phosphate_plate5.tif,1,864.000,864,864
29831,F8_01_1_2_Chlorophyll_A_001_phosphate_plate5.tif,7,848.000,784,896
29832,F8_01_1_2_Chlorophyll_A_001_phosphate_plate5.tif,12,860.000,784,976
29833,F8_01_1_2_Chlorophyll_A_001_phosphate_plate5.tif,1,784.000,784,784
29834,F8_01_1_2_Chlorophyll_A_001_phosphate_plate5.tif,4,820.000,784,880
29835,F8_01_1_2_Chlorophyll_A_001_phosphate_plate5.tif,4,832.000,784,912
29836,F8_01_1_2_Chlorophyll_A_001_phosphate_plate5.tif,1,848.000,848,848
29837,F8_01_1_2_Chlorophyll_A_001_phosphate_plate5.tif,1,784.000,784,784
29838,F8_01_1_2_Chlorophyll_A_001_phosphate_plate5.tif,1,768.000,768,768
29839,F8_01_1_2_Chlorophyll_A_001_phosphate_plate5.tif,1,768.000,768,768
29840,F8_01_1_2_Chlorophyll_A_001_phosphate_plate5.tif,2,792.000,768,816
29841,F8_01_1_2_Chlorophyll_A_001_phosphate_plate5.tif,2,776.000,768,784
29842,F8_01_1_2_Chlorophyll_A_001_phosphate_plate5.tif,6,808.000,768,928
29843,F8_01_1_2_Chlorophyll_A_001_phosphate_plate5.tif,1,784.000,784,784
29844,F8_01_1_2_Chlorophyll_A_001_phosphate_plate5.tif,1,768.000,768,768
29845,F8_01_1_2_Chlorophyll_A_001_phosphate_plate5.tif,2,864.000,816,912
29846,F8_01_1_2_Chlorophyll_A_001_phosphate_plate5.tif,1,960.000,960,960
29847,F8_01_1_2_Chlorophyll_A_001_phosphate_plate5.tif,1,1040.000,1040,1040
29848,F8_01_1_2_Chlorophyll_A_001_phosphate_plate5.tif,1,768.000,768,768
29849,F8_01_1_2_Chlorophyll_A_001_phosphate_plate5.tif,2,832.000,832,832
29850,F8_01_1_2_Chlorophyll_A_001_phosphate_plate5.tif,1,864.000,864,864
29851,F8_01_1_2_Chlorophyll_A_001_phosphate_plate5.tif,1,784.000,784,784
29852,F8_01_1_2_Chlorophyll_A_001_phosphate_plate5.tif,1,832.000,832,832
29853,F8_01_1_2_Chlorophyll_A_001_phosphate_plate5.tif,1,800.000,800,800
29854,F8_01_1_2_Chlorophyll_A_001_phosphate_plate5.tif,1,848.000,848,848
29855,F8_01_1_2_Chlorophyll_A_001_phosphate_plate5.tif,1,944.000,944,944
29856,F8_01_1_2_Chlorophyll_A_001_phosphate_plate5.tif,1,768.000,768,768
29857,F8_01_1_2_Chlorophyll_A_001_phosphate_plate5.tif,1,784.000,784,784
29858,F8_01_1_2_Chlorophyll_A_001_phosphate_plate5.tif,1,768.000,768,768
29859,F8_01_1_2_Chlorophyll_A_001_phosphate_plate5.tif,1,768.000,768,768
29860,F8_01_1_2_Chlorophyll_A_001_phosphate_plate5.tif,2,896.000,864,928
29861,F8_01_1_2_Chlorophyll_A_001_phosphate_plate5.tif,1,784.000,784,784
29862,F8_01_1_2_Chlorophyll_A_001_phosphate_plate5.tif,1,832.000,832,832
29863,F8_01_1_2_Chlorophyll_A_001_phosphate_plate5.tif,1,832.000,832,832
29864,F8_01_1_2_Chlorophyll_A_001_phosphate_plate5.tif,1,784.000,784,784
29865,F8_01_1_2_Chlorophyll_A_001_phosphate_plate5.tif,1,832.000,832,832
29866,F8_01_1_2_Chlorophyll_A_001_phosphate_plate5.tif,2211,1358.379,768,15088
29867,F8_01_1_2_Chlorophyll_A_001_phosphate_plate5.tif,34,961.412,768,1200
29868,F8_01_1_2_Chlorophyll_A_001_phosphate_plate5.tif,14,948.571,768,1184
29869,F8_01_1_2_Chlorophyll_A_001_phosphate_plate5.tif,3,922.667,784,1008
29870,F8_01_1_2_Chlorophyll_A_001_phosphate_plate5.tif,1,816.000,816,816
29871,F8_01_1_2_Chlorophyll_A_001_phosphate_plate5.tif,16,913.000,768,1072
29872,F8_01_1_2_Chlorophyll_A_001_phosphate_plate5.tif,1,1008.000,1008,1008
29873,F8_01_1_2_Chlorophyll_A_001_phosphate_plate5.tif,5,870.400,768,1056
29874,F8_01_1_2_Chlorophyll_A_001_phosphate_plate5.tif,2,872.000,800,944
29875,F8_01_1_2_Chlorophyll_A_001_phosphate_plate5.tif,1,960.000,960,960
29876,F8_01_1_2_Chlorophyll_A_001_phosphate_plate5.tif,1,832.000,832,832
29877,F8_01_1_2_Chlorophyll_A_001_phosphate_plate5.tif,3,853.333,800,912
29878,F8_01_1_2_Chlorophyll_A_001_phosphate_plate5.tif,1,864.000,864,864
29879,F8_01_1_2_Chlorophyll_A_001_phosphate_plate5.tif,2,880.000,848,912
29880,F8_01_1_2_Chlorophyll_A_001_phosphate_plate5.tif,8,854.000,768,960
29881,F8_01_1_2_Chlorophyll_A_001_phosphate_plate5.tif,2,832.000,816,848
29882,F8_01_1_2_Chlorophyll_A_001_phosphate_plate5.tif,1,848.000,848,848
29883,F8_01_1_2_Chlorophyll_A_001_phosphate_plate5.tif,8,816.000,768,880
29884,F8_01_1_2_Chlorophyll_A_001_phosphate_plate5.tif,1,960.000,960,960
29885,F8_01_1_2_Chlorophyll_A_001_phosphate_plate5.tif,14,853.714,784,1088
29886,F8_01_1_2_Chlorophyll_A_001_phosphate_plate5.tif,1,976.000,976,976
29887,F8_01_1_2_Chlorophyll_A_001_phosphate_plate5.tif,1,784.000,784,784
29888,F8_01_1_2_Chlorophyll_A_001_phosphate_plate5.tif,2,816.000,816,816
29889,F8_01_1_2_Chlorophyll_A_001_phosphate_plate5.tif,1,848.000,848,848
29890,F8_01_1_2_Chlorophyll_A_001_phosphate_plate5.tif,1,784.000,784,784
29891,F8_01_1_2_Chlorophyll_A_001_phosphate_plate5.tif,2,920.000,896,944
29892,F8_01_1_2_Chlorophyll_A_001_phosphate_plate5.tif,1,848.000,848,848
29893,F8_01_1_2_Chlorophyll_A_001_phosphate_plate5.tif,3,821.333,800,832
29894,F8_01_1_2_Chlorophyll_A_001_phosphate_plate5.tif,2,816.000,784,848
29895,F8_01_1_2_Chlorophyll_A_001_phosphate_plate5.tif,2,832.000,768,896
29896,F8_01_1_2_Chlorophyll_A_001_phosphate_plate5.tif,2,768.000,768,768
29897,F8_01_1_2_Chlorophyll_A_001_phosphate_plate5.tif,1,864.000,864,864
29898,F8_01_1_2_Chlorophyll_A_001_phosphate_plate5.tif,1,1024.000,1024,1024
29899,F8_01_1_2_Chlorophyll_A_001_phosphate_plate5.tif,1,816.000,816,816
29900,F8_01_1_2_Chlorophyll_A_001_phosphate_plate5.tif,2,856.000,784,928
29901,F8_01_1_2_Chlorophyll_A_001_phosphate_plate5.tif,1,848.000,848,848
29902,F8_01_1_2_Chlorophyll_A_001_phosphate_plate5.tif,1,880.000,880,880
29903,F8_01_1_2_Chlorophyll_A_001_phosphate_plate5.tif,2,816.000,768,864
29904,F8_01_1_2_Chlorophyll_A_001_phosphate_plate5.tif,1,848.000,848,848
29905,F8_01_1_2_Chlorophyll_A_001_phosphate_plate5.tif,77,2825.766,768,13184
29906,F8_01_1_2_Chlorophyll_A_001_phosphate_plate5.tif,1,1024.000,1024,1024
29907,F8_01_1_2_Chlorophyll_A_001_phosphate_plate5.tif,1,848.000,848,848
29908,F8_01_1_2_Chlorophyll_A_001_phosphate_plate5.tif,1,800.000,800,800
29909,F8_01_1_2_Chlorophyll_A_001_phosphate_plate5.tif,1,768.000,768,768
29910,F8_01_1_2_Chlorophyll_A_001_phosphate_plate5.tif,1,784.000,784,784
29911,F8_01_1_2_Chlorophyll_A_001_phosphate_plate5.tif,1,800.000,800,800
29912,F8_01_1_2_Chlorophyll_A_001_phosphate_plate5.tif,1,832.000,832,832
29913,F8_01_1_2_Chlorophyll_A_001_phosphate_plate5.tif,1,768.000,768,768
29914,F8_01_1_2_Chlorophyll_A_001_phosphate_plate5.tif,1,784.000,784,784
29915,F8_01_1_2_Chlorophyll_A_001_phosphate_plate5.tif,10,854.400,784,992
29916,F8_01_1_2_Chlorophyll_A_001_phosphate_plate5.tif,55,986.473,768,1248
29917,F8_01_1_2_Chlorophyll_A_001_phosphate_plate5.tif,69,931.710,768,1264
29918,F8_01_1_2_Chlorophyll_A_001_phosphate_plate5.tif,3,810.667,768,832
29919,F8_01_1_2_Chlorophyll_A_001_phosphate_plate5.tif,72,855.556,768,1200
29920,F8_01_1_2_Chlorophyll_A_001_phosphate_plate5.tif,1,832.000,832,832
29921,F8_01_1_2_Chlorophyll_A_001_phosphate_plate5.tif,1,768.000,768,768
29922,F8_01_1_2_Chlorophyll_A_001_phosphate_plate5.tif,7,832.000,768,928
29923,F8_01_1_2_Chlorophyll_A_001_phosphate_plate5.tif,1,800.000,800,800
29924,F8_01_1_2_Chlorophyll_A_001_phosphate_plate5.tif,7,886.857,784,1056
29925,F8_01_1_2_Chlorophyll_A_001_phosphate_plate5.tif,4,840.000,768,992
29926,F8_01_1_2_Chlorophyll_A_001_phosphate_plate5.tif,12,834.667,768,912
29927,F8_01_1_2_Chlorophyll_A_001_phosphate_plate5.tif,1,800.000,800,800
29928,F8_01_1_2_Chlorophyll_A_001_phosphate_plate5.tif,6,864.000,768,976
29929,F8_01_1_2_Chlorophyll_A_001_phosphate_plate5.tif,1,768.000,768,768
29930,F8_01_1_2_Chlorophyll_A_001_phosphate_plate5.tif,7,809.143,768,896
29931,F8_01_1_2_Chlorophyll_A_001_phosphate_plate5.tif,4,884.000,848,944
29932,F8_01_1_2_Chlorophyll_A_001_phosphate_plate5.tif,11,830.545,768,928
29933,F8_01_1_2_Chlorophyll_A_001_phosphate_plate5.tif,1,768.000,768,768
29934,F8_01_1_2_Chlorophyll_A_001_phosphate_plate5.tif,1,784.000,784,784
29935,F8_01_1_2_Chlorophyll_A_001_phosphate_plate5.tif,2,936.000,896,976
29936,F8_01_1_2_Chlorophyll_A_001_phosphate_plate5.tif,2,816.000,768,864
29937,F8_01_1_2_Chlorophyll_A_001_phosphate_plate5.tif,1,832.000,832,832
29938,F8_01_1_2_Chlorophyll_A_001_phosphate_plate5.tif,2,776.000,768,784
29939,F8_01_1_2_Chlorophyll_A_001_phosphate_plate5.tif,1,896.000,896,896
29940,F8_01_1_2_Chlorophyll_A_001_phosphate_plate5.tif,1,784.000,784,784
29941,F8_01_1_2_Chlorophyll_A_001_phosphate_plate5.tif,2,912.000,816,1008
29942,F8_01_1_2_Chlorophyll_A_001_phosphate_plate5.tif,2,816.000,800,832
29943,F8_01_1_2_Chlorophyll_A_001_phosphate_plate5.tif,1,768.000,768,768
29944,F8_01_1_2_Chlorophyll_A_001_phosphate_plate5.tif,1,816.000,816,816
29945,F8_01_1_2_Chlorophyll_A_001_phosphate_plate5.tif,1,800.000,800,800
29946,F8_01_1_2_Chlorophyll_A_001_phosphate_plate5.tif,1,784.000,784,784
29947,F8_01_1_2_Chlorophyll_A_001_phosphate_plate5.tif,1,800.000,800,800
29948,F8_01_1_2_Chlorophyll_A_001_phosphate_plate5.tif,1,912.000,912,912
29949,F8_01_1_2_Chlorophyll_A_001_phosphate_plate5.tif,1,912.000,912,912
29950,F8_01_1_2_Chlorophyll_A_001_phosphate_plate5.tif,1,896.000,896,896
29951,F8_01_1_2_Chlorophyll_A_001_phosphate_plate5.tif,1,784.000,784,784
29952,F8_01_1_2_Chlorophyll_A_001_phosphate_plate5.tif,119,1006.252,784,1296
29953,F8_01_1_2_Chlorophyll_A_001_phosphate_plate5.tif,33,902.788,768,1136
29954,F8_01_1_2_Chlorophyll_A_001_phosphate_plate5.tif,1,880.000,880,880
29955,F8_01_1_2_Chlorophyll_A_001_phosphate_plate5.tif,1,880.000,880,880
29956,F8_01_1_2_Chlorophyll_A_001_phosphate_plate5.tif,1,848.000,848,848
29957,F8_01_1_2_Chlorophyll_A_001_phosphate_plate5.tif,4,856.000,784,928
29958,F8_01_1_2_Chlorophyll_A_001_phosphate_plate5.tif,3,880.000,832,912
29959,F8_01_1_2_Chlorophyll_A_001_phosphate_plate5.tif,3,864.000,816,928
29960,F8_01_1_2_Chlorophyll_A_001_phosphate_plate5.tif,5,860.800,800,928
29961,F8_01_1_2_Chlorophyll_A_001_phosphate_plate5.tif,1,960.000,960,960
29962,F8_01_1_2_Chlorophyll_A_001_phosphate_plate5.tif,3,848.000,768,912
29963,F8_01_1_2_Chlorophyll_A_001_phosphate_plate5.tif,1,784.000,784,784
29964,F8_01_1_2_Chlorophyll_A_001_phosphate_plate5.tif,2,792.000,784,800
29965,F8_01_1_2_Chlorophyll_A_001_phosphate_plate5.tif,2,888.000,864,912
29966,F8_01_1_2_Chlorophyll_A_001_phosphate_plate5.tif,1,768.000,768,768
29967,F8_01_1_2_Chlorophyll_A_001_phosphate_plate5.tif,1,784.000,784,784
29968,F8_01_1_2_Chlorophyll_A_001_phosphate_plate5.tif,1,976.000,976,976
29969,F8_01_1_2_Chlorophyll_A_001_phosphate_plate5.tif,1,880.000,880,880
29970,F8_01_1_2_Chlorophyll_A_001_phosphate_plate5.tif,1,816.000,816,816
29971,F8_01_1_2_Chlorophyll_A_001_phosphate_plate5.tif,1,800.000,800,800
29972,F8_01_1_2_Chlorophyll_A_001_phosphate_plate5.tif,4,804.000,768,848
29973,F8_01_1_2_Chlorophyll_A_001_phosphate_plate5.tif,3,789.333,768,816
29974,F8_01_1_2_Chlorophyll_A_001_phosphate_plate5.tif,1,784.000,784,784
29975,F8_01_1_2_Chlorophyll_A_001_phosphate_plate5.tif,2,808.000,800,816
29976,F8_01_1_2_Chlorophyll_A_001_phosphate_plate5.tif,1,768.000,768,768
29977,F8_01_1_2_Chlorophyll_A_001_phosphate_plate5.tif,2,840.000,800,880
29978,F8_01_1_2_Chlorophyll_A_001_phosphate_plate5.tif,1,832.000,832,832
29979,F8_01_1_2_Chlorophyll_A_001_phosphate_plate5.tif,2,816.000,800,832
29980,F8_01_1_2_Chlorophyll_A_001_phosphate_plate5.tif,3,864.000,816,896
29981,F8_01_1_2_Chlorophyll_A_001_phosphate_plate5.tif,1,800.000,800,800
29982,F8_01_1_2_Chlorophyll_A_001_phosphate_plate5.tif,1,784.000,784,784
29983,F8_01_1_2_Chlorophyll_A_001_phosphate_plate5.tif,2,792.000,784,800
29984,F8_01_1_2_Chlorophyll_A_001_phosphate_plate5.tif,1,880.000,880,880
29985,F8_01_1_2_Chlorophyll_A_001_phosphate_plate5.tif,1,768.000,768,768
29986,F8_01_1_2_Chlorophyll_A_001_phosphate_plate5.tif,3,789.333,768,800
29987,F8_01_1_2_Chlorophyll_A_001_phosphate_plate5.tif,1,928.000,928,928
29988,F8_01_1_2_Chlorophyll_A_001_phosphate_plate5.tif,1,784.000,784,784
29989,F8_01_1_2_Chlorophyll_A_001_phosphate_plate5.tif,1,816.000,816,816
29990,F8_01_1_2_Chlorophyll_A_001_phosphate_plate5.tif,1,784.000,784,784
29991,F8_01_1_2_Chlorophyll_A_001_phosphate_plate5.tif,1,816.000,816,816
29992,F8_01_1_2_Chlorophyll_A_001_phosphate_plate5.tif,1,960.000,960,960
29993,F8_01_1_2_Chlorophyll_A_001_phosphate_plate5.tif,4,792.000,768,800
29994,F8_01_1_2_Chlorophyll_A_001_phosphate_plate5.tif,1,768.000,768,768
29995,F8_01_1_2_Chlorophyll_A_001_phosphate_plate5.tif,2,840.000,784,896
29996,F8_01_1_2_Chlorophyll_A_001_phosphate_plate5.tif,1,768.000,768,768
29997,F8_01_1_2_Chlorophyll_A_001_phosphate_plate5.tif,1,880.000,880,880
29998,F8_01_1_2_Chlorophyll_A_001_phosphate_plate5.tif,1,928.000,928,928
29999,F8_01_1_2_Chlorophyll_A_001_phosphate_plate5.tif,1,832.000,832,832
30000,F8_01_1_2_Chlorophyll_A_001_phosphate_plate5.tif,1,768.000,768,768
30001,F8_01_1_2_Chlorophyll_A_001_phosphate_plate5.tif,15,859.733,784,960
30002,F8_01_1_2_Chlorophyll_A_001_phosphate_plate5.tif,12,840.000,768,1024
30003,F8_01_1_2_Chlorophyll_A_001_phosphate_plate5.tif,36,840.444,768,1008
30004,F8_01_1_2_Chlorophyll_A_001_phosphate_plate5.tif,5,809.600,784,848
30005,F8_01_1_2_Chlorophyll_A_001_phosphate_plate5.tif,1,784.000,784,784
30006,F8_01_1_2_Chlorophyll_A_001_phosphate_plate5.tif,3,885.333,800,976
30007,F8_01_1_2_Chlorophyll_A_001_phosphate_plate5.tif,2,776.000,768,784
30008,F8_01_1_2_Chlorophyll_A_001_phosphate_plate5.tif,4,836.000,784,880
30009,F8_01_1_2_Chlorophyll_A_001_phosphate_plate5.tif,1,912.000,912,912
30010,F8_01_1_2_Chlorophyll_A_001_phosphate_plate5.tif,1,896.000,896,896
30011,F8_01_1_2_Chlorophyll_A_001_phosphate_plate5.tif,1,800.000,800,800
30012,F8_01_1_2_Chlorophyll_A_001_phosphate_plate5.tif,9,810.667,768,880
30013,F8_01_1_2_Chlorophyll_A_001_phosphate_plate5.tif,5,841.600,768,960
30014,F8_01_1_2_Chlorophyll_A_001_phosphate_plate5.tif,1,800.000,800,800
30015,F8_01_1_2_Chlorophyll_A_001_phosphate_plate5.tif,3,784.000,768,800
30016,F8_01_1_2_Chlorophyll_A_001_phosphate_plate5.tif,5,800.000,768,880
30017,F8_01_1_2_Chlorophyll_A_001_phosphate_plate5.tif,1,1008.000,1008,1008
30018,F8_01_1_2_Chlorophyll_A_001_phosphate_plate5.tif,2,800.000,784,816
30019,F8_01_1_2_Chlorophyll_A_001_phosphate_plate5.tif,2,776.000,768,784
30020,F8_01_1_2_Chlorophyll_A_001_phosphate_plate5.tif,2,928.000,880,976
30021,F8_01_1_2_Chlorophyll_A_001_phosphate_plate5.tif,2,816.000,800,832
30022,F8_01_1_2_Chlorophyll_A_001_phosphate_plate5.tif,1,768.000,768,768
30023,F8_01_1_2_Chlorophyll_A_001_phosphate_plate5.tif,1,800.000,800,800
30024,F8_01_1_2_Chlorophyll_A_001_phosphate_plate5.tif,1,784.000,784,784
30025,F8_01_1_2_Chlorophyll_A_001_phosphate_plate5.tif,2,776.000,768,784
30026,F8_01_1_2_Chlorophyll_A_001_phosphate_plate5.tif,1,864.000,864,864
30027,F8_01_1_2_Chlorophyll_A_001_phosphate_plate5.tif,1,816.000,816,816
30028,F8_01_1_2_Chlorophyll_A_001_phosphate_plate5.tif,1,912.000,912,912
30029,F8_01_1_2_Chlorophyll_A_001_phosphate_plate5.tif,1,928.000,928,928
30030,F8_01_1_2_Chlorophyll_A_001_phosphate_plate5.tif,1,784.000,784,784
30031,F8_01_1_2_Chlorophyll_A_001_phosphate_plate5.tif,1,816.000,816,816
30032,F8_01_1_2_Chlorophyll_A_001_phosphate_plate5.tif,2,792.000,768,816
30033,F8_01_1_2_Chlorophyll_A_001_phosphate_plate5.tif,1,880.000,880,880
30034,F8_01_1_2_Chlorophyll_A_001_phosphate_plate5.tif,1,768.000,768,768
30035,F8_01_1_2_Chlorophyll_A_001_phosphate_plate5.tif,2,800.000,800,800
30036,F8_01_1_2_Chlorophyll_A_001_phosphate_plate5.tif,1,880.000,880,880
30037,F8_01_1_2_Chlorophyll_A_001_phosphate_plate5.tif,1,784.000,784,784
30038,F8_01_1_2_Chlorophyll_A_001_phosphate_plate5.tif,3,816.000,768,864
30039,F8_01_1_2_Chlorophyll_A_001_phosphate_plate5.tif,1,832.000,832,832
30040,F8_01_1_2_Chlorophyll_A_001_phosphate_plate5.tif,1,784.000,784,784
30041,F8_01_1_2_Chlorophyll_A_001_phosphate_plate5.tif,1,784.000,784,784
30042,F8_01_1_2_Chlorophyll_A_001_phosphate_plate5.tif,4,804.000,768,864
30043,F8_01_1_2_Chlorophyll_A_001_phosphate_plate5.tif,1,832.000,832,832
30044,F8_01_1_2_Chlorophyll_A_001_phosphate_plate5.tif,1,784.000,784,784
30045,F8_01_1_2_Chlorophyll_A_001_phosphate_plate5.tif,2,904.000,800,1008
30046,F8_01_1_2_Chlorophyll_A_001_phosphate_plate5.tif,1,768.000,768,768
30047,F8_01_1_2_Chlorophyll_A_001_phosphate_plate5.tif,1,832.000,832,832
30048,F8_01_1_2_Chlorophyll_A_001_phosphate_plate5.tif,1,912.000,912,912
30049,F8_01_1_2_Chlorophyll_A_001_phosphate_plate5.tif,2,856.000,800,912
30050,F8_01_1_2_Chlorophyll_A_001_phosphate_plate5.tif,24,958.667,784,1152
30051,F8_01_1_2_Chlorophyll_A_001_phosphate_plate5.tif,9,837.333,784,912
30052,F8_01_1_2_Chlorophyll_A_001_phosphate_plate5.tif,7,889.143,784,1024
30053,F8_01_1_2_Chlorophyll_A_001_phosphate_plate5.tif,3,853.333,768,896
30054,F8_01_1_2_Chlorophyll_A_001_phosphate_plate5.tif,1,960.000,960,960
30055,F8_01_1_2_Chlorophyll_A_001_phosphate_plate5.tif,3,784.000,768,800
30056,F8_01_1_2_Chlorophyll_A_001_phosphate_plate5.tif,1,816.000,816,816
30057,F8_01_1_2_Chlorophyll_A_001_phosphate_plate5.tif,11,840.727,800,960
30058,F8_01_1_2_Chlorophyll_A_001_phosphate_plate5.tif,4,880.000,784,1008
30059,F8_01_1_2_Chlorophyll_A_001_phosphate_plate5.tif,1,768.000,768,768
30060,F8_01_1_2_Chlorophyll_A_001_phosphate_plate5.tif,4,844.000,768,976
30061,F8_01_1_2_Chlorophyll_A_001_phosphate_plate5.tif,2,912.000,864,960
30062,F8_01_1_2_Chlorophyll_A_001_phosphate_plate5.tif,1,784.000,784,784
30063,F8_01_1_2_Chlorophyll_A_001_phosphate_plate5.tif,2,872.000,800,944
30064,F8_01_1_2_Chlorophyll_A_001_phosphate_plate5.tif,1,784.000,784,784
30065,F8_01_1_2_Chlorophyll_A_001_phosphate_plate5.tif,8,876.000,768,1024
30066,F8_01_1_2_Chlorophyll_A_001_phosphate_plate5.tif,1,832.000,832,832
30067,F8_01_1_2_Chlorophyll_A_001_phosphate_plate5.tif,6,810.667,784,880
30068,F8_01_1_2_Chlorophyll_A_001_phosphate_plate5.tif,2,800.000,768,832
30069,F8_01_1_2_Chlorophyll_A_001_phosphate_plate5.tif,1,784.000,784,784
30070,F8_01_1_2_Chlorophyll_A_001_phosphate_plate5.tif,1,784.000,784,784
30071,F8_01_1_2_Chlorophyll_A_001_phosphate_plate5.tif,1,800.000,800,800
30072,F8_01_1_2_Chlorophyll_A_001_phosphate_plate5.tif,1,784.000,784,784
30073,F8_01_1_2_Chlorophyll_A_001_phosphate_plate5.tif,1,784.000,784,784
30074,F8_01_1_2_Chlorophyll_A_001_phosphate_plate5.tif,1,816.000,816,816
30075,F8_01_1_2_Chlorophyll_A_001_phosphate_plate5.tif,2,872.000,864,880
30076,F8_01_1_2_Chlorophyll_A_001_phosphate_plate5.tif,1,880.000,880,880
30077,F8_01_1_2_Chlorophyll_A_001_phosphate_plate5.tif,1,944.000,944,944
30078,F8_01_1_2_Chlorophyll_A_001_phosphate_plate5.tif,2,840.000,768,912
30079,F8_01_1_2_Chlorophyll_A_001_phosphate_plate5.tif,1,800.000,800,800
30080,F8_01_1_2_Chlorophyll_A_001_phosphate_plate5.tif,2,776.000,768,784
30081,F8_01_1_2_Chlorophyll_A_001_phosphate_plate5.tif,1,768.000,768,768
30082,F8_01_1_2_Chlorophyll_A_001_phosphate_plate5.tif,1,800.000,800,800
30083,F8_01_1_2_Chlorophyll_A_001_phosphate_plate5.tif,2,824.000,800,848
30084,F8_01_1_2_Chlorophyll_A_001_phosphate_plate5.tif,2,768.000,768,768
30085,F8_01_1_2_Chlorophyll_A_001_phosphate_plate5.tif,2,784.000,784,784
30086,F8_01_1_2_Chlorophyll_A_001_phosphate_plate5.tif,2,880.000,848,912
30087,F8_01_1_2_Chlorophyll_A_001_phosphate_plate5.tif,10,843.200,768,944
30088,F8_01_1_2_Chlorophyll_A_001_phosphate_plate5.tif,2,872.000,800,944
30089,F8_01_1_2_Chlorophyll_A_001_phosphate_plate5.tif,39,952.205,784,1264
30090,F8_01_1_2_Chlorophyll_A_001_phosphate_plate5.tif,7,864.000,768,1040
30091,F8_01_1_2_Chlorophyll_A_001_phosphate_plate5.tif,2,784.000,768,800
30092,F8_01_1_2_Chlorophyll_A_001_phosphate_plate5.tif,1,784.000,784,784
30093,F8_01_1_2_Chlorophyll_A_001_phosphate_plate5.tif,5,832.000,784,960
30094,F8_01_1_2_Chlorophyll_A_001_phosphate_plate5.tif,1,816.000,816,816
30095,F8_01_1_2_Chlorophyll_A_001_phosphate_plate5.tif,2,840.000,784,896
30096,F8_01_1_2_Chlorophyll_A_001_phosphate_plate5.tif,7,816.000,768,880
30097,F8_01_1_2_Chlorophyll_A_001_phosphate_plate5.tif,2,792.000,784,800
30098,F8_01_1_2_Chlorophyll_A_001_phosphate_plate5.tif,1,880.000,880,880
30099,F8_01_1_2_Chlorophyll_A_001_phosphate_plate5.tif,4,932.000,864,1040
30100,F8_01_1_2_Chlorophyll_A_001_phosphate_plate5.tif,8,858.000,784,1008
30101,F8_01_1_2_Chlorophyll_A_001_phosphate_plate5.tif,3,848.000,800,944
30102,F8_01_1_2_Chlorophyll_A_001_phosphate_plate5.tif,1,816.000,816,816
30103,F8_01_1_2_Chlorophyll_A_001_phosphate_plate5.tif,1,848.000,848,848
30104,F8_01_1_2_Chlorophyll_A_001_phosphate_plate5.tif,1,800.000,800,800
30105,F8_01_1_2_Chlorophyll_A_001_phosphate_plate5.tif,1,864.000,864,864
30106,F8_01_1_2_Chlorophyll_A_001_phosphate_plate5.tif,2,784.000,768,800
30107,F8_01_1_2_Chlorophyll_A_001_phosphate_plate5.tif,2,912.000,864,960
30108,F8_01_1_2_Chlorophyll_A_001_phosphate_plate5.tif,6,866.667,768,1008
30109,F8_01_1_2_Chlorophyll_A_001_phosphate_plate5.tif,1,768.000,768,768
30110,F8_01_1_2_Chlorophyll_A_001_phosphate_plate5.tif,2,792.000,784,800
30111,F8_01_1_2_Chlorophyll_A_001_phosphate_plate5.tif,1,944.000,944,944
30112,F8_01_1_2_Chlorophyll_A_001_phosphate_plate5.tif,1,896.000,896,896
30113,F8_01_1_2_Chlorophyll_A_001_phosphate_plate5.tif,3,810.667,784,864
30114,F8_01_1_2_Chlorophyll_A_001_phosphate_plate5.tif,1,768.000,768,768
30115,F8_01_1_2_Chlorophyll_A_001_phosphate_plate5.tif,1,800.000,800,800
30116,F8_01_1_2_Chlorophyll_A_001_phosphate_plate5.tif,2,928.000,896,960
30117,F8_01_1_2_Chlorophyll_A_001_phosphate_plate5.tif,1,784.000,784,784
30118,F8_01_1_2_Chlorophyll_A_001_phosphate_plate5.tif,4,812.000,768,848
30119,F8_01_1_2_Chlorophyll_A_001_phosphate_plate5.tif,1,768.000,768,768
30120,F8_01_1_2_Chlorophyll_A_001_phosphate_plate5.tif,1,912.000,912,912
30121,F8_01_1_2_Chlorophyll_A_001_phosphate_plate5.tif,2,896.000,848,944
30122,F8_01_1_2_Chlorophyll_A_001_phosphate_plate5.tif,1,896.000,896,896
30123,F8_01_1_2_Chlorophyll_A_001_phosphate_plate5.tif,1,976.000,976,976
30124,F8_01_1_2_Chlorophyll_A_001_phosphate_plate5.tif,2,832.000,768,896
30125,F8_01_1_2_Chlorophyll_A_001_phosphate_plate5.tif,1,816.000,816,816
30126,F8_01_1_2_Chlorophyll_A_001_phosphate_plate5.tif,1,832.000,832,832
30127,F8_01_1_2_Chlorophyll_A_001_phosphate_plate5.tif,2,952.000,928,976
30128,F8_01_1_2_Chlorophyll_A_001_phosphate_plate5.tif,1,800.000,800,800
30129,F8_01_1_2_Chlorophyll_A_001_phosphate_plate5.tif,1,864.000,864,864
30130,F8_01_1_2_Chlorophyll_A_001_phosphate_plate5.tif,1,768.000,768,768
30131,F8_01_1_2_Chlorophyll_A_001_phosphate_plate5.tif,1,864.000,864,864
30132,F8_01_1_2_Chlorophyll_A_001_phosphate_plate5.tif,1,800.000,800,800
30133,F8_01_1_2_Chlorophyll_A_001_phosphate_plate5.tif,1,896.000,896,896
30134,F8_01_1_2_Chlorophyll_A_001_phosphate_plate5.tif,1,912.000,912,912
30135,F8_01_1_2_Chlorophyll_A_001_phosphate_plate5.tif,1,768.000,768,768
30136,F8_01_1_2_Chlorophyll_A_001_phosphate_plate5.tif,1,768.000,768,768
30137,F8_01_1_2_Chlorophyll_A_001_phosphate_plate5.tif,8,822.000,768,944
30138,F8_01_1_2_Chlorophyll_A_001_phosphate_plate5.tif,1,768.000,768,768
30139,F8_01_1_2_Chlorophyll_A_001_phosphate_plate5.tif,2,832.000,768,896
30140,F8_01_1_2_Chlorophyll_A_001_phosphate_plate5.tif,1,864.000,864,864
30141,F8_01_1_2_Chlorophyll_A_001_phosphate_plate5.tif,1,880.000,880,880
30142,F8_01_1_2_Chlorophyll_A_001_phosphate_plate5.tif,2,824.000,816,832
30143,F8_01_1_2_Chlorophyll_A_001_phosphate_plate5.tif,1,976.000,976,976
30144,F8_01_1_2_Chlorophyll_A_001_phosphate_plate5.tif,7,818.286,768,1024
30145,F8_01_1_2_Chlorophyll_A_001_phosphate_plate5.tif,2,848.000,816,880
30146,F8_01_1_2_Chlorophyll_A_001_phosphate_plate5.tif,1,800.000,800,800
30147,F8_01_1_2_Chlorophyll_A_001_phosphate_plate5.tif,8,816.000,784,880
30148,F8_01_1_2_Chlorophyll_A_001_phosphate_plate5.tif,1,880.000,880,880
30149,F8_01_1_2_Chlorophyll_A_001_phosphate_plate5.tif,2,840.000,768,912
30150,F8_01_1_2_Chlorophyll_A_001_phosphate_plate5.tif,1,928.000,928,928
30151,F8_01_1_2_Chlorophyll_A_001_phosphate_plate5.tif,2,792.000,768,816
30152,F8_01_1_2_Chlorophyll_A_001_phosphate_plate5.tif,2,824.000,800,848
30153,F8_01_1_2_Chlorophyll_A_001_phosphate_plate5.tif,1,768.000,768,768
30154,F8_01_1_2_Chlorophyll_A_001_phosphate_plate5.tif,1,928.000,928,928
30155,F8_01_1_2_Chlorophyll_A_001_phosphate_plate5.tif,2,856.000,832,880
30156,F8_01_1_2_Chlorophyll_A_001_phosphate_plate5.tif,2,920.000,912,928
30157,F8_01_1_2_Chlorophyll_A_001_phosphate_plate5.tif,6,880.000,784,960
30158,F8_01_1_2_Chlorophyll_A_001_phosphate_plate5.tif,3,842.667,800,864
30159,F8_01_1_2_Chlorophyll_A_001_phosphate_plate5.tif,1,816.000,816,816
30160,F8_01_1_2_Chlorophyll_A_001_phosphate_plate5.tif,1,816.000,816,816
30161,F8_01_1_2_Chlorophyll_A_001_phosphate_plate5.tif,1,848.000,848,848
30162,F8_01_1_2_Chlorophyll_A_001_phosphate_plate5.tif,1,816.000,816,816
30163,F8_01_1_2_Chlorophyll_A_001_phosphate_plate5.tif,1,960.000,960,960
30164,F8_01_1_2_Chlorophyll_A_001_phosphate_plate5.tif,1,816.000,816,816
30165,F8_01_1_2_Chlorophyll_A_001_phosphate_plate5.tif,1,832.000,832,832
30166,F8_01_1_2_Chlorophyll_A_001_phosphate_plate5.tif,1,768.000,768,768
30167,F8_01_1_2_Chlorophyll_A_001_phosphate_plate5.tif,1,880.000,880,880
30168,F8_01_1_2_Chlorophyll_A_001_phosphate_plate5.tif,1,768.000,768,768
30169,F8_01_1_2_Chlorophyll_A_001_phosphate_plate5.tif,3,869.333,816,928
30170,F8_01_1_2_Chlorophyll_A_001_phosphate_plate5.tif,1,768.000,768,768
30171,F8_01_1_2_Chlorophyll_A_001_phosphate_plate5.tif,2,816.000,768,864
30172,F8_01_1_2_Chlorophyll_A_001_phosphate_plate5.tif,1,768.000,768,768
30173,F8_01_1_2_Chlorophyll_A_001_phosphate_plate5.tif,1,976.000,976,976
30174,F8_01_1_2_Chlorophyll_A_001_phosphate_plate5.tif,1,880.000,880,880
30175,F8_01_1_2_Chlorophyll_A_001_phosphate_plate5.tif,1,944.000,944,944
30176,F8_01_1_2_Chlorophyll_A_001_phosphate_plate5.tif,205,4547.512,768,33984
30177,F8_01_1_2_Chlorophyll_A_001_phosphate_plate5.tif,1,816.000,816,816
30178,F8_01_1_2_Chlorophyll_A_001_phosphate_plate5.tif,1,832.000,832,832
30179,F8_01_1_2_Chlorophyll_A_001_phosphate_plate5.tif,1,800.000,800,800
30180,F8_01_1_2_Chlorophyll_A_001_phosphate_plate5.tif,1,832.000,832,832
30181,F8_01_1_2_Chlorophyll_A_001_phosphate_plate5.tif,1,848.000,848,848
30182,F8_01_1_2_Chlorophyll_A_001_phosphate_plate5.tif,90,1022.756,768,1456
30183,F8_01_1_2_Chlorophyll_A_001_phosphate_plate5.tif,45,911.644,768,1376
30184,F8_01_1_2_Chlorophyll_A_001_phosphate_plate5.tif,7,859.429,784,912
30185,F8_01_1_2_Chlorophyll_A_001_phosphate_plate5.tif,1,880.000,880,880
30186,F8_01_1_2_Chlorophyll_A_001_phosphate_plate5.tif,1,816.000,816,816
30187,F8_01_1_2_Chlorophyll_A_001_phosphate_plate5.tif,4,860.000,784,944
30188,F8_01_1_2_Chlorophyll_A_001_phosphate_plate5.tif,2,888.000,832,944
30189,F8_01_1_2_Chlorophyll_A_001_phosphate_plate5.tif,1,896.000,896,896
30190,F8_01_1_2_Chlorophyll_A_001_phosphate_plate5.tif,1,1008.000,1008,1008
30191,F8_01_1_2_Chlorophyll_A_001_phosphate_plate5.tif,2,920.000,784,1056
30192,F8_01_1_2_Chlorophyll_A_001_phosphate_plate5.tif,4,840.000,768,1008
30193,F8_01_1_2_Chlorophyll_A_001_phosphate_plate5.tif,1,768.000,768,768
30194,F8_01_1_2_Chlorophyll_A_001_phosphate_plate5.tif,15,842.667,768,960
30195,F8_01_1_2_Chlorophyll_A_001_phosphate_plate5.tif,2,848.000,832,864
30196,F8_01_1_2_Chlorophyll_A_001_phosphate_plate5.tif,1,944.000,944,944
30197,F8_01_1_2_Chlorophyll_A_001_phosphate_plate5.tif,5,816.000,784,880
30198,F8_01_1_2_Chlorophyll_A_001_phosphate_plate5.tif,1,896.000,896,896
30199,F8_01_1_2_Chlorophyll_A_001_phosphate_plate5.tif,1,816.000,816,816
30200,F8_01_1_2_Chlorophyll_A_001_phosphate_plate5.tif,3,816.000,768,864
30201,F8_01_1_2_Chlorophyll_A_001_phosphate_plate5.tif,4,828.000,816,848
30202,F8_01_1_2_Chlorophyll_A_001_phosphate_plate5.tif,2,800.000,784,816
30203,F8_01_1_2_Chlorophyll_A_001_phosphate_plate5.tif,1,864.000,864,864
30204,F8_01_1_2_Chlorophyll_A_001_phosphate_plate5.tif,5,828.800,784,896
30205,F8_01_1_2_Chlorophyll_A_001_phosphate_plate5.tif,2,816.000,800,832
30206,F8_01_1_2_Chlorophyll_A_001_phosphate_plate5.tif,1,976.000,976,976
30207,F8_01_1_2_Chlorophyll_A_001_phosphate_plate5.tif,1,880.000,880,880
30208,F8_01_1_2_Chlorophyll_A_001_phosphate_plate5.tif,1,768.000,768,768
30209,F8_01_1_2_Chlorophyll_A_001_phosphate_plate5.tif,1,928.000,928,928
30210,F8_01_1_2_Chlorophyll_A_001_phosphate_plate5.tif,1,832.000,832,832
30211,F8_01_1_2_Chlorophyll_A_001_phosphate_plate5.tif,1,784.000,784,784
30212,F8_01_1_2_Chlorophyll_A_001_phosphate_plate5.tif,1,848.000,848,848
30213,F8_01_1_2_Chlorophyll_A_001_phosphate_plate5.tif,1,816.000,816,816
30214,F8_01_1_2_Chlorophyll_A_001_phosphate_plate5.tif,1,800.000,800,800
30215,F8_01_1_2_Chlorophyll_A_001_phosphate_plate5.tif,2,816.000,784,848
30216,F8_01_1_2_Chlorophyll_A_001_phosphate_plate5.tif,1,768.000,768,768
30217,F8_01_1_2_Chlorophyll_A_001_phosphate_plate5.tif,1,768.000,768,768
30218,F8_01_1_2_Chlorophyll_A_001_phosphate_plate5.tif,1,880.000,880,880
30219,F8_01_1_2_Chlorophyll_A_001_phosphate_plate5.tif,3,821.333,800,864
30220,F8_01_1_2_Chlorophyll_A_001_phosphate_plate5.tif,2,848.000,816,880
30221,F8_01_1_2_Chlorophyll_A_001_phosphate_plate5.tif,3,826.667,800,864
30222,F8_01_1_2_Chlorophyll_A_001_phosphate_plate5.tif,1,896.000,896,896
30223,F8_01_1_2_Chlorophyll_A_001_phosphate_plate5.tif,1,832.000,832,832
30224,F8_01_1_2_Chlorophyll_A_001_phosphate_plate5.tif,2,832.000,784,880
30225,F8_01_1_2_Chlorophyll_A_001_phosphate_plate5.tif,1,768.000,768,768
30226,F8_01_1_2_Chlorophyll_A_001_phosphate_plate5.tif,132,1049.939,768,1616
30227,F8_01_1_2_Chlorophyll_A_001_phosphate_plate5.tif,16,957.000,768,1072
30228,F8_01_1_2_Chlorophyll_A_001_phosphate_plate5.tif,60,918.400,768,1232
30229,F8_01_1_2_Chlorophyll_A_001_phosphate_plate5.tif,34,886.118,768,1152
30230,F8_01_1_2_Chlorophyll_A_001_phosphate_plate5.tif,7,905.143,816,1024
30231,F8_01_1_2_Chlorophyll_A_001_phosphate_plate5.tif,6,832.000,768,896
30232,F8_01_1_2_Chlorophyll_A_001_phosphate_plate5.tif,1,784.000,784,784
30233,F8_01_1_2_Chlorophyll_A_001_phosphate_plate5.tif,1,928.000,928,928
30234,F8_01_1_2_Chlorophyll_A_001_phosphate_plate5.tif,15,813.867,768,912
30235,F8_01_1_2_Chlorophyll_A_001_phosphate_plate5.tif,7,875.429,768,1024
30236,F8_01_1_2_Chlorophyll_A_001_phosphate_plate5.tif,1,800.000,800,800
30237,F8_01_1_2_Chlorophyll_A_001_phosphate_plate5.tif,2,816.000,784,848
30238,F8_01_1_2_Chlorophyll_A_001_phosphate_plate5.tif,13,836.923,768,944
30239,F8_01_1_2_Chlorophyll_A_001_phosphate_plate5.tif,2,816.000,816,816
30240,F8_01_1_2_Chlorophyll_A_001_phosphate_plate5.tif,1,864.000,864,864
30241,F8_01_1_2_Chlorophyll_A_001_phosphate_plate5.tif,1,816.000,816,816
30242,F8_01_1_2_Chlorophyll_A_001_phosphate_plate5.tif,1,784.000,784,784
30243,F8_01_1_2_Chlorophyll_A_001_phosphate_plate5.tif,4,868.000,816,896
30244,F8_01_1_2_Chlorophyll_A_001_phosphate_plate5.tif,1,832.000,832,832
30245,F8_01_1_2_Chlorophyll_A_001_phosphate_plate5.tif,4,812.000,768,896
30246,F8_01_1_2_Chlorophyll_A_001_phosphate_plate5.tif,1,816.000,816,816
30247,F8_01_1_2_Chlorophyll_A_001_phosphate_plate5.tif,1,944.000,944,944
30248,F8_01_1_2_Chlorophyll_A_001_phosphate_plate5.tif,1,768.000,768,768
30249,F8_01_1_2_Chlorophyll_A_001_phosphate_plate5.tif,2,888.000,864,912
30250,F8_01_1_2_Chlorophyll_A_001_phosphate_plate5.tif,1,848.000,848,848
30251,F8_01_1_2_Chlorophyll_A_001_phosphate_plate5.tif,1,768.000,768,768
30252,F8_01_1_2_Chlorophyll_A_001_phosphate_plate5.tif,1,784.000,784,784
30253,F8_01_1_2_Chlorophyll_A_001_phosphate_plate5.tif,1,848.000,848,848
30254,F8_01_1_2_Chlorophyll_A_001_phosphate_plate5.tif,1,1088.000,1088,1088
30255,F8_01_1_2_Chlorophyll_A_001_phosphate_plate5.tif,154,3389.506,768,15568
30256,F8_01_1_2_Chlorophyll_A_001_phosphate_plate5.tif,1,928.000,928,928
30257,F8_01_1_2_Chlorophyll_A_001_phosphate_plate5.tif,1,832.000,832,832
30258,F8_01_1_2_Chlorophyll_A_001_phosphate_plate5.tif,1,784.000,784,784
30259,F8_01_1_2_Chlorophyll_A_001_phosphate_plate5.tif,1,784.000,784,784
30260,F8_01_1_2_Chlorophyll_A_001_phosphate_plate5.tif,2,808.000,784,832
30261,F8_01_1_2_Chlorophyll_A_001_phosphate_plate5.tif,3,800.000,784,832
30262,F8_01_1_2_Chlorophyll_A_001_phosphate_plate5.tif,1,816.000,816,816
30263,F8_01_1_2_Chlorophyll_A_001_phosphate_plate5.tif,1,784.000,784,784
30264,F8_01_1_2_Chlorophyll_A_001_phosphate_plate5.tif,1,880.000,880,880
30265,F8_01_1_2_Chlorophyll_A_001_phosphate_plate5.tif,2,784.000,768,800
30266,F8_01_1_2_Chlorophyll_A_001_phosphate_plate5.tif,2,856.000,832,880
30267,F8_01_1_2_Chlorophyll_A_001_phosphate_plate5.tif,1,784.000,784,784
30268,F8_01_1_2_Chlorophyll_A_001_phosphate_plate5.tif,14,913.143,784,1024
30269,F8_01_1_2_Chlorophyll_A_001_phosphate_plate5.tif,91,917.626,768,1248
30270,F8_01_1_2_Chlorophyll_A_001_phosphate_plate5.tif,30,945.600,768,1248
30271,F8_01_1_2_Chlorophyll_A_001_phosphate_plate5.tif,40,864.000,768,1072
30272,F8_01_1_2_Chlorophyll_A_001_phosphate_plate5.tif,23,840.348,768,944
30273,F8_01_1_2_Chlorophyll_A_001_phosphate_plate5.tif,3,853.333,784,912
30274,F8_01_1_2_Chlorophyll_A_001_phosphate_plate5.tif,1,880.000,880,880
30275,F8_01_1_2_Chlorophyll_A_001_phosphate_plate5.tif,2,808.000,800,816
30276,F8_01_1_2_Chlorophyll_A_001_phosphate_plate5.tif,1,896.000,896,896
30277,F8_01_1_2_Chlorophyll_A_001_phosphate_plate5.tif,4,844.000,784,944
30278,F8_01_1_2_Chlorophyll_A_001_phosphate_plate5.tif,1,896.000,896,896
30279,F8_01_1_2_Chlorophyll_A_001_phosphate_plate5.tif,2,856.000,816,896
30280,F8_01_1_2_Chlorophyll_A_001_phosphate_plate5.tif,3,880.000,768,992
30281,F8_01_1_2_Chlorophyll_A_001_phosphate_plate5.tif,3,837.333,768,944
30282,F8_01_1_2_Chlorophyll_A_001_phosphate_plate5.tif,1,800.000,800,800
30283,F8_01_1_2_Chlorophyll_A_001_phosphate_plate5.tif,1,1184.000,1184,1184
30284,F8_01_1_2_Chlorophyll_A_001_phosphate_plate5.tif,231,1668.918,768,11088
30285,F8_01_1_2_Chlorophyll_A_001_phosphate_plate5.tif,1,976.000,976,976
30286,F8_01_1_2_Chlorophyll_A_001_phosphate_plate5.tif,7,866.286,784,992
30287,F8_01_1_2_Chlorophyll_A_001_phosphate_plate5.tif,2,784.000,784,784
30288,F8_01_1_2_Chlorophyll_A_001_phosphate_plate5.tif,1,880.000,880,880
30289,F8_01_1_2_Chlorophyll_A_001_phosphate_plate5.tif,12,848.000,768,992
30290,F8_01_1_2_Chlorophyll_A_001_phosphate_plate5.tif,1,976.000,976,976
30291,F8_01_1_2_Chlorophyll_A_001_phosphate_plate5.tif,2,816.000,816,816
30292,F8_01_1_2_Chlorophyll_A_001_phosphate_plate5.tif,1,1056.000,1056,1056
30293,F8_01_1_2_Chlorophyll_A_001_phosphate_plate5.tif,1,784.000,784,784
30294,F8_01_1_2_Chlorophyll_A_001_phosphate_plate5.tif,1,768.000,768,768
30295,F8_01_1_2_Chlorophyll_A_001_phosphate_plate5.tif,1,864.000,864,864
30296,F8_01_1_2_Chlorophyll_A_001_phosphate_plate5.tif,1,800.000,800,800
30297,F8_01_1_2_Chlorophyll_A_001_phosphate_plate5.tif,1,800.000,800,800
30298,F8_01_1_2_Chlorophyll_A_001_phosphate_plate5.tif,2,880.000,880,880
30299,F8_01_1_2_Chlorophyll_A_001_phosphate_plate5.tif,1,880.000,880,880
30300,F8_01_1_2_Chlorophyll_A_001_phosphate_plate5.tif,2,880.000,816,944
30301,F8_01_1_2_Chlorophyll_A_001_phosphate_plate5.tif,2,888.000,848,928
30302,F8_01_1_2_Chlorophyll_A_001_phosphate_plate5.tif,1,912.000,912,912
30303,F8_01_1_2_Chlorophyll_A_001_phosphate_plate5.tif,3,789.333,768,800
30304,F8_01_1_2_Chlorophyll_A_001_phosphate_plate5.tif,1,832.000,832,832
30305,F8_01_1_2_Chlorophyll_A_001_phosphate_plate5.tif,1,928.000,928,928
30306,F8_01_1_2_Chlorophyll_A_001_phosphate_plate5.tif,1,784.000,784,784
30307,F8_01_1_2_Chlorophyll_A_001_phosphate_plate5.tif,1,880.000,880,880
30308,F8_01_1_2_Chlorophyll_A_001_phosphate_plate5.tif,1,832.000,832,832
30309,F8_01_1_2_Chlorophyll_A_001_phosphate_plate5.tif,1,816.000,816,816
30310,F8_01_1_2_Chlorophyll_A_001_phosphate_plate5.tif,1,864.000,864,864
30311,F8_01_1_2_Chlorophyll_A_001_phosphate_plate5.tif,1,880.000,880,880
30312,F8_01_1_2_Chlorophyll_A_001_phosphate_plate5.tif,1,768.000,768,768
30313,F8_01_1_2_Chlorophyll_A_001_phosphate_plate5.tif,1,800.000,800,800
30314,F8_01_1_2_Chlorophyll_A_001_phosphate_plate5.tif,1,832.000,832,832
30315,F8_01_1_2_Chlorophyll_A_001_phosphate_plate5.tif,1,864.000,864,864
30316,F8_01_1_2_Chlorophyll_A_001_phosphate_plate5.tif,1,816.000,816,816
30317,F8_01_1_2_Chlorophyll_A_001_phosphate_plate5.tif,12,884.000,768,1008
30318,F8_01_1_2_Chlorophyll_A_001_phosphate_plate5.tif,3,821.333,784,880
30319,F8_01_1_2_Chlorophyll_A_001_phosphate_plate5.tif,3,826.667,768,912
30320,F8_01_1_2_Chlorophyll_A_001_phosphate_plate5.tif,264,2149.697,768,22192
30321,F8_01_1_2_Chlorophyll_A_001_phosphate_plate5.tif,1,944.000,944,944
30322,F8_01_1_2_Chlorophyll_A_001_phosphate_plate5.tif,14,866.286,768,1104
30323,F8_01_1_2_Chlorophyll_A_001_phosphate_plate5.tif,4,808.000,784,864
30324,F8_01_1_2_Chlorophyll_A_001_phosphate_plate5.tif,3,864.000,848,896
30325,F8_01_1_2_Chlorophyll_A_001_phosphate_plate5.tif,1,800.000,800,800
30326,F8_01_1_2_Chlorophyll_A_001_phosphate_plate5.tif,1,848.000,848,848
30327,F8_01_1_2_Chlorophyll_A_001_phosphate_plate5.tif,2,824.000,816,832
30328,F8_01_1_2_Chlorophyll_A_001_phosphate_plate5.tif,2,808.000,800,816
30329,F8_01_1_2_Chlorophyll_A_001_phosphate_plate5.tif,1,768.000,768,768
30330,F8_01_1_2_Chlorophyll_A_001_phosphate_plate5.tif,1,768.000,768,768
30331,F8_01_1_2_Chlorophyll_A_001_phosphate_plate5.tif,2,800.000,768,832
30332,F8_01_1_2_Chlorophyll_A_001_phosphate_plate5.tif,2,888.000,816,960
30333,F8_01_1_2_Chlorophyll_A_001_phosphate_plate5.tif,5,816.000,768,880
30334,F8_01_1_2_Chlorophyll_A_001_phosphate_plate5.tif,1,912.000,912,912
30335,F8_01_1_2_Chlorophyll_A_001_phosphate_plate5.tif,3,789.333,768,800
30336,F8_01_1_2_Chlorophyll_A_001_phosphate_plate5.tif,3,805.333,768,880
30337,F8_01_1_2_Chlorophyll_A_001_phosphate_plate5.tif,2,800.000,800,800
30338,F8_01_1_2_Chlorophyll_A_001_phosphate_plate5.tif,6,837.333,784,896
30339,F8_01_1_2_Chlorophyll_A_001_phosphate_plate5.tif,3,928.000,832,1008
30340,F8_01_1_2_Chlorophyll_A_001_phosphate_plate5.tif,1,848.000,848,848
30341,F8_01_1_2_Chlorophyll_A_001_phosphate_plate5.tif,1,928.000,928,928
30342,F8_01_1_2_Chlorophyll_A_001_phosphate_plate5.tif,1,848.000,848,848
30343,F8_01_1_2_Chlorophyll_A_001_phosphate_plate5.tif,1,816.000,816,816
30344,F8_01_1_2_Chlorophyll_A_001_phosphate_plate5.tif,1,800.000,800,800
30345,F8_01_1_2_Chlorophyll_A_001_phosphate_plate5.tif,1,832.000,832,832
30346,F8_01_1_2_Chlorophyll_A_001_phosphate_plate5.tif,1,768.000,768,768
30347,F8_01_1_2_Chlorophyll_A_001_phosphate_plate5.tif,2,800.000,800,800
30348,F8_01_1_2_Chlorophyll_A_001_phosphate_plate5.tif,1,784.000,784,784
30349,F8_01_1_2_Chlorophyll_A_001_phosphate_plate5.tif,2,800.000,784,816
30350,F8_01_1_2_Chlorophyll_A_001_phosphate_plate5.tif,2,808.000,800,816
30351,F8_01_1_2_Chlorophyll_A_001_phosphate_plate5.tif,1,928.000,928,928
30352,F8_01_1_2_Chlorophyll_A_001_phosphate_plate5.tif,3,816.000,784,864
30353,F8_01_1_2_Chlorophyll_A_001_phosphate_plate5.tif,22,1046.545,800,1312
30354,F8_01_1_2_Chlorophyll_A_001_phosphate_plate5.tif,115,1044.035,784,1424
30355,F8_01_1_2_Chlorophyll_A_001_phosphate_plate5.tif,1,880.000,880,880
30356,F8_01_1_2_Chlorophyll_A_001_phosphate_plate5.tif,10,856.000,800,992
30357,F8_01_1_2_Chlorophyll_A_001_phosphate_plate5.tif,2,808.000,800,816
30358,F8_01_1_2_Chlorophyll_A_001_phosphate_plate5.tif,2,1024.000,912,1136
30359,F8_01_1_2_Chlorophyll_A_001_phosphate_plate5.tif,1,976.000,976,976
30360,F8_01_1_2_Chlorophyll_A_001_phosphate_plate5.tif,2,888.000,880,896
30361,F8_01_1_2_Chlorophyll_A_001_phosphate_plate5.tif,3,821.333,800,864
30362,F8_01_1_2_Chlorophyll_A_001_phosphate_plate5.tif,1,880.000,880,880
30363,F8_01_1_2_Chlorophyll_A_001_phosphate_plate5.tif,1,816.000,816,816
30364,F8_01_1_2_Chlorophyll_A_001_phosphate_plate5.tif,1,784.000,784,784
30365,F8_01_1_2_Chlorophyll_A_001_phosphate_plate5.tif,1,816.000,816,816
30366,F8_01_1_2_Chlorophyll_A_001_phosphate_plate5.tif,2,792.000,768,816
30367,F8_01_1_2_Chlorophyll_A_001_phosphate_plate5.tif,6,845.333,768,944
30368,F8_01_1_2_Chlorophyll_A_001_phosphate_plate5.tif,1,800.000,800,800
30369,F8_01_1_2_Chlorophyll_A_001_phosphate_plate5.tif,3,794.667,768,832
30370,F8_01_1_2_Chlorophyll_A_001_phosphate_plate5.tif,1,848.000,848,848
30371,F8_01_1_2_Chlorophyll_A_001_phosphate_plate5.tif,1,784.000,784,784
30372,F8_01_1_2_Chlorophyll_A_001_phosphate_plate5.tif,5,902.400,784,1056
30373,F8_01_1_2_Chlorophyll_A_001_phosphate_plate5.tif,2,816.000,784,848
30374,F8_01_1_2_Chlorophyll_A_001_phosphate_plate5.tif,5,851.200,768,1024
30375,F8_01_1_2_Chlorophyll_A_001_phosphate_plate5.tif,6,837.333,768,960
30376,F8_01_1_2_Chlorophyll_A_001_phosphate_plate5.tif,2,880.000,816,944
30377,F8_01_1_2_Chlorophyll_A_001_phosphate_plate5.tif,3,858.667,784,960
30378,F8_01_1_2_Chlorophyll_A_001_phosphate_plate5.tif,1,864.000,864,864
30379,F8_01_1_2_Chlorophyll_A_001_phosphate_plate5.tif,1,800.000,800,800
30380,F8_01_1_2_Chlorophyll_A_001_phosphate_plate5.tif,3,821.333,800,848
30381,F8_01_1_2_Chlorophyll_A_001_phosphate_plate5.tif,2,880.000,848,912
30382,F8_01_1_2_Chlorophyll_A_001_phosphate_plate5.tif,3,837.333,768,928
30383,F8_01_1_2_Chlorophyll_A_001_phosphate_plate5.tif,146,1068.055,768,1936
30384,F8_01_1_2_Chlorophyll_A_001_phosphate_plate5.tif,1,800.000,800,800
30385,F8_01_1_2_Chlorophyll_A_001_phosphate_plate5.tif,1,896.000,896,896
30386,F8_01_1_2_Chlorophyll_A_001_phosphate_plate5.tif,1,848.000,848,848
30387,F8_01_1_2_Chlorophyll_A_001_phosphate_plate5.tif,1,784.000,784,784
30388,F8_01_1_2_Chlorophyll_A_001_phosphate_plate5.tif,1,880.000,880,880
30389,F8_01_1_2_Chlorophyll_A_001_phosphate_plate5.tif,1,912.000,912,912
30390,F8_01_1_2_Chlorophyll_A_001_phosphate_plate5.tif,1,800.000,800,800
30391,F8_01_1_2_Chlorophyll_A_001_phosphate_plate5.tif,1,864.000,864,864
30392,F8_01_1_2_Chlorophyll_A_001_phosphate_plate5.tif,1,800.000,800,800
30393,F8_01_1_2_Chlorophyll_A_001_phosphate_plate5.tif,1,848.000,848,848
30394,F8_01_1_2_Chlorophyll_A_001_phosphate_plate5.tif,2,800.000,800,800
30395,F8_01_1_2_Chlorophyll_A_001_phosphate_plate5.tif,1,768.000,768,768
30396,F8_01_1_2_Chlorophyll_A_001_phosphate_plate5.tif,1,848.000,848,848
30397,F8_01_1_2_Chlorophyll_A_001_phosphate_plate5.tif,1,800.000,800,800
30398,F8_01_1_2_Chlorophyll_A_001_phosphate_plate5.tif,3,826.667,768,864
30399,F8_01_1_2_Chlorophyll_A_001_phosphate_plate5.tif,1,848.000,848,848
30400,F8_01_1_2_Chlorophyll_A_001_phosphate_plate5.tif,1,800.000,800,800
30401,F8_01_1_2_Chlorophyll_A_001_phosphate_plate5.tif,1,768.000,768,768
30402,F8_01_1_2_Chlorophyll_A_001_phosphate_plate5.tif,1,816.000,816,816
30403,F8_01_1_2_Chlorophyll_A_001_phosphate_plate5.tif,1,768.000,768,768
30404,F8_01_1_2_Chlorophyll_A_001_phosphate_plate5.tif,1,768.000,768,768
30405,F8_01_1_2_Chlorophyll_A_001_phosphate_plate5.tif,1,928.000,928,928
30406,F8_01_1_2_Chlorophyll_A_001_phosphate_plate5.tif,2,928.000,928,928
30407,F8_01_1_2_Chlorophyll_A_001_phosphate_plate5.tif,8,814.000,768,864
30408,F8_01_1_2_Chlorophyll_A_001_phosphate_plate5.tif,28,911.429,768,1088
30409,F8_01_1_2_Chlorophyll_A_001_phosphate_plate5.tif,5,851.200,784,976
30410,F8_01_1_2_Chlorophyll_A_001_phosphate_plate5.tif,14,837.714,768,928
30411,F8_01_1_2_Chlorophyll_A_001_phosphate_plate5.tif,1,848.000,848,848
30412,F8_01_1_2_Chlorophyll_A_001_phosphate_plate5.tif,12,856.000,784,1040
30413,F8_01_1_2_Chlorophyll_A_001_phosphate_plate5.tif,3,800.000,768,848
30414,F8_01_1_2_Chlorophyll_A_001_phosphate_plate5.tif,3,832.000,800,864
30415,F8_01_1_2_Chlorophyll_A_001_phosphate_plate5.tif,1,864.000,864,864
30416,F8_01_1_2_Chlorophyll_A_001_phosphate_plate5.tif,3,800.000,768,848
30417,F8_01_1_2_Chlorophyll_A_001_phosphate_plate5.tif,3,816.000,768,880
30418,F8_01_1_2_Chlorophyll_A_001_phosphate_plate5.tif,1,864.000,864,864
30419,F8_01_1_2_Chlorophyll_A_001_phosphate_plate5.tif,3,858.667,768,960
30420,F8_01_1_2_Chlorophyll_A_001_phosphate_plate5.tif,1,880.000,880,880
30421,F8_01_1_2_Chlorophyll_A_001_phosphate_plate5.tif,8,862.000,768,1104
30422,F8_01_1_2_Chlorophyll_A_001_phosphate_plate5.tif,3,826.667,784,880
30423,F8_01_1_2_Chlorophyll_A_001_phosphate_plate5.tif,1,768.000,768,768
30424,F8_01_1_2_Chlorophyll_A_001_phosphate_plate5.tif,2,848.000,816,880
30425,F8_01_1_2_Chlorophyll_A_001_phosphate_plate5.tif,1,768.000,768,768
30426,F8_01_1_2_Chlorophyll_A_001_phosphate_plate5.tif,1,768.000,768,768
30427,F8_01_1_2_Chlorophyll_A_001_phosphate_plate5.tif,1,832.000,832,832
30428,F8_01_1_2_Chlorophyll_A_001_phosphate_plate5.tif,4,852.000,768,928
30429,F8_01_1_2_Chlorophyll_A_001_phosphate_plate5.tif,4,796.000,768,832
30430,F8_01_1_2_Chlorophyll_A_001_phosphate_plate5.tif,1,848.000,848,848
30431,F8_01_1_2_Chlorophyll_A_001_phosphate_plate5.tif,1,848.000,848,848
30432,F8_01_1_2_Chlorophyll_A_001_phosphate_plate5.tif,2,888.000,832,944
30433,F8_01_1_2_Chlorophyll_A_001_phosphate_plate5.tif,1,832.000,832,832
30434,F8_01_1_2_Chlorophyll_A_001_phosphate_plate5.tif,1,800.000,800,800
30435,F8_01_1_2_Chlorophyll_A_001_phosphate_plate5.tif,1,784.000,784,784
30436,F8_01_1_2_Chlorophyll_A_001_phosphate_plate5.tif,1,768.000,768,768
30437,F8_01_1_2_Chlorophyll_A_001_phosphate_plate5.tif,1,1072.000,1072,1072
30438,F8_01_1_2_Chlorophyll_A_001_phosphate_plate5.tif,126,3849.270,768,21568
30439,F8_01_1_2_Chlorophyll_A_001_phosphate_plate5.tif,1,832.000,832,832
30440,F8_01_1_2_Chlorophyll_A_001_phosphate_plate5.tif,1,1072.000,1072,1072
30441,F8_01_1_2_Chlorophyll_A_001_phosphate_plate5.tif,1,784.000,784,784
30442,F8_01_1_2_Chlorophyll_A_001_phosphate_plate5.tif,1,800.000,800,800
30443,F8_01_1_2_Chlorophyll_A_001_phosphate_plate5.tif,1,832.000,832,832
30444,F8_01_1_2_Chlorophyll_A_001_phosphate_plate5.tif,1,784.000,784,784
30445,F8_01_1_2_Chlorophyll_A_001_phosphate_plate5.tif,1,768.000,768,768
30446,F8_01_1_2_Chlorophyll_A_001_phosphate_plate5.tif,1,832.000,832,832
30447,F8_01_1_2_Chlorophyll_A_001_phosphate_plate5.tif,1,768.000,768,768
30448,F8_01_1_2_Chlorophyll_A_001_phosphate_plate5.tif,53,850.717,768,1040
30449,F8_01_1_2_Chlorophyll_A_001_phosphate_plate5.tif,3,901.333,848,944
30450,F8_01_1_2_Chlorophyll_A_001_phosphate_plate5.tif,1,800.000,800,800
30451,F8_01_1_2_Chlorophyll_A_001_phosphate_plate5.tif,33,859.636,768,1008
30452,F8_01_1_2_Chlorophyll_A_001_phosphate_plate5.tif,1,976.000,976,976
30453,F8_01_1_2_Chlorophyll_A_001_phosphate_plate5.tif,1,944.000,944,944
30454,F8_01_1_2_Chlorophyll_A_001_phosphate_plate5.tif,1,800.000,800,800
30455,F8_01_1_2_Chlorophyll_A_001_phosphate_plate5.tif,3,864.000,784,960
30456,F8_01_1_2_Chlorophyll_A_001_phosphate_plate5.tif,1,880.000,880,880
30457,F8_01_1_2_Chlorophyll_A_001_phosphate_plate5.tif,7,829.714,768,928
30458,F8_01_1_2_Chlorophyll_A_001_phosphate_plate5.tif,3,821.333,768,896
30459,F8_01_1_2_Chlorophyll_A_001_phosphate_plate5.tif,1,896.000,896,896
30460,F8_01_1_2_Chlorophyll_A_001_phosphate_plate5.tif,6,826.667,768,880
30461,F8_01_1_2_Chlorophyll_A_001_phosphate_plate5.tif,1,832.000,832,832
30462,F8_01_1_2_Chlorophyll_A_001_phosphate_plate5.tif,1,960.000,960,960
30463,F8_01_1_2_Chlorophyll_A_001_phosphate_plate5.tif,1,784.000,784,784
30464,F8_01_1_2_Chlorophyll_A_001_phosphate_plate5.tif,2,824.000,800,848
30465,F8_01_1_2_Chlorophyll_A_001_phosphate_plate5.tif,1,784.000,784,784
30466,F8_01_1_2_Chlorophyll_A_001_phosphate_plate5.tif,1,944.000,944,944
30467,F8_01_1_2_Chlorophyll_A_001_phosphate_plate5.tif,4,820.000,800,864
30468,F8_01_1_2_Chlorophyll_A_001_phosphate_plate5.tif,4,912.000,800,1024
30469,F8_01_1_2_Chlorophyll_A_001_phosphate_plate5.tif,1,800.000,800,800
30470,F8_01_1_2_Chlorophyll_A_001_phosphate_plate5.tif,2,808.000,800,816
30471,F8_01_1_2_Chlorophyll_A_001_phosphate_plate5.tif,1,800.000,800,800
30472,F8_01_1_2_Chlorophyll_A_001_phosphate_plate5.tif,1,768.000,768,768
30473,F8_01_1_2_Chlorophyll_A_001_phosphate_plate5.tif,1,880.000,880,880
30474,F8_01_1_2_Chlorophyll_A_001_phosphate_plate5.tif,1,800.000,800,800
30475,F8_01_1_2_Chlorophyll_A_001_phosphate_plate5.tif,1,768.000,768,768
30476,F8_01_1_2_Chlorophyll_A_001_phosphate_plate5.tif,1,944.000,944,944
30477,F8_01_1_2_Chlorophyll_A_001_phosphate_plate5.tif,1,768.000,768,768
30478,F8_01_1_2_Chlorophyll_A_001_phosphate_plate5.tif,1,800.000,800,800
30479,F8_01_1_2_Chlorophyll_A_001_phosphate_plate5.tif,2,832.000,800,864
30480,F8_01_1_2_Chlorophyll_A_001_phosphate_plate5.tif,1,896.000,896,896
30481,F8_01_1_2_Chlorophyll_A_001_phosphate_plate5.tif,1,944.000,944,944
30482,F8_01_1_2_Chlorophyll_A_001_phosphate_plate5.tif,1,800.000,800,800
30483,F8_01_1_2_Chlorophyll_A_001_phosphate_plate5.tif,1,800.000,800,800
30484,F8_01_1_2_Chlorophyll_A_001_phosphate_plate5.tif,1,880.000,880,880
30485,F8_01_1_2_Chlorophyll_A_001_phosphate_plate5.tif,1,816.000,816,816
30486,F8_01_1_2_Chlorophyll_A_001_phosphate_plate5.tif,1,864.000,864,864
30487,F8_01_1_2_Chlorophyll_A_001_phosphate_plate5.tif,1,768.000,768,768
30488,F8_01_1_2_Chlorophyll_A_001_phosphate_plate5.tif,2,768.000,768,768
30489,F8_01_1_2_Chlorophyll_A_001_phosphate_plate5.tif,1,880.000,880,880
30490,F8_01_1_2_Chlorophyll_A_001_phosphate_plate5.tif,1,880.000,880,880
30491,F8_01_1_2_Chlorophyll_A_001_phosphate_plate5.tif,1,784.000,784,784
30492,F8_01_1_2_Chlorophyll_A_001_phosphate_plate5.tif,1,800.000,800,800
30493,F8_01_1_2_Chlorophyll_A_001_phosphate_plate5.tif,1,768.000,768,768
30494,F8_01_1_2_Chlorophyll_A_001_phosphate_plate5.tif,2,800.000,784,816
30495,F8_01_1_2_Chlorophyll_A_001_phosphate_plate5.tif,1,784.000,784,784
30496,F8_01_1_2_Chlorophyll_A_001_phosphate_plate5.tif,1,832.000,832,832
30497,F8_01_1_2_Chlorophyll_A_001_phosphate_plate5.tif,1,896.000,896,896
30498,F8_01_1_2_Chlorophyll_A_001_phosphate_plate5.tif,3,906.667,864,992
30499,F8_01_1_2_Chlorophyll_A_001_phosphate_plate5.tif,135,1029.926,768,1328
30500,F8_01_1_2_Chlorophyll_A_001_phosphate_plate5.tif,2,888.000,800,976
30501,F8_01_1_2_Chlorophyll_A_001_phosphate_plate5.tif,1,864.000,864,864
30502,F8_01_1_2_Chlorophyll_A_001_phosphate_plate5.tif,1,832.000,832,832
30503,F8_01_1_2_Chlorophyll_A_001_phosphate_plate5.tif,1,816.000,816,816
30504,F8_01_1_2_Chlorophyll_A_001_phosphate_plate5.tif,3,789.333,768,832
30505,F8_01_1_2_Chlorophyll_A_001_phosphate_plate5.tif,10,883.200,784,1008
30506,F8_01_1_2_Chlorophyll_A_001_phosphate_plate5.tif,1,816.000,816,816
30507,F8_01_1_2_Chlorophyll_A_001_phosphate_plate5.tif,1,864.000,864,864
30508,F8_01_1_2_Chlorophyll_A_001_phosphate_plate5.tif,5,883.200,784,1040
30509,F8_01_1_2_Chlorophyll_A_001_phosphate_plate5.tif,6,800.000,768,848
30510,F8_01_1_2_Chlorophyll_A_001_phosphate_plate5.tif,1,768.000,768,768
30511,F8_01_1_2_Chlorophyll_A_001_phosphate_plate5.tif,2,776.000,768,784
30512,F8_01_1_2_Chlorophyll_A_001_phosphate_plate5.tif,1,944.000,944,944
30513,F8_01_1_2_Chlorophyll_A_001_phosphate_plate5.tif,2,792.000,768,816
30514,F8_01_1_2_Chlorophyll_A_001_phosphate_plate5.tif,1,816.000,816,816
30515,F8_01_1_2_Chlorophyll_A_001_phosphate_plate5.tif,143,1308.643,768,5392
30516,F8_01_1_2_Chlorophyll_A_001_phosphate_plate5.tif,1,832.000,832,832
30517,F8_01_1_2_Chlorophyll_A_001_phosphate_plate5.tif,1,768.000,768,768
30518,F8_01_1_2_Chlorophyll_A_001_phosphate_plate5.tif,216,1782.815,768,12752
30519,F8_01_1_2_Chlorophyll_A_001_phosphate_plate5.tif,3,933.333,896,976
30520,F8_01_1_2_Chlorophyll_A_001_phosphate_plate5.tif,1,784.000,784,784
30521,F8_01_1_2_Chlorophyll_A_001_phosphate_plate5.tif,237,2416.270,768,22704
30522,F8_01_1_2_Chlorophyll_A_001_phosphate_plate5.tif,7,843.429,768,960
30523,F8_01_1_2_Chlorophyll_A_001_phosphate_plate5.tif,1,784.000,784,784
30524,F8_01_1_2_Chlorophyll_A_001_phosphate_plate5.tif,2,928.000,832,1024
30525,F8_01_1_2_Chlorophyll_A_001_phosphate_plate5.tif,1,800.000,800,800
30526,F8_01_1_2_Chlorophyll_A_001_phosphate_plate5.tif,1,880.000,880,880
30527,F8_01_1_2_Chlorophyll_A_001_phosphate_plate5.tif,1,832.000,832,832
30528,F8_01_1_2_Chlorophyll_A_001_phosphate_plate5.tif,2,832.000,768,896
30529,F8_01_1_2_Chlorophyll_A_001_phosphate_plate5.tif,2,792.000,784,800
30530,F8_01_1_2_Chlorophyll_A_001_phosphate_plate5.tif,1,784.000,784,784
30531,F8_01_1_2_Chlorophyll_A_001_phosphate_plate5.tif,1,816.000,816,816
30532,F8_01_1_2_Chlorophyll_A_001_phosphate_plate5.tif,2,824.000,768,880
30533,F8_01_1_2_Chlorophyll_A_001_phosphate_plate5.tif,1,768.000,768,768
30534,F8_01_1_2_Chlorophyll_A_001_phosphate_plate5.tif,1,896.000,896,896
30535,F8_01_1_2_Chlorophyll_A_001_phosphate_plate5.tif,1,928.000,928,928
30536,F8_01_1_2_Chlorophyll_A_001_phosphate_plate5.tif,1,768.000,768,768
30537,F8_01_1_2_Chlorophyll_A_001_phosphate_plate5.tif,1,800.000,800,800
30538,F8_01_1_2_Chlorophyll_A_001_phosphate_plate5.tif,1,880.000,880,880
30539,F8_01_1_2_Chlorophyll_A_001_phosphate_plate5.tif,5,828.800,768,896
30540,F8_01_1_2_Chlorophyll_A_001_phosphate_plate5.tif,1,864.000,864,864
30541,F8_01_1_2_Chlorophyll_A_001_phosphate_plate5.tif,3,810.667,784,848
30542,F8_01_1_2_Chlorophyll_A_001_phosphate_plate5.tif,1,800.000,800,800
30543,F8_01_1_2_Chlorophyll_A_001_phosphate_plate5.tif,44,864.364,768,1088
30544,F8_01_1_2_Chlorophyll_A_001_phosphate_plate5.tif,4,824.000,768,880
30545,F8_01_1_2_Chlorophyll_A_001_phosphate_plate5.tif,8,824.000,768,976
30546,F8_01_1_2_Chlorophyll_A_001_phosphate_plate5.tif,14,852.571,768,1056
30547,F8_01_1_2_Chlorophyll_A_001_phosphate_plate5.tif,4,804.000,768,864
30548,F8_01_1_2_Chlorophyll_A_001_phosphate_plate5.tif,4,848.000,768,1008
30549,F8_01_1_2_Chlorophyll_A_001_phosphate_plate5.tif,4,836.000,800,928
30550,F8_01_1_2_Chlorophyll_A_001_phosphate_plate5.tif,1,800.000,800,800
30551,F8_01_1_2_Chlorophyll_A_001_phosphate_plate5.tif,6,829.333,784,896
30552,F8_01_1_2_Chlorophyll_A_001_phosphate_plate5.tif,2,888.000,832,944
30553,F8_01_1_2_Chlorophyll_A_001_phosphate_plate5.tif,2,832.000,800,864
30554,F8_01_1_2_Chlorophyll_A_001_phosphate_plate5.tif,4,824.000,768,880
30555,F8_01_1_2_Chlorophyll_A_001_phosphate_plate5.tif,1,768.000,768,768
30556,F8_01_1_2_Chlorophyll_A_001_phosphate_plate5.tif,1,816.000,816,816
30557,F8_01_1_2_Chlorophyll_A_001_phosphate_plate5.tif,2,864.000,816,912
30558,F8_01_1_2_Chlorophyll_A_001_phosphate_plate5.tif,124,2565.032,768,15280
30559,F8_01_1_2_Chlorophyll_A_001_phosphate_plate5.tif,1,848.000,848,848
30560,F8_01_1_2_Chlorophyll_A_001_phosphate_plate5.tif,2,824.000,768,880
30561,F8_01_1_2_Chlorophyll_A_001_phosphate_plate5.tif,1,800.000,800,800
30562,F8_01_1_2_Chlorophyll_A_001_phosphate_plate5.tif,8,834.000,768,1040
30563,F8_01_1_2_Chlorophyll_A_001_phosphate_plate5.tif,1,880.000,880,880
30564,F8_01_1_2_Chlorophyll_A_001_phosphate_plate5.tif,1,880.000,880,880
30565,F8_01_1_2_Chlorophyll_A_001_phosphate_plate5.tif,1,784.000,784,784
30566,F8_01_1_2_Chlorophyll_A_001_phosphate_plate5.tif,2,872.000,784,960
30567,F8_01_1_2_Chlorophyll_A_001_phosphate_plate5.tif,1,816.000,816,816
30568,F8_01_1_2_Chlorophyll_A_001_phosphate_plate5.tif,5,822.400,784,896
30569,F8_01_1_2_Chlorophyll_A_001_phosphate_plate5.tif,6,834.667,768,928
30570,F8_01_1_2_Chlorophyll_A_001_phosphate_plate5.tif,1,880.000,880,880
30571,F8_01_1_2_Chlorophyll_A_001_phosphate_plate5.tif,1,864.000,864,864
30572,F8_01_1_2_Chlorophyll_A_001_phosphate_plate5.tif,1,800.000,800,800
30573,F8_01_1_2_Chlorophyll_A_001_phosphate_plate5.tif,1,880.000,880,880
30574,F8_01_1_2_Chlorophyll_A_001_phosphate_plate5.tif,1,784.000,784,784
30575,F8_01_1_2_Chlorophyll_A_001_phosphate_plate5.tif,1,768.000,768,768
30576,F8_01_1_2_Chlorophyll_A_001_phosphate_plate5.tif,1,800.000,800,800
30577,F8_01_1_2_Chlorophyll_A_001_phosphate_plate5.tif,1,800.000,800,800
30578,F8_01_1_2_Chlorophyll_A_001_phosphate_plate5.tif,1,832.000,832,832
30579,F8_01_1_2_Chlorophyll_A_001_phosphate_plate5.tif,1,768.000,768,768
30580,F8_01_1_2_Chlorophyll_A_001_phosphate_plate5.tif,1,816.000,816,816
30581,F8_01_1_2_Chlorophyll_A_001_phosphate_plate5.tif,1,816.000,816,816
30582,F8_01_1_2_Chlorophyll_A_001_phosphate_plate5.tif,1,784.000,784,784
30583,F8_01_1_2_Chlorophyll_A_001_phosphate_plate5.tif,2,888.000,768,1008
30584,F8_01_1_2_Chlorophyll_A_001_phosphate_plate5.tif,1,816.000,816,816
30585,F8_01_1_2_Chlorophyll_A_001_phosphate_plate5.tif,12,816.000,768,912
30586,F8_01_1_2_Chlorophyll_A_001_phosphate_plate5.tif,3,912.000,896,928
30587,F8_01_1_2_Chlorophyll_A_001_phosphate_plate5.tif,39,906.667,768,1264
30588,F8_01_1_2_Chlorophyll_A_001_phosphate_plate5.tif,24,882.000,768,1056
30589,F8_01_1_2_Chlorophyll_A_001_phosphate_plate5.tif,3,869.333,832,928
30590,F8_01_1_2_Chlorophyll_A_001_phosphate_plate5.tif,2,816.000,800,832
30591,F8_01_1_2_Chlorophyll_A_001_phosphate_plate5.tif,2,816.000,768,864
30592,F8_01_1_2_Chlorophyll_A_001_phosphate_plate5.tif,1,800.000,800,800
30593,F8_01_1_2_Chlorophyll_A_001_phosphate_plate5.tif,1,1008.000,1008,1008
30594,F8_01_1_2_Chlorophyll_A_001_phosphate_plate5.tif,4,884.000,784,976
30595,F8_01_1_2_Chlorophyll_A_001_phosphate_plate5.tif,3,805.333,784,816
30596,F8_01_1_2_Chlorophyll_A_001_phosphate_plate5.tif,4,808.000,784,848
30597,F8_01_1_2_Chlorophyll_A_001_phosphate_plate5.tif,1,864.000,864,864
30598,F8_01_1_2_Chlorophyll_A_001_phosphate_plate5.tif,1,976.000,976,976
30599,F8_01_1_2_Chlorophyll_A_001_phosphate_plate5.tif,1,784.000,784,784
30600,F8_01_1_2_Chlorophyll_A_001_phosphate_plate5.tif,8,864.000,768,1008
30601,F8_01_1_2_Chlorophyll_A_001_phosphate_plate5.tif,2,808.000,800,816
30602,F8_01_1_2_Chlorophyll_A_001_phosphate_plate5.tif,1,768.000,768,768
30603,F8_01_1_2_Chlorophyll_A_001_phosphate_plate5.tif,1,784.000,784,784
30604,F8_01_1_2_Chlorophyll_A_001_phosphate_plate5.tif,1,992.000,992,992
30605,F8_01_1_2_Chlorophyll_A_001_phosphate_plate5.tif,2,936.000,912,960
30606,F8_01_1_2_Chlorophyll_A_001_phosphate_plate5.tif,1,896.000,896,896
30607,F8_01_1_2_Chlorophyll_A_001_phosphate_plate5.tif,1,768.000,768,768
30608,F8_01_1_2_Chlorophyll_A_001_phosphate_plate5.tif,1,832.000,832,832
30609,F8_01_1_2_Chlorophyll_A_001_phosphate_plate5.tif,1,768.000,768,768
30610,F8_01_1_2_Chlorophyll_A_001_phosphate_plate5.tif,1,800.000,800,800
30611,F8_01_1_2_Chlorophyll_A_001_phosphate_plate5.tif,2,824.000,784,864
30612,F8_01_1_2_Chlorophyll_A_001_phosphate_plate5.tif,1,800.000,800,800
30613,F8_01_1_2_Chlorophyll_A_001_phosphate_plate5.tif,3,816.000,784,848
30614,F8_01_1_2_Chlorophyll_A_001_phosphate_plate5.tif,1,864.000,864,864
30615,F8_01_1_2_Chlorophyll_A_001_phosphate_plate5.tif,1,912.000,912,912
30616,F8_01_1_2_Chlorophyll_A_001_phosphate_plate5.tif,1,784.000,784,784
30617,F8_01_1_2_Chlorophyll_A_001_phosphate_plate5.tif,4,848.000,800,880
30618,F8_01_1_2_Chlorophyll_A_001_phosphate_plate5.tif,2,824.000,800,848
30619,F8_01_1_2_Chlorophyll_A_001_phosphate_plate5.tif,2,808.000,800,816
30620,F8_01_1_2_Chlorophyll_A_001_phosphate_plate5.tif,2,816.000,784,848
30621,F8_01_1_2_Chlorophyll_A_001_phosphate_plate5.tif,1,864.000,864,864
30622,F8_01_1_2_Chlorophyll_A_001_phosphate_plate5.tif,1,816.000,816,816
30623,F8_01_1_2_Chlorophyll_A_001_phosphate_plate5.tif,1,784.000,784,784
30624,F8_01_1_2_Chlorophyll_A_001_phosphate_plate5.tif,1,784.000,784,784
30625,F8_01_1_2_Chlorophyll_A_001_phosphate_plate5.tif,3,810.667,768,880
30626,F8_01_1_2_Chlorophyll_A_001_phosphate_plate5.tif,2,792.000,768,816
30627,F8_01_1_2_Chlorophyll_A_001_phosphate_plate5.tif,1,768.000,768,768
30628,F8_01_1_2_Chlorophyll_A_001_phosphate_plate5.tif,5,812.800,768,864
30629,F8_01_1_2_Chlorophyll_A_001_phosphate_plate5.tif,1,768.000,768,768
30630,F8_01_1_2_Chlorophyll_A_001_phosphate_plate5.tif,1,864.000,864,864
30631,F8_01_1_2_Chlorophyll_A_001_phosphate_plate5.tif,2,928.000,912,944
30632,F8_01_1_2_Chlorophyll_A_001_phosphate_plate5.tif,39,928.000,768,1264
30633,F8_01_1_2_Chlorophyll_A_001_phosphate_plate5.tif,22,899.636,768,1104
30634,F8_01_1_2_Chlorophyll_A_001_phosphate_plate5.tif,1,816.000,816,816
30635,F8_01_1_2_Chlorophyll_A_001_phosphate_plate5.tif,1,928.000,928,928
30636,F8_01_1_2_Chlorophyll_A_001_phosphate_plate5.tif,1,880.000,880,880
30637,F8_01_1_2_Chlorophyll_A_001_phosphate_plate5.tif,1,928.000,928,928
30638,F8_01_1_2_Chlorophyll_A_001_phosphate_plate5.tif,9,864.000,768,1040
30639,F8_01_1_2_Chlorophyll_A_001_phosphate_plate5.tif,1,816.000,816,816
30640,F8_01_1_2_Chlorophyll_A_001_phosphate_plate5.tif,1,768.000,768,768
30641,F8_01_1_2_Chlorophyll_A_001_phosphate_plate5.tif,2,912.000,880,944
30642,F8_01_1_2_Chlorophyll_A_001_phosphate_plate5.tif,3,826.667,800,864
30643,F8_01_1_2_Chlorophyll_A_001_phosphate_plate5.tif,1,784.000,784,784
30644,F8_01_1_2_Chlorophyll_A_001_phosphate_plate5.tif,1,832.000,832,832
30645,F8_01_1_2_Chlorophyll_A_001_phosphate_plate5.tif,1,800.000,800,800
30646,F8_01_1_2_Chlorophyll_A_001_phosphate_plate5.tif,1,800.000,800,800
30647,F8_01_1_2_Chlorophyll_A_001_phosphate_plate5.tif,4,788.000,768,816
30648,F8_01_1_2_Chlorophyll_A_001_phosphate_plate5.tif,1,784.000,784,784
30649,F8_01_1_2_Chlorophyll_A_001_phosphate_plate5.tif,1,848.000,848,848
30650,F8_01_1_2_Chlorophyll_A_001_phosphate_plate5.tif,1,816.000,816,816
30651,F8_01_1_2_Chlorophyll_A_001_phosphate_plate5.tif,1,784.000,784,784
30652,F8_01_1_2_Chlorophyll_A_001_phosphate_plate5.tif,7,832.000,768,912
30653,F8_01_1_2_Chlorophyll_A_001_phosphate_plate5.tif,1,848.000,848,848
30654,F8_01_1_2_Chlorophyll_A_001_phosphate_plate5.tif,1,864.000,864,864
30655,F8_01_1_2_Chlorophyll_A_001_phosphate_plate5.tif,4,800.000,768,848
30656,F8_01_1_2_Chlorophyll_A_001_phosphate_plate5.tif,1,768.000,768,768
30657,F8_01_1_2_Chlorophyll_A_001_phosphate_plate5.tif,1,800.000,800,800
30658,F8_01_1_2_Chlorophyll_A_001_phosphate_plate5.tif,1,864.000,864,864
30659,F8_01_1_2_Chlorophyll_A_001_phosphate_plate5.tif,1,768.000,768,768
30660,F8_01_1_2_Chlorophyll_A_001_phosphate_plate5.tif,2,808.000,784,832
30661,F8_01_1_2_Chlorophyll_A_001_phosphate_plate5.tif,2,816.000,768,864
30662,F8_01_1_2_Chlorophyll_A_001_phosphate_plate5.tif,1,864.000,864,864
30663,F8_01_1_2_Chlorophyll_A_001_phosphate_plate5.tif,1,816.000,816,816
30664,F8_01_1_2_Chlorophyll_A_001_phosphate_plate5.tif,1,784.000,784,784
30665,F8_01_1_2_Chlorophyll_A_001_phosphate_plate5.tif,2,776.000,768,784
30666,F8_01_1_2_Chlorophyll_A_001_phosphate_plate5.tif,3,832.000,768,928
30667,F8_01_1_2_Chlorophyll_A_001_phosphate_plate5.tif,51,924.235,768,1232
30668,F8_01_1_2_Chlorophyll_A_001_phosphate_plate5.tif,1,768.000,768,768
30669,F8_01_1_2_Chlorophyll_A_001_phosphate_plate5.tif,3,810.667,768,848
30670,F8_01_1_2_Chlorophyll_A_001_phosphate_plate5.tif,1,912.000,912,912
30671,F8_01_1_2_Chlorophyll_A_001_phosphate_plate5.tif,292,1450.082,768,11440
30672,F8_01_1_2_Chlorophyll_A_001_phosphate_plate5.tif,1,768.000,768,768
30673,F8_01_1_2_Chlorophyll_A_001_phosphate_plate5.tif,26,846.769,768,1024
30674,F8_01_1_2_Chlorophyll_A_001_phosphate_plate5.tif,2,808.000,800,816
30675,F8_01_1_2_Chlorophyll_A_001_phosphate_plate5.tif,2,840.000,784,896
30676,F8_01_1_2_Chlorophyll_A_001_phosphate_plate5.tif,1,928.000,928,928
30677,F8_01_1_2_Chlorophyll_A_001_phosphate_plate5.tif,4,832.000,784,896
30678,F8_01_1_2_Chlorophyll_A_001_phosphate_plate5.tif,2,792.000,784,800
30679,F8_01_1_2_Chlorophyll_A_001_phosphate_plate5.tif,2,848.000,816,880
30680,F8_01_1_2_Chlorophyll_A_001_phosphate_plate5.tif,7,813.714,768,864
30681,F8_01_1_2_Chlorophyll_A_001_phosphate_plate5.tif,4,812.000,768,864
30682,F8_01_1_2_Chlorophyll_A_001_phosphate_plate5.tif,9,817.778,768,896
30683,F8_01_1_2_Chlorophyll_A_001_phosphate_plate5.tif,1,784.000,784,784
30684,F8_01_1_2_Chlorophyll_A_001_phosphate_plate5.tif,1,816.000,816,816
30685,F8_01_1_2_Chlorophyll_A_001_phosphate_plate5.tif,2,832.000,784,880
30686,F8_01_1_2_Chlorophyll_A_001_phosphate_plate5.tif,1,832.000,832,832
30687,F8_01_1_2_Chlorophyll_A_001_phosphate_plate5.tif,1,768.000,768,768
30688,F8_01_1_2_Chlorophyll_A_001_phosphate_plate5.tif,1,768.000,768,768
30689,F8_01_1_2_Chlorophyll_A_001_phosphate_plate5.tif,2,824.000,784,864
30690,F8_01_1_2_Chlorophyll_A_001_phosphate_plate5.tif,1,784.000,784,784
30691,F8_01_1_2_Chlorophyll_A_001_phosphate_plate5.tif,1,768.000,768,768
30692,F8_01_1_2_Chlorophyll_A_001_phosphate_plate5.tif,1,768.000,768,768
30693,F8_01_1_2_Chlorophyll_A_001_phosphate_plate5.tif,1,848.000,848,848
30694,F8_01_1_2_Chlorophyll_A_001_phosphate_plate5.tif,2,832.000,816,848
30695,F8_01_1_2_Chlorophyll_A_001_phosphate_plate5.tif,1,896.000,896,896
30696,F8_01_1_2_Chlorophyll_A_001_phosphate_plate5.tif,1,784.000,784,784
30697,F8_01_1_2_Chlorophyll_A_001_phosphate_plate5.tif,1,848.000,848,848
30698,F8_01_1_2_Chlorophyll_A_001_phosphate_plate5.tif,1,768.000,768,768
30699,F8_01_1_2_Chlorophyll_A_001_phosphate_plate5.tif,2,832.000,768,896
30700,F8_01_1_2_Chlorophyll_A_001_phosphate_plate5.tif,2,776.000,768,784
30701,F8_01_1_2_Chlorophyll_A_001_phosphate_plate5.tif,3,800.000,768,848
30702,F8_01_1_2_Chlorophyll_A_001_phosphate_plate5.tif,1,768.000,768,768
30703,F8_01_1_2_Chlorophyll_A_001_phosphate_plate5.tif,1,816.000,816,816
30704,F8_01_1_2_Chlorophyll_A_001_phosphate_plate5.tif,1,800.000,800,800
30705,F8_01_1_2_Chlorophyll_A_001_phosphate_plate5.tif,1,784.000,784,784
30706,F8_01_1_2_Chlorophyll_A_001_phosphate_plate5.tif,1,816.000,816,816
30707,F8_01_1_2_Chlorophyll_A_001_phosphate_plate5.tif,1,784.000,784,784
30708,F8_01_1_2_Chlorophyll_A_001_phosphate_plate5.tif,2,824.000,768,880
30709,F8_01_1_2_Chlorophyll_A_001_phosphate_plate5.tif,1,800.000,800,800
30710,F8_01_1_2_Chlorophyll_A_001_phosphate_plate5.tif,1,848.000,848,848
30711,F8_01_1_2_Chlorophyll_A_001_phosphate_plate5.tif,1,896.000,896,896
30712,F8_01_1_2_Chlorophyll_A_001_phosphate_plate5.tif,4,832.000,768,928
30713,F8_01_1_2_Chlorophyll_A_001_phosphate_plate5.tif,22,926.545,768,1264
30714,F8_01_1_2_Chlorophyll_A_001_phosphate_plate5.tif,63,860.190,768,1056
30715,F8_01_1_2_Chlorophyll_A_001_phosphate_plate5.tif,1,848.000,848,848
30716,F8_01_1_2_Chlorophyll_A_001_phosphate_plate5.tif,5,838.400,784,944
30717,F8_01_1_2_Chlorophyll_A_001_phosphate_plate5.tif,2,800.000,800,800
30718,F8_01_1_2_Chlorophyll_A_001_phosphate_plate5.tif,2,824.000,816,832
30719,F8_01_1_2_Chlorophyll_A_001_phosphate_plate5.tif,1,800.000,800,800
30720,F8_01_1_2_Chlorophyll_A_001_phosphate_plate5.tif,13,875.077,768,1120
30721,F8_01_1_2_Chlorophyll_A_001_phosphate_plate5.tif,1,800.000,800,800
30722,F8_01_1_2_Chlorophyll_A_001_phosphate_plate5.tif,2,832.000,784,880
30723,F8_01_1_2_Chlorophyll_A_001_phosphate_plate5.tif,1,944.000,944,944
30724,F8_01_1_2_Chlorophyll_A_001_phosphate_plate5.tif,1,928.000,928,928
30725,F8_01_1_2_Chlorophyll_A_001_phosphate_plate5.tif,1,864.000,864,864
30726,F8_01_1_2_Chlorophyll_A_001_phosphate_plate5.tif,4,864.000,768,1056
30727,F8_01_1_2_Chlorophyll_A_001_phosphate_plate5.tif,1,832.000,832,832
30728,F8_01_1_2_Chlorophyll_A_001_phosphate_plate5.tif,1,800.000,800,800
30729,F8_01_1_2_Chlorophyll_A_001_phosphate_plate5.tif,1,816.000,816,816
30730,F8_01_1_2_Chlorophyll_A_001_phosphate_plate5.tif,4,796.000,784,816
30731,F8_01_1_2_Chlorophyll_A_001_phosphate_plate5.tif,1,880.000,880,880
30732,F8_01_1_2_Chlorophyll_A_001_phosphate_plate5.tif,3,826.667,784,896
30733,F8_01_1_2_Chlorophyll_A_001_phosphate_plate5.tif,1,880.000,880,880
30734,F8_01_1_2_Chlorophyll_A_001_phosphate_plate5.tif,1,784.000,784,784
30735,F8_01_1_2_Chlorophyll_A_001_phosphate_plate5.tif,1,880.000,880,880
30736,F8_01_1_2_Chlorophyll_A_001_phosphate_plate5.tif,1,816.000,816,816
30737,F8_01_1_2_Chlorophyll_A_001_phosphate_plate5.tif,1,768.000,768,768
30738,F8_01_1_2_Chlorophyll_A_001_phosphate_plate5.tif,1,832.000,832,832
30739,F8_01_1_2_Chlorophyll_A_001_phosphate_plate5.tif,1,896.000,896,896
30740,F8_01_1_2_Chlorophyll_A_001_phosphate_plate5.tif,1,784.000,784,784
30741,F8_01_1_2_Chlorophyll_A_001_phosphate_plate5.tif,1,768.000,768,768
30742,F8_01_1_2_Chlorophyll_A_001_phosphate_plate5.tif,1,784.000,784,784
30743,F8_01_1_2_Chlorophyll_A_001_phosphate_plate5.tif,1,816.000,816,816
30744,F8_01_1_2_Chlorophyll_A_001_phosphate_plate5.tif,1,880.000,880,880
30745,F8_01_1_2_Chlorophyll_A_001_phosphate_plate5.tif,2,872.000,800,944
30746,F8_01_1_2_Chlorophyll_A_001_phosphate_plate5.tif,2,800.000,784,816
30747,F8_01_1_2_Chlorophyll_A_001_phosphate_plate5.tif,136,1059.176,768,1552
30748,F8_01_1_2_Chlorophyll_A_001_phosphate_plate5.tif,459,1962.911,768,16000
30749,F8_01_1_2_Chlorophyll_A_001_phosphate_plate5.tif,1,800.000,800,800
30750,F8_01_1_2_Chlorophyll_A_001_phosphate_plate5.tif,10,844.800,768,1024
30751,F8_01_1_2_Chlorophyll_A_001_phosphate_plate5.tif,2,968.000,880,1056
30752,F8_01_1_2_Chlorophyll_A_001_phosphate_plate5.tif,3,784.000,768,800
30753,F8_01_1_2_Chlorophyll_A_001_phosphate_plate5.tif,1,768.000,768,768
30754,F8_01_1_2_Chlorophyll_A_001_phosphate_plate5.tif,1,784.000,784,784
30755,F8_01_1_2_Chlorophyll_A_001_phosphate_plate5.tif,2,888.000,848,928
30756,F8_01_1_2_Chlorophyll_A_001_phosphate_plate5.tif,1,768.000,768,768
30757,F8_01_1_2_Chlorophyll_A_001_phosphate_plate5.tif,4,844.000,784,912
30758,F8_01_1_2_Chlorophyll_A_001_phosphate_plate5.tif,1,928.000,928,928
30759,F8_01_1_2_Chlorophyll_A_001_phosphate_plate5.tif,1,784.000,784,784
30760,F8_01_1_2_Chlorophyll_A_001_phosphate_plate5.tif,3,778.667,768,800
30761,F8_01_1_2_Chlorophyll_A_001_phosphate_plate5.tif,1,768.000,768,768
30762,F8_01_1_2_Chlorophyll_A_001_phosphate_plate5.tif,1,880.000,880,880
30763,F8_01_1_2_Chlorophyll_A_001_phosphate_plate5.tif,1,784.000,784,784
30764,F8_01_1_2_Chlorophyll_A_001_phosphate_plate5.tif,2,816.000,784,848
30765,F8_01_1_2_Chlorophyll_A_001_phosphate_plate5.tif,2,856.000,832,880
30766,F8_01_1_2_Chlorophyll_A_001_phosphate_plate5.tif,2,816.000,768,864
30767,F8_01_1_2_Chlorophyll_A_001_phosphate_plate5.tif,1,848.000,848,848
30768,F8_01_1_2_Chlorophyll_A_001_phosphate_plate5.tif,1,864.000,864,864
30769,F8_01_1_2_Chlorophyll_A_001_phosphate_plate5.tif,1,880.000,880,880
30770,F8_01_1_2_Chlorophyll_A_001_phosphate_plate5.tif,2,856.000,816,896
30771,F8_01_1_2_Chlorophyll_A_001_phosphate_plate5.tif,2,840.000,832,848
30772,F8_01_1_2_Chlorophyll_A_001_phosphate_plate5.tif,1,784.000,784,784
30773,F8_01_1_2_Chlorophyll_A_001_phosphate_plate5.tif,1,800.000,800,800
30774,F8_01_1_2_Chlorophyll_A_001_phosphate_plate5.tif,1,784.000,784,784
30775,F8_01_1_2_Chlorophyll_A_001_phosphate_plate5.tif,1,848.000,848,848
30776,F8_01_1_2_Chlorophyll_A_001_phosphate_plate5.tif,2,768.000,768,768
30777,F8_01_1_2_Chlorophyll_A_001_phosphate_plate5.tif,6,842.667,768,880
30778,F8_01_1_2_Chlorophyll_A_001_phosphate_plate5.tif,1,800.000,800,800
30779,F8_01_1_2_Chlorophyll_A_001_phosphate_plate5.tif,1,768.000,768,768
30780,F8_01_1_2_Chlorophyll_A_001_phosphate_plate5.tif,1,816.000,816,816
30781,F8_01_1_2_Chlorophyll_A_001_phosphate_plate5.tif,1,816.000,816,816
30782,F8_01_1_2_Chlorophyll_A_001_phosphate_plate5.tif,1,928.000,928,928
30783,F8_01_1_2_Chlorophyll_A_001_phosphate_plate5.tif,1,768.000,768,768
30784,F8_01_1_2_Chlorophyll_A_001_phosphate_plate5.tif,1,784.000,784,784
30785,F8_01_1_2_Chlorophyll_A_001_phosphate_plate5.tif,2,912.000,880,944
30786,F8_01_1_2_Chlorophyll_A_001_phosphate_plate5.tif,1,864.000,864,864
30787,F8_01_1_2_Chlorophyll_A_001_phosphate_plate5.tif,1,784.000,784,784
30788,F8_01_1_2_Chlorophyll_A_001_phosphate_plate5.tif,53,864.000,768,1056
30789,F8_01_1_2_Chlorophyll_A_001_phosphate_plate5.tif,1,848.000,848,848
30790,F8_01_1_2_Chlorophyll_A_001_phosphate_plate5.tif,4,916.000,784,1184
30791,F8_01_1_2_Chlorophyll_A_001_phosphate_plate5.tif,1,976.000,976,976
30792,F8_01_1_2_Chlorophyll_A_001_phosphate_plate5.tif,2,928.000,912,944
30793,F8_01_1_2_Chlorophyll_A_001_phosphate_plate5.tif,1,784.000,784,784
30794,F8_01_1_2_Chlorophyll_A_001_phosphate_plate5.tif,8,856.000,768,928
30795,F8_01_1_2_Chlorophyll_A_001_phosphate_plate5.tif,7,820.571,784,864
30796,F8_01_1_2_Chlorophyll_A_001_phosphate_plate5.tif,8,804.000,768,864
30797,F8_01_1_2_Chlorophyll_A_001_phosphate_plate5.tif,4,876.000,848,944
30798,F8_01_1_2_Chlorophyll_A_001_phosphate_plate5.tif,12,842.667,768,928
30799,F8_01_1_2_Chlorophyll_A_001_phosphate_plate5.tif,4,848.000,768,944
30800,F8_01_1_2_Chlorophyll_A_001_phosphate_plate5.tif,2,784.000,784,784
30801,F8_01_1_2_Chlorophyll_A_001_phosphate_plate5.tif,1,768.000,768,768
30802,F8_01_1_2_Chlorophyll_A_001_phosphate_plate5.tif,2,840.000,816,864
30803,F8_01_1_2_Chlorophyll_A_001_phosphate_plate5.tif,4,804.000,784,816
30804,F8_01_1_2_Chlorophyll_A_001_phosphate_plate5.tif,1,864.000,864,864
30805,F8_01_1_2_Chlorophyll_A_001_phosphate_plate5.tif,1,928.000,928,928
30806,F8_01_1_2_Chlorophyll_A_001_phosphate_plate5.tif,1,912.000,912,912
30807,F8_01_1_2_Chlorophyll_A_001_phosphate_plate5.tif,1,880.000,880,880
30808,F8_01_1_2_Chlorophyll_A_001_phosphate_plate5.tif,1,864.000,864,864
30809,F8_01_1_2_Chlorophyll_A_001_phosphate_plate5.tif,2,872.000,864,880
30810,F8_01_1_2_Chlorophyll_A_001_phosphate_plate5.tif,2,816.000,768,864
30811,F8_01_1_2_Chlorophyll_A_001_phosphate_plate5.tif,1,784.000,784,784
30812,F8_01_1_2_Chlorophyll_A_001_phosphate_plate5.tif,125,3145.984,768,20576
30813,F8_01_1_2_Chlorophyll_A_001_phosphate_plate5.tif,1,768.000,768,768
30814,F8_01_1_2_Chlorophyll_A_001_phosphate_plate5.tif,5,905.600,784,1088
30815,F8_01_1_2_Chlorophyll_A_001_phosphate_plate5.tif,2,784.000,768,800
30816,F8_01_1_2_Chlorophyll_A_001_phosphate_plate5.tif,1,768.000,768,768
30817,F8_01_1_2_Chlorophyll_A_001_phosphate_plate5.tif,1,880.000,880,880
30818,F8_01_1_2_Chlorophyll_A_001_phosphate_plate5.tif,1,784.000,784,784
30819,F8_01_1_2_Chlorophyll_A_001_phosphate_plate5.tif,1,768.000,768,768
30820,F8_01_1_2_Chlorophyll_A_001_phosphate_plate5.tif,1,816.000,816,816
30821,F8_01_1_2_Chlorophyll_A_001_phosphate_plate5.tif,3,837.333,768,960
30822,F8_01_1_2_Chlorophyll_A_001_phosphate_plate5.tif,1,864.000,864,864
30823,F8_01_1_2_Chlorophyll_A_001_phosphate_plate5.tif,1,800.000,800,800
30824,F8_01_1_2_Chlorophyll_A_001_phosphate_plate5.tif,2,856.000,768,944
30825,F8_01_1_2_Chlorophyll_A_001_phosphate_plate5.tif,1,832.000,832,832
30826,F8_01_1_2_Chlorophyll_A_001_phosphate_plate5.tif,1,864.000,864,864
30827,F8_01_1_2_Chlorophyll_A_001_phosphate_plate5.tif,1,848.000,848,848
30828,F8_01_1_2_Chlorophyll_A_001_phosphate_plate5.tif,1,912.000,912,912
30829,F8_01_1_2_Chlorophyll_A_001_phosphate_plate5.tif,4,908.000,864,1008
30830,F8_01_1_2_Chlorophyll_A_001_phosphate_plate5.tif,2,888.000,880,896
30831,F8_01_1_2_Chlorophyll_A_001_phosphate_plate5.tif,10,859.200,784,976
30832,F8_01_1_2_Chlorophyll_A_001_phosphate_plate5.tif,1,896.000,896,896
30833,F8_01_1_2_Chlorophyll_A_001_phosphate_plate5.tif,1,800.000,800,800
30834,F8_01_1_2_Chlorophyll_A_001_phosphate_plate5.tif,3,821.333,800,864
30835,F8_01_1_2_Chlorophyll_A_001_phosphate_plate5.tif,1,832.000,832,832
30836,F8_01_1_2_Chlorophyll_A_001_phosphate_plate5.tif,1,928.000,928,928
30837,F8_01_1_2_Chlorophyll_A_001_phosphate_plate5.tif,1,880.000,880,880
30838,F8_01_1_2_Chlorophyll_A_001_phosphate_plate5.tif,5,835.200,768,960
30839,F8_01_1_2_Chlorophyll_A_001_phosphate_plate5.tif,3,778.667,768,800
30840,F8_01_1_2_Chlorophyll_A_001_phosphate_plate5.tif,1,768.000,768,768
30841,F8_01_1_2_Chlorophyll_A_001_phosphate_plate5.tif,5,825.600,784,880
30842,F8_01_1_2_Chlorophyll_A_001_phosphate_plate5.tif,1,784.000,784,784
30843,F8_01_1_2_Chlorophyll_A_001_phosphate_plate5.tif,135,1924.030,768,14736
30844,F8_01_1_2_Chlorophyll_A_001_phosphate_plate5.tif,1,768.000,768,768
30845,F8_01_1_2_Chlorophyll_A_001_phosphate_plate5.tif,1,784.000,784,784
30846,F8_01_1_2_Chlorophyll_A_001_phosphate_plate5.tif,1,816.000,816,816
30847,F8_01_1_2_Chlorophyll_A_001_phosphate_plate5.tif,2,816.000,768,864
30848,F8_01_1_2_Chlorophyll_A_001_phosphate_plate5.tif,2,840.000,816,864
30849,F8_01_1_2_Chlorophyll_A_001_phosphate_plate5.tif,1,784.000,784,784
30850,F8_01_1_2_Chlorophyll_A_001_phosphate_plate5.tif,1,784.000,784,784
30851,F8_01_1_2_Chlorophyll_A_001_phosphate_plate5.tif,1,800.000,800,800
30852,F8_01_1_2_Chlorophyll_A_001_phosphate_plate5.tif,1,832.000,832,832
30853,F8_01_1_2_Chlorophyll_A_001_phosphate_plate5.tif,1,912.000,912,912
30854,F8_01_1_2_Chlorophyll_A_001_phosphate_plate5.tif,1,800.000,800,800
30855,F8_01_1_2_Chlorophyll_A_001_phosphate_plate5.tif,1,848.000,848,848
30856,F8_01_1_2_Chlorophyll_A_001_phosphate_plate5.tif,2,776.000,768,784
30857,F8_01_1_2_Chlorophyll_A_001_phosphate_plate5.tif,5,844.800,768,880
30858,F8_01_1_2_Chlorophyll_A_001_phosphate_plate5.tif,1,880.000,880,880
30859,F8_01_1_2_Chlorophyll_A_001_phosphate_plate5.tif,89,853.573,768,1104
30860,F8_01_1_2_Chlorophyll_A_001_phosphate_plate5.tif,5,841.600,768,960
30861,F8_01_1_2_Chlorophyll_A_001_phosphate_plate5.tif,2,832.000,800,864
30862,F8_01_1_2_Chlorophyll_A_001_phosphate_plate5.tif,3,864.000,784,928
30863,F8_01_1_2_Chlorophyll_A_001_phosphate_plate5.tif,1,768.000,768,768
30864,F8_01_1_2_Chlorophyll_A_001_phosphate_plate5.tif,1,784.000,784,784
30865,F8_01_1_2_Chlorophyll_A_001_phosphate_plate5.tif,3,821.333,768,880
30866,F8_01_1_2_Chlorophyll_A_001_phosphate_plate5.tif,3,853.333,768,976
30867,F8_01_1_2_Chlorophyll_A_001_phosphate_plate5.tif,24,842.000,768,992
30868,F8_01_1_2_Chlorophyll_A_001_phosphate_plate5.tif,3,789.333,768,816
30869,F8_01_1_2_Chlorophyll_A_001_phosphate_plate5.tif,12,854.667,768,1056
30870,F8_01_1_2_Chlorophyll_A_001_phosphate_plate5.tif,2,776.000,768,784
30871,F8_01_1_2_Chlorophyll_A_001_phosphate_plate5.tif,4,796.000,768,880
30872,F8_01_1_2_Chlorophyll_A_001_phosphate_plate5.tif,1,880.000,880,880
30873,F8_01_1_2_Chlorophyll_A_001_phosphate_plate5.tif,1,928.000,928,928
30874,F8_01_1_2_Chlorophyll_A_001_phosphate_plate5.tif,1,800.000,800,800
30875,F8_01_1_2_Chlorophyll_A_001_phosphate_plate5.tif,1,832.000,832,832
30876,F8_01_1_2_Chlorophyll_A_001_phosphate_plate5.tif,2,800.000,784,816
30877,F8_01_1_2_Chlorophyll_A_001_phosphate_plate5.tif,1,784.000,784,784
30878,F8_01_1_2_Chlorophyll_A_001_phosphate_plate5.tif,2,888.000,800,976
30879,F8_01_1_2_Chlorophyll_A_001_phosphate_plate5.tif,3,816.000,784,880
30880,F8_01_1_2_Chlorophyll_A_001_phosphate_plate5.tif,1,816.000,816,816
30881,F8_01_1_2_Chlorophyll_A_001_phosphate_plate5.tif,1,848.000,848,848
30882,F8_01_1_2_Chlorophyll_A_001_phosphate_plate5.tif,1,784.000,784,784
30883,F8_01_1_2_Chlorophyll_A_001_phosphate_plate5.tif,1,880.000,880,880
30884,F8_01_1_2_Chlorophyll_A_001_phosphate_plate5.tif,2,800.000,768,832
30885,F8_01_1_2_Chlorophyll_A_001_phosphate_plate5.tif,2,872.000,848,896
30886,F8_01_1_2_Chlorophyll_A_001_phosphate_plate5.tif,1,784.000,784,784
30887,F8_01_1_2_Chlorophyll_A_001_phosphate_plate5.tif,3,853.333,768,1008
30888,F8_01_1_2_Chlorophyll_A_001_phosphate_plate5.tif,1,816.000,816,816
30889,F8_01_1_2_Chlorophyll_A_001_phosphate_plate5.tif,1,768.000,768,768
30890,F8_01_1_2_Chlorophyll_A_001_phosphate_plate5.tif,3,805.333,768,880
30891,F8_01_1_2_Chlorophyll_A_001_phosphate_plate5.tif,2,912.000,896,928
30892,F8_01_1_2_Chlorophyll_A_001_phosphate_plate5.tif,21,979.048,768,1360
30893,F8_01_1_2_Chlorophyll_A_001_phosphate_plate5.tif,108,955.556,768,1232
30894,F8_01_1_2_Chlorophyll_A_001_phosphate_plate5.tif,44,866.545,768,1040
30895,F8_01_1_2_Chlorophyll_A_001_phosphate_plate5.tif,69,864.464,768,1040
30896,F8_01_1_2_Chlorophyll_A_001_phosphate_plate5.tif,369,1304.238,768,14640
30897,F8_01_1_2_Chlorophyll_A_001_phosphate_plate5.tif,1,864.000,864,864
30898,F8_01_1_2_Chlorophyll_A_001_phosphate_plate5.tif,2,776.000,768,784
30899,F8_01_1_2_Chlorophyll_A_001_phosphate_plate5.tif,2,792.000,768,816
30900,F8_01_1_2_Chlorophyll_A_001_phosphate_plate5.tif,1,800.000,800,800
30901,F8_01_1_2_Chlorophyll_A_001_phosphate_plate5.tif,1,768.000,768,768
30902,F8_01_1_2_Chlorophyll_A_001_phosphate_plate5.tif,1,784.000,784,784
30903,F8_01_1_2_Chlorophyll_A_001_phosphate_plate5.tif,2,928.000,784,1072
30904,F8_01_1_2_Chlorophyll_A_001_phosphate_plate5.tif,1,784.000,784,784
30905,F8_01_1_2_Chlorophyll_A_001_phosphate_plate5.tif,7,843.429,784,976
30906,F8_01_1_2_Chlorophyll_A_001_phosphate_plate5.tif,3,858.667,816,880
30907,F8_01_1_2_Chlorophyll_A_001_phosphate_plate5.tif,2,776.000,768,784
30908,F8_01_1_2_Chlorophyll_A_001_phosphate_plate5.tif,1,880.000,880,880
30909,F8_01_1_2_Chlorophyll_A_001_phosphate_plate5.tif,1,880.000,880,880
30910,F8_01_1_2_Chlorophyll_A_001_phosphate_plate5.tif,1,944.000,944,944
30911,F8_01_1_2_Chlorophyll_A_001_phosphate_plate5.tif,1,832.000,832,832
30912,F8_01_1_2_Chlorophyll_A_001_phosphate_plate5.tif,172,3302.233,768,20992
30913,F8_01_1_2_Chlorophyll_A_001_phosphate_plate5.tif,5,816.000,768,912
30914,F8_01_1_2_Chlorophyll_A_001_phosphate_plate5.tif,1,848.000,848,848
30915,F8_01_1_2_Chlorophyll_A_001_phosphate_plate5.tif,1,944.000,944,944
30916,F8_01_1_2_Chlorophyll_A_001_phosphate_plate5.tif,1,784.000,784,784
30917,F8_01_1_2_Chlorophyll_A_001_phosphate_plate5.tif,1,864.000,864,864
30918,F8_01_1_2_Chlorophyll_A_001_phosphate_plate5.tif,3,794.667,768,816
30919,F8_01_1_2_Chlorophyll_A_001_phosphate_plate5.tif,1,880.000,880,880
30920,F8_01_1_2_Chlorophyll_A_001_phosphate_plate5.tif,2,864.000,832,896
30921,F8_01_1_2_Chlorophyll_A_001_phosphate_plate5.tif,1,800.000,800,800
30922,F8_01_1_2_Chlorophyll_A_001_phosphate_plate5.tif,1,864.000,864,864
30923,F8_01_1_2_Chlorophyll_A_001_phosphate_plate5.tif,1,944.000,944,944
30924,F8_01_1_2_Chlorophyll_A_001_phosphate_plate5.tif,1,784.000,784,784
30925,F8_01_1_2_Chlorophyll_A_001_phosphate_plate5.tif,1,784.000,784,784
30926,F8_01_1_2_Chlorophyll_A_001_phosphate_plate5.tif,1,800.000,800,800
30927,F8_01_1_2_Chlorophyll_A_001_phosphate_plate5.tif,2,808.000,768,848
30928,F8_01_1_2_Chlorophyll_A_001_phosphate_plate5.tif,1,800.000,800,800
30929,F8_01_1_2_Chlorophyll_A_001_phosphate_plate5.tif,1,784.000,784,784
30930,F8_01_1_2_Chlorophyll_A_001_phosphate_plate5.tif,1,816.000,816,816
30931,F8_01_1_2_Chlorophyll_A_001_phosphate_plate5.tif,1,768.000,768,768
30932,F8_01_1_2_Chlorophyll_A_001_phosphate_plate5.tif,1,832.000,832,832
30933,F8_01_1_2_Chlorophyll_A_001_phosphate_plate5.tif,7,827.429,784,880
30934,F8_01_1_2_Chlorophyll_A_001_phosphate_plate5.tif,1,784.000,784,784
30935,F8_01_1_2_Chlorophyll_A_001_phosphate_plate5.tif,15,876.800,768,1024
30936,F8_01_1_2_Chlorophyll_A_001_phosphate_plate5.tif,1,816.000,816,816
30937,F8_01_1_2_Chlorophyll_A_001_phosphate_plate5.tif,77,976.416,768,1408
30938,F8_01_1_2_Chlorophyll_A_001_phosphate_plate5.tif,1,896.000,896,896
30939,F8_01_1_2_Chlorophyll_A_001_phosphate_plate5.tif,1,848.000,848,848
30940,F8_01_1_2_Chlorophyll_A_001_phosphate_plate5.tif,1,784.000,784,784
30941,F8_01_1_2_Chlorophyll_A_001_phosphate_plate5.tif,10,835.200,768,1008
30942,F8_01_1_2_Chlorophyll_A_001_phosphate_plate5.tif,1,816.000,816,816
30943,F8_01_1_2_Chlorophyll_A_001_phosphate_plate5.tif,2,768.000,768,768
30944,F8_01_1_2_Chlorophyll_A_001_phosphate_plate5.tif,6,869.333,800,1072
30945,F8_01_1_2_Chlorophyll_A_001_phosphate_plate5.tif,1,992.000,992,992
30946,F8_01_1_2_Chlorophyll_A_001_phosphate_plate5.tif,1,832.000,832,832
30947,F8_01_1_2_Chlorophyll_A_001_phosphate_plate5.tif,1,880.000,880,880
30948,F8_01_1_2_Chlorophyll_A_001_phosphate_plate5.tif,2,816.000,768,864
30949,F8_01_1_2_Chlorophyll_A_001_phosphate_plate5.tif,1,864.000,864,864
30950,F8_01_1_2_Chlorophyll_A_001_phosphate_plate5.tif,2,840.000,832,848
30951,F8_01_1_2_Chlorophyll_A_001_phosphate_plate5.tif,1,784.000,784,784
30952,F8_01_1_2_Chlorophyll_A_001_phosphate_plate5.tif,1,912.000,912,912
30953,F8_01_1_2_Chlorophyll_A_001_phosphate_plate5.tif,1,816.000,816,816
30954,F8_01_1_2_Chlorophyll_A_001_phosphate_plate5.tif,1,880.000,880,880
30955,F8_01_1_2_Chlorophyll_A_001_phosphate_plate5.tif,1,768.000,768,768
30956,F8_01_1_2_Chlorophyll_A_001_phosphate_plate5.tif,1,928.000,928,928
30957,F8_01_1_2_Chlorophyll_A_001_phosphate_plate5.tif,1,960.000,960,960
30958,F8_01_1_2_Chlorophyll_A_001_phosphate_plate5.tif,2,784.000,768,800
30959,F8_01_1_2_Chlorophyll_A_001_phosphate_plate5.tif,1,768.000,768,768
30960,F8_01_1_2_Chlorophyll_A_001_phosphate_plate5.tif,1,800.000,800,800
30961,F8_01_1_2_Chlorophyll_A_001_phosphate_plate5.tif,1,800.000,800,800
30962,F8_01_1_2_Chlorophyll_A_001_phosphate_plate5.tif,2,872.000,832,912
30963,F8_01_1_2_Chlorophyll_A_001_phosphate_plate5.tif,1,800.000,800,800
30964,F8_01_1_2_Chlorophyll_A_001_phosphate_plate5.tif,1,800.000,800,800
30965,F8_01_1_2_Chlorophyll_A_001_phosphate_plate5.tif,1,800.000,800,800
30966,F8_01_1_2_Chlorophyll_A_001_phosphate_plate5.tif,1,784.000,784,784
30967,F8_01_1_2_Chlorophyll_A_001_phosphate_plate5.tif,3,853.333,800,880
30968,F8_01_1_2_Chlorophyll_A_001_phosphate_plate5.tif,1,992.000,992,992
30969,F8_01_1_2_Chlorophyll_A_001_phosphate_plate5.tif,4,876.000,768,1136
30970,F8_01_1_2_Chlorophyll_A_001_phosphate_plate5.tif,1,864.000,864,864
30971,F8_01_1_2_Chlorophyll_A_001_phosphate_plate5.tif,1,800.000,800,800
30972,F8_01_1_2_Chlorophyll_A_001_phosphate_plate5.tif,1,816.000,816,816
30973,F8_01_1_2_Chlorophyll_A_001_phosphate_plate5.tif,3,864.000,784,928
30974,F8_01_1_2_Chlorophyll_A_001_phosphate_plate5.tif,2,840.000,800,880
30975,F8_01_1_2_Chlorophyll_A_001_phosphate_plate5.tif,8,844.000,784,960
30976,F8_01_1_2_Chlorophyll_A_001_phosphate_plate5.tif,1,768.000,768,768
30977,F8_01_1_2_Chlorophyll_A_001_phosphate_plate5.tif,1,768.000,768,768
30978,F8_01_1_2_Chlorophyll_A_001_phosphate_plate5.tif,2,840.000,784,896
30979,F8_01_1_2_Chlorophyll_A_001_phosphate_plate5.tif,2,840.000,768,912
30980,F8_01_1_2_Chlorophyll_A_001_phosphate_plate5.tif,1,864.000,864,864
30981,F8_01_1_2_Chlorophyll_A_001_phosphate_plate5.tif,1,848.000,848,848
30982,F8_01_1_2_Chlorophyll_A_001_phosphate_plate5.tif,2,768.000,768,768
30983,F8_01_1_2_Chlorophyll_A_001_phosphate_plate5.tif,2,824.000,784,864
30984,F8_01_1_2_Chlorophyll_A_001_phosphate_plate5.tif,1,832.000,832,832
30985,F8_01_1_2_Chlorophyll_A_001_phosphate_plate5.tif,1,864.000,864,864
30986,F8_01_1_2_Chlorophyll_A_001_phosphate_plate5.tif,1,784.000,784,784
30987,F8_01_1_2_Chlorophyll_A_001_phosphate_plate5.tif,1,768.000,768,768
30988,F8_01_1_2_Chlorophyll_A_001_phosphate_plate5.tif,3,810.667,784,864
30989,F8_01_1_2_Chlorophyll_A_001_phosphate_plate5.tif,1,832.000,832,832
30990,F8_01_1_2_Chlorophyll_A_001_phosphate_plate5.tif,1,768.000,768,768
30991,F8_01_1_2_Chlorophyll_A_001_phosphate_plate5.tif,1,768.000,768,768
30992,F8_01_1_2_Chlorophyll_A_001_phosphate_plate5.tif,1,800.000,800,800
30993,F8_01_1_2_Chlorophyll_A_001_phosphate_plate5.tif,2,840.000,784,896
30994,F8_01_1_2_Chlorophyll_A_001_phosphate_plate5.tif,1,768.000,768,768
30995,F8_01_1_2_Chlorophyll_A_001_phosphate_plate5.tif,1,816.000,816,816
30996,F8_01_1_2_Chlorophyll_A_001_phosphate_plate5.tif,5,809.600,784,832
30997,F8_01_1_2_Chlorophyll_A_001_phosphate_plate5.tif,1,912.000,912,912
30998,F8_01_1_2_Chlorophyll_A_001_phosphate_plate5.tif,1,768.000,768,768
30999,F8_01_1_2_Chlorophyll_A_001_phosphate_plate5.tif,1,896.000,896,896
31000,F8_01_1_2_Chlorophyll_A_001_phosphate_plate5.tif,2,808.000,800,816
31001,F8_01_1_2_Chlorophyll_A_001_phosphate_plate5.tif,1,768.000,768,768
31002,F8_01_1_2_Chlorophyll_A_001_phosphate_plate5.tif,1,800.000,800,800
31003,F8_01_1_2_Chlorophyll_A_001_phosphate_plate5.tif,2,848.000,832,864
31004,F8_01_1_2_Chlorophyll_A_001_phosphate_plate5.tif,4,836.000,784,896
31005,F8_01_1_2_Chlorophyll_A_001_phosphate_plate5.tif,1,784.000,784,784
31006,F8_01_1_2_Chlorophyll_A_001_phosphate_plate5.tif,2,848.000,800,896
31007,F8_01_1_2_Chlorophyll_A_001_phosphate_plate5.tif,8,844.000,784,976
31008,F8_01_1_2_Chlorophyll_A_001_phosphate_plate5.tif,1,800.000,800,800
31009,F8_01_1_2_Chlorophyll_A_001_phosphate_plate5.tif,13,977.231,784,1312
31010,F8_01_1_2_Chlorophyll_A_001_phosphate_plate5.tif,20,871.200,768,1024
31011,F8_01_1_2_Chlorophyll_A_001_phosphate_plate5.tif,1,768.000,768,768
31012,F8_01_1_2_Chlorophyll_A_001_phosphate_plate5.tif,7,816.000,768,912
31013,F8_01_1_2_Chlorophyll_A_001_phosphate_plate5.tif,2,808.000,768,848
31014,F8_01_1_2_Chlorophyll_A_001_phosphate_plate5.tif,1,800.000,800,800
31015,F8_01_1_2_Chlorophyll_A_001_phosphate_plate5.tif,1,784.000,784,784
31016,F8_01_1_2_Chlorophyll_A_001_phosphate_plate5.tif,2,872.000,784,960
31017,F8_01_1_2_Chlorophyll_A_001_phosphate_plate5.tif,2,808.000,784,832
31018,F8_01_1_2_Chlorophyll_A_001_phosphate_plate5.tif,3,837.333,800,880
31019,F8_01_1_2_Chlorophyll_A_001_phosphate_plate5.tif,2,832.000,768,896
31020,F8_01_1_2_Chlorophyll_A_001_phosphate_plate5.tif,3,869.333,784,1008
31021,F8_01_1_2_Chlorophyll_A_001_phosphate_plate5.tif,12,808.000,768,880
31022,F8_01_1_2_Chlorophyll_A_001_phosphate_plate5.tif,1,800.000,800,800
31023,F8_01_1_2_Chlorophyll_A_001_phosphate_plate5.tif,1,864.000,864,864
31024,F8_01_1_2_Chlorophyll_A_001_phosphate_plate5.tif,1,768.000,768,768
31025,F8_01_1_2_Chlorophyll_A_001_phosphate_plate5.tif,1,944.000,944,944
31026,F8_01_1_2_Chlorophyll_A_001_phosphate_plate5.tif,1,960.000,960,960
31027,F8_01_1_2_Chlorophyll_A_001_phosphate_plate5.tif,1,784.000,784,784
31028,F8_01_1_2_Chlorophyll_A_001_phosphate_plate5.tif,1,816.000,816,816
31029,F8_01_1_2_Chlorophyll_A_001_phosphate_plate5.tif,1,832.000,832,832
31030,F8_01_1_2_Chlorophyll_A_001_phosphate_plate5.tif,1,768.000,768,768
31031,F8_01_1_2_Chlorophyll_A_001_phosphate_plate5.tif,1,896.000,896,896
31032,F8_01_1_2_Chlorophyll_A_001_phosphate_plate5.tif,1,816.000,816,816
31033,F8_01_1_2_Chlorophyll_A_001_phosphate_plate5.tif,1,816.000,816,816
31034,F8_01_1_2_Chlorophyll_A_001_phosphate_plate5.tif,1,768.000,768,768
31035,F8_01_1_2_Chlorophyll_A_001_phosphate_plate5.tif,1,880.000,880,880
31036,F8_01_1_2_Chlorophyll_A_001_phosphate_plate5.tif,1,784.000,784,784
31037,F8_01_1_2_Chlorophyll_A_001_phosphate_plate5.tif,2,792.000,784,800
31038,F8_01_1_2_Chlorophyll_A_001_phosphate_plate5.tif,1,816.000,816,816
31039,F8_01_1_2_Chlorophyll_A_001_phosphate_plate5.tif,1,864.000,864,864
31040,F8_01_1_2_Chlorophyll_A_001_phosphate_plate5.tif,1,832.000,832,832
31041,F8_01_1_2_Chlorophyll_A_001_phosphate_plate5.tif,1,880.000,880,880
31042,F8_01_1_2_Chlorophyll_A_001_phosphate_plate5.tif,1,784.000,784,784
31043,F8_01_1_2_Chlorophyll_A_001_phosphate_plate5.tif,1,784.000,784,784
31044,F8_01_1_2_Chlorophyll_A_001_phosphate_plate5.tif,1,784.000,784,784
31045,F8_01_1_2_Chlorophyll_A_001_phosphate_plate5.tif,1,800.000,800,800
31046,F8_01_1_2_Chlorophyll_A_001_phosphate_plate5.tif,2,800.000,768,832
31047,F8_01_1_2_Chlorophyll_A_001_phosphate_plate5.tif,1,800.000,800,800
31048,F8_01_1_2_Chlorophyll_A_001_phosphate_plate5.tif,1,816.000,816,816
31049,F8_01_1_2_Chlorophyll_A_001_phosphate_plate5.tif,194,1062.598,768,1504
31050,F8_01_1_2_Chlorophyll_A_001_phosphate_plate5.tif,69,995.942,784,1456
31051,F8_01_1_2_Chlorophyll_A_001_phosphate_plate5.tif,23,1034.435,800,1328
31052,F8_01_1_2_Chlorophyll_A_001_phosphate_plate5.tif,2,792.000,768,816
31053,F8_01_1_2_Chlorophyll_A_001_phosphate_plate5.tif,1,784.000,784,784
31054,F8_01_1_2_Chlorophyll_A_001_phosphate_plate5.tif,1,816.000,816,816
31055,F8_01_1_2_Chlorophyll_A_001_phosphate_plate5.tif,1,768.000,768,768
31056,F8_01_1_2_Chlorophyll_A_001_phosphate_plate5.tif,3,821.333,784,880
31057,F8_01_1_2_Chlorophyll_A_001_phosphate_plate5.tif,5,857.600,784,960
31058,F8_01_1_2_Chlorophyll_A_001_phosphate_plate5.tif,8,846.000,768,928
31059,F8_01_1_2_Chlorophyll_A_001_phosphate_plate5.tif,1,832.000,832,832
31060,F8_01_1_2_Chlorophyll_A_001_phosphate_plate5.tif,1,784.000,784,784
31061,F8_01_1_2_Chlorophyll_A_001_phosphate_plate5.tif,1,832.000,832,832
31062,F8_01_1_2_Chlorophyll_A_001_phosphate_plate5.tif,2,936.000,880,992
31063,F8_01_1_2_Chlorophyll_A_001_phosphate_plate5.tif,1,880.000,880,880
31064,F8_01_1_2_Chlorophyll_A_001_phosphate_plate5.tif,2,816.000,816,816
31065,F8_01_1_2_Chlorophyll_A_001_phosphate_plate5.tif,1,864.000,864,864
31066,F8_01_1_2_Chlorophyll_A_001_phosphate_plate5.tif,3,842.667,768,960
31067,F8_01_1_2_Chlorophyll_A_001_phosphate_plate5.tif,1,768.000,768,768
31068,F8_01_1_2_Chlorophyll_A_001_phosphate_plate5.tif,1,864.000,864,864
31069,F8_01_1_2_Chlorophyll_A_001_phosphate_plate5.tif,3,869.333,784,944
31070,F8_01_1_2_Chlorophyll_A_001_phosphate_plate5.tif,1,768.000,768,768
31071,F8_01_1_2_Chlorophyll_A_001_phosphate_plate5.tif,2,872.000,864,880
31072,F8_01_1_2_Chlorophyll_A_001_phosphate_plate5.tif,1,800.000,800,800
31073,F8_01_1_2_Chlorophyll_A_001_phosphate_plate5.tif,1,816.000,816,816
31074,F8_01_1_2_Chlorophyll_A_001_phosphate_plate5.tif,1,768.000,768,768
31075,F8_01_1_2_Chlorophyll_A_001_phosphate_plate5.tif,1,768.000,768,768
31076,F8_01_1_2_Chlorophyll_A_001_phosphate_plate5.tif,2,792.000,768,816
31077,F8_01_1_2_Chlorophyll_A_001_phosphate_plate5.tif,1,784.000,784,784
31078,F8_01_1_2_Chlorophyll_A_001_phosphate_plate5.tif,1,832.000,832,832
31079,F8_01_1_2_Chlorophyll_A_001_phosphate_plate5.tif,1,768.000,768,768
31080,F8_01_1_2_Chlorophyll_A_001_phosphate_plate5.tif,1,784.000,784,784
31081,F8_01_1_2_Chlorophyll_A_001_phosphate_plate5.tif,1,768.000,768,768
31082,F8_01_1_2_Chlorophyll_A_001_phosphate_plate5.tif,1,848.000,848,848
31083,F8_01_1_2_Chlorophyll_A_001_phosphate_plate5.tif,1,768.000,768,768
31084,F8_01_1_2_Chlorophyll_A_001_phosphate_plate5.tif,1,1008.000,1008,1008
31085,F8_01_1_2_Chlorophyll_A_001_phosphate_plate5.tif,1,832.000,832,832
31086,F8_01_1_2_Chlorophyll_A_001_phosphate_plate5.tif,3,800.000,784,816
31087,F8_01_1_2_Chlorophyll_A_001_phosphate_plate5.tif,2,872.000,832,912
31088,F8_01_1_2_Chlorophyll_A_001_phosphate_plate5.tif,3,864.000,800,912
31089,F8_01_1_2_Chlorophyll_A_001_phosphate_plate5.tif,1,832.000,832,832
31090,F8_01_1_2_Chlorophyll_A_001_phosphate_plate5.tif,1,768.000,768,768
31091,F8_01_1_2_Chlorophyll_A_001_phosphate_plate5.tif,4,928.000,816,1040
31092,F8_01_1_2_Chlorophyll_A_001_phosphate_plate5.tif,1,896.000,896,896
31093,F8_01_1_2_Chlorophyll_A_001_phosphate_plate5.tif,83,878.072,768,1120
31094,F8_01_1_2_Chlorophyll_A_001_phosphate_plate5.tif,4,832.000,768,880
31095,F8_01_1_2_Chlorophyll_A_001_phosphate_plate5.tif,16,902.000,784,1072
31096,F8_01_1_2_Chlorophyll_A_001_phosphate_plate5.tif,5,800.000,768,832
31097,F8_01_1_2_Chlorophyll_A_001_phosphate_plate5.tif,3,816.000,768,880
31098,F8_01_1_2_Chlorophyll_A_001_phosphate_plate5.tif,1,768.000,768,768
31099,F8_01_1_2_Chlorophyll_A_001_phosphate_plate5.tif,1,784.000,784,784
31100,F8_01_1_2_Chlorophyll_A_001_phosphate_plate5.tif,2,864.000,784,944
31101,F8_01_1_2_Chlorophyll_A_001_phosphate_plate5.tif,2,896.000,880,912
31102,F8_01_1_2_Chlorophyll_A_001_phosphate_plate5.tif,1,800.000,800,800
31103,F8_01_1_2_Chlorophyll_A_001_phosphate_plate5.tif,27,861.630,768,976
31104,F8_01_1_2_Chlorophyll_A_001_phosphate_plate5.tif,1,800.000,800,800
31105,F8_01_1_2_Chlorophyll_A_001_phosphate_plate5.tif,2,848.000,768,928
31106,F8_01_1_2_Chlorophyll_A_001_phosphate_plate5.tif,1,816.000,816,816
31107,F8_01_1_2_Chlorophyll_A_001_phosphate_plate5.tif,5,822.400,768,912
31108,F8_01_1_2_Chlorophyll_A_001_phosphate_plate5.tif,4,928.000,800,1072
31109,F8_01_1_2_Chlorophyll_A_001_phosphate_plate5.tif,1,784.000,784,784
31110,F8_01_1_2_Chlorophyll_A_001_phosphate_plate5.tif,1,832.000,832,832
31111,F8_01_1_2_Chlorophyll_A_001_phosphate_plate5.tif,2,768.000,768,768
31112,F8_01_1_2_Chlorophyll_A_001_phosphate_plate5.tif,1,800.000,800,800
31113,F8_01_1_2_Chlorophyll_A_001_phosphate_plate5.tif,1,784.000,784,784
31114,F8_01_1_2_Chlorophyll_A_001_phosphate_plate5.tif,1,816.000,816,816
31115,F8_01_1_2_Chlorophyll_A_001_phosphate_plate5.tif,1,848.000,848,848
31116,F8_01_1_2_Chlorophyll_A_001_phosphate_plate5.tif,1,864.000,864,864
31117,F8_01_1_2_Chlorophyll_A_001_phosphate_plate5.tif,1,784.000,784,784
31118,F8_01_1_2_Chlorophyll_A_001_phosphate_plate5.tif,1,928.000,928,928
31119,F8_01_1_2_Chlorophyll_A_001_phosphate_plate5.tif,1,880.000,880,880
31120,F8_01_1_2_Chlorophyll_A_001_phosphate_plate5.tif,3,896.000,832,944
31121,F8_01_1_2_Chlorophyll_A_001_phosphate_plate5.tif,1,784.000,784,784
31122,F8_01_1_2_Chlorophyll_A_001_phosphate_plate5.tif,1,896.000,896,896
31123,F8_01_1_2_Chlorophyll_A_001_phosphate_plate5.tif,1,832.000,832,832
31124,F8_01_1_2_Chlorophyll_A_001_phosphate_plate5.tif,2,792.000,768,816
31125,F8_01_1_2_Chlorophyll_A_001_phosphate_plate5.tif,42,864.381,768,1024
31126,F8_01_1_2_Chlorophyll_A_001_phosphate_plate5.tif,15,842.667,768,976
31127,F8_01_1_2_Chlorophyll_A_001_phosphate_plate5.tif,4,800.000,768,832
31128,F8_01_1_2_Chlorophyll_A_001_phosphate_plate5.tif,1,896.000,896,896
31129,F8_01_1_2_Chlorophyll_A_001_phosphate_plate5.tif,5,841.600,768,928
31130,F8_01_1_2_Chlorophyll_A_001_phosphate_plate5.tif,1,944.000,944,944
31131,F8_01_1_2_Chlorophyll_A_001_phosphate_plate5.tif,10,825.600,768,896
31132,F8_01_1_2_Chlorophyll_A_001_phosphate_plate5.tif,1,864.000,864,864
31133,F8_01_1_2_Chlorophyll_A_001_phosphate_plate5.tif,2,880.000,880,880
31134,F8_01_1_2_Chlorophyll_A_001_phosphate_plate5.tif,2,968.000,912,1024
31135,F8_01_1_2_Chlorophyll_A_001_phosphate_plate5.tif,2,784.000,768,800
31136,F8_01_1_2_Chlorophyll_A_001_phosphate_plate5.tif,1,784.000,784,784
31137,F8_01_1_2_Chlorophyll_A_001_phosphate_plate5.tif,2,840.000,784,896
31138,F8_01_1_2_Chlorophyll_A_001_phosphate_plate5.tif,3,805.333,768,832
31139,F8_01_1_2_Chlorophyll_A_001_phosphate_plate5.tif,1,832.000,832,832
31140,F8_01_1_2_Chlorophyll_A_001_phosphate_plate5.tif,1,880.000,880,880
31141,F8_01_1_2_Chlorophyll_A_001_phosphate_plate5.tif,2,880.000,800,960
31142,F8_01_1_2_Chlorophyll_A_001_phosphate_plate5.tif,1,768.000,768,768
31143,F8_01_1_2_Chlorophyll_A_001_phosphate_plate5.tif,13,854.154,768,1008
31144,F8_01_1_2_Chlorophyll_A_001_phosphate_plate5.tif,1,864.000,864,864
31145,F8_01_1_2_Chlorophyll_A_001_phosphate_plate5.tif,1,864.000,864,864
31146,F8_01_1_2_Chlorophyll_A_001_phosphate_plate5.tif,2,768.000,768,768
31147,F8_01_1_2_Chlorophyll_A_001_phosphate_plate5.tif,1,768.000,768,768
31148,F8_01_1_2_Chlorophyll_A_001_phosphate_plate5.tif,1,784.000,784,784
31149,F8_01_1_2_Chlorophyll_A_001_phosphate_plate5.tif,1,816.000,816,816
31150,F8_01_1_2_Chlorophyll_A_001_phosphate_plate5.tif,2,808.000,784,832
31151,F8_01_1_2_Chlorophyll_A_001_phosphate_plate5.tif,1,800.000,800,800
31152,F8_01_1_2_Chlorophyll_A_001_phosphate_plate5.tif,1,784.000,784,784
31153,F8_01_1_2_Chlorophyll_A_001_phosphate_plate5.tif,1,800.000,800,800
31154,F8_01_1_2_Chlorophyll_A_001_phosphate_plate5.tif,1,768.000,768,768
31155,F8_01_1_2_Chlorophyll_A_001_phosphate_plate5.tif,1,832.000,832,832
31156,F8_01_1_2_Chlorophyll_A_001_phosphate_plate5.tif,1,784.000,784,784
31157,F8_01_1_2_Chlorophyll_A_001_phosphate_plate5.tif,1,784.000,784,784
31158,F8_01_1_2_Chlorophyll_A_001_phosphate_plate5.tif,1,848.000,848,848
31159,F8_01_1_2_Chlorophyll_A_001_phosphate_plate5.tif,1,800.000,800,800
31160,F8_01_1_2_Chlorophyll_A_001_phosphate_plate5.tif,2,784.000,768,800
31161,F8_01_1_2_Chlorophyll_A_001_phosphate_plate5.tif,1,944.000,944,944
31162,F8_01_1_2_Chlorophyll_A_001_phosphate_plate5.tif,1,784.000,784,784
31163,F8_01_1_2_Chlorophyll_A_001_phosphate_plate5.tif,1,784.000,784,784
31164,F8_01_1_2_Chlorophyll_A_001_phosphate_plate5.tif,1,848.000,848,848
31165,F8_01_1_2_Chlorophyll_A_001_phosphate_plate5.tif,3,842.667,784,912
31166,F8_01_1_2_Chlorophyll_A_001_phosphate_plate5.tif,1,1056.000,1056,1056
31167,F8_01_1_2_Chlorophyll_A_001_phosphate_plate5.tif,2,840.000,768,912
31168,F8_01_1_2_Chlorophyll_A_001_phosphate_plate5.tif,5,819.200,768,928
31169,F8_01_1_2_Chlorophyll_A_001_phosphate_plate5.tif,1,784.000,784,784
31170,F8_01_1_2_Chlorophyll_A_001_phosphate_plate5.tif,14,874.286,768,1024
31171,F8_01_1_2_Chlorophyll_A_001_phosphate_plate5.tif,3,858.667,784,976
31172,F8_01_1_2_Chlorophyll_A_001_phosphate_plate5.tif,1,816.000,816,816
31173,F8_01_1_2_Chlorophyll_A_001_phosphate_plate5.tif,2,808.000,800,816
31174,F8_01_1_2_Chlorophyll_A_001_phosphate_plate5.tif,2,792.000,784,800
31175,F8_01_1_2_Chlorophyll_A_001_phosphate_plate5.tif,1,800.000,800,800
31176,F8_01_1_2_Chlorophyll_A_001_phosphate_plate5.tif,1,832.000,832,832
31177,F8_01_1_2_Chlorophyll_A_001_phosphate_plate5.tif,7,822.857,768,944
31178,F8_01_1_2_Chlorophyll_A_001_phosphate_plate5.tif,1,816.000,816,816
31179,F8_01_1_2_Chlorophyll_A_001_phosphate_plate5.tif,7,827.429,768,928
31180,F8_01_1_2_Chlorophyll_A_001_phosphate_plate5.tif,3,832.000,800,880
31181,F8_01_1_2_Chlorophyll_A_001_phosphate_plate5.tif,11,829.091,768,928
31182,F8_01_1_2_Chlorophyll_A_001_phosphate_plate5.tif,2,816.000,800,832
31183,F8_01_1_2_Chlorophyll_A_001_phosphate_plate5.tif,8,842.000,768,928
31184,F8_01_1_2_Chlorophyll_A_001_phosphate_plate5.tif,3,832.000,816,848
31185,F8_01_1_2_Chlorophyll_A_001_phosphate_plate5.tif,2,816.000,768,864
31186,F8_01_1_2_Chlorophyll_A_001_phosphate_plate5.tif,2,800.000,784,816
31187,F8_01_1_2_Chlorophyll_A_001_phosphate_plate5.tif,1,768.000,768,768
31188,F8_01_1_2_Chlorophyll_A_001_phosphate_plate5.tif,1,944.000,944,944
31189,F8_01_1_2_Chlorophyll_A_001_phosphate_plate5.tif,4,844.000,768,928
31190,F8_01_1_2_Chlorophyll_A_001_phosphate_plate5.tif,1,816.000,816,816
31191,F8_01_1_2_Chlorophyll_A_001_phosphate_plate5.tif,1,768.000,768,768
31192,F8_01_1_2_Chlorophyll_A_001_phosphate_plate5.tif,1,768.000,768,768
31193,F8_01_1_2_Chlorophyll_A_001_phosphate_plate5.tif,1,880.000,880,880
31194,F8_01_1_2_Chlorophyll_A_001_phosphate_plate5.tif,2,792.000,784,800
31195,F8_01_1_2_Chlorophyll_A_001_phosphate_plate5.tif,1,832.000,832,832
31196,F8_01_1_2_Chlorophyll_A_001_phosphate_plate5.tif,1,880.000,880,880
31197,F8_01_1_2_Chlorophyll_A_001_phosphate_plate5.tif,1,768.000,768,768
31198,F8_01_1_2_Chlorophyll_A_001_phosphate_plate5.tif,2,768.000,768,768
31199,F8_01_1_2_Chlorophyll_A_001_phosphate_plate5.tif,1,848.000,848,848
31200,F8_01_1_2_Chlorophyll_A_001_phosphate_plate5.tif,1,784.000,784,784
31201,F8_01_1_2_Chlorophyll_A_001_phosphate_plate5.tif,3,816.000,784,864
31202,F8_01_1_2_Chlorophyll_A_001_phosphate_plate5.tif,1,896.000,896,896
31203,F8_01_1_2_Chlorophyll_A_001_phosphate_plate5.tif,3,885.333,800,976
31204,F8_01_1_2_Chlorophyll_A_001_phosphate_plate5.tif,5,796.800,768,880
31205,F8_01_1_2_Chlorophyll_A_001_phosphate_plate5.tif,2,808.000,784,832
31206,F8_01_1_2_Chlorophyll_A_001_phosphate_plate5.tif,2,888.000,864,912
31207,F8_01_1_2_Chlorophyll_A_001_phosphate_plate5.tif,5,828.800,768,896
31208,F8_01_1_2_Chlorophyll_A_001_phosphate_plate5.tif,22,852.364,768,1008
31209,F8_01_1_2_Chlorophyll_A_001_phosphate_plate5.tif,17,1008.000,768,1312
31210,F8_01_1_2_Chlorophyll_A_001_phosphate_plate5.tif,1,896.000,896,896
31211,F8_01_1_2_Chlorophyll_A_001_phosphate_plate5.tif,65,857.354,768,1120
31212,F8_01_1_2_Chlorophyll_A_001_phosphate_plate5.tif,24,856.000,768,1072
31213,F8_01_1_2_Chlorophyll_A_001_phosphate_plate5.tif,1,800.000,800,800
31214,F8_01_1_2_Chlorophyll_A_001_phosphate_plate5.tif,4,796.000,768,816
31215,F8_01_1_2_Chlorophyll_A_001_phosphate_plate5.tif,2,800.000,768,832
31216,F8_01_1_2_Chlorophyll_A_001_phosphate_plate5.tif,1,864.000,864,864
31217,F8_01_1_2_Chlorophyll_A_001_phosphate_plate5.tif,1,944.000,944,944
31218,F8_01_1_2_Chlorophyll_A_001_phosphate_plate5.tif,1,976.000,976,976
31219,F8_01_1_2_Chlorophyll_A_001_phosphate_plate5.tif,1,768.000,768,768
31220,F8_01_1_2_Chlorophyll_A_001_phosphate_plate5.tif,6,858.667,768,976
31221,F8_01_1_2_Chlorophyll_A_001_phosphate_plate5.tif,1,864.000,864,864
31222,F8_01_1_2_Chlorophyll_A_001_phosphate_plate5.tif,1,816.000,816,816
31223,F8_01_1_2_Chlorophyll_A_001_phosphate_plate5.tif,3,832.000,816,864
31224,F8_01_1_2_Chlorophyll_A_001_phosphate_plate5.tif,1,976.000,976,976
31225,F8_01_1_2_Chlorophyll_A_001_phosphate_plate5.tif,1,784.000,784,784
31226,F8_01_1_2_Chlorophyll_A_001_phosphate_plate5.tif,3,773.333,768,784
31227,F8_01_1_2_Chlorophyll_A_001_phosphate_plate5.tif,1,912.000,912,912
31228,F8_01_1_2_Chlorophyll_A_001_phosphate_plate5.tif,1,784.000,784,784
31229,F8_01_1_2_Chlorophyll_A_001_phosphate_plate5.tif,3,853.333,800,944
31230,F8_01_1_2_Chlorophyll_A_001_phosphate_plate5.tif,1,848.000,848,848
31231,F8_01_1_2_Chlorophyll_A_001_phosphate_plate5.tif,2,800.000,768,832
31232,F8_01_1_2_Chlorophyll_A_001_phosphate_plate5.tif,2,896.000,864,928
31233,F8_01_1_2_Chlorophyll_A_001_phosphate_plate5.tif,2,792.000,784,800
31234,F8_01_1_2_Chlorophyll_A_001_phosphate_plate5.tif,1,864.000,864,864
31235,F8_01_1_2_Chlorophyll_A_001_phosphate_plate5.tif,1,784.000,784,784
31236,F8_01_1_2_Chlorophyll_A_001_phosphate_plate5.tif,1,880.000,880,880
31237,F8_01_1_2_Chlorophyll_A_001_phosphate_plate5.tif,2,848.000,832,864
31238,F8_01_1_2_Chlorophyll_A_001_phosphate_plate5.tif,3,874.667,784,976
31239,F8_01_1_2_Chlorophyll_A_001_phosphate_plate5.tif,1,784.000,784,784
31240,F8_01_1_2_Chlorophyll_A_001_phosphate_plate5.tif,1,784.000,784,784
31241,F8_01_1_2_Chlorophyll_A_001_phosphate_plate5.tif,1,848.000,848,848
31242,F8_01_1_2_Chlorophyll_A_001_phosphate_plate5.tif,3,832.000,784,912
31243,F8_01_1_2_Chlorophyll_A_001_phosphate_plate5.tif,1,832.000,832,832
31244,F8_01_1_2_Chlorophyll_A_001_phosphate_plate5.tif,1,816.000,816,816
31245,F8_01_1_2_Chlorophyll_A_001_phosphate_plate5.tif,2,768.000,768,768
31246,F8_01_1_2_Chlorophyll_A_001_phosphate_plate5.tif,1,784.000,784,784
31247,F8_01_1_2_Chlorophyll_A_001_phosphate_plate5.tif,1,784.000,784,784
31248,F8_01_1_2_Chlorophyll_A_001_phosphate_plate5.tif,2,896.000,816,976
31249,F8_01_1_2_Chlorophyll_A_001_phosphate_plate5.tif,4,824.000,784,864
31250,F8_01_1_2_Chlorophyll_A_001_phosphate_plate5.tif,1,832.000,832,832
31251,F8_01_1_2_Chlorophyll_A_001_phosphate_plate5.tif,1,928.000,928,928
31252,F8_01_1_2_Chlorophyll_A_001_phosphate_plate5.tif,1,928.000,928,928
31253,F8_01_1_2_Chlorophyll_A_001_phosphate_plate5.tif,1,784.000,784,784
31254,F8_01_1_2_Chlorophyll_A_001_phosphate_plate5.tif,16,839.000,768,992
31255,F8_01_1_2_Chlorophyll_A_001_phosphate_plate5.tif,1,864.000,864,864
31256,F8_01_1_2_Chlorophyll_A_001_phosphate_plate5.tif,1,832.000,832,832
31257,F8_01_1_2_Chlorophyll_A_001_phosphate_plate5.tif,1,848.000,848,848
31258,F8_01_1_2_Chlorophyll_A_001_phosphate_plate5.tif,1,832.000,832,832
31259,F8_01_1_2_Chlorophyll_A_001_phosphate_plate5.tif,2,816.000,816,816
31260,F8_01_1_2_Chlorophyll_A_001_phosphate_plate5.tif,3,784.000,768,816
31261,F8_01_1_2_Chlorophyll_A_001_phosphate_plate5.tif,5,851.200,768,960
31262,F8_01_1_2_Chlorophyll_A_001_phosphate_plate5.tif,1,768.000,768,768
31263,F8_01_1_2_Chlorophyll_A_001_phosphate_plate5.tif,5,803.200,800,816
31264,F8_01_1_2_Chlorophyll_A_001_phosphate_plate5.tif,4,840.000,768,896
31265,F8_01_1_2_Chlorophyll_A_001_phosphate_plate5.tif,1,880.000,880,880
31266,F8_01_1_2_Chlorophyll_A_001_phosphate_plate5.tif,1,880.000,880,880
31267,F8_01_1_2_Chlorophyll_A_001_phosphate_plate5.tif,1,848.000,848,848
31268,F8_01_1_2_Chlorophyll_A_001_phosphate_plate5.tif,1,816.000,816,816
31269,F8_01_1_2_Chlorophyll_A_001_phosphate_plate5.tif,1,816.000,816,816
31270,F8_01_1_2_Chlorophyll_A_001_phosphate_plate5.tif,1,816.000,816,816
31271,F8_01_1_2_Chlorophyll_A_001_phosphate_plate5.tif,2,824.000,784,864
31272,F8_01_1_2_Chlorophyll_A_001_phosphate_plate5.tif,1,768.000,768,768
31273,F8_01_1_2_Chlorophyll_A_001_phosphate_plate5.tif,1,768.000,768,768
31274,F8_01_1_2_Chlorophyll_A_001_phosphate_plate5.tif,1,832.000,832,832
31275,F8_01_1_2_Chlorophyll_A_001_phosphate_plate5.tif,1,768.000,768,768
31276,F8_01_1_2_Chlorophyll_A_001_phosphate_plate5.tif,5,844.800,784,960
31277,F8_01_1_2_Chlorophyll_A_001_phosphate_plate5.tif,2,824.000,784,864
31278,F8_01_1_2_Chlorophyll_A_001_phosphate_plate5.tif,18,952.000,784,1184
31279,F8_01_1_2_Chlorophyll_A_001_phosphate_plate5.tif,20,861.600,768,1040
31280,F8_01_1_2_Chlorophyll_A_001_phosphate_plate5.tif,2,888.000,800,976
31281,F8_01_1_2_Chlorophyll_A_001_phosphate_plate5.tif,1,768.000,768,768
31282,F8_01_1_2_Chlorophyll_A_001_phosphate_plate5.tif,2,920.000,800,1040
31283,F8_01_1_2_Chlorophyll_A_001_phosphate_plate5.tif,3,773.333,768,784
31284,F8_01_1_2_Chlorophyll_A_001_phosphate_plate5.tif,4,856.000,816,896
31285,F8_01_1_2_Chlorophyll_A_001_phosphate_plate5.tif,1,944.000,944,944
31286,F8_01_1_2_Chlorophyll_A_001_phosphate_plate5.tif,1,928.000,928,928
31287,F8_01_1_2_Chlorophyll_A_001_phosphate_plate5.tif,1,864.000,864,864
31288,F8_01_1_2_Chlorophyll_A_001_phosphate_plate5.tif,4,812.000,768,880
31289,F8_01_1_2_Chlorophyll_A_001_phosphate_plate5.tif,2,824.000,768,880
31290,F8_01_1_2_Chlorophyll_A_001_phosphate_plate5.tif,1,800.000,800,800
31291,F8_01_1_2_Chlorophyll_A_001_phosphate_plate5.tif,2,864.000,816,912
31292,F8_01_1_2_Chlorophyll_A_001_phosphate_plate5.tif,1,816.000,816,816
31293,F8_01_1_2_Chlorophyll_A_001_phosphate_plate5.tif,1,784.000,784,784
31294,F8_01_1_2_Chlorophyll_A_001_phosphate_plate5.tif,3,805.333,768,832
31295,F8_01_1_2_Chlorophyll_A_001_phosphate_plate5.tif,1,816.000,816,816
31296,F8_01_1_2_Chlorophyll_A_001_phosphate_plate5.tif,4,820.000,768,848
31297,F8_01_1_2_Chlorophyll_A_001_phosphate_plate5.tif,3,848.000,816,896
31298,F8_01_1_2_Chlorophyll_A_001_phosphate_plate5.tif,1,800.000,800,800
31299,F8_01_1_2_Chlorophyll_A_001_phosphate_plate5.tif,1,864.000,864,864
31300,F8_01_1_2_Chlorophyll_A_001_phosphate_plate5.tif,2,808.000,768,848
31301,F8_01_1_2_Chlorophyll_A_001_phosphate_plate5.tif,1,784.000,784,784
31302,F8_01_1_2_Chlorophyll_A_001_phosphate_plate5.tif,1,832.000,832,832
31303,F8_01_1_2_Chlorophyll_A_001_phosphate_plate5.tif,1,880.000,880,880
31304,F8_01_1_2_Chlorophyll_A_001_phosphate_plate5.tif,1,784.000,784,784
31305,F8_01_1_2_Chlorophyll_A_001_phosphate_plate5.tif,1,896.000,896,896
31306,F8_01_1_2_Chlorophyll_A_001_phosphate_plate5.tif,1,784.000,784,784
31307,F8_01_1_2_Chlorophyll_A_001_phosphate_plate5.tif,1,848.000,848,848
31308,F8_01_1_2_Chlorophyll_A_001_phosphate_plate5.tif,1,800.000,800,800
31309,F8_01_1_2_Chlorophyll_A_001_phosphate_plate5.tif,1,912.000,912,912
31310,F8_01_1_2_Chlorophyll_A_001_phosphate_plate5.tif,3,832.000,816,864
31311,F8_01_1_2_Chlorophyll_A_001_phosphate_plate5.tif,1,768.000,768,768
31312,F8_01_1_2_Chlorophyll_A_001_phosphate_plate5.tif,1,864.000,864,864
31313,F8_01_1_2_Chlorophyll_A_001_phosphate_plate5.tif,1,944.000,944,944
31314,F8_01_1_2_Chlorophyll_A_001_phosphate_plate5.tif,1,768.000,768,768
31315,F8_01_1_2_Chlorophyll_A_001_phosphate_plate5.tif,1,864.000,864,864
31316,F8_01_1_2_Chlorophyll_A_001_phosphate_plate5.tif,2,808.000,768,848
31317,F8_01_1_2_Chlorophyll_A_001_phosphate_plate5.tif,1,832.000,832,832
31318,F8_01_1_2_Chlorophyll_A_001_phosphate_plate5.tif,1,896.000,896,896
31319,F8_01_1_2_Chlorophyll_A_001_phosphate_plate5.tif,1,784.000,784,784
31320,F8_01_1_2_Chlorophyll_A_001_phosphate_plate5.tif,5,870.400,784,944
31321,F8_01_1_2_Chlorophyll_A_001_phosphate_plate5.tif,35,948.114,768,1200
31322,F8_01_1_2_Chlorophyll_A_001_phosphate_plate5.tif,16,886.000,784,1024
31323,F8_01_1_2_Chlorophyll_A_001_phosphate_plate5.tif,14,854.857,768,944
31324,F8_01_1_2_Chlorophyll_A_001_phosphate_plate5.tif,1,800.000,800,800
31325,F8_01_1_2_Chlorophyll_A_001_phosphate_plate5.tif,2,832.000,784,880
31326,F8_01_1_2_Chlorophyll_A_001_phosphate_plate5.tif,1,864.000,864,864
31327,F8_01_1_2_Chlorophyll_A_001_phosphate_plate5.tif,3,896.000,816,992
31328,F8_01_1_2_Chlorophyll_A_001_phosphate_plate5.tif,1,832.000,832,832
31329,F8_01_1_2_Chlorophyll_A_001_phosphate_plate5.tif,3,784.000,784,784
31330,F8_01_1_2_Chlorophyll_A_001_phosphate_plate5.tif,1,864.000,864,864
31331,F8_01_1_2_Chlorophyll_A_001_phosphate_plate5.tif,2,896.000,880,912
31332,F8_01_1_2_Chlorophyll_A_001_phosphate_plate5.tif,1,784.000,784,784
31333,F8_01_1_2_Chlorophyll_A_001_phosphate_plate5.tif,1,896.000,896,896
31334,F8_01_1_2_Chlorophyll_A_001_phosphate_plate5.tif,2,768.000,768,768
31335,F8_01_1_2_Chlorophyll_A_001_phosphate_plate5.tif,1,832.000,832,832
31336,F8_01_1_2_Chlorophyll_A_001_phosphate_plate5.tif,3,832.000,768,944
31337,F8_01_1_2_Chlorophyll_A_001_phosphate_plate5.tif,1,768.000,768,768
31338,F8_01_1_2_Chlorophyll_A_001_phosphate_plate5.tif,2,816.000,784,848
31339,F8_01_1_2_Chlorophyll_A_001_phosphate_plate5.tif,1,864.000,864,864
31340,F8_01_1_2_Chlorophyll_A_001_phosphate_plate5.tif,1,896.000,896,896
31341,F8_01_1_2_Chlorophyll_A_001_phosphate_plate5.tif,1,928.000,928,928
31342,F8_01_1_2_Chlorophyll_A_001_phosphate_plate5.tif,2,784.000,784,784
31343,F8_01_1_2_Chlorophyll_A_001_phosphate_plate5.tif,1,944.000,944,944
31344,F8_01_1_2_Chlorophyll_A_001_phosphate_plate5.tif,2,816.000,800,832
31345,F8_01_1_2_Chlorophyll_A_001_phosphate_plate5.tif,1,864.000,864,864
31346,F8_01_1_2_Chlorophyll_A_001_phosphate_plate5.tif,1,768.000,768,768
31347,F8_01_1_2_Chlorophyll_A_001_phosphate_plate5.tif,2,832.000,768,896
31348,F8_01_1_2_Chlorophyll_A_001_phosphate_plate5.tif,1,832.000,832,832
31349,F8_01_1_2_Chlorophyll_A_001_phosphate_plate5.tif,1,800.000,800,800
31350,F8_01_1_2_Chlorophyll_A_001_phosphate_plate5.tif,1,800.000,800,800
31351,F8_01_1_2_Chlorophyll_A_001_phosphate_plate5.tif,1,784.000,784,784
31352,F8_01_1_2_Chlorophyll_A_001_phosphate_plate5.tif,281,2663.630,768,23152
31353,F8_01_1_2_Chlorophyll_A_001_phosphate_plate5.tif,1,896.000,896,896
31354,F8_01_1_2_Chlorophyll_A_001_phosphate_plate5.tif,1,832.000,832,832
31355,F8_01_1_2_Chlorophyll_A_001_phosphate_plate5.tif,1,800.000,800,800
31356,F8_01_1_2_Chlorophyll_A_001_phosphate_plate5.tif,1,976.000,976,976
31357,F8_01_1_2_Chlorophyll_A_001_phosphate_plate5.tif,2,840.000,800,880
31358,F8_01_1_2_Chlorophyll_A_001_phosphate_plate5.tif,1,800.000,800,800
31359,F8_01_1_2_Chlorophyll_A_001_phosphate_plate5.tif,3,837.333,800,912
31360,F8_01_1_2_Chlorophyll_A_001_phosphate_plate5.tif,1,848.000,848,848
31361,F8_01_1_2_Chlorophyll_A_001_phosphate_plate5.tif,1,832.000,832,832
31362,F8_01_1_2_Chlorophyll_A_001_phosphate_plate5.tif,1,896.000,896,896
31363,F8_01_1_2_Chlorophyll_A_001_phosphate_plate5.tif,1,784.000,784,784
31364,F8_01_1_2_Chlorophyll_A_001_phosphate_plate5.tif,1,816.000,816,816
31365,F8_01_1_2_Chlorophyll_A_001_phosphate_plate5.tif,1,864.000,864,864
31366,F8_01_1_2_Chlorophyll_A_001_phosphate_plate5.tif,1,784.000,784,784
31367,F8_01_1_2_Chlorophyll_A_001_phosphate_plate5.tif,1,976.000,976,976
31368,F8_01_1_2_Chlorophyll_A_001_phosphate_plate5.tif,1,896.000,896,896
31369,F8_01_1_2_Chlorophyll_A_001_phosphate_plate5.tif,1,784.000,784,784
31370,F8_01_1_2_Chlorophyll_A_001_phosphate_plate5.tif,1,832.000,832,832
31371,F8_01_1_2_Chlorophyll_A_001_phosphate_plate5.tif,1,864.000,864,864
31372,F8_01_1_2_Chlorophyll_A_001_phosphate_plate5.tif,1,784.000,784,784
31373,F8_01_1_2_Chlorophyll_A_001_phosphate_plate5.tif,1,784.000,784,784
31374,F8_01_1_2_Chlorophyll_A_001_phosphate_plate5.tif,1,800.000,800,800
31375,F8_01_1_2_Chlorophyll_A_001_phosphate_plate5.tif,1,960.000,960,960
31376,F8_01_1_2_Chlorophyll_A_001_phosphate_plate5.tif,1,832.000,832,832
31377,F8_01_1_2_Chlorophyll_A_001_phosphate_plate5.tif,1,928.000,928,928
31378,F8_01_1_2_Chlorophyll_A_001_phosphate_plate5.tif,2,856.000,784,928
31379,F8_01_1_2_Chlorophyll_A_001_phosphate_plate5.tif,1,784.000,784,784
31380,F8_01_1_2_Chlorophyll_A_001_phosphate_plate5.tif,1,784.000,784,784
31381,F8_01_1_2_Chlorophyll_A_001_phosphate_plate5.tif,1,848.000,848,848
31382,F8_01_1_2_Chlorophyll_A_001_phosphate_plate5.tif,1,864.000,864,864
31383,F8_01_1_2_Chlorophyll_A_001_phosphate_plate5.tif,2,776.000,768,784
31384,F8_01_1_2_Chlorophyll_A_001_phosphate_plate5.tif,1,784.000,784,784
31385,F8_01_1_2_Chlorophyll_A_001_phosphate_plate5.tif,4,844.000,816,880
31386,F8_01_1_2_Chlorophyll_A_001_phosphate_plate5.tif,1,816.000,816,816
31387,F8_01_1_2_Chlorophyll_A_001_phosphate_plate5.tif,3,816.000,768,848
31388,F8_01_1_2_Chlorophyll_A_001_phosphate_plate5.tif,2,872.000,800,944
31389,F8_01_1_2_Chlorophyll_A_001_phosphate_plate5.tif,1,880.000,880,880
31390,F8_01_1_2_Chlorophyll_A_001_phosphate_plate5.tif,11,839.273,768,1040
31391,F8_01_1_2_Chlorophyll_A_001_phosphate_plate5.tif,3,880.000,800,976
31392,F8_01_1_2_Chlorophyll_A_001_phosphate_plate5.tif,107,970.916,768,1216
31393,F8_01_1_2_Chlorophyll_A_001_phosphate_plate5.tif,386,2967.834,768,22048
31394,F8_01_1_2_Chlorophyll_A_001_phosphate_plate5.tif,43,858.047,768,1008
31395,F8_01_1_2_Chlorophyll_A_001_phosphate_plate5.tif,1,896.000,896,896
31396,F8_01_1_2_Chlorophyll_A_001_phosphate_plate5.tif,1,864.000,864,864
31397,F8_01_1_2_Chlorophyll_A_001_phosphate_plate5.tif,1,864.000,864,864
31398,F8_01_1_2_Chlorophyll_A_001_phosphate_plate5.tif,2,784.000,784,784
31399,F8_01_1_2_Chlorophyll_A_001_phosphate_plate5.tif,4,852.000,784,1008
31400,F8_01_1_2_Chlorophyll_A_001_phosphate_plate5.tif,1,880.000,880,880
31401,F8_01_1_2_Chlorophyll_A_001_phosphate_plate5.tif,6,866.667,800,976
31402,F8_01_1_2_Chlorophyll_A_001_phosphate_plate5.tif,2,784.000,768,800
31403,F8_01_1_2_Chlorophyll_A_001_phosphate_plate5.tif,6,904.000,832,1024
31404,F8_01_1_2_Chlorophyll_A_001_phosphate_plate5.tif,3,816.000,784,864
31405,F8_01_1_2_Chlorophyll_A_001_phosphate_plate5.tif,1,832.000,832,832
31406,F8_01_1_2_Chlorophyll_A_001_phosphate_plate5.tif,3,842.667,800,896
31407,F8_01_1_2_Chlorophyll_A_001_phosphate_plate5.tif,3,784.000,768,800
31408,F8_01_1_2_Chlorophyll_A_001_phosphate_plate5.tif,1,880.000,880,880
31409,F8_01_1_2_Chlorophyll_A_001_phosphate_plate5.tif,2,864.000,800,928
31410,F8_01_1_2_Chlorophyll_A_001_phosphate_plate5.tif,1,832.000,832,832
31411,F8_01_1_2_Chlorophyll_A_001_phosphate_plate5.tif,1,784.000,784,784
31412,F8_01_1_2_Chlorophyll_A_001_phosphate_plate5.tif,1,800.000,800,800
31413,F8_01_1_2_Chlorophyll_A_001_phosphate_plate5.tif,3,826.667,768,928
31414,F8_01_1_2_Chlorophyll_A_001_phosphate_plate5.tif,3,816.000,816,816
31415,F8_01_1_2_Chlorophyll_A_001_phosphate_plate5.tif,79,2350.380,768,11376
31416,F8_01_1_2_Chlorophyll_A_001_phosphate_plate5.tif,1,864.000,864,864
31417,F8_01_1_2_Chlorophyll_A_001_phosphate_plate5.tif,1,944.000,944,944
31418,F8_01_1_2_Chlorophyll_A_001_phosphate_plate5.tif,1,800.000,800,800
31419,F8_01_1_2_Chlorophyll_A_001_phosphate_plate5.tif,1,912.000,912,912
31420,F8_01_1_2_Chlorophyll_A_001_phosphate_plate5.tif,2,816.000,816,816
31421,F8_01_1_2_Chlorophyll_A_001_phosphate_plate5.tif,3,800.000,768,848
31422,F8_01_1_2_Chlorophyll_A_001_phosphate_plate5.tif,1,848.000,848,848
31423,F8_01_1_2_Chlorophyll_A_001_phosphate_plate5.tif,1,816.000,816,816
31424,F8_01_1_2_Chlorophyll_A_001_phosphate_plate5.tif,1,784.000,784,784
31425,F8_01_1_2_Chlorophyll_A_001_phosphate_plate5.tif,1,768.000,768,768
31426,F8_01_1_2_Chlorophyll_A_001_phosphate_plate5.tif,1,784.000,784,784
31427,F8_01_1_2_Chlorophyll_A_001_phosphate_plate5.tif,1,784.000,784,784
31428,F8_01_1_2_Chlorophyll_A_001_phosphate_plate5.tif,5,796.800,768,864
31429,F8_01_1_2_Chlorophyll_A_001_phosphate_plate5.tif,2,776.000,768,784
31430,F8_01_1_2_Chlorophyll_A_001_phosphate_plate5.tif,2,896.000,864,928
31431,F8_01_1_2_Chlorophyll_A_001_phosphate_plate5.tif,1,864.000,864,864
31432,F8_01_1_2_Chlorophyll_A_001_phosphate_plate5.tif,104,989.692,768,1344
31433,F8_01_1_2_Chlorophyll_A_001_phosphate_plate5.tif,26,862.769,768,1200
31434,F8_01_1_2_Chlorophyll_A_001_phosphate_plate5.tif,6,872.000,800,1040
31435,F8_01_1_2_Chlorophyll_A_001_phosphate_plate5.tif,5,848.000,784,992
31436,F8_01_1_2_Chlorophyll_A_001_phosphate_plate5.tif,8,844.000,768,912
31437,F8_01_1_2_Chlorophyll_A_001_phosphate_plate5.tif,4,832.000,768,912
31438,F8_01_1_2_Chlorophyll_A_001_phosphate_plate5.tif,1,976.000,976,976
31439,F8_01_1_2_Chlorophyll_A_001_phosphate_plate5.tif,1,768.000,768,768
31440,F8_01_1_2_Chlorophyll_A_001_phosphate_plate5.tif,1,816.000,816,816
31441,F8_01_1_2_Chlorophyll_A_001_phosphate_plate5.tif,11,800.000,768,848
31442,F8_01_1_2_Chlorophyll_A_001_phosphate_plate5.tif,2,912.000,912,912
31443,F8_01_1_2_Chlorophyll_A_001_phosphate_plate5.tif,1,880.000,880,880
31444,F8_01_1_2_Chlorophyll_A_001_phosphate_plate5.tif,1,768.000,768,768
31445,F8_01_1_2_Chlorophyll_A_001_phosphate_plate5.tif,1,848.000,848,848
31446,F8_01_1_2_Chlorophyll_A_001_phosphate_plate5.tif,4,808.000,784,848
31447,F8_01_1_2_Chlorophyll_A_001_phosphate_plate5.tif,1,832.000,832,832
31448,F8_01_1_2_Chlorophyll_A_001_phosphate_plate5.tif,10,809.600,768,912
31449,F8_01_1_2_Chlorophyll_A_001_phosphate_plate5.tif,4,780.000,768,800
31450,F8_01_1_2_Chlorophyll_A_001_phosphate_plate5.tif,7,829.714,768,976
31451,F8_01_1_2_Chlorophyll_A_001_phosphate_plate5.tif,3,816.000,784,880
31452,F8_01_1_2_Chlorophyll_A_001_phosphate_plate5.tif,2,880.000,880,880
31453,F8_01_1_2_Chlorophyll_A_001_phosphate_plate5.tif,1,960.000,960,960
31454,F8_01_1_2_Chlorophyll_A_001_phosphate_plate5.tif,2,800.000,768,832
31455,F8_01_1_2_Chlorophyll_A_001_phosphate_plate5.tif,1,816.000,816,816
31456,F8_01_1_2_Chlorophyll_A_001_phosphate_plate5.tif,1,784.000,784,784
31457,F8_01_1_2_Chlorophyll_A_001_phosphate_plate5.tif,2,904.000,880,928
31458,F8_01_1_2_Chlorophyll_A_001_phosphate_plate5.tif,1,816.000,816,816
31459,F8_01_1_2_Chlorophyll_A_001_phosphate_plate5.tif,1,880.000,880,880
31460,F8_01_1_2_Chlorophyll_A_001_phosphate_plate5.tif,1,816.000,816,816
31461,F8_01_1_2_Chlorophyll_A_001_phosphate_plate5.tif,1,816.000,816,816
31462,F8_01_1_2_Chlorophyll_A_001_phosphate_plate5.tif,1,880.000,880,880
31463,F8_01_1_2_Chlorophyll_A_001_phosphate_plate5.tif,1,784.000,784,784
31464,F8_01_1_2_Chlorophyll_A_001_phosphate_plate5.tif,1,784.000,784,784
31465,F8_01_1_2_Chlorophyll_A_001_phosphate_plate5.tif,1,800.000,800,800
31466,F8_01_1_2_Chlorophyll_A_001_phosphate_plate5.tif,1,800.000,800,800
31467,F8_01_1_2_Chlorophyll_A_001_phosphate_plate5.tif,1,800.000,800,800
31468,F8_01_1_2_Chlorophyll_A_001_phosphate_plate5.tif,1,800.000,800,800
31469,F8_01_1_2_Chlorophyll_A_001_phosphate_plate5.tif,2,784.000,768,800
31470,F8_01_1_2_Chlorophyll_A_001_phosphate_plate5.tif,2,800.000,800,800
31471,F8_01_1_2_Chlorophyll_A_001_phosphate_plate5.tif,1,800.000,800,800
31472,F8_01_1_2_Chlorophyll_A_001_phosphate_plate5.tif,2,904.000,864,944
31473,F8_01_1_2_Chlorophyll_A_001_phosphate_plate5.tif,3,784.000,768,816
31474,F8_01_1_2_Chlorophyll_A_001_phosphate_plate5.tif,1,800.000,800,800
31475,F8_01_1_2_Chlorophyll_A_001_phosphate_plate5.tif,5,867.200,800,928
31476,F8_01_1_2_Chlorophyll_A_001_phosphate_plate5.tif,3,874.667,832,944
31477,F8_01_1_2_Chlorophyll_A_001_phosphate_plate5.tif,2,808.000,784,832
31478,F8_01_1_2_Chlorophyll_A_001_phosphate_plate5.tif,4,860.000,768,912
31479,F8_01_1_2_Chlorophyll_A_001_phosphate_plate5.tif,1,912.000,912,912
31480,F8_01_1_2_Chlorophyll_A_001_phosphate_plate5.tif,298,1971.705,768,29504
31481,F8_01_1_2_Chlorophyll_A_001_phosphate_plate5.tif,3,944.000,768,1104
31482,F8_01_1_2_Chlorophyll_A_001_phosphate_plate5.tif,4,852.000,768,976
31483,F8_01_1_2_Chlorophyll_A_001_phosphate_plate5.tif,1,768.000,768,768
31484,F8_01_1_2_Chlorophyll_A_001_phosphate_plate5.tif,1,800.000,800,800
31485,F8_01_1_2_Chlorophyll_A_001_phosphate_plate5.tif,1,768.000,768,768
31486,F8_01_1_2_Chlorophyll_A_001_phosphate_plate5.tif,1,768.000,768,768
31487,F8_01_1_2_Chlorophyll_A_001_phosphate_plate5.tif,2,816.000,784,848
31488,F8_01_1_2_Chlorophyll_A_001_phosphate_plate5.tif,1,848.000,848,848
31489,F8_01_1_2_Chlorophyll_A_001_phosphate_plate5.tif,1,768.000,768,768
31490,F8_01_1_2_Chlorophyll_A_001_phosphate_plate5.tif,1,768.000,768,768
31491,F8_01_1_2_Chlorophyll_A_001_phosphate_plate5.tif,2,864.000,816,912
31492,F8_01_1_2_Chlorophyll_A_001_phosphate_plate5.tif,1,800.000,800,800
31493,F8_01_1_2_Chlorophyll_A_001_phosphate_plate5.tif,2,784.000,784,784
31494,F8_01_1_2_Chlorophyll_A_001_phosphate_plate5.tif,1,832.000,832,832
31495,F8_01_1_2_Chlorophyll_A_001_phosphate_plate5.tif,1,768.000,768,768
31496,F8_01_1_2_Chlorophyll_A_001_phosphate_plate5.tif,1,784.000,784,784
31497,F8_01_1_2_Chlorophyll_A_001_phosphate_plate5.tif,1,832.000,832,832
31498,F8_01_1_2_Chlorophyll_A_001_phosphate_plate5.tif,1,800.000,800,800
31499,F8_01_1_2_Chlorophyll_A_001_phosphate_plate5.tif,2,872.000,832,912
31500,F8_01_1_2_Chlorophyll_A_001_phosphate_plate5.tif,1,768.000,768,768
31501,F8_01_1_2_Chlorophyll_A_001_phosphate_plate5.tif,1,768.000,768,768
31502,F8_01_1_2_Chlorophyll_A_001_phosphate_plate5.tif,2,856.000,800,912
31503,F8_01_1_2_Chlorophyll_A_001_phosphate_plate5.tif,1,784.000,784,784
31504,F8_01_1_2_Chlorophyll_A_001_phosphate_plate5.tif,1,928.000,928,928
31505,F8_01_1_2_Chlorophyll_A_001_phosphate_plate5.tif,1,784.000,784,784
31506,F8_01_1_2_Chlorophyll_A_001_phosphate_plate5.tif,2,808.000,800,816
31507,F8_01_1_2_Chlorophyll_A_001_phosphate_plate5.tif,1,848.000,848,848
31508,F8_01_1_2_Chlorophyll_A_001_phosphate_plate5.tif,1,784.000,784,784
31509,F8_01_1_2_Chlorophyll_A_001_phosphate_plate5.tif,2,816.000,768,864
31510,F8_01_1_2_Chlorophyll_A_001_phosphate_plate5.tif,2,872.000,784,960
31511,F8_01_1_2_Chlorophyll_A_001_phosphate_plate5.tif,93,1003.871,768,1376
31512,F8_01_1_2_Chlorophyll_A_001_phosphate_plate5.tif,63,1013.587,768,1328
31513,F8_01_1_2_Chlorophyll_A_001_phosphate_plate5.tif,44,919.273,768,1328
31514,F8_01_1_2_Chlorophyll_A_001_phosphate_plate5.tif,1,864.000,864,864
31515,F8_01_1_2_Chlorophyll_A_001_phosphate_plate5.tif,13,873.846,768,1184
31516,F8_01_1_2_Chlorophyll_A_001_phosphate_plate5.tif,2,952.000,944,960
31517,F8_01_1_2_Chlorophyll_A_001_phosphate_plate5.tif,1,880.000,880,880
31518,F8_01_1_2_Chlorophyll_A_001_phosphate_plate5.tif,1,896.000,896,896
31519,F8_01_1_2_Chlorophyll_A_001_phosphate_plate5.tif,1,784.000,784,784
31520,F8_01_1_2_Chlorophyll_A_001_phosphate_plate5.tif,7,825.143,784,976
31521,F8_01_1_2_Chlorophyll_A_001_phosphate_plate5.tif,2,816.000,816,816
31522,F8_01_1_2_Chlorophyll_A_001_phosphate_plate5.tif,3,842.667,768,976
31523,F8_01_1_2_Chlorophyll_A_001_phosphate_plate5.tif,2,856.000,832,880
31524,F8_01_1_2_Chlorophyll_A_001_phosphate_plate5.tif,1,800.000,800,800
31525,F8_01_1_2_Chlorophyll_A_001_phosphate_plate5.tif,6,824.000,768,944
31526,F8_01_1_2_Chlorophyll_A_001_phosphate_plate5.tif,3,837.333,768,928
31527,F8_01_1_2_Chlorophyll_A_001_phosphate_plate5.tif,3,805.333,768,832
31528,F8_01_1_2_Chlorophyll_A_001_phosphate_plate5.tif,1,864.000,864,864
31529,F8_01_1_2_Chlorophyll_A_001_phosphate_plate5.tif,1,832.000,832,832
31530,F8_01_1_2_Chlorophyll_A_001_phosphate_plate5.tif,1,832.000,832,832
31531,F8_01_1_2_Chlorophyll_A_001_phosphate_plate5.tif,1,912.000,912,912
31532,F8_01_1_2_Chlorophyll_A_001_phosphate_plate5.tif,1,784.000,784,784
31533,F8_01_1_2_Chlorophyll_A_001_phosphate_plate5.tif,1,832.000,832,832
31534,F8_01_1_2_Chlorophyll_A_001_phosphate_plate5.tif,1,784.000,784,784
31535,F8_01_1_2_Chlorophyll_A_001_phosphate_plate5.tif,2,840.000,768,912
31536,F8_01_1_2_Chlorophyll_A_001_phosphate_plate5.tif,1,864.000,864,864
31537,F8_01_1_2_Chlorophyll_A_001_phosphate_plate5.tif,1,896.000,896,896
31538,F8_01_1_2_Chlorophyll_A_001_phosphate_plate5.tif,1,784.000,784,784
31539,F8_01_1_2_Chlorophyll_A_001_phosphate_plate5.tif,1,784.000,784,784
31540,F8_01_1_2_Chlorophyll_A_001_phosphate_plate5.tif,1,784.000,784,784
31541,F8_01_1_2_Chlorophyll_A_001_phosphate_plate5.tif,2,808.000,800,816
31542,F8_01_1_2_Chlorophyll_A_001_phosphate_plate5.tif,2,840.000,768,912
31543,F8_01_1_2_Chlorophyll_A_001_phosphate_plate5.tif,74,1031.784,768,1392
31544,F8_01_1_2_Chlorophyll_A_001_phosphate_plate5.tif,1,1024.000,1024,1024
31545,F8_01_1_2_Chlorophyll_A_001_phosphate_plate5.tif,119,874.353,768,1136
31546,F8_01_1_2_Chlorophyll_A_001_phosphate_plate5.tif,1,816.000,816,816
31547,F8_01_1_2_Chlorophyll_A_001_phosphate_plate5.tif,3,848.000,768,896
31548,F8_01_1_2_Chlorophyll_A_001_phosphate_plate5.tif,2,856.000,832,880
31549,F8_01_1_2_Chlorophyll_A_001_phosphate_plate5.tif,1,928.000,928,928
31550,F8_01_1_2_Chlorophyll_A_001_phosphate_plate5.tif,6,872.000,784,1072
31551,F8_01_1_2_Chlorophyll_A_001_phosphate_plate5.tif,7,875.429,768,976
31552,F8_01_1_2_Chlorophyll_A_001_phosphate_plate5.tif,4,884.000,768,1120
31553,F8_01_1_2_Chlorophyll_A_001_phosphate_plate5.tif,5,800.000,768,880
31554,F8_01_1_2_Chlorophyll_A_001_phosphate_plate5.tif,1,816.000,816,816
31555,F8_01_1_2_Chlorophyll_A_001_phosphate_plate5.tif,2,848.000,800,896
31556,F8_01_1_2_Chlorophyll_A_001_phosphate_plate5.tif,2,792.000,784,800
31557,F8_01_1_2_Chlorophyll_A_001_phosphate_plate5.tif,4,800.000,768,880
31558,F8_01_1_2_Chlorophyll_A_001_phosphate_plate5.tif,2,792.000,768,816
31559,F8_01_1_2_Chlorophyll_A_001_phosphate_plate5.tif,2,792.000,784,800
31560,F8_01_1_2_Chlorophyll_A_001_phosphate_plate5.tif,1,768.000,768,768
31561,F8_01_1_2_Chlorophyll_A_001_phosphate_plate5.tif,2,792.000,768,816
31562,F8_01_1_2_Chlorophyll_A_001_phosphate_plate5.tif,1,832.000,832,832
31563,F8_01_1_2_Chlorophyll_A_001_phosphate_plate5.tif,4,832.000,784,880
31564,F8_01_1_2_Chlorophyll_A_001_phosphate_plate5.tif,1,784.000,784,784
31565,F8_01_1_2_Chlorophyll_A_001_phosphate_plate5.tif,1,960.000,960,960
31566,F8_01_1_2_Chlorophyll_A_001_phosphate_plate5.tif,1,864.000,864,864
31567,F8_01_1_2_Chlorophyll_A_001_phosphate_plate5.tif,1,768.000,768,768
31568,F8_01_1_2_Chlorophyll_A_001_phosphate_plate5.tif,1,784.000,784,784
31569,F8_01_1_2_Chlorophyll_A_001_phosphate_plate5.tif,1,800.000,800,800
31570,F8_01_1_2_Chlorophyll_A_001_phosphate_plate5.tif,1,784.000,784,784
31571,F8_01_1_2_Chlorophyll_A_001_phosphate_plate5.tif,1,864.000,864,864
31572,F8_01_1_2_Chlorophyll_A_001_phosphate_plate5.tif,1,864.000,864,864
31573,F8_01_1_2_Chlorophyll_A_001_phosphate_plate5.tif,1,944.000,944,944
31574,F8_01_1_2_Chlorophyll_A_001_phosphate_plate5.tif,1,768.000,768,768
31575,F8_01_1_2_Chlorophyll_A_001_phosphate_plate5.tif,2,800.000,768,832
31576,F8_01_1_2_Chlorophyll_A_001_phosphate_plate5.tif,2,848.000,832,864
31577,F8_01_1_2_Chlorophyll_A_001_phosphate_plate5.tif,1,1040.000,1040,1040
31578,F8_01_1_2_Chlorophyll_A_001_phosphate_plate5.tif,1,832.000,832,832
31579,F8_01_1_2_Chlorophyll_A_001_phosphate_plate5.tif,1,784.000,784,784
31580,F8_01_1_2_Chlorophyll_A_001_phosphate_plate5.tif,6,866.667,800,912
31581,F8_01_1_2_Chlorophyll_A_001_phosphate_plate5.tif,4,804.000,768,832
31582,F8_01_1_2_Chlorophyll_A_001_phosphate_plate5.tif,1,768.000,768,768
31583,F8_01_1_2_Chlorophyll_A_001_phosphate_plate5.tif,1,784.000,784,784
31584,F8_01_1_2_Chlorophyll_A_001_phosphate_plate5.tif,4,796.000,784,816
31585,F8_01_1_2_Chlorophyll_A_001_phosphate_plate5.tif,1,800.000,800,800
31586,F8_01_1_2_Chlorophyll_A_001_phosphate_plate5.tif,2,808.000,784,832
31587,F8_01_1_2_Chlorophyll_A_001_phosphate_plate5.tif,1,976.000,976,976
31588,F8_01_1_2_Chlorophyll_A_001_phosphate_plate5.tif,1,816.000,816,816
31589,F8_01_1_2_Chlorophyll_A_001_phosphate_plate5.tif,1,784.000,784,784
31590,F8_01_1_2_Chlorophyll_A_001_phosphate_plate5.tif,2,824.000,784,864
31591,F8_01_1_2_Chlorophyll_A_001_phosphate_plate5.tif,8,844.000,768,976
31592,F8_01_1_2_Chlorophyll_A_001_phosphate_plate5.tif,6,850.667,784,976
31593,F8_01_1_2_Chlorophyll_A_001_phosphate_plate5.tif,5,806.400,768,864
31594,F8_01_1_2_Chlorophyll_A_001_phosphate_plate5.tif,3,810.667,800,832
31595,F8_01_1_2_Chlorophyll_A_001_phosphate_plate5.tif,1,832.000,832,832
31596,F8_01_1_2_Chlorophyll_A_001_phosphate_plate5.tif,1,848.000,848,848
31597,F8_01_1_2_Chlorophyll_A_001_phosphate_plate5.tif,1,768.000,768,768
31598,F8_01_1_2_Chlorophyll_A_001_phosphate_plate5.tif,2,784.000,784,784
31599,F8_01_1_2_Chlorophyll_A_001_phosphate_plate5.tif,1,912.000,912,912
31600,F8_01_1_2_Chlorophyll_A_001_phosphate_plate5.tif,3,784.000,768,800
31601,F8_01_1_2_Chlorophyll_A_001_phosphate_plate5.tif,1,816.000,816,816
31602,F8_01_1_2_Chlorophyll_A_001_phosphate_plate5.tif,1,832.000,832,832
31603,F8_01_1_2_Chlorophyll_A_001_phosphate_plate5.tif,2,784.000,768,800
31604,F8_01_1_2_Chlorophyll_A_001_phosphate_plate5.tif,1,864.000,864,864
31605,F8_01_1_2_Chlorophyll_A_001_phosphate_plate5.tif,1,784.000,784,784
31606,F8_01_1_2_Chlorophyll_A_001_phosphate_plate5.tif,1,784.000,784,784
31607,F8_01_1_2_Chlorophyll_A_001_phosphate_plate5.tif,1,832.000,832,832
31608,F8_01_1_2_Chlorophyll_A_001_phosphate_plate5.tif,2,832.000,800,864
31609,F8_01_1_2_Chlorophyll_A_001_phosphate_plate5.tif,1,896.000,896,896
31610,F8_01_1_2_Chlorophyll_A_001_phosphate_plate5.tif,1,768.000,768,768
31611,F8_01_1_2_Chlorophyll_A_001_phosphate_plate5.tif,1,800.000,800,800
31612,F8_01_1_2_Chlorophyll_A_001_phosphate_plate5.tif,1,864.000,864,864
31613,F8_01_1_2_Chlorophyll_A_001_phosphate_plate5.tif,1,800.000,800,800
31614,F8_01_1_2_Chlorophyll_A_001_phosphate_plate5.tif,1,960.000,960,960
31615,F8_01_1_2_Chlorophyll_A_001_phosphate_plate5.tif,6,885.333,816,992
31616,F8_01_1_2_Chlorophyll_A_001_phosphate_plate5.tif,85,2160.000,768,9920
31617,F8_01_1_2_Chlorophyll_A_001_phosphate_plate5.tif,1,896.000,896,896
31618,F8_01_1_2_Chlorophyll_A_001_phosphate_plate5.tif,1,880.000,880,880
31619,F8_01_1_2_Chlorophyll_A_001_phosphate_plate5.tif,2,768.000,768,768
31620,F8_01_1_2_Chlorophyll_A_001_phosphate_plate5.tif,1,976.000,976,976
31621,F8_01_1_2_Chlorophyll_A_001_phosphate_plate5.tif,1,784.000,784,784
31622,F8_01_1_2_Chlorophyll_A_001_phosphate_plate5.tif,3,821.333,768,880
31623,F8_01_1_2_Chlorophyll_A_001_phosphate_plate5.tif,1,832.000,832,832
31624,F8_01_1_2_Chlorophyll_A_001_phosphate_plate5.tif,5,886.400,784,1056
31625,F8_01_1_2_Chlorophyll_A_001_phosphate_plate5.tif,3,826.667,784,896
31626,F8_01_1_2_Chlorophyll_A_001_phosphate_plate5.tif,1,816.000,816,816
31627,F8_01_1_2_Chlorophyll_A_001_phosphate_plate5.tif,2,792.000,784,800
31628,F8_01_1_2_Chlorophyll_A_001_phosphate_plate5.tif,1,800.000,800,800
31629,F8_01_1_2_Chlorophyll_A_001_phosphate_plate5.tif,1,816.000,816,816
31630,F8_01_1_2_Chlorophyll_A_001_phosphate_plate5.tif,3,821.333,816,832
31631,F8_01_1_2_Chlorophyll_A_001_phosphate_plate5.tif,2,824.000,784,864
31632,F8_01_1_2_Chlorophyll_A_001_phosphate_plate5.tif,2,800.000,784,816
31633,F8_01_1_2_Chlorophyll_A_001_phosphate_plate5.tif,2,808.000,800,816
31634,F8_01_1_2_Chlorophyll_A_001_phosphate_plate5.tif,3,869.333,768,992
31635,F8_01_1_2_Chlorophyll_A_001_phosphate_plate5.tif,1,800.000,800,800
31636,F8_01_1_2_Chlorophyll_A_001_phosphate_plate5.tif,2,832.000,816,848
31637,F8_01_1_2_Chlorophyll_A_001_phosphate_plate5.tif,2,776.000,768,784
31638,F8_01_1_2_Chlorophyll_A_001_phosphate_plate5.tif,2,792.000,768,816
31639,F8_01_1_2_Chlorophyll_A_001_phosphate_plate5.tif,1,768.000,768,768
31640,F8_01_1_2_Chlorophyll_A_001_phosphate_plate5.tif,2,816.000,816,816
31641,F8_01_1_2_Chlorophyll_A_001_phosphate_plate5.tif,1,832.000,832,832
31642,F8_01_1_2_Chlorophyll_A_001_phosphate_plate5.tif,1,800.000,800,800
31643,F8_01_1_2_Chlorophyll_A_001_phosphate_plate5.tif,1,800.000,800,800
31644,F8_01_1_2_Chlorophyll_A_001_phosphate_plate5.tif,1,768.000,768,768
31645,F8_01_1_2_Chlorophyll_A_001_phosphate_plate5.tif,1,1008.000,1008,1008
31646,F8_01_1_2_Chlorophyll_A_001_phosphate_plate5.tif,2,768.000,768,768
31647,F8_01_1_2_Chlorophyll_A_001_phosphate_plate5.tif,1,848.000,848,848
31648,F8_01_1_2_Chlorophyll_A_001_phosphate_plate5.tif,3,805.333,784,832
31649,F8_01_1_2_Chlorophyll_A_001_phosphate_plate5.tif,2,816.000,816,816
31650,F8_01_1_2_Chlorophyll_A_001_phosphate_plate5.tif,1,816.000,816,816
31651,F8_01_1_2_Chlorophyll_A_001_phosphate_plate5.tif,1,784.000,784,784
31652,F8_01_1_2_Chlorophyll_A_001_phosphate_plate5.tif,1,784.000,784,784
31653,F8_01_1_2_Chlorophyll_A_001_phosphate_plate5.tif,1,832.000,832,832
31654,F8_01_1_2_Chlorophyll_A_001_phosphate_plate5.tif,4,820.000,768,896
31655,F8_01_1_2_Chlorophyll_A_001_phosphate_plate5.tif,6,826.667,768,912
31656,F8_01_1_2_Chlorophyll_A_001_phosphate_plate5.tif,1,800.000,800,800
31657,F8_01_1_2_Chlorophyll_A_001_phosphate_plate5.tif,1,928.000,928,928
31658,F8_01_1_2_Chlorophyll_A_001_phosphate_plate5.tif,66,844.121,768,1024
31659,F8_01_1_2_Chlorophyll_A_001_phosphate_plate5.tif,4,808.000,784,848
31660,F8_01_1_2_Chlorophyll_A_001_phosphate_plate5.tif,3,885.333,880,896
31661,F8_01_1_2_Chlorophyll_A_001_phosphate_plate5.tif,118,874.712,768,1040
31662,F8_01_1_2_Chlorophyll_A_001_phosphate_plate5.tif,1,896.000,896,896
31663,F8_01_1_2_Chlorophyll_A_001_phosphate_plate5.tif,8,856.000,784,944
31664,F8_01_1_2_Chlorophyll_A_001_phosphate_plate5.tif,3,864.000,800,976
31665,F8_01_1_2_Chlorophyll_A_001_phosphate_plate5.tif,1,800.000,800,800
31666,F8_01_1_2_Chlorophyll_A_001_phosphate_plate5.tif,1,768.000,768,768
31667,F8_01_1_2_Chlorophyll_A_001_phosphate_plate5.tif,1,944.000,944,944
31668,F8_01_1_2_Chlorophyll_A_001_phosphate_plate5.tif,3,805.333,784,816
31669,F8_01_1_2_Chlorophyll_A_001_phosphate_plate5.tif,6,834.667,800,864
31670,F8_01_1_2_Chlorophyll_A_001_phosphate_plate5.tif,1,784.000,784,784
31671,F8_01_1_2_Chlorophyll_A_001_phosphate_plate5.tif,1,768.000,768,768
31672,F8_01_1_2_Chlorophyll_A_001_phosphate_plate5.tif,7,834.286,768,912
31673,F8_01_1_2_Chlorophyll_A_001_phosphate_plate5.tif,7,822.857,768,896
31674,F8_01_1_2_Chlorophyll_A_001_phosphate_plate5.tif,1,944.000,944,944
31675,F8_01_1_2_Chlorophyll_A_001_phosphate_plate5.tif,1,784.000,784,784
31676,F8_01_1_2_Chlorophyll_A_001_phosphate_plate5.tif,1,864.000,864,864
31677,F8_01_1_2_Chlorophyll_A_001_phosphate_plate5.tif,1,784.000,784,784
31678,F8_01_1_2_Chlorophyll_A_001_phosphate_plate5.tif,1,864.000,864,864
31679,F8_01_1_2_Chlorophyll_A_001_phosphate_plate5.tif,148,3676.324,768,22096
31680,F8_01_1_2_Chlorophyll_A_001_phosphate_plate5.tif,2,912.000,832,992
31681,F8_01_1_2_Chlorophyll_A_001_phosphate_plate5.tif,3,800.000,768,832
31682,F8_01_1_2_Chlorophyll_A_001_phosphate_plate5.tif,1,768.000,768,768
31683,F8_01_1_2_Chlorophyll_A_001_phosphate_plate5.tif,2,808.000,800,816
31684,F8_01_1_2_Chlorophyll_A_001_phosphate_plate5.tif,1,896.000,896,896
31685,F8_01_1_2_Chlorophyll_A_001_phosphate_plate5.tif,1,768.000,768,768
31686,F8_01_1_2_Chlorophyll_A_001_phosphate_plate5.tif,101,2810.139,768,16336
31687,F8_01_1_2_Chlorophyll_A_001_phosphate_plate5.tif,1,816.000,816,816
31688,F8_01_1_2_Chlorophyll_A_001_phosphate_plate5.tif,1,768.000,768,768
31689,F8_01_1_2_Chlorophyll_A_001_phosphate_plate5.tif,2,792.000,768,816
31690,F8_01_1_2_Chlorophyll_A_001_phosphate_plate5.tif,1,800.000,800,800
31691,F8_01_1_2_Chlorophyll_A_001_phosphate_plate5.tif,1,768.000,768,768
31692,F8_01_1_2_Chlorophyll_A_001_phosphate_plate5.tif,2,768.000,768,768
31693,F8_01_1_2_Chlorophyll_A_001_phosphate_plate5.tif,1,816.000,816,816
31694,F8_01_1_2_Chlorophyll_A_001_phosphate_plate5.tif,1,768.000,768,768
31695,F8_01_1_2_Chlorophyll_A_001_phosphate_plate5.tif,1,848.000,848,848
31696,F8_01_1_2_Chlorophyll_A_001_phosphate_plate5.tif,4,872.000,784,960
31697,F8_01_1_2_Chlorophyll_A_001_phosphate_plate5.tif,1,944.000,944,944
31698,F8_01_1_2_Chlorophyll_A_001_phosphate_plate5.tif,2,880.000,784,976
31699,F8_01_1_2_Chlorophyll_A_001_phosphate_plate5.tif,7,820.571,768,912
31700,F8_01_1_2_Chlorophyll_A_001_phosphate_plate5.tif,2,792.000,768,816
31701,F8_01_1_2_Chlorophyll_A_001_phosphate_plate5.tif,5,832.000,768,896
31702,F8_01_1_2_Chlorophyll_A_001_phosphate_plate5.tif,1,816.000,816,816
31703,F8_01_1_2_Chlorophyll_A_001_phosphate_plate5.tif,1,800.000,800,800
31704,F8_01_1_2_Chlorophyll_A_001_phosphate_plate5.tif,1,816.000,816,816
31705,F8_01_1_2_Chlorophyll_A_001_phosphate_plate5.tif,1,784.000,784,784
31706,F8_01_1_2_Chlorophyll_A_001_phosphate_plate5.tif,2,824.000,784,864
31707,F8_01_1_2_Chlorophyll_A_001_phosphate_plate5.tif,1,896.000,896,896
31708,F8_01_1_2_Chlorophyll_A_001_phosphate_plate5.tif,3,864.000,768,944
31709,F8_01_1_2_Chlorophyll_A_001_phosphate_plate5.tif,1,816.000,816,816
31710,F8_01_1_2_Chlorophyll_A_001_phosphate_plate5.tif,1,816.000,816,816
31711,F8_01_1_2_Chlorophyll_A_001_phosphate_plate5.tif,2,840.000,800,880
31712,F8_01_1_2_Chlorophyll_A_001_phosphate_plate5.tif,1,784.000,784,784
31713,F8_01_1_2_Chlorophyll_A_001_phosphate_plate5.tif,1,800.000,800,800
31714,F8_01_1_2_Chlorophyll_A_001_phosphate_plate5.tif,2,824.000,816,832
31715,F8_01_1_2_Chlorophyll_A_001_phosphate_plate5.tif,3,773.333,768,784
31716,F8_01_1_2_Chlorophyll_A_001_phosphate_plate5.tif,1,768.000,768,768
31717,F8_01_1_2_Chlorophyll_A_001_phosphate_plate5.tif,2,800.000,768,832
31718,F8_01_1_2_Chlorophyll_A_001_phosphate_plate5.tif,2,776.000,768,784
31719,F8_01_1_2_Chlorophyll_A_001_phosphate_plate5.tif,1,768.000,768,768
31720,F8_01_1_2_Chlorophyll_A_001_phosphate_plate5.tif,1,816.000,816,816
31721,F8_01_1_2_Chlorophyll_A_001_phosphate_plate5.tif,3,784.000,768,800
31722,F8_01_1_2_Chlorophyll_A_001_phosphate_plate5.tif,3,858.667,816,928
31723,F8_01_1_2_Chlorophyll_A_001_phosphate_plate5.tif,2,944.000,944,944
31724,F8_01_1_2_Chlorophyll_A_001_phosphate_plate5.tif,9,789.333,768,864
31725,F8_01_1_2_Chlorophyll_A_001_phosphate_plate5.tif,1,800.000,800,800
31726,F8_01_1_2_Chlorophyll_A_001_phosphate_plate5.tif,1,864.000,864,864
31727,F8_01_1_2_Chlorophyll_A_001_phosphate_plate5.tif,1,944.000,944,944
31728,F8_01_1_2_Chlorophyll_A_001_phosphate_plate5.tif,9,952.889,768,1088
31729,F8_01_1_2_Chlorophyll_A_001_phosphate_plate5.tif,73,875.836,768,1152
31730,F8_01_1_2_Chlorophyll_A_001_phosphate_plate5.tif,1,784.000,784,784
31731,F8_01_1_2_Chlorophyll_A_001_phosphate_plate5.tif,11,852.364,768,1008
31732,F8_01_1_2_Chlorophyll_A_001_phosphate_plate5.tif,212,862.038,768,1168
31733,F8_01_1_2_Chlorophyll_A_001_phosphate_plate5.tif,1,848.000,848,848
31734,F8_01_1_2_Chlorophyll_A_001_phosphate_plate5.tif,1,912.000,912,912
31735,F8_01_1_2_Chlorophyll_A_001_phosphate_plate5.tif,3,890.667,768,1024
31736,F8_01_1_2_Chlorophyll_A_001_phosphate_plate5.tif,286,2161.566,768,21456
31737,F8_01_1_2_Chlorophyll_A_001_phosphate_plate5.tif,4,848.000,800,880
31738,F8_01_1_2_Chlorophyll_A_001_phosphate_plate5.tif,2,896.000,864,928
31739,F8_01_1_2_Chlorophyll_A_001_phosphate_plate5.tif,1,864.000,864,864
31740,F8_01_1_2_Chlorophyll_A_001_phosphate_plate5.tif,1,768.000,768,768
31741,F8_01_1_2_Chlorophyll_A_001_phosphate_plate5.tif,1,768.000,768,768
31742,F8_01_1_2_Chlorophyll_A_001_phosphate_plate5.tif,1,768.000,768,768
31743,F8_01_1_2_Chlorophyll_A_001_phosphate_plate5.tif,9,849.778,784,928
31744,F8_01_1_2_Chlorophyll_A_001_phosphate_plate5.tif,5,848.000,784,960
31745,F8_01_1_2_Chlorophyll_A_001_phosphate_plate5.tif,2,776.000,768,784
31746,F8_01_1_2_Chlorophyll_A_001_phosphate_plate5.tif,1,784.000,784,784
31747,F8_01_1_2_Chlorophyll_A_001_phosphate_plate5.tif,2,800.000,784,816
31748,F8_01_1_2_Chlorophyll_A_001_phosphate_plate5.tif,1,848.000,848,848
31749,F8_01_1_2_Chlorophyll_A_001_phosphate_plate5.tif,1,912.000,912,912
31750,F8_01_1_2_Chlorophyll_A_001_phosphate_plate5.tif,1,864.000,864,864
31751,F8_01_1_2_Chlorophyll_A_001_phosphate_plate5.tif,2,840.000,768,912
31752,F8_01_1_2_Chlorophyll_A_001_phosphate_plate5.tif,4,844.000,784,928
31753,F8_01_1_2_Chlorophyll_A_001_phosphate_plate5.tif,1,912.000,912,912
31754,F8_01_1_2_Chlorophyll_A_001_phosphate_plate5.tif,1,800.000,800,800
31755,F8_01_1_2_Chlorophyll_A_001_phosphate_plate5.tif,2,776.000,768,784
31756,F8_01_1_2_Chlorophyll_A_001_phosphate_plate5.tif,3,821.333,768,912
31757,F8_01_1_2_Chlorophyll_A_001_phosphate_plate5.tif,2,816.000,800,832
31758,F8_01_1_2_Chlorophyll_A_001_phosphate_plate5.tif,1,768.000,768,768
31759,F8_01_1_2_Chlorophyll_A_001_phosphate_plate5.tif,2,800.000,784,816
31760,F8_01_1_2_Chlorophyll_A_001_phosphate_plate5.tif,1,784.000,784,784
31761,F8_01_1_2_Chlorophyll_A_001_phosphate_plate5.tif,1,864.000,864,864
31762,F8_01_1_2_Chlorophyll_A_001_phosphate_plate5.tif,1,864.000,864,864
31763,F8_01_1_2_Chlorophyll_A_001_phosphate_plate5.tif,1,768.000,768,768
31764,F8_01_1_2_Chlorophyll_A_001_phosphate_plate5.tif,1,864.000,864,864
31765,F8_01_1_2_Chlorophyll_A_001_phosphate_plate5.tif,1,784.000,784,784
31766,F8_01_1_2_Chlorophyll_A_001_phosphate_plate5.tif,2,816.000,768,864
31767,F8_01_1_2_Chlorophyll_A_001_phosphate_plate5.tif,2,808.000,768,848
31768,F8_01_1_2_Chlorophyll_A_001_phosphate_plate5.tif,1,768.000,768,768
31769,F8_01_1_2_Chlorophyll_A_001_phosphate_plate5.tif,1,816.000,816,816
31770,F8_01_1_2_Chlorophyll_A_001_phosphate_plate5.tif,1,800.000,800,800
31771,F8_01_1_2_Chlorophyll_A_001_phosphate_plate5.tif,1,768.000,768,768
31772,F8_01_1_2_Chlorophyll_A_001_phosphate_plate5.tif,1,800.000,800,800
31773,F8_01_1_2_Chlorophyll_A_001_phosphate_plate5.tif,1,928.000,928,928
31774,F8_01_1_2_Chlorophyll_A_001_phosphate_plate5.tif,2,784.000,784,784
31775,F8_01_1_2_Chlorophyll_A_001_phosphate_plate5.tif,2,920.000,896,944
31776,F8_01_1_2_Chlorophyll_A_001_phosphate_plate5.tif,1,864.000,864,864
31777,F8_01_1_2_Chlorophyll_A_001_phosphate_plate5.tif,2,792.000,784,800
31778,F8_01_1_2_Chlorophyll_A_001_phosphate_plate5.tif,2,824.000,768,880
31779,F8_01_1_2_Chlorophyll_A_001_phosphate_plate5.tif,2,872.000,848,896
31780,F8_01_1_2_Chlorophyll_A_001_phosphate_plate5.tif,1,800.000,800,800
31781,F8_01_1_2_Chlorophyll_A_001_phosphate_plate5.tif,1,880.000,880,880
31782,F8_01_1_2_Chlorophyll_A_001_phosphate_plate5.tif,58,915.586,768,1152
31783,F8_01_1_2_Chlorophyll_A_001_phosphate_plate5.tif,95,894.316,768,1168
31784,F8_01_1_2_Chlorophyll_A_001_phosphate_plate5.tif,1,976.000,976,976
31785,F8_01_1_2_Chlorophyll_A_001_phosphate_plate5.tif,2,800.000,784,816
31786,F8_01_1_2_Chlorophyll_A_001_phosphate_plate5.tif,1,800.000,800,800
31787,F8_01_1_2_Chlorophyll_A_001_phosphate_plate5.tif,1,832.000,832,832
31788,F8_01_1_2_Chlorophyll_A_001_phosphate_plate5.tif,2,808.000,784,832
31789,F8_01_1_2_Chlorophyll_A_001_phosphate_plate5.tif,1,816.000,816,816
31790,F8_01_1_2_Chlorophyll_A_001_phosphate_plate5.tif,1,784.000,784,784
31791,F8_01_1_2_Chlorophyll_A_001_phosphate_plate5.tif,2,848.000,784,912
31792,F8_01_1_2_Chlorophyll_A_001_phosphate_plate5.tif,1,816.000,816,816
31793,F8_01_1_2_Chlorophyll_A_001_phosphate_plate5.tif,1,768.000,768,768
31794,F8_01_1_2_Chlorophyll_A_001_phosphate_plate5.tif,9,881.778,768,1088
31795,F8_01_1_2_Chlorophyll_A_001_phosphate_plate5.tif,2,904.000,768,1040
31796,F8_01_1_2_Chlorophyll_A_001_phosphate_plate5.tif,1,784.000,784,784
31797,F8_01_1_2_Chlorophyll_A_001_phosphate_plate5.tif,1,912.000,912,912
31798,F8_01_1_2_Chlorophyll_A_001_phosphate_plate5.tif,1,768.000,768,768
31799,F8_01_1_2_Chlorophyll_A_001_phosphate_plate5.tif,2,800.000,768,832
31800,F8_01_1_2_Chlorophyll_A_001_phosphate_plate5.tif,1,832.000,832,832
31801,F8_01_1_2_Chlorophyll_A_001_phosphate_plate5.tif,1,768.000,768,768
31802,F8_01_1_2_Chlorophyll_A_001_phosphate_plate5.tif,1,832.000,832,832
31803,F8_01_1_2_Chlorophyll_A_001_phosphate_plate5.tif,1,816.000,816,816
31804,F8_01_1_2_Chlorophyll_A_001_phosphate_plate5.tif,1,768.000,768,768
31805,F8_01_1_2_Chlorophyll_A_001_phosphate_plate5.tif,1,768.000,768,768
31806,F8_01_1_2_Chlorophyll_A_001_phosphate_plate5.tif,1,768.000,768,768
31807,F8_01_1_2_Chlorophyll_A_001_phosphate_plate5.tif,1,928.000,928,928
31808,F8_01_1_2_Chlorophyll_A_001_phosphate_plate5.tif,2,840.000,800,880
31809,F8_01_1_2_Chlorophyll_A_001_phosphate_plate5.tif,1,800.000,800,800
31810,F8_01_1_2_Chlorophyll_A_001_phosphate_plate5.tif,1,896.000,896,896
31811,F8_01_1_2_Chlorophyll_A_001_phosphate_plate5.tif,1,784.000,784,784
31812,F8_01_1_2_Chlorophyll_A_001_phosphate_plate5.tif,1,832.000,832,832
31813,F8_01_1_2_Chlorophyll_A_001_phosphate_plate5.tif,1,880.000,880,880
31814,F8_01_1_2_Chlorophyll_A_001_phosphate_plate5.tif,1,816.000,816,816
31815,F8_01_1_2_Chlorophyll_A_001_phosphate_plate5.tif,1,816.000,816,816
31816,F8_01_1_2_Chlorophyll_A_001_phosphate_plate5.tif,1,768.000,768,768
31817,F8_01_1_2_Chlorophyll_A_001_phosphate_plate5.tif,3,832.000,784,864
31818,F8_01_1_2_Chlorophyll_A_001_phosphate_plate5.tif,114,1000.421,768,1344
31819,F8_01_1_2_Chlorophyll_A_001_phosphate_plate5.tif,74,897.297,768,1104
31820,F8_01_1_2_Chlorophyll_A_001_phosphate_plate5.tif,1,912.000,912,912
31821,F8_01_1_2_Chlorophyll_A_001_phosphate_plate5.tif,3,832.000,800,864
31822,F8_01_1_2_Chlorophyll_A_001_phosphate_plate5.tif,2,832.000,832,832
31823,F8_01_1_2_Chlorophyll_A_001_phosphate_plate5.tif,1,784.000,784,784
31824,F8_01_1_2_Chlorophyll_A_001_phosphate_plate5.tif,1,880.000,880,880
31825,F8_01_1_2_Chlorophyll_A_001_phosphate_plate5.tif,1,896.000,896,896
31826,F8_01_1_2_Chlorophyll_A_001_phosphate_plate5.tif,1,832.000,832,832
31827,F8_01_1_2_Chlorophyll_A_001_phosphate_plate5.tif,1,784.000,784,784
31828,F8_01_1_2_Chlorophyll_A_001_phosphate_plate5.tif,3,821.333,800,848
31829,F8_01_1_2_Chlorophyll_A_001_phosphate_plate5.tif,2,864.000,816,912
31830,F8_01_1_2_Chlorophyll_A_001_phosphate_plate5.tif,1,768.000,768,768
31831,F8_01_1_2_Chlorophyll_A_001_phosphate_plate5.tif,1,768.000,768,768
31832,F8_01_1_2_Chlorophyll_A_001_phosphate_plate5.tif,2,808.000,800,816
31833,F8_01_1_2_Chlorophyll_A_001_phosphate_plate5.tif,1,816.000,816,816
31834,F8_01_1_2_Chlorophyll_A_001_phosphate_plate5.tif,1,784.000,784,784
31835,F8_01_1_2_Chlorophyll_A_001_phosphate_plate5.tif,1,800.000,800,800
31836,F8_01_1_2_Chlorophyll_A_001_phosphate_plate5.tif,1,768.000,768,768
31837,F8_01_1_2_Chlorophyll_A_001_phosphate_plate5.tif,1,848.000,848,848
31838,F8_01_1_2_Chlorophyll_A_001_phosphate_plate5.tif,1,784.000,784,784
31839,F8_01_1_2_Chlorophyll_A_001_phosphate_plate5.tif,1,784.000,784,784
31840,F8_01_1_2_Chlorophyll_A_001_phosphate_plate5.tif,1,848.000,848,848
31841,F8_01_1_2_Chlorophyll_A_001_phosphate_plate5.tif,1,768.000,768,768
31842,F8_01_1_2_Chlorophyll_A_001_phosphate_plate5.tif,1,800.000,800,800
31843,F8_01_1_2_Chlorophyll_A_001_phosphate_plate5.tif,1,800.000,800,800
31844,F8_01_1_2_Chlorophyll_A_001_phosphate_plate5.tif,1,880.000,880,880
31845,F8_01_1_2_Chlorophyll_A_001_phosphate_plate5.tif,1,784.000,784,784
31846,F8_01_1_2_Chlorophyll_A_001_phosphate_plate5.tif,2,848.000,816,880
31847,F8_01_1_2_Chlorophyll_A_001_phosphate_plate5.tif,1,848.000,848,848
31848,F8_01_1_2_Chlorophyll_A_001_phosphate_plate5.tif,1,768.000,768,768
31849,F8_01_1_2_Chlorophyll_A_001_phosphate_plate5.tif,1,784.000,784,784
31850,F8_01_1_2_Chlorophyll_A_001_phosphate_plate5.tif,2,840.000,816,864
31851,F8_01_1_2_Chlorophyll_A_001_phosphate_plate5.tif,1,832.000,832,832
31852,F8_01_1_2_Chlorophyll_A_001_phosphate_plate5.tif,2,800.000,784,816
31853,F8_01_1_2_Chlorophyll_A_001_phosphate_plate5.tif,1,832.000,832,832
31854,F8_01_1_2_Chlorophyll_A_001_phosphate_plate5.tif,1,880.000,880,880
31855,F8_01_1_2_Chlorophyll_A_001_phosphate_plate5.tif,73,982.356,768,1328
31856,F8_01_1_2_Chlorophyll_A_001_phosphate_plate5.tif,1,800.000,800,800
31857,F8_01_1_2_Chlorophyll_A_001_phosphate_plate5.tif,10,822.400,784,880
31858,F8_01_1_2_Chlorophyll_A_001_phosphate_plate5.tif,1,816.000,816,816
31859,F8_01_1_2_Chlorophyll_A_001_phosphate_plate5.tif,1,880.000,880,880
31860,F8_01_1_2_Chlorophyll_A_001_phosphate_plate5.tif,1,784.000,784,784
31861,F8_01_1_2_Chlorophyll_A_001_phosphate_plate5.tif,1,848.000,848,848
31862,F8_01_1_2_Chlorophyll_A_001_phosphate_plate5.tif,2,872.000,784,960
31863,F8_01_1_2_Chlorophyll_A_001_phosphate_plate5.tif,1,800.000,800,800
31864,F8_01_1_2_Chlorophyll_A_001_phosphate_plate5.tif,2,808.000,800,816
31865,F8_01_1_2_Chlorophyll_A_001_phosphate_plate5.tif,2,784.000,768,800
31866,F8_01_1_2_Chlorophyll_A_001_phosphate_plate5.tif,2,768.000,768,768
31867,F8_01_1_2_Chlorophyll_A_001_phosphate_plate5.tif,2,880.000,800,960
31868,F8_01_1_2_Chlorophyll_A_001_phosphate_plate5.tif,5,803.200,768,832
31869,F8_01_1_2_Chlorophyll_A_001_phosphate_plate5.tif,1,928.000,928,928
31870,F8_01_1_2_Chlorophyll_A_001_phosphate_plate5.tif,1,768.000,768,768
31871,F8_01_1_2_Chlorophyll_A_001_phosphate_plate5.tif,1,864.000,864,864
31872,F8_01_1_2_Chlorophyll_A_001_phosphate_plate5.tif,1,800.000,800,800
31873,F8_01_1_2_Chlorophyll_A_001_phosphate_plate5.tif,1,832.000,832,832
31874,F8_01_1_2_Chlorophyll_A_001_phosphate_plate5.tif,1,832.000,832,832
31875,F8_01_1_2_Chlorophyll_A_001_phosphate_plate5.tif,1,784.000,784,784
31876,F8_01_1_2_Chlorophyll_A_001_phosphate_plate5.tif,74,2820.108,768,12288
31877,F8_01_1_2_Chlorophyll_A_001_phosphate_plate5.tif,1,848.000,848,848
31878,F8_01_1_2_Chlorophyll_A_001_phosphate_plate5.tif,1,896.000,896,896
31879,F8_01_1_2_Chlorophyll_A_001_phosphate_plate5.tif,1,864.000,864,864
31880,F8_01_1_2_Chlorophyll_A_001_phosphate_plate5.tif,2,808.000,800,816
31881,F8_01_1_2_Chlorophyll_A_001_phosphate_plate5.tif,1,768.000,768,768
31882,F8_01_1_2_Chlorophyll_A_001_phosphate_plate5.tif,2,768.000,768,768
31883,F8_01_1_2_Chlorophyll_A_001_phosphate_plate5.tif,60,917.333,768,1200
31884,F8_01_1_2_Chlorophyll_A_001_phosphate_plate5.tif,1,848.000,848,848
31885,F8_01_1_2_Chlorophyll_A_001_phosphate_plate5.tif,1,992.000,992,992
31886,F8_01_1_2_Chlorophyll_A_001_phosphate_plate5.tif,1,768.000,768,768
31887,F8_01_1_2_Chlorophyll_A_001_phosphate_plate5.tif,1,832.000,832,832
31888,F8_01_1_2_Chlorophyll_A_001_phosphate_plate5.tif,1,816.000,816,816
31889,F8_01_1_2_Chlorophyll_A_001_phosphate_plate5.tif,1,768.000,768,768
31890,F8_01_1_2_Chlorophyll_A_001_phosphate_plate5.tif,1,816.000,816,816
31891,F8_01_1_2_Chlorophyll_A_001_phosphate_plate5.tif,1,768.000,768,768
31892,F8_01_1_2_Chlorophyll_A_001_phosphate_plate5.tif,1,1040.000,1040,1040
31893,F8_01_1_2_Chlorophyll_A_001_phosphate_plate5.tif,2,896.000,768,1024
31894,F8_01_1_2_Chlorophyll_A_001_phosphate_plate5.tif,1,784.000,784,784
31895,F8_01_1_2_Chlorophyll_A_001_phosphate_plate5.tif,1,832.000,832,832
31896,F8_01_1_2_Chlorophyll_A_001_phosphate_plate5.tif,1,832.000,832,832
31897,F8_01_1_2_Chlorophyll_A_001_phosphate_plate5.tif,1,784.000,784,784
31898,F8_01_1_2_Chlorophyll_A_001_phosphate_plate5.tif,305,2048.944,768,14208
31899,F8_01_1_2_Chlorophyll_A_001_phosphate_plate5.tif,1,768.000,768,768
31900,F8_01_1_2_Chlorophyll_A_001_phosphate_plate5.tif,1,928.000,928,928
31901,F8_01_1_2_Chlorophyll_A_001_phosphate_plate5.tif,1,864.000,864,864
31902,F8_01_1_2_Chlorophyll_A_001_phosphate_plate5.tif,1,816.000,816,816
31903,F8_01_1_2_Chlorophyll_A_001_phosphate_plate5.tif,4,824.000,784,864
31904,F8_01_1_2_Chlorophyll_A_001_phosphate_plate5.tif,2,816.000,768,864
31905,F8_01_1_2_Chlorophyll_A_001_phosphate_plate5.tif,1,896.000,896,896
31906,F8_01_1_2_Chlorophyll_A_001_phosphate_plate5.tif,1,784.000,784,784
31907,F8_01_1_2_Chlorophyll_A_001_phosphate_plate5.tif,1,784.000,784,784
31908,F8_01_1_2_Chlorophyll_A_001_phosphate_plate5.tif,2,784.000,768,800
31909,F8_01_1_2_Chlorophyll_A_001_phosphate_plate5.tif,1,800.000,800,800
31910,F8_01_1_2_Chlorophyll_A_001_phosphate_plate5.tif,3,917.333,800,1040
31911,F8_01_1_2_Chlorophyll_A_001_phosphate_plate5.tif,2,912.000,832,992
31912,F8_01_1_2_Chlorophyll_A_001_phosphate_plate5.tif,1,928.000,928,928
31913,F8_01_1_2_Chlorophyll_A_001_phosphate_plate5.tif,1,896.000,896,896
31914,F8_01_1_2_Chlorophyll_A_001_phosphate_plate5.tif,1,816.000,816,816
31915,F8_01_1_2_Chlorophyll_A_001_phosphate_plate5.tif,1,816.000,816,816
31916,F8_01_1_2_Chlorophyll_A_001_phosphate_plate5.tif,1,848.000,848,848
31917,F8_01_1_2_Chlorophyll_A_001_phosphate_plate5.tif,1,768.000,768,768
31918,F8_01_1_2_Chlorophyll_A_001_phosphate_plate5.tif,1,816.000,816,816
31919,F8_01_1_2_Chlorophyll_A_001_phosphate_plate5.tif,1,816.000,816,816
31920,F8_01_1_2_Chlorophyll_A_001_phosphate_plate5.tif,1,784.000,784,784
31921,F8_01_1_2_Chlorophyll_A_001_phosphate_plate5.tif,1,784.000,784,784
31922,F8_01_1_2_Chlorophyll_A_001_phosphate_plate5.tif,37,892.108,768,1136
31923,F8_01_1_2_Chlorophyll_A_001_phosphate_plate5.tif,2,784.000,768,800
31924,F8_01_1_2_Chlorophyll_A_001_phosphate_plate5.tif,16,861.000,768,1072
31925,F8_01_1_2_Chlorophyll_A_001_phosphate_plate5.tif,1,784.000,784,784
31926,F8_01_1_2_Chlorophyll_A_001_phosphate_plate5.tif,1,832.000,832,832
31927,F8_01_1_2_Chlorophyll_A_001_phosphate_plate5.tif,3,784.000,768,816
31928,F8_01_1_2_Chlorophyll_A_001_phosphate_plate5.tif,3,842.667,784,928
31929,F8_01_1_2_Chlorophyll_A_001_phosphate_plate5.tif,3,832.000,816,864
31930,F8_01_1_2_Chlorophyll_A_001_phosphate_plate5.tif,2,840.000,832,848
31931,F8_01_1_2_Chlorophyll_A_001_phosphate_plate5.tif,1,784.000,784,784
31932,F8_01_1_2_Chlorophyll_A_001_phosphate_plate5.tif,2,880.000,816,944
31933,F8_01_1_2_Chlorophyll_A_001_phosphate_plate5.tif,12,892.000,768,1008
31934,F8_01_1_2_Chlorophyll_A_001_phosphate_plate5.tif,2,856.000,832,880
31935,F8_01_1_2_Chlorophyll_A_001_phosphate_plate5.tif,1,816.000,816,816
31936,F8_01_1_2_Chlorophyll_A_001_phosphate_plate5.tif,4,868.000,800,960
31937,F8_01_1_2_Chlorophyll_A_001_phosphate_plate5.tif,1,864.000,864,864
31938,F8_01_1_2_Chlorophyll_A_001_phosphate_plate5.tif,2,792.000,784,800
31939,F8_01_1_2_Chlorophyll_A_001_phosphate_plate5.tif,2,776.000,768,784
31940,F8_01_1_2_Chlorophyll_A_001_phosphate_plate5.tif,1,912.000,912,912
31941,F8_01_1_2_Chlorophyll_A_001_phosphate_plate5.tif,2,848.000,848,848
31942,F8_01_1_2_Chlorophyll_A_001_phosphate_plate5.tif,12,876.000,768,1168
31943,F8_01_1_2_Chlorophyll_A_001_phosphate_plate5.tif,6,837.333,784,944
31944,F8_01_1_2_Chlorophyll_A_001_phosphate_plate5.tif,2,872.000,864,880
31945,F8_01_1_2_Chlorophyll_A_001_phosphate_plate5.tif,2,832.000,784,880
31946,F8_01_1_2_Chlorophyll_A_001_phosphate_plate5.tif,1,800.000,800,800
31947,F8_01_1_2_Chlorophyll_A_001_phosphate_plate5.tif,2,832.000,768,896
31948,F8_01_1_2_Chlorophyll_A_001_phosphate_plate5.tif,4,820.000,800,864
31949,F8_01_1_2_Chlorophyll_A_001_phosphate_plate5.tif,1,784.000,784,784
31950,F8_01_1_2_Chlorophyll_A_001_phosphate_plate5.tif,3,885.333,800,1024
31951,F8_01_1_2_Chlorophyll_A_001_phosphate_plate5.tif,1,768.000,768,768
31952,F8_01_1_2_Chlorophyll_A_001_phosphate_plate5.tif,2,856.000,832,880
31953,F8_01_1_2_Chlorophyll_A_001_phosphate_plate5.tif,1,800.000,800,800
31954,F8_01_1_2_Chlorophyll_A_001_phosphate_plate5.tif,2,824.000,800,848
31955,F8_01_1_2_Chlorophyll_A_001_phosphate_plate5.tif,1,800.000,800,800
31956,F8_01_1_2_Chlorophyll_A_001_phosphate_plate5.tif,1,880.000,880,880
31957,F8_01_1_2_Chlorophyll_A_001_phosphate_plate5.tif,1,800.000,800,800
31958,F8_01_1_2_Chlorophyll_A_001_phosphate_plate5.tif,1,784.000,784,784
31959,F8_01_1_2_Chlorophyll_A_001_phosphate_plate5.tif,1,928.000,928,928
31960,F8_01_1_2_Chlorophyll_A_001_phosphate_plate5.tif,2,824.000,800,848
31961,F8_01_1_2_Chlorophyll_A_001_phosphate_plate5.tif,1,848.000,848,848
31962,F8_01_1_2_Chlorophyll_A_001_phosphate_plate5.tif,1,768.000,768,768
31963,F8_01_1_2_Chlorophyll_A_001_phosphate_plate5.tif,1,880.000,880,880
31964,F8_01_1_2_Chlorophyll_A_001_phosphate_plate5.tif,1,832.000,832,832
31965,F8_01_1_2_Chlorophyll_A_001_phosphate_plate5.tif,4,888.000,768,1008
31966,F8_01_1_2_Chlorophyll_A_001_phosphate_plate5.tif,3,794.667,768,816
31967,F8_01_1_2_Chlorophyll_A_001_phosphate_plate5.tif,1,864.000,864,864
31968,F8_01_1_2_Chlorophyll_A_001_phosphate_plate5.tif,4,832.000,768,864
31969,F8_01_1_2_Chlorophyll_A_001_phosphate_plate5.tif,2,784.000,784,784
31970,F8_01_1_2_Chlorophyll_A_001_phosphate_plate5.tif,1,832.000,832,832
31971,F8_01_1_2_Chlorophyll_A_001_phosphate_plate5.tif,3,816.000,768,864
31972,F8_01_1_2_Chlorophyll_A_001_phosphate_plate5.tif,1,784.000,784,784
31973,F8_01_1_2_Chlorophyll_A_001_phosphate_plate5.tif,1,1072.000,1072,1072
31974,F8_01_1_2_Chlorophyll_A_001_phosphate_plate5.tif,4,800.000,768,816
31975,F8_01_1_2_Chlorophyll_A_001_phosphate_plate5.tif,5,864.000,848,912
31976,F8_01_1_2_Chlorophyll_A_001_phosphate_plate5.tif,1,912.000,912,912
31977,F8_01_1_2_Chlorophyll_A_001_phosphate_plate5.tif,2,904.000,880,928
31978,F8_01_1_2_Chlorophyll_A_001_phosphate_plate5.tif,2,840.000,832,848
31979,F8_01_1_2_Chlorophyll_A_001_phosphate_plate5.tif,3,874.667,864,896
31980,F8_01_1_2_Chlorophyll_A_001_phosphate_plate5.tif,1,848.000,848,848
31981,F8_01_1_2_Chlorophyll_A_001_phosphate_plate5.tif,3,789.333,784,800
31982,F8_01_1_2_Chlorophyll_A_001_phosphate_plate5.tif,2,784.000,768,800
31983,F8_01_1_2_Chlorophyll_A_001_phosphate_plate5.tif,1,784.000,784,784
31984,F8_01_1_2_Chlorophyll_A_001_phosphate_plate5.tif,1,864.000,864,864
31985,F8_01_1_2_Chlorophyll_A_001_phosphate_plate5.tif,2,776.000,768,784
31986,F8_01_1_2_Chlorophyll_A_001_phosphate_plate5.tif,1,768.000,768,768
31987,F8_01_1_2_Chlorophyll_A_001_phosphate_plate5.tif,1,864.000,864,864
31988,F8_01_1_2_Chlorophyll_A_001_phosphate_plate5.tif,4,864.000,768,1024
31989,F8_01_1_2_Chlorophyll_A_001_phosphate_plate5.tif,1,832.000,832,832
31990,F8_01_1_2_Chlorophyll_A_001_phosphate_plate5.tif,2,832.000,816,848
31991,F8_01_1_2_Chlorophyll_A_001_phosphate_plate5.tif,1,800.000,800,800
31992,F8_01_1_2_Chlorophyll_A_001_phosphate_plate5.tif,1,928.000,928,928
31993,F8_01_1_2_Chlorophyll_A_001_phosphate_plate5.tif,1,784.000,784,784
31994,F8_01_1_2_Chlorophyll_A_001_phosphate_plate5.tif,1,800.000,800,800
31995,F8_01_1_2_Chlorophyll_A_001_phosphate_plate5.tif,1,912.000,912,912
31996,F8_01_1_2_Chlorophyll_A_001_phosphate_plate5.tif,1,816.000,816,816
31997,F8_01_1_2_Chlorophyll_A_001_phosphate_plate5.tif,1,880.000,880,880
31998,F8_01_1_2_Chlorophyll_A_001_phosphate_plate5.tif,2,800.000,784,816
31999,F8_01_1_2_Chlorophyll_A_001_phosphate_plate5.tif,1,800.000,800,800
32000,F8_01_1_2_Chlorophyll_A_001_phosphate_plate5.tif,1,912.000,912,912
32001,F8_01_1_2_Chlorophyll_A_001_phosphate_plate5.tif,1,784.000,784,784
32002,F8_01_1_2_Chlorophyll_A_001_phosphate_plate5.tif,1,784.000,784,784
32003,F8_01_1_2_Chlorophyll_A_001_phosphate_plate5.tif,1,768.000,768,768
32004,F8_01_1_2_Chlorophyll_A_001_phosphate_plate5.tif,1,896.000,896,896
32005,F8_01_1_2_Chlorophyll_A_001_phosphate_plate5.tif,6,848.000,784,1024
32006,F8_01_1_2_Chlorophyll_A_001_phosphate_plate5.tif,3,848.000,816,880
32007,F8_01_1_2_Chlorophyll_A_001_phosphate_plate5.tif,1,960.000,960,960
32008,F8_01_1_2_Chlorophyll_A_001_phosphate_plate5.tif,88,851.455,768,1120
32009,F8_01_1_2_Chlorophyll_A_001_phosphate_plate5.tif,5,809.600,784,896
32010,F8_01_1_2_Chlorophyll_A_001_phosphate_plate5.tif,2,784.000,784,784
32011,F8_01_1_2_Chlorophyll_A_001_phosphate_plate5.tif,5,838.400,768,944
32012,F8_01_1_2_Chlorophyll_A_001_phosphate_plate5.tif,2,864.000,832,896
32013,F8_01_1_2_Chlorophyll_A_001_phosphate_plate5.tif,2,856.000,784,928
32014,F8_01_1_2_Chlorophyll_A_001_phosphate_plate5.tif,1,816.000,816,816
32015,F8_01_1_2_Chlorophyll_A_001_phosphate_plate5.tif,1,832.000,832,832
32016,F8_01_1_2_Chlorophyll_A_001_phosphate_plate5.tif,2,904.000,864,944
32017,F8_01_1_2_Chlorophyll_A_001_phosphate_plate5.tif,1,768.000,768,768
32018,F8_01_1_2_Chlorophyll_A_001_phosphate_plate5.tif,1,768.000,768,768
32019,F8_01_1_2_Chlorophyll_A_001_phosphate_plate5.tif,1,816.000,816,816
32020,F8_01_1_2_Chlorophyll_A_001_phosphate_plate5.tif,1,896.000,896,896
32021,F8_01_1_2_Chlorophyll_A_001_phosphate_plate5.tif,3,901.333,848,960
32022,F8_01_1_2_Chlorophyll_A_001_phosphate_plate5.tif,3,890.667,832,960
32023,F8_01_1_2_Chlorophyll_A_001_phosphate_plate5.tif,1,800.000,800,800
32024,F8_01_1_2_Chlorophyll_A_001_phosphate_plate5.tif,1,848.000,848,848
32025,F8_01_1_2_Chlorophyll_A_001_phosphate_plate5.tif,2,800.000,784,816
32026,F8_01_1_2_Chlorophyll_A_001_phosphate_plate5.tif,1,832.000,832,832
32027,F8_01_1_2_Chlorophyll_A_001_phosphate_plate5.tif,2,816.000,784,848
32028,F8_01_1_2_Chlorophyll_A_001_phosphate_plate5.tif,1,816.000,816,816
32029,F8_01_1_2_Chlorophyll_A_001_phosphate_plate5.tif,1,768.000,768,768
32030,F8_01_1_2_Chlorophyll_A_001_phosphate_plate5.tif,1,864.000,864,864
32031,F8_01_1_2_Chlorophyll_A_001_phosphate_plate5.tif,1,768.000,768,768
32032,F8_01_1_2_Chlorophyll_A_001_phosphate_plate5.tif,1,896.000,896,896
32033,F8_01_1_2_Chlorophyll_A_001_phosphate_plate5.tif,1,784.000,784,784
32034,F8_01_1_2_Chlorophyll_A_001_phosphate_plate5.tif,1,848.000,848,848
32035,F8_01_1_2_Chlorophyll_A_001_phosphate_plate5.tif,1,848.000,848,848
32036,F8_01_1_2_Chlorophyll_A_001_phosphate_plate5.tif,1,784.000,784,784
32037,F8_01_1_2_Chlorophyll_A_001_phosphate_plate5.tif,2,824.000,800,848
32038,F8_01_1_2_Chlorophyll_A_001_phosphate_plate5.tif,1,832.000,832,832
32039,F8_01_1_2_Chlorophyll_A_001_phosphate_plate5.tif,1,800.000,800,800
32040,F8_01_1_2_Chlorophyll_A_001_phosphate_plate5.tif,3,821.333,800,848
32041,F8_01_1_2_Chlorophyll_A_001_phosphate_plate5.tif,5,812.800,784,848
32042,F8_01_1_2_Chlorophyll_A_001_phosphate_plate5.tif,1,880.000,880,880
32043,F8_01_1_2_Chlorophyll_A_001_phosphate_plate5.tif,204,862.667,768,1120
32044,F8_01_1_2_Chlorophyll_A_001_phosphate_plate5.tif,3,848.000,816,880
32045,F8_01_1_2_Chlorophyll_A_001_phosphate_plate5.tif,4,892.000,768,960
32046,F8_01_1_2_Chlorophyll_A_001_phosphate_plate5.tif,1,768.000,768,768
32047,F8_01_1_2_Chlorophyll_A_001_phosphate_plate5.tif,1,800.000,800,800
32048,F8_01_1_2_Chlorophyll_A_001_phosphate_plate5.tif,1,864.000,864,864
32049,F8_01_1_2_Chlorophyll_A_001_phosphate_plate5.tif,5,841.600,784,880
32050,F8_01_1_2_Chlorophyll_A_001_phosphate_plate5.tif,1,816.000,816,816
32051,F8_01_1_2_Chlorophyll_A_001_phosphate_plate5.tif,1,816.000,816,816
32052,F8_01_1_2_Chlorophyll_A_001_phosphate_plate5.tif,1,784.000,784,784
32053,F8_01_1_2_Chlorophyll_A_001_phosphate_plate5.tif,143,3831.161,768,16480
32054,F8_01_1_2_Chlorophyll_A_001_phosphate_plate5.tif,1,832.000,832,832
32055,F8_01_1_2_Chlorophyll_A_001_phosphate_plate5.tif,1,784.000,784,784
32056,F8_01_1_2_Chlorophyll_A_001_phosphate_plate5.tif,1,800.000,800,800
32057,F8_01_1_2_Chlorophyll_A_001_phosphate_plate5.tif,1,768.000,768,768
32058,F8_01_1_2_Chlorophyll_A_001_phosphate_plate5.tif,1,800.000,800,800
32059,F8_01_1_2_Chlorophyll_A_001_phosphate_plate5.tif,1,768.000,768,768
32060,F8_01_1_2_Chlorophyll_A_001_phosphate_plate5.tif,55,1008.000,784,1296
32061,F8_01_1_2_Chlorophyll_A_001_phosphate_plate5.tif,62,862.968,768,1216
32062,F8_01_1_2_Chlorophyll_A_001_phosphate_plate5.tif,1,864.000,864,864
32063,F8_01_1_2_Chlorophyll_A_001_phosphate_plate5.tif,5,825.600,768,880
32064,F8_01_1_2_Chlorophyll_A_001_phosphate_plate5.tif,5,819.200,768,944
32065,F8_01_1_2_Chlorophyll_A_001_phosphate_plate5.tif,1,928.000,928,928
32066,F8_01_1_2_Chlorophyll_A_001_phosphate_plate5.tif,1,784.000,784,784
32067,F8_01_1_2_Chlorophyll_A_001_phosphate_plate5.tif,3,826.667,768,864
32068,F8_01_1_2_Chlorophyll_A_001_phosphate_plate5.tif,4,836.000,800,864
32069,F8_01_1_2_Chlorophyll_A_001_phosphate_plate5.tif,2,928.000,832,1024
32070,F8_01_1_2_Chlorophyll_A_001_phosphate_plate5.tif,4,828.000,800,880
32071,F8_01_1_2_Chlorophyll_A_001_phosphate_plate5.tif,2,808.000,784,832
32072,F8_01_1_2_Chlorophyll_A_001_phosphate_plate5.tif,1,848.000,848,848
32073,F8_01_1_2_Chlorophyll_A_001_phosphate_plate5.tif,14,850.286,768,992
32074,F8_01_1_2_Chlorophyll_A_001_phosphate_plate5.tif,3,805.333,800,816
32075,F8_01_1_2_Chlorophyll_A_001_phosphate_plate5.tif,2,848.000,784,912
32076,F8_01_1_2_Chlorophyll_A_001_phosphate_plate5.tif,1,784.000,784,784
32077,F8_01_1_2_Chlorophyll_A_001_phosphate_plate5.tif,2,792.000,768,816
32078,F8_01_1_2_Chlorophyll_A_001_phosphate_plate5.tif,1,848.000,848,848
32079,F8_01_1_2_Chlorophyll_A_001_phosphate_plate5.tif,1,864.000,864,864
32080,F8_01_1_2_Chlorophyll_A_001_phosphate_plate5.tif,1,816.000,816,816
32081,F8_01_1_2_Chlorophyll_A_001_phosphate_plate5.tif,1,768.000,768,768
32082,F8_01_1_2_Chlorophyll_A_001_phosphate_plate5.tif,1,800.000,800,800
32083,F8_01_1_2_Chlorophyll_A_001_phosphate_plate5.tif,1,848.000,848,848
32084,F8_01_1_2_Chlorophyll_A_001_phosphate_plate5.tif,1,784.000,784,784
32085,F8_01_1_2_Chlorophyll_A_001_phosphate_plate5.tif,1,768.000,768,768
32086,F8_01_1_2_Chlorophyll_A_001_phosphate_plate5.tif,1,768.000,768,768
32087,F8_01_1_2_Chlorophyll_A_001_phosphate_plate5.tif,1,768.000,768,768
32088,F8_01_1_2_Chlorophyll_A_001_phosphate_plate5.tif,1,944.000,944,944
32089,F8_01_1_2_Chlorophyll_A_001_phosphate_plate5.tif,2,880.000,880,880
32090,F8_01_1_2_Chlorophyll_A_001_phosphate_plate5.tif,2,856.000,768,944
32091,F8_01_1_2_Chlorophyll_A_001_phosphate_plate5.tif,1,816.000,816,816
32092,F8_01_1_2_Chlorophyll_A_001_phosphate_plate5.tif,1,784.000,784,784
32093,F8_01_1_2_Chlorophyll_A_001_phosphate_plate5.tif,9,835.556,768,1056
32094,F8_01_1_2_Chlorophyll_A_001_phosphate_plate5.tif,1,816.000,816,816
32095,F8_01_1_2_Chlorophyll_A_001_phosphate_plate5.tif,1,992.000,992,992
32096,F8_01_1_2_Chlorophyll_A_001_phosphate_plate5.tif,2,872.000,784,960
32097,F8_01_1_2_Chlorophyll_A_001_phosphate_plate5.tif,1,912.000,912,912
32098,F8_01_1_2_Chlorophyll_A_001_phosphate_plate5.tif,1,944.000,944,944
32099,F8_01_1_2_Chlorophyll_A_001_phosphate_plate5.tif,4,848.000,768,960
32100,F8_01_1_2_Chlorophyll_A_001_phosphate_plate5.tif,1,816.000,816,816
32101,F8_01_1_2_Chlorophyll_A_001_phosphate_plate5.tif,6,858.667,816,896
32102,F8_01_1_2_Chlorophyll_A_001_phosphate_plate5.tif,5,825.600,768,912
32103,F8_01_1_2_Chlorophyll_A_001_phosphate_plate5.tif,1,816.000,816,816
32104,F8_01_1_2_Chlorophyll_A_001_phosphate_plate5.tif,222,1975.640,768,13136
32105,F8_01_1_2_Chlorophyll_A_001_phosphate_plate5.tif,2,784.000,768,800
32106,F8_01_1_2_Chlorophyll_A_001_phosphate_plate5.tif,2,784.000,784,784
32107,F8_01_1_2_Chlorophyll_A_001_phosphate_plate5.tif,3,816.000,768,896
32108,F8_01_1_2_Chlorophyll_A_001_phosphate_plate5.tif,2,792.000,768,816
32109,F8_01_1_2_Chlorophyll_A_001_phosphate_plate5.tif,1,784.000,784,784
32110,F8_01_1_2_Chlorophyll_A_001_phosphate_plate5.tif,1,784.000,784,784
32111,F8_01_1_2_Chlorophyll_A_001_phosphate_plate5.tif,3,826.667,768,896
32112,F8_01_1_2_Chlorophyll_A_001_phosphate_plate5.tif,1,816.000,816,816
32113,F8_01_1_2_Chlorophyll_A_001_phosphate_plate5.tif,1,800.000,800,800
32114,F8_01_1_2_Chlorophyll_A_001_phosphate_plate5.tif,4,868.000,800,992
32115,F8_01_1_2_Chlorophyll_A_001_phosphate_plate5.tif,1,896.000,896,896
32116,F8_01_1_2_Chlorophyll_A_001_phosphate_plate5.tif,2,832.000,800,864
32117,F8_01_1_2_Chlorophyll_A_001_phosphate_plate5.tif,1,768.000,768,768
32118,F8_01_1_2_Chlorophyll_A_001_phosphate_plate5.tif,1,816.000,816,816
32119,F8_01_1_2_Chlorophyll_A_001_phosphate_plate5.tif,3,794.667,768,816
32120,F8_01_1_2_Chlorophyll_A_001_phosphate_plate5.tif,3,816.000,800,832
32121,F8_01_1_2_Chlorophyll_A_001_phosphate_plate5.tif,1,832.000,832,832
32122,F8_01_1_2_Chlorophyll_A_001_phosphate_plate5.tif,2,840.000,816,864
32123,F8_01_1_2_Chlorophyll_A_001_phosphate_plate5.tif,3,848.000,784,880
32124,F8_01_1_2_Chlorophyll_A_001_phosphate_plate5.tif,1,816.000,816,816
32125,F8_01_1_2_Chlorophyll_A_001_phosphate_plate5.tif,1,944.000,944,944
32126,F8_01_1_2_Chlorophyll_A_001_phosphate_plate5.tif,5,844.800,784,960
32127,F8_01_1_2_Chlorophyll_A_001_phosphate_plate5.tif,1,816.000,816,816
32128,F8_01_1_2_Chlorophyll_A_001_phosphate_plate5.tif,1,816.000,816,816
32129,F8_01_1_2_Chlorophyll_A_001_phosphate_plate5.tif,1,800.000,800,800
32130,F8_01_1_2_Chlorophyll_A_001_phosphate_plate5.tif,1,864.000,864,864
32131,F8_01_1_2_Chlorophyll_A_001_phosphate_plate5.tif,2,800.000,800,800
32132,F8_01_1_2_Chlorophyll_A_001_phosphate_plate5.tif,3,794.667,784,800
32133,F8_01_1_2_Chlorophyll_A_001_phosphate_plate5.tif,1,896.000,896,896
32134,F8_01_1_2_Chlorophyll_A_001_phosphate_plate5.tif,1,784.000,784,784
32135,F8_01_1_2_Chlorophyll_A_001_phosphate_plate5.tif,1,784.000,784,784
32136,F8_01_1_2_Chlorophyll_A_001_phosphate_plate5.tif,2,856.000,784,928
32137,F8_01_1_2_Chlorophyll_A_001_phosphate_plate5.tif,267,2270.442,768,30784
32138,F8_01_1_2_Chlorophyll_A_001_phosphate_plate5.tif,3,858.667,800,928
32139,F8_01_1_2_Chlorophyll_A_001_phosphate_plate5.tif,3,885.333,816,976
32140,F8_01_1_2_Chlorophyll_A_001_phosphate_plate5.tif,1,880.000,880,880
32141,F8_01_1_2_Chlorophyll_A_001_phosphate_plate5.tif,1,800.000,800,800
32142,F8_01_1_2_Chlorophyll_A_001_phosphate_plate5.tif,1,784.000,784,784
32143,F8_01_1_2_Chlorophyll_A_001_phosphate_plate5.tif,2,800.000,784,816
32144,F8_01_1_2_Chlorophyll_A_001_phosphate_plate5.tif,2,776.000,768,784
32145,F8_01_1_2_Chlorophyll_A_001_phosphate_plate5.tif,1,1024.000,1024,1024
32146,F8_01_1_2_Chlorophyll_A_001_phosphate_plate5.tif,1,784.000,784,784
32147,F8_01_1_2_Chlorophyll_A_001_phosphate_plate5.tif,2,792.000,784,800
32148,F8_01_1_2_Chlorophyll_A_001_phosphate_plate5.tif,1,848.000,848,848
32149,F8_01_1_2_Chlorophyll_A_001_phosphate_plate5.tif,1,768.000,768,768
32150,F8_01_1_2_Chlorophyll_A_001_phosphate_plate5.tif,2,816.000,784,848
32151,F8_01_1_2_Chlorophyll_A_001_phosphate_plate5.tif,1,912.000,912,912
32152,F8_01_1_2_Chlorophyll_A_001_phosphate_plate5.tif,1,848.000,848,848
32153,F8_01_1_2_Chlorophyll_A_001_phosphate_plate5.tif,1,832.000,832,832
32154,F8_01_1_2_Chlorophyll_A_001_phosphate_plate5.tif,1,896.000,896,896
32155,F8_01_1_2_Chlorophyll_A_001_phosphate_plate5.tif,2,768.000,768,768
32156,F8_01_1_2_Chlorophyll_A_001_phosphate_plate5.tif,1,768.000,768,768
32157,F8_01_1_2_Chlorophyll_A_001_phosphate_plate5.tif,1,768.000,768,768
32158,F8_01_1_2_Chlorophyll_A_001_phosphate_plate5.tif,1,816.000,816,816
32159,F8_01_1_2_Chlorophyll_A_001_phosphate_plate5.tif,2,776.000,768,784
32160,F8_01_1_2_Chlorophyll_A_001_phosphate_plate5.tif,1,848.000,848,848
32161,F8_01_1_2_Chlorophyll_A_001_phosphate_plate5.tif,2,864.000,832,896
32162,F8_01_1_2_Chlorophyll_A_001_phosphate_plate5.tif,1,800.000,800,800
32163,F8_01_1_2_Chlorophyll_A_001_phosphate_plate5.tif,1,832.000,832,832
32164,F8_01_1_2_Chlorophyll_A_001_phosphate_plate5.tif,1,832.000,832,832
32165,F8_01_1_2_Chlorophyll_A_001_phosphate_plate5.tif,1,784.000,784,784
32166,F8_01_1_2_Chlorophyll_A_001_phosphate_plate5.tif,1,864.000,864,864
32167,F8_01_1_2_Chlorophyll_A_001_phosphate_plate5.tif,1,768.000,768,768
32168,F8_01_1_2_Chlorophyll_A_001_phosphate_plate5.tif,1,784.000,784,784
32169,F8_01_1_2_Chlorophyll_A_001_phosphate_plate5.tif,2,792.000,784,800
32170,F8_01_1_2_Chlorophyll_A_001_phosphate_plate5.tif,1,800.000,800,800
32171,F8_01_1_2_Chlorophyll_A_001_phosphate_plate5.tif,1,800.000,800,800
32172,F8_01_1_2_Chlorophyll_A_001_phosphate_plate5.tif,1,912.000,912,912
32173,F8_01_1_2_Chlorophyll_A_001_phosphate_plate5.tif,1,816.000,816,816
32174,F8_01_1_2_Chlorophyll_A_001_phosphate_plate5.tif,1,848.000,848,848
32175,F8_01_1_2_Chlorophyll_A_001_phosphate_plate5.tif,1,768.000,768,768
32176,F8_01_1_2_Chlorophyll_A_001_phosphate_plate5.tif,29,970.483,768,1248
32177,F8_01_1_2_Chlorophyll_A_001_phosphate_plate5.tif,1,1008.000,1008,1008
32178,F8_01_1_2_Chlorophyll_A_001_phosphate_plate5.tif,1,1056.000,1056,1056
32179,F8_01_1_2_Chlorophyll_A_001_phosphate_plate5.tif,1,928.000,928,928
32180,F8_01_1_2_Chlorophyll_A_001_phosphate_plate5.tif,5,880.000,832,944
32181,F8_01_1_2_Chlorophyll_A_001_phosphate_plate5.tif,1,848.000,848,848
32182,F8_01_1_2_Chlorophyll_A_001_phosphate_plate5.tif,1,896.000,896,896
32183,F8_01_1_2_Chlorophyll_A_001_phosphate_plate5.tif,3,832.000,800,848
32184,F8_01_1_2_Chlorophyll_A_001_phosphate_plate5.tif,5,870.400,784,976
32185,F8_01_1_2_Chlorophyll_A_001_phosphate_plate5.tif,2,888.000,816,960
32186,F8_01_1_2_Chlorophyll_A_001_phosphate_plate5.tif,1,848.000,848,848
32187,F8_01_1_2_Chlorophyll_A_001_phosphate_plate5.tif,1,1024.000,1024,1024
32188,F8_01_1_2_Chlorophyll_A_001_phosphate_plate5.tif,1,768.000,768,768
32189,F8_01_1_2_Chlorophyll_A_001_phosphate_plate5.tif,2,808.000,800,816
32190,F8_01_1_2_Chlorophyll_A_001_phosphate_plate5.tif,1,768.000,768,768
32191,F8_01_1_2_Chlorophyll_A_001_phosphate_plate5.tif,1,896.000,896,896
32192,F8_01_1_2_Chlorophyll_A_001_phosphate_plate5.tif,1,768.000,768,768
32193,F8_01_1_2_Chlorophyll_A_001_phosphate_plate5.tif,1,784.000,784,784
32194,F8_01_1_2_Chlorophyll_A_001_phosphate_plate5.tif,1,784.000,784,784
32195,F8_01_1_2_Chlorophyll_A_001_phosphate_plate5.tif,1,800.000,800,800
32196,F8_01_1_2_Chlorophyll_A_001_phosphate_plate5.tif,1,784.000,784,784
32197,F8_01_1_2_Chlorophyll_A_001_phosphate_plate5.tif,1,816.000,816,816
32198,F8_01_1_2_Chlorophyll_A_001_phosphate_plate5.tif,1,896.000,896,896
32199,F8_01_1_2_Chlorophyll_A_001_phosphate_plate5.tif,1,832.000,832,832
32200,F8_01_1_2_Chlorophyll_A_001_phosphate_plate5.tif,2,792.000,784,800
32201,F8_01_1_2_Chlorophyll_A_001_phosphate_plate5.tif,1,784.000,784,784
32202,F8_01_1_2_Chlorophyll_A_001_phosphate_plate5.tif,1,800.000,800,800
32203,F8_01_1_2_Chlorophyll_A_001_phosphate_plate5.tif,2,816.000,768,864
32204,F8_01_1_2_Chlorophyll_A_001_phosphate_plate5.tif,1,848.000,848,848
32205,F8_01_1_2_Chlorophyll_A_001_phosphate_plate5.tif,1,832.000,832,832
32206,F8_01_1_2_Chlorophyll_A_001_phosphate_plate5.tif,6,856.000,768,944
32207,F8_01_1_2_Chlorophyll_A_001_phosphate_plate5.tif,54,984.000,768,1328
32208,F8_01_1_2_Chlorophyll_A_001_phosphate_plate5.tif,34,930.353,768,1136
32209,F8_01_1_2_Chlorophyll_A_001_phosphate_plate5.tif,1,976.000,976,976
32210,F8_01_1_2_Chlorophyll_A_001_phosphate_plate5.tif,2,840.000,768,912
32211,F8_01_1_2_Chlorophyll_A_001_phosphate_plate5.tif,1,800.000,800,800
32212,F8_01_1_2_Chlorophyll_A_001_phosphate_plate5.tif,1,784.000,784,784
32213,F8_01_1_2_Chlorophyll_A_001_phosphate_plate5.tif,1,832.000,832,832
32214,F8_01_1_2_Chlorophyll_A_001_phosphate_plate5.tif,4,840.000,768,960
32215,F8_01_1_2_Chlorophyll_A_001_phosphate_plate5.tif,2,816.000,800,832
32216,F8_01_1_2_Chlorophyll_A_001_phosphate_plate5.tif,2,784.000,784,784
32217,F8_01_1_2_Chlorophyll_A_001_phosphate_plate5.tif,1,832.000,832,832
32218,F8_01_1_2_Chlorophyll_A_001_phosphate_plate5.tif,4,800.000,784,816
32219,F8_01_1_2_Chlorophyll_A_001_phosphate_plate5.tif,1,880.000,880,880
32220,F8_01_1_2_Chlorophyll_A_001_phosphate_plate5.tif,3,773.333,768,784
32221,F8_01_1_2_Chlorophyll_A_001_phosphate_plate5.tif,1,832.000,832,832
32222,F8_01_1_2_Chlorophyll_A_001_phosphate_plate5.tif,1,768.000,768,768
32223,F8_01_1_2_Chlorophyll_A_001_phosphate_plate5.tif,1,800.000,800,800
32224,F8_01_1_2_Chlorophyll_A_001_phosphate_plate5.tif,1,896.000,896,896
32225,F8_01_1_2_Chlorophyll_A_001_phosphate_plate5.tif,1,768.000,768,768
32226,F8_01_1_2_Chlorophyll_A_001_phosphate_plate5.tif,2,872.000,784,960
32227,F8_01_1_2_Chlorophyll_A_001_phosphate_plate5.tif,1,768.000,768,768
32228,F8_01_1_2_Chlorophyll_A_001_phosphate_plate5.tif,2,872.000,784,960
32229,F8_01_1_2_Chlorophyll_A_001_phosphate_plate5.tif,1,896.000,896,896
32230,F8_01_1_2_Chlorophyll_A_001_phosphate_plate5.tif,1,816.000,816,816
32231,F8_01_1_2_Chlorophyll_A_001_phosphate_plate5.tif,3,789.333,768,816
32232,F8_01_1_2_Chlorophyll_A_001_phosphate_plate5.tif,1,800.000,800,800
32233,F8_01_1_2_Chlorophyll_A_001_phosphate_plate5.tif,1,768.000,768,768
32234,F8_01_1_2_Chlorophyll_A_001_phosphate_plate5.tif,1,800.000,800,800
32235,F8_01_1_2_Chlorophyll_A_001_phosphate_plate5.tif,1,768.000,768,768
32236,F8_01_1_2_Chlorophyll_A_001_phosphate_plate5.tif,1,768.000,768,768
32237,F8_01_1_2_Chlorophyll_A_001_phosphate_plate5.tif,1,784.000,784,784
32238,F8_01_1_2_Chlorophyll_A_001_phosphate_plate5.tif,1,912.000,912,912
32239,F8_01_1_2_Chlorophyll_A_001_phosphate_plate5.tif,1,800.000,800,800
32240,F8_01_1_2_Chlorophyll_A_001_phosphate_plate5.tif,76,946.737,768,1184
32241,F8_01_1_2_Chlorophyll_A_001_phosphate_plate5.tif,15,903.467,768,1120
32242,F8_01_1_2_Chlorophyll_A_001_phosphate_plate5.tif,29,848.000,768,992
32243,F8_01_1_2_Chlorophyll_A_001_phosphate_plate5.tif,4,920.000,816,1024
32244,F8_01_1_2_Chlorophyll_A_001_phosphate_plate5.tif,2,840.000,800,880
32245,F8_01_1_2_Chlorophyll_A_001_phosphate_plate5.tif,19,839.579,768,960
32246,F8_01_1_2_Chlorophyll_A_001_phosphate_plate5.tif,6,850.667,784,976
32247,F8_01_1_2_Chlorophyll_A_001_phosphate_plate5.tif,2,880.000,832,928
32248,F8_01_1_2_Chlorophyll_A_001_phosphate_plate5.tif,3,848.000,784,928
32249,F8_01_1_2_Chlorophyll_A_001_phosphate_plate5.tif,2,840.000,816,864
32250,F8_01_1_2_Chlorophyll_A_001_phosphate_plate5.tif,2,832.000,800,864
32251,F8_01_1_2_Chlorophyll_A_001_phosphate_plate5.tif,5,822.400,768,944
32252,F8_01_1_2_Chlorophyll_A_001_phosphate_plate5.tif,3,784.000,768,800
32253,F8_01_1_2_Chlorophyll_A_001_phosphate_plate5.tif,1,800.000,800,800
32254,F8_01_1_2_Chlorophyll_A_001_phosphate_plate5.tif,1,912.000,912,912
32255,F8_01_1_2_Chlorophyll_A_001_phosphate_plate5.tif,1,848.000,848,848
32256,F8_01_1_2_Chlorophyll_A_001_phosphate_plate5.tif,1,928.000,928,928
32257,F8_01_1_2_Chlorophyll_A_001_phosphate_plate5.tif,2,912.000,800,1024
32258,F8_01_1_2_Chlorophyll_A_001_phosphate_plate5.tif,3,832.000,800,896
32259,F8_01_1_2_Chlorophyll_A_001_phosphate_plate5.tif,2,784.000,768,800
32260,F8_01_1_2_Chlorophyll_A_001_phosphate_plate5.tif,1,816.000,816,816
32261,F8_01_1_2_Chlorophyll_A_001_phosphate_plate5.tif,1,832.000,832,832
32262,F8_01_1_2_Chlorophyll_A_001_phosphate_plate5.tif,2,816.000,768,864
32263,F8_01_1_2_Chlorophyll_A_001_phosphate_plate5.tif,2,776.000,768,784
32264,F8_01_1_2_Chlorophyll_A_001_phosphate_plate5.tif,1,768.000,768,768
32265,F8_01_1_2_Chlorophyll_A_001_phosphate_plate5.tif,2,832.000,832,832
32266,F8_01_1_2_Chlorophyll_A_001_phosphate_plate5.tif,1,768.000,768,768
32267,F8_01_1_2_Chlorophyll_A_001_phosphate_plate5.tif,1,768.000,768,768
32268,F8_01_1_2_Chlorophyll_A_001_phosphate_plate5.tif,1,800.000,800,800
32269,F8_01_1_2_Chlorophyll_A_001_phosphate_plate5.tif,1,800.000,800,800
32270,F8_01_1_2_Chlorophyll_A_001_phosphate_plate5.tif,1,768.000,768,768
32271,F8_01_1_2_Chlorophyll_A_001_phosphate_plate5.tif,3,794.667,784,800
32272,F8_01_1_2_Chlorophyll_A_001_phosphate_plate5.tif,1,784.000,784,784
32273,F8_01_1_2_Chlorophyll_A_001_phosphate_plate5.tif,9,867.556,768,1024
32274,F8_01_1_2_Chlorophyll_A_001_phosphate_plate5.tif,1,784.000,784,784
32275,F8_01_1_2_Chlorophyll_A_001_phosphate_plate5.tif,1,864.000,864,864
32276,F8_01_1_2_Chlorophyll_A_001_phosphate_plate5.tif,9,855.111,784,944
32277,F8_01_1_2_Chlorophyll_A_001_phosphate_plate5.tif,1,976.000,976,976
32278,F8_01_1_2_Chlorophyll_A_001_phosphate_plate5.tif,1,880.000,880,880
32279,F8_01_1_2_Chlorophyll_A_001_phosphate_plate5.tif,8,846.000,768,1040
32280,F8_01_1_2_Chlorophyll_A_001_phosphate_plate5.tif,4,816.000,768,880
32281,F8_01_1_2_Chlorophyll_A_001_phosphate_plate5.tif,1,784.000,784,784
32282,F8_01_1_2_Chlorophyll_A_001_phosphate_plate5.tif,1,928.000,928,928
32283,F8_01_1_2_Chlorophyll_A_001_phosphate_plate5.tif,11,837.818,768,928
32284,F8_01_1_2_Chlorophyll_A_001_phosphate_plate5.tif,4,844.000,768,1072
32285,F8_01_1_2_Chlorophyll_A_001_phosphate_plate5.tif,1,784.000,784,784
32286,F8_01_1_2_Chlorophyll_A_001_phosphate_plate5.tif,1,800.000,800,800
32287,F8_01_1_2_Chlorophyll_A_001_phosphate_plate5.tif,1,848.000,848,848
32288,F8_01_1_2_Chlorophyll_A_001_phosphate_plate5.tif,1,800.000,800,800
32289,F8_01_1_2_Chlorophyll_A_001_phosphate_plate5.tif,1,896.000,896,896
32290,F8_01_1_2_Chlorophyll_A_001_phosphate_plate5.tif,4,888.000,800,1088
32291,F8_01_1_2_Chlorophyll_A_001_phosphate_plate5.tif,1,960.000,960,960
32292,F8_01_1_2_Chlorophyll_A_001_phosphate_plate5.tif,1,912.000,912,912
32293,F8_01_1_2_Chlorophyll_A_001_phosphate_plate5.tif,1,832.000,832,832
32294,F8_01_1_2_Chlorophyll_A_001_phosphate_plate5.tif,1,848.000,848,848
32295,F8_01_1_2_Chlorophyll_A_001_phosphate_plate5.tif,1,768.000,768,768
32296,F8_01_1_2_Chlorophyll_A_001_phosphate_plate5.tif,1,896.000,896,896
32297,F8_01_1_2_Chlorophyll_A_001_phosphate_plate5.tif,1,800.000,800,800
32298,F8_01_1_2_Chlorophyll_A_001_phosphate_plate5.tif,1,816.000,816,816
32299,F8_01_1_2_Chlorophyll_A_001_phosphate_plate5.tif,1,848.000,848,848
32300,F8_01_1_2_Chlorophyll_A_001_phosphate_plate5.tif,2,840.000,816,864
32301,F8_01_1_2_Chlorophyll_A_001_phosphate_plate5.tif,1,784.000,784,784
32302,F8_01_1_2_Chlorophyll_A_001_phosphate_plate5.tif,1,896.000,896,896
32303,F8_01_1_2_Chlorophyll_A_001_phosphate_plate5.tif,3,789.333,768,832
32304,F8_01_1_2_Chlorophyll_A_001_phosphate_plate5.tif,1,816.000,816,816
32305,F8_01_1_2_Chlorophyll_A_001_phosphate_plate5.tif,1,800.000,800,800
32306,F8_01_1_2_Chlorophyll_A_001_phosphate_plate5.tif,3,789.333,768,800
32307,F8_01_1_2_Chlorophyll_A_001_phosphate_plate5.tif,2,800.000,768,832
32308,F8_01_1_2_Chlorophyll_A_001_phosphate_plate5.tif,1,768.000,768,768
32309,F8_01_1_2_Chlorophyll_A_001_phosphate_plate5.tif,1,880.000,880,880
32310,F8_01_1_2_Chlorophyll_A_001_phosphate_plate5.tif,1,800.000,800,800
32311,F8_01_1_2_Chlorophyll_A_001_phosphate_plate5.tif,1,816.000,816,816
32312,F8_01_1_2_Chlorophyll_A_001_phosphate_plate5.tif,1,800.000,800,800
32313,F8_01_1_2_Chlorophyll_A_001_phosphate_plate5.tif,1,880.000,880,880
32314,F8_01_1_2_Chlorophyll_A_001_phosphate_plate5.tif,1,880.000,880,880
32315,F8_01_1_2_Chlorophyll_A_001_phosphate_plate5.tif,1,880.000,880,880
32316,F8_01_1_2_Chlorophyll_A_001_phosphate_plate5.tif,1,800.000,800,800
32317,F8_01_1_2_Chlorophyll_A_001_phosphate_plate5.tif,2,776.000,768,784
32318,F8_01_1_2_Chlorophyll_A_001_phosphate_plate5.tif,1,800.000,800,800
32319,F8_01_1_2_Chlorophyll_A_001_phosphate_plate5.tif,73,906.959,768,1136
32320,F8_01_1_2_Chlorophyll_A_001_phosphate_plate5.tif,2,792.000,784,800
32321,F8_01_1_2_Chlorophyll_A_001_phosphate_plate5.tif,1,1008.000,1008,1008
32322,F8_01_1_2_Chlorophyll_A_001_phosphate_plate5.tif,1,784.000,784,784
32323,F8_01_1_2_Chlorophyll_A_001_phosphate_plate5.tif,2,872.000,864,880
32324,F8_01_1_2_Chlorophyll_A_001_phosphate_plate5.tif,1,816.000,816,816
32325,F8_01_1_2_Chlorophyll_A_001_phosphate_plate5.tif,1,816.000,816,816
32326,F8_01_1_2_Chlorophyll_A_001_phosphate_plate5.tif,1,800.000,800,800
32327,F8_01_1_2_Chlorophyll_A_001_phosphate_plate5.tif,1,832.000,832,832
32328,F8_01_1_2_Chlorophyll_A_001_phosphate_plate5.tif,1,784.000,784,784
32329,F8_01_1_2_Chlorophyll_A_001_phosphate_plate5.tif,1,784.000,784,784
32330,F8_01_1_2_Chlorophyll_A_001_phosphate_plate5.tif,1,800.000,800,800
32331,F8_01_1_2_Chlorophyll_A_001_phosphate_plate5.tif,1,832.000,832,832
32332,F8_01_1_2_Chlorophyll_A_001_phosphate_plate5.tif,1,816.000,816,816
32333,F8_01_1_2_Chlorophyll_A_001_phosphate_plate5.tif,1,784.000,784,784
32334,F8_01_1_2_Chlorophyll_A_001_phosphate_plate5.tif,1,896.000,896,896
32335,F8_01_1_2_Chlorophyll_A_001_phosphate_plate5.tif,1,816.000,816,816
32336,F8_01_1_2_Chlorophyll_A_001_phosphate_plate5.tif,2,872.000,784,960
32337,F8_01_1_2_Chlorophyll_A_001_phosphate_plate5.tif,1,816.000,816,816
32338,F8_01_1_2_Chlorophyll_A_001_phosphate_plate5.tif,1,848.000,848,848
32339,F8_01_1_2_Chlorophyll_A_001_phosphate_plate5.tif,1,800.000,800,800
32340,F8_01_1_2_Chlorophyll_A_001_phosphate_plate5.tif,1,800.000,800,800
32341,F8_01_1_2_Chlorophyll_A_001_phosphate_plate5.tif,1,944.000,944,944
32342,F8_01_1_2_Chlorophyll_A_001_phosphate_plate5.tif,2,840.000,768,912
32343,F8_01_1_2_Chlorophyll_A_001_phosphate_plate5.tif,3,821.333,768,896
32344,F8_01_1_2_Chlorophyll_A_001_phosphate_plate5.tif,6,824.000,800,880
32345,F8_01_1_2_Chlorophyll_A_001_phosphate_plate5.tif,132,1009.939,768,1392
32346,F8_01_1_2_Chlorophyll_A_001_phosphate_plate5.tif,80,867.800,768,1184
32347,F8_01_1_2_Chlorophyll_A_001_phosphate_plate5.tif,67,887.642,768,1136
32348,F8_01_1_2_Chlorophyll_A_001_phosphate_plate5.tif,3,906.667,880,944
32349,F8_01_1_2_Chlorophyll_A_001_phosphate_plate5.tif,2,920.000,880,960
32350,F8_01_1_2_Chlorophyll_A_001_phosphate_plate5.tif,2,824.000,816,832
32351,F8_01_1_2_Chlorophyll_A_001_phosphate_plate5.tif,1,992.000,992,992
32352,F8_01_1_2_Chlorophyll_A_001_phosphate_plate5.tif,1,880.000,880,880
32353,F8_01_1_2_Chlorophyll_A_001_phosphate_plate5.tif,2,840.000,768,912
32354,F8_01_1_2_Chlorophyll_A_001_phosphate_plate5.tif,7,841.143,784,944
32355,F8_01_1_2_Chlorophyll_A_001_phosphate_plate5.tif,1,832.000,832,832
32356,F8_01_1_2_Chlorophyll_A_001_phosphate_plate5.tif,2,928.000,880,976
32357,F8_01_1_2_Chlorophyll_A_001_phosphate_plate5.tif,3,848.000,768,944
32358,F8_01_1_2_Chlorophyll_A_001_phosphate_plate5.tif,1,800.000,800,800
32359,F8_01_1_2_Chlorophyll_A_001_phosphate_plate5.tif,3,874.667,816,912
32360,F8_01_1_2_Chlorophyll_A_001_phosphate_plate5.tif,3,816.000,768,880
32361,F8_01_1_2_Chlorophyll_A_001_phosphate_plate5.tif,3,832.000,784,928
32362,F8_01_1_2_Chlorophyll_A_001_phosphate_plate5.tif,3,906.667,768,1088
32363,F8_01_1_2_Chlorophyll_A_001_phosphate_plate5.tif,1,832.000,832,832
32364,F8_01_1_2_Chlorophyll_A_001_phosphate_plate5.tif,1,784.000,784,784
32365,F8_01_1_2_Chlorophyll_A_001_phosphate_plate5.tif,1,800.000,800,800
32366,F8_01_1_2_Chlorophyll_A_001_phosphate_plate5.tif,1,832.000,832,832
32367,F8_01_1_2_Chlorophyll_A_001_phosphate_plate5.tif,1,784.000,784,784
32368,F8_01_1_2_Chlorophyll_A_001_phosphate_plate5.tif,1,784.000,784,784
32369,F8_01_1_2_Chlorophyll_A_001_phosphate_plate5.tif,1,848.000,848,848
32370,F8_01_1_2_Chlorophyll_A_001_phosphate_plate5.tif,2,784.000,768,800
32371,F8_01_1_2_Chlorophyll_A_001_phosphate_plate5.tif,1,800.000,800,800
32372,F8_01_1_2_Chlorophyll_A_001_phosphate_plate5.tif,3,821.333,784,864
32373,F8_01_1_2_Chlorophyll_A_001_phosphate_plate5.tif,1,768.000,768,768
32374,F8_01_1_2_Chlorophyll_A_001_phosphate_plate5.tif,1,832.000,832,832
32375,F8_01_1_2_Chlorophyll_A_001_phosphate_plate5.tif,1,784.000,784,784
32376,F8_01_1_2_Chlorophyll_A_001_phosphate_plate5.tif,1,944.000,944,944
32377,F8_01_1_2_Chlorophyll_A_001_phosphate_plate5.tif,1,784.000,784,784
32378,F8_01_1_2_Chlorophyll_A_001_phosphate_plate5.tif,1,912.000,912,912
32379,F8_01_1_2_Chlorophyll_A_001_phosphate_plate5.tif,1,784.000,784,784
32380,F8_01_1_2_Chlorophyll_A_001_phosphate_plate5.tif,1,784.000,784,784
32381,F8_01_1_2_Chlorophyll_A_001_phosphate_plate5.tif,2,880.000,848,912
32382,F8_01_1_2_Chlorophyll_A_001_phosphate_plate5.tif,1,896.000,896,896
32383,F8_01_1_2_Chlorophyll_A_001_phosphate_plate5.tif,1,800.000,800,800
32384,F8_01_1_2_Chlorophyll_A_001_phosphate_plate5.tif,2,864.000,800,928
32385,F8_01_1_2_Chlorophyll_A_001_phosphate_plate5.tif,1,800.000,800,800
32386,F8_01_1_2_Chlorophyll_A_001_phosphate_plate5.tif,1,944.000,944,944
32387,F8_01_1_2_Chlorophyll_A_001_phosphate_plate5.tif,2,928.000,784,1072
32388,F8_01_1_2_Chlorophyll_A_001_phosphate_plate5.tif,3,794.667,784,800
32389,F8_01_1_2_Chlorophyll_A_001_phosphate_plate5.tif,78,995.897,784,1312
32390,F8_01_1_2_Chlorophyll_A_001_phosphate_plate5.tif,36,860.444,768,1200
32391,F8_01_1_2_Chlorophyll_A_001_phosphate_plate5.tif,1,960.000,960,960
32392,F8_01_1_2_Chlorophyll_A_001_phosphate_plate5.tif,24,856.000,768,976
32393,F8_01_1_2_Chlorophyll_A_001_phosphate_plate5.tif,3,805.333,768,864
32394,F8_01_1_2_Chlorophyll_A_001_phosphate_plate5.tif,1,944.000,944,944
32395,F8_01_1_2_Chlorophyll_A_001_phosphate_plate5.tif,2,824.000,784,864
32396,F8_01_1_2_Chlorophyll_A_001_phosphate_plate5.tif,1,816.000,816,816
32397,F8_01_1_2_Chlorophyll_A_001_phosphate_plate5.tif,1,816.000,816,816
32398,F8_01_1_2_Chlorophyll_A_001_phosphate_plate5.tif,2,880.000,880,880
32399,F8_01_1_2_Chlorophyll_A_001_phosphate_plate5.tif,2,848.000,848,848
32400,F8_01_1_2_Chlorophyll_A_001_phosphate_plate5.tif,1,768.000,768,768
32401,F8_01_1_2_Chlorophyll_A_001_phosphate_plate5.tif,4,800.000,784,816
32402,F8_01_1_2_Chlorophyll_A_001_phosphate_plate5.tif,1,880.000,880,880
32403,F8_01_1_2_Chlorophyll_A_001_phosphate_plate5.tif,1,832.000,832,832
32404,F8_01_1_2_Chlorophyll_A_001_phosphate_plate5.tif,1,784.000,784,784
32405,F8_01_1_2_Chlorophyll_A_001_phosphate_plate5.tif,1,832.000,832,832
32406,F8_01_1_2_Chlorophyll_A_001_phosphate_plate5.tif,1,784.000,784,784
32407,F8_01_1_2_Chlorophyll_A_001_phosphate_plate5.tif,1,880.000,880,880
32408,F8_01_1_2_Chlorophyll_A_001_phosphate_plate5.tif,1,880.000,880,880
32409,F8_01_1_2_Chlorophyll_A_001_phosphate_plate5.tif,1,912.000,912,912
32410,F8_01_1_2_Chlorophyll_A_001_phosphate_plate5.tif,3,816.000,800,848
32411,F8_01_1_2_Chlorophyll_A_001_phosphate_plate5.tif,1,848.000,848,848
32412,F8_01_1_2_Chlorophyll_A_001_phosphate_plate5.tif,1,1184.000,1184,1184
32413,F8_01_1_2_Chlorophyll_A_001_phosphate_plate5.tif,1,816.000,816,816
32414,F8_01_1_2_Chlorophyll_A_001_phosphate_plate5.tif,1,768.000,768,768
32415,F8_01_1_2_Chlorophyll_A_001_phosphate_plate5.tif,1,992.000,992,992
32416,F8_01_1_2_Chlorophyll_A_001_phosphate_plate5.tif,1,768.000,768,768
32417,F8_01_1_2_Chlorophyll_A_001_phosphate_plate5.tif,1,880.000,880,880
32418,F8_01_1_2_Chlorophyll_A_001_phosphate_plate5.tif,1,832.000,832,832
32419,F8_01_1_2_Chlorophyll_A_001_phosphate_plate5.tif,1,784.000,784,784
32420,F8_01_1_2_Chlorophyll_A_001_phosphate_plate5.tif,2,800.000,784,816
32421,F8_01_1_2_Chlorophyll_A_001_phosphate_plate5.tif,1,832.000,832,832
32422,F8_01_1_2_Chlorophyll_A_001_phosphate_plate5.tif,1,784.000,784,784
32423,F8_01_1_2_Chlorophyll_A_001_phosphate_plate5.tif,1,768.000,768,768
32424,F8_01_1_2_Chlorophyll_A_001_phosphate_plate5.tif,2,856.000,848,864
32425,F8_01_1_2_Chlorophyll_A_001_phosphate_plate5.tif,2,864.000,832,896
32426,F8_01_1_2_Chlorophyll_A_001_phosphate_plate5.tif,1,768.000,768,768
32427,F8_01_1_2_Chlorophyll_A_001_phosphate_plate5.tif,1,768.000,768,768
32428,F8_01_1_2_Chlorophyll_A_001_phosphate_plate5.tif,1,800.000,800,800
32429,F8_01_1_2_Chlorophyll_A_001_phosphate_plate5.tif,193,1101.430,768,1536
32430,F8_01_1_2_Chlorophyll_A_001_phosphate_plate5.tif,36,970.667,800,1232
32431,F8_01_1_2_Chlorophyll_A_001_phosphate_plate5.tif,39,912.410,768,1136
32432,F8_01_1_2_Chlorophyll_A_001_phosphate_plate5.tif,14,890.286,768,1056
32433,F8_01_1_2_Chlorophyll_A_001_phosphate_plate5.tif,1,768.000,768,768
32434,F8_01_1_2_Chlorophyll_A_001_phosphate_plate5.tif,30,868.800,768,1072
32435,F8_01_1_2_Chlorophyll_A_001_phosphate_plate5.tif,14,836.571,768,976
32436,F8_01_1_2_Chlorophyll_A_001_phosphate_plate5.tif,1,1008.000,1008,1008
32437,F8_01_1_2_Chlorophyll_A_001_phosphate_plate5.tif,1,896.000,896,896
32438,F8_01_1_2_Chlorophyll_A_001_phosphate_plate5.tif,11,848.000,768,960
32439,F8_01_1_2_Chlorophyll_A_001_phosphate_plate5.tif,5,809.600,784,832
32440,F8_01_1_2_Chlorophyll_A_001_phosphate_plate5.tif,3,821.333,768,896
32441,F8_01_1_2_Chlorophyll_A_001_phosphate_plate5.tif,1,992.000,992,992
32442,F8_01_1_2_Chlorophyll_A_001_phosphate_plate5.tif,1,944.000,944,944
32443,F8_01_1_2_Chlorophyll_A_001_phosphate_plate5.tif,1,944.000,944,944
32444,F8_01_1_2_Chlorophyll_A_001_phosphate_plate5.tif,1,816.000,816,816
32445,F8_01_1_2_Chlorophyll_A_001_phosphate_plate5.tif,3,848.000,816,864
32446,F8_01_1_2_Chlorophyll_A_001_phosphate_plate5.tif,1,864.000,864,864
32447,F8_01_1_2_Chlorophyll_A_001_phosphate_plate5.tif,1,768.000,768,768
32448,F8_01_1_2_Chlorophyll_A_001_phosphate_plate5.tif,1,800.000,800,800
32449,F8_01_1_2_Chlorophyll_A_001_phosphate_plate5.tif,1,1024.000,1024,1024
32450,F8_01_1_2_Chlorophyll_A_001_phosphate_plate5.tif,1,784.000,784,784
32451,F8_01_1_2_Chlorophyll_A_001_phosphate_plate5.tif,1,816.000,816,816
32452,F8_01_1_2_Chlorophyll_A_001_phosphate_plate5.tif,1,864.000,864,864
32453,F8_01_1_2_Chlorophyll_A_001_phosphate_plate5.tif,2,832.000,784,880
32454,F8_01_1_2_Chlorophyll_A_001_phosphate_plate5.tif,1,832.000,832,832
32455,F8_01_1_2_Chlorophyll_A_001_phosphate_plate5.tif,1,768.000,768,768
32456,F8_01_1_2_Chlorophyll_A_001_phosphate_plate5.tif,1,848.000,848,848
32457,F8_01_1_2_Chlorophyll_A_001_phosphate_plate5.tif,1,816.000,816,816
32458,F8_01_1_2_Chlorophyll_A_001_phosphate_plate5.tif,4,780.000,768,800
32459,F8_01_1_2_Chlorophyll_A_001_phosphate_plate5.tif,3,805.333,768,832
32460,F8_01_1_2_Chlorophyll_A_001_phosphate_plate5.tif,2,808.000,800,816
32461,F8_01_1_2_Chlorophyll_A_001_phosphate_plate5.tif,1,784.000,784,784
32462,F8_01_1_2_Chlorophyll_A_001_phosphate_plate5.tif,1,816.000,816,816
32463,F8_01_1_2_Chlorophyll_A_001_phosphate_plate5.tif,1,816.000,816,816
32464,F8_01_1_2_Chlorophyll_A_001_phosphate_plate5.tif,1,784.000,784,784
32465,F8_01_1_2_Chlorophyll_A_001_phosphate_plate5.tif,1,768.000,768,768
32466,F8_01_1_2_Chlorophyll_A_001_phosphate_plate5.tif,1,816.000,816,816
32467,F8_01_1_2_Chlorophyll_A_001_phosphate_plate5.tif,1,912.000,912,912
32468,F8_01_1_2_Chlorophyll_A_001_phosphate_plate5.tif,1,784.000,784,784
32469,F8_01_1_2_Chlorophyll_A_001_phosphate_plate5.tif,1,768.000,768,768
32470,F8_01_1_2_Chlorophyll_A_001_phosphate_plate5.tif,1,896.000,896,896
32471,F8_01_1_2_Chlorophyll_A_001_phosphate_plate5.tif,43,964.837,784,1248
32472,F8_01_1_2_Chlorophyll_A_001_phosphate_plate5.tif,2,904.000,896,912
32473,F8_01_1_2_Chlorophyll_A_001_phosphate_plate5.tif,1,880.000,880,880
32474,F8_01_1_2_Chlorophyll_A_001_phosphate_plate5.tif,1,768.000,768,768
32475,F8_01_1_2_Chlorophyll_A_001_phosphate_plate5.tif,5,883.200,784,960
32476,F8_01_1_2_Chlorophyll_A_001_phosphate_plate5.tif,2,840.000,816,864
32477,F8_01_1_2_Chlorophyll_A_001_phosphate_plate5.tif,2,800.000,800,800
32478,F8_01_1_2_Chlorophyll_A_001_phosphate_plate5.tif,2,832.000,800,864
32479,F8_01_1_2_Chlorophyll_A_001_phosphate_plate5.tif,1,800.000,800,800
32480,F8_01_1_2_Chlorophyll_A_001_phosphate_plate5.tif,1,816.000,816,816
32481,F8_01_1_2_Chlorophyll_A_001_phosphate_plate5.tif,1,768.000,768,768
32482,F8_01_1_2_Chlorophyll_A_001_phosphate_plate5.tif,5,864.000,800,928
32483,F8_01_1_2_Chlorophyll_A_001_phosphate_plate5.tif,2,792.000,784,800
32484,F8_01_1_2_Chlorophyll_A_001_phosphate_plate5.tif,2,840.000,784,896
32485,F8_01_1_2_Chlorophyll_A_001_phosphate_plate5.tif,1,784.000,784,784
32486,F8_01_1_2_Chlorophyll_A_001_phosphate_plate5.tif,1,800.000,800,800
32487,F8_01_1_2_Chlorophyll_A_001_phosphate_plate5.tif,1,768.000,768,768
32488,F8_01_1_2_Chlorophyll_A_001_phosphate_plate5.tif,1,896.000,896,896
32489,F8_01_1_2_Chlorophyll_A_001_phosphate_plate5.tif,1,928.000,928,928
32490,F8_01_1_2_Chlorophyll_A_001_phosphate_plate5.tif,1,800.000,800,800
32491,F8_01_1_2_Chlorophyll_A_001_phosphate_plate5.tif,1,784.000,784,784
32492,F8_01_1_2_Chlorophyll_A_001_phosphate_plate5.tif,1,816.000,816,816
32493,F8_01_1_2_Chlorophyll_A_001_phosphate_plate5.tif,2,776.000,768,784
32494,F8_01_1_2_Chlorophyll_A_001_phosphate_plate5.tif,1,816.000,816,816
32495,F8_01_1_2_Chlorophyll_A_001_phosphate_plate5.tif,1,912.000,912,912
32496,F8_01_1_2_Chlorophyll_A_001_phosphate_plate5.tif,111,3513.946,768,24880
32497,F8_01_1_2_Chlorophyll_A_001_phosphate_plate5.tif,1,784.000,784,784
32498,F8_01_1_2_Chlorophyll_A_001_phosphate_plate5.tif,1,848.000,848,848
32499,F8_01_1_2_Chlorophyll_A_001_phosphate_plate5.tif,1,768.000,768,768
32500,F8_01_1_2_Chlorophyll_A_001_phosphate_plate5.tif,1,768.000,768,768
32501,F8_01_1_2_Chlorophyll_A_001_phosphate_plate5.tif,4,840.000,768,960
32502,F8_01_1_2_Chlorophyll_A_001_phosphate_plate5.tif,1,768.000,768,768
32503,F8_01_1_2_Chlorophyll_A_001_phosphate_plate5.tif,15,858.667,784,992
32504,F8_01_1_2_Chlorophyll_A_001_phosphate_plate5.tif,10,950.400,800,1184
32505,F8_01_1_2_Chlorophyll_A_001_phosphate_plate5.tif,67,870.925,768,1104
32506,F8_01_1_2_Chlorophyll_A_001_phosphate_plate5.tif,1,912.000,912,912
32507,F8_01_1_2_Chlorophyll_A_001_phosphate_plate5.tif,1,880.000,880,880
32508,F8_01_1_2_Chlorophyll_A_001_phosphate_plate5.tif,2,832.000,768,896
32509,F8_01_1_2_Chlorophyll_A_001_phosphate_plate5.tif,1,784.000,784,784
32510,F8_01_1_2_Chlorophyll_A_001_phosphate_plate5.tif,13,861.538,768,1056
32511,F8_01_1_2_Chlorophyll_A_001_phosphate_plate5.tif,5,806.400,768,880
32512,F8_01_1_2_Chlorophyll_A_001_phosphate_plate5.tif,1,992.000,992,992
32513,F8_01_1_2_Chlorophyll_A_001_phosphate_plate5.tif,1,896.000,896,896
32514,F8_01_1_2_Chlorophyll_A_001_phosphate_plate5.tif,9,851.556,768,992
32515,F8_01_1_2_Chlorophyll_A_001_phosphate_plate5.tif,2,800.000,784,816
32516,F8_01_1_2_Chlorophyll_A_001_phosphate_plate5.tif,1,864.000,864,864
32517,F8_01_1_2_Chlorophyll_A_001_phosphate_plate5.tif,3,832.000,800,880
32518,F8_01_1_2_Chlorophyll_A_001_phosphate_plate5.tif,5,864.000,816,912
32519,F8_01_1_2_Chlorophyll_A_001_phosphate_plate5.tif,1,816.000,816,816
32520,F8_01_1_2_Chlorophyll_A_001_phosphate_plate5.tif,1,768.000,768,768
32521,F8_01_1_2_Chlorophyll_A_001_phosphate_plate5.tif,1,976.000,976,976
32522,F8_01_1_2_Chlorophyll_A_001_phosphate_plate5.tif,2,824.000,768,880
32523,F8_01_1_2_Chlorophyll_A_001_phosphate_plate5.tif,1,784.000,784,784
32524,F8_01_1_2_Chlorophyll_A_001_phosphate_plate5.tif,1,832.000,832,832
32525,F8_01_1_2_Chlorophyll_A_001_phosphate_plate5.tif,1,864.000,864,864
32526,F8_01_1_2_Chlorophyll_A_001_phosphate_plate5.tif,1,768.000,768,768
32527,F8_01_1_2_Chlorophyll_A_001_phosphate_plate5.tif,1,768.000,768,768
32528,F8_01_1_2_Chlorophyll_A_001_phosphate_plate5.tif,3,848.000,768,992
32529,F8_01_1_2_Chlorophyll_A_001_phosphate_plate5.tif,1,896.000,896,896
32530,F8_01_1_2_Chlorophyll_A_001_phosphate_plate5.tif,2,832.000,784,880
32531,F8_01_1_2_Chlorophyll_A_001_phosphate_plate5.tif,1,768.000,768,768
32532,F8_01_1_2_Chlorophyll_A_001_phosphate_plate5.tif,1,896.000,896,896
32533,F8_01_1_2_Chlorophyll_A_001_phosphate_plate5.tif,1,816.000,816,816
32534,F8_01_1_2_Chlorophyll_A_001_phosphate_plate5.tif,1,960.000,960,960
32535,F8_01_1_2_Chlorophyll_A_001_phosphate_plate5.tif,1,768.000,768,768
32536,F8_01_1_2_Chlorophyll_A_001_phosphate_plate5.tif,1,912.000,912,912
32537,F8_01_1_2_Chlorophyll_A_001_phosphate_plate5.tif,1,768.000,768,768
32538,F8_01_1_2_Chlorophyll_A_001_phosphate_plate5.tif,1,784.000,784,784
32539,F8_01_1_2_Chlorophyll_A_001_phosphate_plate5.tif,1,800.000,800,800
32540,F8_01_1_2_Chlorophyll_A_001_phosphate_plate5.tif,1,768.000,768,768
32541,F8_01_1_2_Chlorophyll_A_001_phosphate_plate5.tif,1,768.000,768,768
32542,F8_01_1_2_Chlorophyll_A_001_phosphate_plate5.tif,1,896.000,896,896
32543,F8_01_1_2_Chlorophyll_A_001_phosphate_plate5.tif,1,768.000,768,768
32544,F8_01_1_2_Chlorophyll_A_001_phosphate_plate5.tif,1,768.000,768,768
32545,F8_01_1_2_Chlorophyll_A_001_phosphate_plate5.tif,1,800.000,800,800
32546,F8_01_1_2_Chlorophyll_A_001_phosphate_plate5.tif,1,896.000,896,896
32547,F8_01_1_2_Chlorophyll_A_001_phosphate_plate5.tif,1,768.000,768,768
32548,F8_01_1_2_Chlorophyll_A_001_phosphate_plate5.tif,4,868.000,800,1024
32549,F8_01_1_2_Chlorophyll_A_001_phosphate_plate5.tif,1,832.000,832,832
32550,F8_01_1_2_Chlorophyll_A_001_phosphate_plate5.tif,1,880.000,880,880
32551,F8_01_1_2_Chlorophyll_A_001_phosphate_plate5.tif,53,937.962,768,1136
32552,F8_01_1_2_Chlorophyll_A_001_phosphate_plate5.tif,1,912.000,912,912
32553,F8_01_1_2_Chlorophyll_A_001_phosphate_plate5.tif,5,825.600,784,864
32554,F8_01_1_2_Chlorophyll_A_001_phosphate_plate5.tif,2,864.000,800,928
32555,F8_01_1_2_Chlorophyll_A_001_phosphate_plate5.tif,1,832.000,832,832
32556,F8_01_1_2_Chlorophyll_A_001_phosphate_plate5.tif,3,858.667,784,960
32557,F8_01_1_2_Chlorophyll_A_001_phosphate_plate5.tif,1,768.000,768,768
32558,F8_01_1_2_Chlorophyll_A_001_phosphate_plate5.tif,1,832.000,832,832
32559,F8_01_1_2_Chlorophyll_A_001_phosphate_plate5.tif,1,784.000,784,784
32560,F8_01_1_2_Chlorophyll_A_001_phosphate_plate5.tif,4,824.000,768,912
32561,F8_01_1_2_Chlorophyll_A_001_phosphate_plate5.tif,1,768.000,768,768
32562,F8_01_1_2_Chlorophyll_A_001_phosphate_plate5.tif,2,800.000,784,816
32563,F8_01_1_2_Chlorophyll_A_001_phosphate_plate5.tif,1,784.000,784,784
32564,F8_01_1_2_Chlorophyll_A_001_phosphate_plate5.tif,1,864.000,864,864
32565,F8_01_1_2_Chlorophyll_A_001_phosphate_plate5.tif,1,864.000,864,864
32566,F8_01_1_2_Chlorophyll_A_001_phosphate_plate5.tif,2,848.000,816,880
32567,F8_01_1_2_Chlorophyll_A_001_phosphate_plate5.tif,2,792.000,784,800
32568,F8_01_1_2_Chlorophyll_A_001_phosphate_plate5.tif,1,800.000,800,800
32569,F8_01_1_2_Chlorophyll_A_001_phosphate_plate5.tif,2,1032.000,1024,1040
32570,F8_01_1_2_Chlorophyll_A_001_phosphate_plate5.tif,1,848.000,848,848
32571,F8_01_1_2_Chlorophyll_A_001_phosphate_plate5.tif,2,896.000,880,912
32572,F8_01_1_2_Chlorophyll_A_001_phosphate_plate5.tif,1,800.000,800,800
32573,F8_01_1_2_Chlorophyll_A_001_phosphate_plate5.tif,1,768.000,768,768
32574,F8_01_1_2_Chlorophyll_A_001_phosphate_plate5.tif,1,912.000,912,912
32575,F8_01_1_2_Chlorophyll_A_001_phosphate_plate5.tif,2,848.000,832,864
32576,F8_01_1_2_Chlorophyll_A_001_phosphate_plate5.tif,1,784.000,784,784
32577,F8_01_1_2_Chlorophyll_A_001_phosphate_plate5.tif,1,928.000,928,928
32578,F8_01_1_2_Chlorophyll_A_001_phosphate_plate5.tif,3,864.000,784,1008
32579,F8_01_1_2_Chlorophyll_A_001_phosphate_plate5.tif,1,816.000,816,816
32580,F8_01_1_2_Chlorophyll_A_001_phosphate_plate5.tif,2,952.000,832,1072
32581,F8_01_1_2_Chlorophyll_A_001_phosphate_plate5.tif,1,880.000,880,880
32582,F8_01_1_2_Chlorophyll_A_001_phosphate_plate5.tif,1,1120.000,1120,1120
32583,F8_01_1_2_Chlorophyll_A_001_phosphate_plate5.tif,15,836.267,784,1040
32584,F8_01_1_2_Chlorophyll_A_001_phosphate_plate5.tif,1,1024.000,1024,1024
32585,F8_01_1_2_Chlorophyll_A_001_phosphate_plate5.tif,5,857.600,768,960
32586,F8_01_1_2_Chlorophyll_A_001_phosphate_plate5.tif,1,832.000,832,832
32587,F8_01_1_2_Chlorophyll_A_001_phosphate_plate5.tif,2,808.000,800,816
32588,F8_01_1_2_Chlorophyll_A_001_phosphate_plate5.tif,2,800.000,768,832
32589,F8_01_1_2_Chlorophyll_A_001_phosphate_plate5.tif,1,800.000,800,800
32590,F8_01_1_2_Chlorophyll_A_001_phosphate_plate5.tif,1,768.000,768,768
32591,F8_01_1_2_Chlorophyll_A_001_phosphate_plate5.tif,1,800.000,800,800
32592,F8_01_1_2_Chlorophyll_A_001_phosphate_plate5.tif,2,808.000,784,832
32593,F8_01_1_2_Chlorophyll_A_001_phosphate_plate5.tif,2,888.000,880,896
32594,F8_01_1_2_Chlorophyll_A_001_phosphate_plate5.tif,1,896.000,896,896
32595,F8_01_1_2_Chlorophyll_A_001_phosphate_plate5.tif,1,848.000,848,848
32596,F8_01_1_2_Chlorophyll_A_001_phosphate_plate5.tif,2,872.000,864,880
32597,F8_01_1_2_Chlorophyll_A_001_phosphate_plate5.tif,1,768.000,768,768
32598,F8_01_1_2_Chlorophyll_A_001_phosphate_plate5.tif,3,826.667,768,864
32599,F8_01_1_2_Chlorophyll_A_001_phosphate_plate5.tif,1,864.000,864,864
32600,F8_01_1_2_Chlorophyll_A_001_phosphate_plate5.tif,1,768.000,768,768
32601,F8_01_1_2_Chlorophyll_A_001_phosphate_plate5.tif,2,792.000,768,816
32602,F8_01_1_2_Chlorophyll_A_001_phosphate_plate5.tif,1,768.000,768,768
32603,F8_01_1_2_Chlorophyll_A_001_phosphate_plate5.tif,1,848.000,848,848
32604,F8_01_1_2_Chlorophyll_A_001_phosphate_plate5.tif,1,896.000,896,896
32605,F8_01_1_2_Chlorophyll_A_001_phosphate_plate5.tif,3,864.000,816,944
32606,F8_01_1_2_Chlorophyll_A_001_phosphate_plate5.tif,1,864.000,864,864
32607,F8_01_1_2_Chlorophyll_A_001_phosphate_plate5.tif,1,800.000,800,800
32608,F8_01_1_2_Chlorophyll_A_001_phosphate_plate5.tif,1,848.000,848,848
32609,F8_01_1_2_Chlorophyll_A_001_phosphate_plate5.tif,1,800.000,800,800
32610,F8_01_1_2_Chlorophyll_A_001_phosphate_plate5.tif,1,928.000,928,928
32611,F8_01_1_2_Chlorophyll_A_001_phosphate_plate5.tif,1,784.000,784,784
32612,F8_01_1_2_Chlorophyll_A_001_phosphate_plate5.tif,1,784.000,784,784
32613,F8_01_1_2_Chlorophyll_A_001_phosphate_plate5.tif,1,864.000,864,864
32614,F8_01_1_2_Chlorophyll_A_001_phosphate_plate5.tif,1,864.000,864,864
32615,F8_01_1_2_Chlorophyll_A_001_phosphate_plate5.tif,1,928.000,928,928
32616,F8_01_1_2_Chlorophyll_A_001_phosphate_plate5.tif,4,860.000,816,896
32617,F8_01_1_2_Chlorophyll_A_001_phosphate_plate5.tif,1,816.000,816,816
32618,F8_01_1_2_Chlorophyll_A_001_phosphate_plate5.tif,2,784.000,768,800
32619,F8_01_1_2_Chlorophyll_A_001_phosphate_plate5.tif,1,864.000,864,864
32620,F8_01_1_2_Chlorophyll_A_001_phosphate_plate5.tif,1,768.000,768,768
32621,F8_01_1_2_Chlorophyll_A_001_phosphate_plate5.tif,1,848.000,848,848
32622,F8_01_1_2_Chlorophyll_A_001_phosphate_plate5.tif,22,985.455,768,1296
32623,F8_01_1_2_Chlorophyll_A_001_phosphate_plate5.tif,22,933.818,816,1216
32624,F8_01_1_2_Chlorophyll_A_001_phosphate_plate5.tif,3,901.333,816,1024
32625,F8_01_1_2_Chlorophyll_A_001_phosphate_plate5.tif,1,800.000,800,800
32626,F8_01_1_2_Chlorophyll_A_001_phosphate_plate5.tif,205,855.180,768,1200
32627,F8_01_1_2_Chlorophyll_A_001_phosphate_plate5.tif,1,768.000,768,768
32628,F8_01_1_2_Chlorophyll_A_001_phosphate_plate5.tif,9,842.667,768,912
32629,F8_01_1_2_Chlorophyll_A_001_phosphate_plate5.tif,1,992.000,992,992
32630,F8_01_1_2_Chlorophyll_A_001_phosphate_plate5.tif,2,832.000,816,848
32631,F8_01_1_2_Chlorophyll_A_001_phosphate_plate5.tif,4,792.000,768,832
32632,F8_01_1_2_Chlorophyll_A_001_phosphate_plate5.tif,4,828.000,768,864
32633,F8_01_1_2_Chlorophyll_A_001_phosphate_plate5.tif,3,826.667,800,864
32634,F8_01_1_2_Chlorophyll_A_001_phosphate_plate5.tif,1,784.000,784,784
32635,F8_01_1_2_Chlorophyll_A_001_phosphate_plate5.tif,1,800.000,800,800
32636,F8_01_1_2_Chlorophyll_A_001_phosphate_plate5.tif,1,848.000,848,848
32637,F8_01_1_2_Chlorophyll_A_001_phosphate_plate5.tif,2,792.000,784,800
32638,F8_01_1_2_Chlorophyll_A_001_phosphate_plate5.tif,1,864.000,864,864
32639,F8_01_1_2_Chlorophyll_A_001_phosphate_plate5.tif,1,832.000,832,832
32640,F8_01_1_2_Chlorophyll_A_001_phosphate_plate5.tif,1,784.000,784,784
32641,F8_01_1_2_Chlorophyll_A_001_phosphate_plate5.tif,1,768.000,768,768
32642,F8_01_1_2_Chlorophyll_A_001_phosphate_plate5.tif,1,816.000,816,816
32643,F8_01_1_2_Chlorophyll_A_001_phosphate_plate5.tif,2,872.000,768,976
32644,F8_01_1_2_Chlorophyll_A_001_phosphate_plate5.tif,1,784.000,784,784
32645,F8_01_1_2_Chlorophyll_A_001_phosphate_plate5.tif,1,816.000,816,816
32646,F8_01_1_2_Chlorophyll_A_001_phosphate_plate5.tif,1,864.000,864,864
32647,F8_01_1_2_Chlorophyll_A_001_phosphate_plate5.tif,1,784.000,784,784
32648,F8_01_1_2_Chlorophyll_A_001_phosphate_plate5.tif,1,768.000,768,768
32649,F8_01_1_2_Chlorophyll_A_001_phosphate_plate5.tif,4,816.000,800,832
32650,F8_01_1_2_Chlorophyll_A_001_phosphate_plate5.tif,1,832.000,832,832
32651,F8_01_1_2_Chlorophyll_A_001_phosphate_plate5.tif,24,937.333,768,1168
32652,F8_01_1_2_Chlorophyll_A_001_phosphate_plate5.tif,61,861.377,768,1120
32653,F8_01_1_2_Chlorophyll_A_001_phosphate_plate5.tif,189,870.942,768,1376
32654,F8_01_1_2_Chlorophyll_A_001_phosphate_plate5.tif,1,880.000,880,880
32655,F8_01_1_2_Chlorophyll_A_001_phosphate_plate5.tif,9,860.444,768,1056
32656,F8_01_1_2_Chlorophyll_A_001_phosphate_plate5.tif,15,848.000,768,1104
32657,F8_01_1_2_Chlorophyll_A_001_phosphate_plate5.tif,1,784.000,784,784
32658,F8_01_1_2_Chlorophyll_A_001_phosphate_plate5.tif,2,864.000,800,928
32659,F8_01_1_2_Chlorophyll_A_001_phosphate_plate5.tif,1,1040.000,1040,1040
32660,F8_01_1_2_Chlorophyll_A_001_phosphate_plate5.tif,11,813.091,768,928
32661,F8_01_1_2_Chlorophyll_A_001_phosphate_plate5.tif,2,872.000,816,928
32662,F8_01_1_2_Chlorophyll_A_001_phosphate_plate5.tif,2,912.000,896,928
32663,F8_01_1_2_Chlorophyll_A_001_phosphate_plate5.tif,1,768.000,768,768
32664,F8_01_1_2_Chlorophyll_A_001_phosphate_plate5.tif,2,936.000,816,1056
32665,F8_01_1_2_Chlorophyll_A_001_phosphate_plate5.tif,1,880.000,880,880
32666,F8_01_1_2_Chlorophyll_A_001_phosphate_plate5.tif,2,808.000,784,832
32667,F8_01_1_2_Chlorophyll_A_001_phosphate_plate5.tif,7,836.571,784,928
32668,F8_01_1_2_Chlorophyll_A_001_phosphate_plate5.tif,1,816.000,816,816
32669,F8_01_1_2_Chlorophyll_A_001_phosphate_plate5.tif,2,872.000,800,944
32670,F8_01_1_2_Chlorophyll_A_001_phosphate_plate5.tif,1,800.000,800,800
32671,F8_01_1_2_Chlorophyll_A_001_phosphate_plate5.tif,1,784.000,784,784
32672,F8_01_1_2_Chlorophyll_A_001_phosphate_plate5.tif,1,784.000,784,784
32673,F8_01_1_2_Chlorophyll_A_001_phosphate_plate5.tif,1,864.000,864,864
32674,F8_01_1_2_Chlorophyll_A_001_phosphate_plate5.tif,1,816.000,816,816
32675,F8_01_1_2_Chlorophyll_A_001_phosphate_plate5.tif,1,800.000,800,800
32676,F8_01_1_2_Chlorophyll_A_001_phosphate_plate5.tif,1,848.000,848,848
32677,F8_01_1_2_Chlorophyll_A_001_phosphate_plate5.tif,1,768.000,768,768
32678,F8_01_1_2_Chlorophyll_A_001_phosphate_plate5.tif,1,784.000,784,784
32679,F8_01_1_2_Chlorophyll_A_001_phosphate_plate5.tif,1,800.000,800,800
32680,F8_01_1_2_Chlorophyll_A_001_phosphate_plate5.tif,1,768.000,768,768
32681,F8_01_1_2_Chlorophyll_A_001_phosphate_plate5.tif,1,816.000,816,816
32682,F8_01_1_2_Chlorophyll_A_001_phosphate_plate5.tif,1,768.000,768,768
32683,F8_01_1_2_Chlorophyll_A_001_phosphate_plate5.tif,3,821.333,768,880
32684,F8_01_1_2_Chlorophyll_A_001_phosphate_plate5.tif,1,912.000,912,912
32685,F8_01_1_2_Chlorophyll_A_001_phosphate_plate5.tif,1,784.000,784,784
32686,F8_01_1_2_Chlorophyll_A_001_phosphate_plate5.tif,1,816.000,816,816
32687,F8_01_1_2_Chlorophyll_A_001_phosphate_plate5.tif,1,784.000,784,784
32688,F8_01_1_2_Chlorophyll_A_001_phosphate_plate5.tif,1,880.000,880,880
32689,F8_01_1_2_Chlorophyll_A_001_phosphate_plate5.tif,2,864.000,768,960
32690,F8_01_1_2_Chlorophyll_A_001_phosphate_plate5.tif,1,848.000,848,848
32691,F8_01_1_2_Chlorophyll_A_001_phosphate_plate5.tif,3,885.333,832,944
32692,F8_01_1_2_Chlorophyll_A_001_phosphate_plate5.tif,15,940.800,816,1136
32693,F8_01_1_2_Chlorophyll_A_001_phosphate_plate5.tif,62,911.226,768,1376
32694,F8_01_1_2_Chlorophyll_A_001_phosphate_plate5.tif,33,908.606,768,1104
32695,F8_01_1_2_Chlorophyll_A_001_phosphate_plate5.tif,3,794.667,784,800
32696,F8_01_1_2_Chlorophyll_A_001_phosphate_plate5.tif,1,864.000,864,864
32697,F8_01_1_2_Chlorophyll_A_001_phosphate_plate5.tif,1,1040.000,1040,1040
32698,F8_01_1_2_Chlorophyll_A_001_phosphate_plate5.tif,1,880.000,880,880
32699,F8_01_1_2_Chlorophyll_A_001_phosphate_plate5.tif,1,864.000,864,864
32700,F8_01_1_2_Chlorophyll_A_001_phosphate_plate5.tif,2,840.000,832,848
32701,F8_01_1_2_Chlorophyll_A_001_phosphate_plate5.tif,1,848.000,848,848
32702,F8_01_1_2_Chlorophyll_A_001_phosphate_plate5.tif,1,784.000,784,784
32703,F8_01_1_2_Chlorophyll_A_001_phosphate_plate5.tif,2,896.000,864,928
32704,F8_01_1_2_Chlorophyll_A_001_phosphate_plate5.tif,1,848.000,848,848
32705,F8_01_1_2_Chlorophyll_A_001_phosphate_plate5.tif,4,812.000,784,848
32706,F8_01_1_2_Chlorophyll_A_001_phosphate_plate5.tif,2,800.000,800,800
32707,F8_01_1_2_Chlorophyll_A_001_phosphate_plate5.tif,1,928.000,928,928
32708,F8_01_1_2_Chlorophyll_A_001_phosphate_plate5.tif,1,896.000,896,896
32709,F8_01_1_2_Chlorophyll_A_001_phosphate_plate5.tif,1,976.000,976,976
32710,F8_01_1_2_Chlorophyll_A_001_phosphate_plate5.tif,1,768.000,768,768
32711,F8_01_1_2_Chlorophyll_A_001_phosphate_plate5.tif,1,912.000,912,912
32712,F8_01_1_2_Chlorophyll_A_001_phosphate_plate5.tif,5,825.600,768,896
32713,F8_01_1_2_Chlorophyll_A_001_phosphate_plate5.tif,2,808.000,768,848
32714,F8_01_1_2_Chlorophyll_A_001_phosphate_plate5.tif,1,816.000,816,816
32715,F8_01_1_2_Chlorophyll_A_001_phosphate_plate5.tif,2,800.000,768,832
32716,F8_01_1_2_Chlorophyll_A_001_phosphate_plate5.tif,3,880.000,768,992
32717,F8_01_1_2_Chlorophyll_A_001_phosphate_plate5.tif,1,864.000,864,864
32718,F8_01_1_2_Chlorophyll_A_001_phosphate_plate5.tif,1,864.000,864,864
32719,F8_01_1_2_Chlorophyll_A_001_phosphate_plate5.tif,1,800.000,800,800
32720,F8_01_1_2_Chlorophyll_A_001_phosphate_plate5.tif,1,912.000,912,912
32721,F8_01_1_2_Chlorophyll_A_001_phosphate_plate5.tif,1,832.000,832,832
32722,F8_01_1_2_Chlorophyll_A_001_phosphate_plate5.tif,1,864.000,864,864
32723,F8_01_1_2_Chlorophyll_A_001_phosphate_plate5.tif,1,848.000,848,848
32724,F8_01_1_2_Chlorophyll_A_001_phosphate_plate5.tif,1,768.000,768,768
32725,F8_01_1_2_Chlorophyll_A_001_phosphate_plate5.tif,1,768.000,768,768
32726,F8_01_1_2_Chlorophyll_A_001_phosphate_plate5.tif,1,784.000,784,784
32727,F8_01_1_2_Chlorophyll_A_001_phosphate_plate5.tif,1,816.000,816,816
32728,F8_01_1_2_Chlorophyll_A_001_phosphate_plate5.tif,1,1040.000,1040,1040
32729,F8_01_1_2_Chlorophyll_A_001_phosphate_plate5.tif,1,800.000,800,800
32730,F8_01_1_2_Chlorophyll_A_001_phosphate_plate5.tif,1,976.000,976,976
32731,F8_01_1_2_Chlorophyll_A_001_phosphate_plate5.tif,2,872.000,848,896
32732,F8_01_1_2_Chlorophyll_A_001_phosphate_plate5.tif,1,832.000,832,832
32733,F8_01_1_2_Chlorophyll_A_001_phosphate_plate5.tif,1,816.000,816,816
32734,F8_01_1_2_Chlorophyll_A_001_phosphate_plate5.tif,1,864.000,864,864
32735,F8_01_1_2_Chlorophyll_A_001_phosphate_plate5.tif,36,958.667,768,1184
32736,F8_01_1_2_Chlorophyll_A_001_phosphate_plate5.tif,4,928.000,832,1008
32737,F8_01_1_2_Chlorophyll_A_001_phosphate_plate5.tif,1,768.000,768,768
32738,F8_01_1_2_Chlorophyll_A_001_phosphate_plate5.tif,1,1200.000,1200,1200
32739,F8_01_1_2_Chlorophyll_A_001_phosphate_plate5.tif,11,840.727,768,1040
32740,F8_01_1_2_Chlorophyll_A_001_phosphate_plate5.tif,3,800.000,768,816
32741,F8_01_1_2_Chlorophyll_A_001_phosphate_plate5.tif,1,768.000,768,768
32742,F8_01_1_2_Chlorophyll_A_001_phosphate_plate5.tif,1,784.000,784,784
32743,F8_01_1_2_Chlorophyll_A_001_phosphate_plate5.tif,2,912.000,880,944
32744,F8_01_1_2_Chlorophyll_A_001_phosphate_plate5.tif,2,824.000,768,880
32745,F8_01_1_2_Chlorophyll_A_001_phosphate_plate5.tif,1,928.000,928,928
32746,F8_01_1_2_Chlorophyll_A_001_phosphate_plate5.tif,1,864.000,864,864
32747,F8_01_1_2_Chlorophyll_A_001_phosphate_plate5.tif,1,848.000,848,848
32748,F8_01_1_2_Chlorophyll_A_001_phosphate_plate5.tif,1,912.000,912,912
32749,F8_01_1_2_Chlorophyll_A_001_phosphate_plate5.tif,1,944.000,944,944
32750,F8_01_1_2_Chlorophyll_A_001_phosphate_plate5.tif,1,784.000,784,784
32751,F8_01_1_2_Chlorophyll_A_001_phosphate_plate5.tif,1,768.000,768,768
32752,F8_01_1_2_Chlorophyll_A_001_phosphate_plate5.tif,1,768.000,768,768
32753,F8_01_1_2_Chlorophyll_A_001_phosphate_plate5.tif,2,824.000,784,864
32754,F8_01_1_2_Chlorophyll_A_001_phosphate_plate5.tif,1,816.000,816,816
32755,F8_01_1_2_Chlorophyll_A_001_phosphate_plate5.tif,1,832.000,832,832
32756,F8_01_1_2_Chlorophyll_A_001_phosphate_plate5.tif,2,872.000,864,880
32757,F8_01_1_2_Chlorophyll_A_001_phosphate_plate5.tif,1,768.000,768,768
32758,F8_01_1_2_Chlorophyll_A_001_phosphate_plate5.tif,1,992.000,992,992
32759,F8_01_1_2_Chlorophyll_A_001_phosphate_plate5.tif,1,880.000,880,880
32760,F8_01_1_2_Chlorophyll_A_001_phosphate_plate5.tif,1,800.000,800,800
32761,F8_01_1_2_Chlorophyll_A_001_phosphate_plate5.tif,86,1007.442,768,1392
32762,F8_01_1_2_Chlorophyll_A_001_phosphate_plate5.tif,36,912.000,768,1136
32763,F8_01_1_2_Chlorophyll_A_001_phosphate_plate5.tif,1,768.000,768,768
32764,F8_01_1_2_Chlorophyll_A_001_phosphate_plate5.tif,1,832.000,832,832
32765,F8_01_1_2_Chlorophyll_A_001_phosphate_plate5.tif,156,854.667,768,1152
32766,F8_01_1_2_Chlorophyll_A_001_phosphate_plate5.tif,5,809.600,768,896
32767,F8_01_1_2_Chlorophyll_A_001_phosphate_plate5.tif,3,810.667,768,896
32768,F8_01_1_2_Chlorophyll_A_001_phosphate_plate5.tif,7,827.429,784,880
32769,F8_01_1_2_Chlorophyll_A_001_phosphate_plate5.tif,4,812.000,768,896
32770,F8_01_1_2_Chlorophyll_A_001_phosphate_plate5.tif,7,832.000,768,928
32771,F8_01_1_2_Chlorophyll_A_001_phosphate_plate5.tif,19,911.158,768,1408
32772,F8_01_1_2_Chlorophyll_A_001_phosphate_plate5.tif,1,768.000,768,768
32773,F8_01_1_2_Chlorophyll_A_001_phosphate_plate5.tif,1,816.000,816,816
32774,F8_01_1_2_Chlorophyll_A_001_phosphate_plate5.tif,8,844.000,768,1024
32775,F8_01_1_2_Chlorophyll_A_001_phosphate_plate5.tif,1,832.000,832,832
32776,F8_01_1_2_Chlorophyll_A_001_phosphate_plate5.tif,1,768.000,768,768
32777,F8_01_1_2_Chlorophyll_A_001_phosphate_plate5.tif,2,848.000,832,864
32778,F8_01_1_2_Chlorophyll_A_001_phosphate_plate5.tif,1,832.000,832,832
32779,F8_01_1_2_Chlorophyll_A_001_phosphate_plate5.tif,294,2098.667,768,17152
32780,F8_01_1_2_Chlorophyll_A_001_phosphate_plate5.tif,1,944.000,944,944
32781,F8_01_1_2_Chlorophyll_A_001_phosphate_plate5.tif,1,800.000,800,800
32782,F8_01_1_2_Chlorophyll_A_001_phosphate_plate5.tif,3,805.333,768,832
32783,F8_01_1_2_Chlorophyll_A_001_phosphate_plate5.tif,2,784.000,768,800
32784,F8_01_1_2_Chlorophyll_A_001_phosphate_plate5.tif,1,976.000,976,976
32785,F8_01_1_2_Chlorophyll_A_001_phosphate_plate5.tif,3,826.667,784,896
32786,F8_01_1_2_Chlorophyll_A_001_phosphate_plate5.tif,3,826.667,816,832
32787,F8_01_1_2_Chlorophyll_A_001_phosphate_plate5.tif,1,800.000,800,800
32788,F8_01_1_2_Chlorophyll_A_001_phosphate_plate5.tif,130,2409.231,768,11744
32789,F8_01_1_2_Chlorophyll_A_001_phosphate_plate5.tif,1,800.000,800,800
32790,F8_01_1_2_Chlorophyll_A_001_phosphate_plate5.tif,1,768.000,768,768
32791,F8_01_1_2_Chlorophyll_A_001_phosphate_plate5.tif,1,976.000,976,976
32792,F8_01_1_2_Chlorophyll_A_001_phosphate_plate5.tif,1,784.000,784,784
32793,F8_01_1_2_Chlorophyll_A_001_phosphate_plate5.tif,1,848.000,848,848
32794,F8_01_1_2_Chlorophyll_A_001_phosphate_plate5.tif,1,848.000,848,848
32795,F8_01_1_2_Chlorophyll_A_001_phosphate_plate5.tif,1,768.000,768,768
32796,F8_01_1_2_Chlorophyll_A_001_phosphate_plate5.tif,109,3507.083,768,15600
32797,F8_01_1_2_Chlorophyll_A_001_phosphate_plate5.tif,1,768.000,768,768
32798,F8_01_1_2_Chlorophyll_A_001_phosphate_plate5.tif,1,880.000,880,880
32799,F8_01_1_2_Chlorophyll_A_001_phosphate_plate5.tif,1,864.000,864,864
32800,F8_01_1_2_Chlorophyll_A_001_phosphate_plate5.tif,1,784.000,784,784
32801,F8_01_1_2_Chlorophyll_A_001_phosphate_plate5.tif,1,800.000,800,800
32802,F8_01_1_2_Chlorophyll_A_001_phosphate_plate5.tif,1,784.000,784,784
32803,F8_01_1_2_Chlorophyll_A_001_phosphate_plate5.tif,1,768.000,768,768
32804,F8_01_1_2_Chlorophyll_A_001_phosphate_plate5.tif,1,944.000,944,944
32805,F8_01_1_2_Chlorophyll_A_001_phosphate_plate5.tif,1,832.000,832,832
32806,F8_01_1_2_Chlorophyll_A_001_phosphate_plate5.tif,1,928.000,928,928
32807,F8_01_1_2_Chlorophyll_A_001_phosphate_plate5.tif,1,912.000,912,912
32808,F8_01_1_2_Chlorophyll_A_001_phosphate_plate5.tif,1,880.000,880,880
32809,F8_01_1_2_Chlorophyll_A_001_phosphate_plate5.tif,2,832.000,800,864
32810,F8_01_1_2_Chlorophyll_A_001_phosphate_plate5.tif,1,864.000,864,864
32811,F8_01_1_2_Chlorophyll_A_001_phosphate_plate5.tif,1,832.000,832,832
32812,F8_01_1_2_Chlorophyll_A_001_phosphate_plate5.tif,2,800.000,768,832
32813,F8_01_1_2_Chlorophyll_A_001_phosphate_plate5.tif,10,851.200,768,1008
32814,F8_01_1_2_Chlorophyll_A_001_phosphate_plate5.tif,37,925.405,768,1248
32815,F8_01_1_2_Chlorophyll_A_001_phosphate_plate5.tif,59,851.254,768,1072
32816,F8_01_1_2_Chlorophyll_A_001_phosphate_plate5.tif,3,805.333,784,832
32817,F8_01_1_2_Chlorophyll_A_001_phosphate_plate5.tif,1,880.000,880,880
32818,F8_01_1_2_Chlorophyll_A_001_phosphate_plate5.tif,1,816.000,816,816
32819,F8_01_1_2_Chlorophyll_A_001_phosphate_plate5.tif,9,826.667,768,1008
32820,F8_01_1_2_Chlorophyll_A_001_phosphate_plate5.tif,16,852.000,768,992
32821,F8_01_1_2_Chlorophyll_A_001_phosphate_plate5.tif,2,888.000,768,1008
32822,F8_01_1_2_Chlorophyll_A_001_phosphate_plate5.tif,3,864.000,784,944
32823,F8_01_1_2_Chlorophyll_A_001_phosphate_plate5.tif,2,824.000,800,848
32824,F8_01_1_2_Chlorophyll_A_001_phosphate_plate5.tif,1,800.000,800,800
32825,F8_01_1_2_Chlorophyll_A_001_phosphate_plate5.tif,68,1065.882,768,1744
32826,F8_01_1_2_Chlorophyll_A_001_phosphate_plate5.tif,1,912.000,912,912
32827,F8_01_1_2_Chlorophyll_A_001_phosphate_plate5.tif,4,856.000,800,928
32828,F8_01_1_2_Chlorophyll_A_001_phosphate_plate5.tif,2,800.000,800,800
32829,F8_01_1_2_Chlorophyll_A_001_phosphate_plate5.tif,2,824.000,816,832
32830,F8_01_1_2_Chlorophyll_A_001_phosphate_plate5.tif,1,768.000,768,768
32831,F8_01_1_2_Chlorophyll_A_001_phosphate_plate5.tif,1,832.000,832,832
32832,F8_01_1_2_Chlorophyll_A_001_phosphate_plate5.tif,1,816.000,816,816
32833,F8_01_1_2_Chlorophyll_A_001_phosphate_plate5.tif,1,896.000,896,896
32834,F8_01_1_2_Chlorophyll_A_001_phosphate_plate5.tif,3,848.000,800,912
32835,F8_01_1_2_Chlorophyll_A_001_phosphate_plate5.tif,1,832.000,832,832
32836,F8_01_1_2_Chlorophyll_A_001_phosphate_plate5.tif,1,896.000,896,896
32837,F8_01_1_2_Chlorophyll_A_001_phosphate_plate5.tif,1,800.000,800,800
32838,F8_01_1_2_Chlorophyll_A_001_phosphate_plate5.tif,1,848.000,848,848
32839,F8_01_1_2_Chlorophyll_A_001_phosphate_plate5.tif,1,784.000,784,784
32840,F8_01_1_2_Chlorophyll_A_001_phosphate_plate5.tif,1,784.000,784,784
32841,F8_01_1_2_Chlorophyll_A_001_phosphate_plate5.tif,2,792.000,768,816
32842,F8_01_1_2_Chlorophyll_A_001_phosphate_plate5.tif,1,800.000,800,800
32843,F8_01_1_2_Chlorophyll_A_001_phosphate_plate5.tif,9,920.889,816,1040
32844,F8_01_1_2_Chlorophyll_A_001_phosphate_plate5.tif,24,912.000,768,1088
32845,F8_01_1_2_Chlorophyll_A_001_phosphate_plate5.tif,14,890.286,768,1136
32846,F8_01_1_2_Chlorophyll_A_001_phosphate_plate5.tif,18,935.111,768,1168
32847,F8_01_1_2_Chlorophyll_A_001_phosphate_plate5.tif,1,800.000,800,800
32848,F8_01_1_2_Chlorophyll_A_001_phosphate_plate5.tif,1,816.000,816,816
32849,F8_01_1_2_Chlorophyll_A_001_phosphate_plate5.tif,3,869.333,816,912
32850,F8_01_1_2_Chlorophyll_A_001_phosphate_plate5.tif,1,864.000,864,864
32851,F8_01_1_2_Chlorophyll_A_001_phosphate_plate5.tif,2,896.000,880,912
32852,F8_01_1_2_Chlorophyll_A_001_phosphate_plate5.tif,3,842.667,816,880
32853,F8_01_1_2_Chlorophyll_A_001_phosphate_plate5.tif,4,792.000,768,816
32854,F8_01_1_2_Chlorophyll_A_001_phosphate_plate5.tif,1,784.000,784,784
32855,F8_01_1_2_Chlorophyll_A_001_phosphate_plate5.tif,2,776.000,768,784
32856,F8_01_1_2_Chlorophyll_A_001_phosphate_plate5.tif,1,768.000,768,768
32857,F8_01_1_2_Chlorophyll_A_001_phosphate_plate5.tif,1,880.000,880,880
32858,F8_01_1_2_Chlorophyll_A_001_phosphate_plate5.tif,1,800.000,800,800
32859,F8_01_1_2_Chlorophyll_A_001_phosphate_plate5.tif,1,928.000,928,928
32860,F8_01_1_2_Chlorophyll_A_001_phosphate_plate5.tif,1,800.000,800,800
32861,F8_01_1_2_Chlorophyll_A_001_phosphate_plate5.tif,1,816.000,816,816
32862,F8_01_1_2_Chlorophyll_A_001_phosphate_plate5.tif,2,928.000,848,1008
32863,F8_01_1_2_Chlorophyll_A_001_phosphate_plate5.tif,1,880.000,880,880
32864,F8_01_1_2_Chlorophyll_A_001_phosphate_plate5.tif,1,784.000,784,784
32865,F8_01_1_2_Chlorophyll_A_001_phosphate_plate5.tif,1,800.000,800,800
32866,F8_01_1_2_Chlorophyll_A_001_phosphate_plate5.tif,1,784.000,784,784
32867,F8_01_1_2_Chlorophyll_A_001_phosphate_plate5.tif,1,896.000,896,896
32868,F8_01_1_2_Chlorophyll_A_001_phosphate_plate5.tif,1,784.000,784,784
32869,F8_01_1_2_Chlorophyll_A_001_phosphate_plate5.tif,1,800.000,800,800
32870,F8_01_1_2_Chlorophyll_A_001_phosphate_plate5.tif,1,832.000,832,832
32871,F8_01_1_2_Chlorophyll_A_001_phosphate_plate5.tif,1,768.000,768,768
32872,F8_01_1_2_Chlorophyll_A_001_phosphate_plate5.tif,2,776.000,768,784
32873,F8_01_1_2_Chlorophyll_A_001_phosphate_plate5.tif,3,821.333,784,896
32874,F8_01_1_2_Chlorophyll_A_001_phosphate_plate5.tif,1,912.000,912,912
32875,F8_01_1_2_Chlorophyll_A_001_phosphate_plate5.tif,1,880.000,880,880
32876,F8_01_1_2_Chlorophyll_A_001_phosphate_plate5.tif,2,824.000,768,880
32877,F8_01_1_2_Chlorophyll_A_001_phosphate_plate5.tif,2,864.000,832,896
32878,F8_01_1_2_Chlorophyll_A_001_phosphate_plate5.tif,2,864.000,768,960
32879,F8_01_1_2_Chlorophyll_A_001_phosphate_plate5.tif,114,1092.772,768,1440
32880,F8_01_1_2_Chlorophyll_A_001_phosphate_plate5.tif,33,966.303,784,1184
32881,F8_01_1_2_Chlorophyll_A_001_phosphate_plate5.tif,50,952.000,768,1312
32882,F8_01_1_2_Chlorophyll_A_001_phosphate_plate5.tif,1,768.000,768,768
32883,F8_01_1_2_Chlorophyll_A_001_phosphate_plate5.tif,19,843.789,768,960
32884,F8_01_1_2_Chlorophyll_A_001_phosphate_plate5.tif,1,944.000,944,944
32885,F8_01_1_2_Chlorophyll_A_001_phosphate_plate5.tif,2,888.000,864,912
32886,F8_01_1_2_Chlorophyll_A_001_phosphate_plate5.tif,1,1024.000,1024,1024
32887,F8_01_1_2_Chlorophyll_A_001_phosphate_plate5.tif,9,869.333,784,1056
32888,F8_01_1_2_Chlorophyll_A_001_phosphate_plate5.tif,3,853.333,768,960
32889,F8_01_1_2_Chlorophyll_A_001_phosphate_plate5.tif,3,869.333,800,976
32890,F8_01_1_2_Chlorophyll_A_001_phosphate_plate5.tif,3,842.667,800,864
32891,F8_01_1_2_Chlorophyll_A_001_phosphate_plate5.tif,2,864.000,800,928
32892,F8_01_1_2_Chlorophyll_A_001_phosphate_plate5.tif,3,837.333,800,896
32893,F8_01_1_2_Chlorophyll_A_001_phosphate_plate5.tif,1,992.000,992,992
32894,F8_01_1_2_Chlorophyll_A_001_phosphate_plate5.tif,1,800.000,800,800
32895,F8_01_1_2_Chlorophyll_A_001_phosphate_plate5.tif,1,784.000,784,784
32896,F8_01_1_2_Chlorophyll_A_001_phosphate_plate5.tif,1,816.000,816,816
32897,F8_01_1_2_Chlorophyll_A_001_phosphate_plate5.tif,1,832.000,832,832
32898,F8_01_1_2_Chlorophyll_A_001_phosphate_plate5.tif,1,896.000,896,896
32899,F8_01_1_2_Chlorophyll_A_001_phosphate_plate5.tif,3,853.333,800,960
32900,F8_01_1_2_Chlorophyll_A_001_phosphate_plate5.tif,1,800.000,800,800
32901,F8_01_1_2_Chlorophyll_A_001_phosphate_plate5.tif,2,800.000,800,800
32902,F8_01_1_2_Chlorophyll_A_001_phosphate_plate5.tif,1,832.000,832,832
32903,F8_01_1_2_Chlorophyll_A_001_phosphate_plate5.tif,1,816.000,816,816
32904,F8_01_1_2_Chlorophyll_A_001_phosphate_plate5.tif,1,768.000,768,768
32905,F8_01_1_2_Chlorophyll_A_001_phosphate_plate5.tif,4,828.000,768,912
32906,F8_01_1_2_Chlorophyll_A_001_phosphate_plate5.tif,1,768.000,768,768
32907,F8_01_1_2_Chlorophyll_A_001_phosphate_plate5.tif,2,776.000,768,784
32908,F8_01_1_2_Chlorophyll_A_001_phosphate_plate5.tif,1,768.000,768,768
32909,F8_01_1_2_Chlorophyll_A_001_phosphate_plate5.tif,1,768.000,768,768
32910,F8_01_1_2_Chlorophyll_A_001_phosphate_plate5.tif,1,896.000,896,896
32911,F8_01_1_2_Chlorophyll_A_001_phosphate_plate5.tif,1,880.000,880,880
32912,F8_01_1_2_Chlorophyll_A_001_phosphate_plate5.tif,1,848.000,848,848
32913,F8_01_1_2_Chlorophyll_A_001_phosphate_plate5.tif,1,768.000,768,768
32914,F8_01_1_2_Chlorophyll_A_001_phosphate_plate5.tif,1,768.000,768,768
32915,F8_01_1_2_Chlorophyll_A_001_phosphate_plate5.tif,1,816.000,816,816
32916,F8_01_1_2_Chlorophyll_A_001_phosphate_plate5.tif,1,784.000,784,784
32917,F8_01_1_2_Chlorophyll_A_001_phosphate_plate5.tif,2,792.000,768,816
32918,F8_01_1_2_Chlorophyll_A_001_phosphate_plate5.tif,1,784.000,784,784
32919,F8_01_1_2_Chlorophyll_A_001_phosphate_plate5.tif,3,826.667,768,880
32920,F8_01_1_2_Chlorophyll_A_001_phosphate_plate5.tif,1,848.000,848,848
32921,F8_01_1_2_Chlorophyll_A_001_phosphate_plate5.tif,1,896.000,896,896
32922,F8_01_1_2_Chlorophyll_A_001_phosphate_plate5.tif,2,824.000,784,864
32923,F8_01_1_2_Chlorophyll_A_001_phosphate_plate5.tif,7,884.571,800,1104
32924,F8_01_1_2_Chlorophyll_A_001_phosphate_plate5.tif,34,934.588,768,1152
32925,F8_01_1_2_Chlorophyll_A_001_phosphate_plate5.tif,1,768.000,768,768
32926,F8_01_1_2_Chlorophyll_A_001_phosphate_plate5.tif,56,867.714,768,1056
32927,F8_01_1_2_Chlorophyll_A_001_phosphate_plate5.tif,6,832.000,768,1024
32928,F8_01_1_2_Chlorophyll_A_001_phosphate_plate5.tif,19,868.211,768,1072
32929,F8_01_1_2_Chlorophyll_A_001_phosphate_plate5.tif,1,992.000,992,992
32930,F8_01_1_2_Chlorophyll_A_001_phosphate_plate5.tif,1,784.000,784,784
32931,F8_01_1_2_Chlorophyll_A_001_phosphate_plate5.tif,4,892.000,832,1008
32932,F8_01_1_2_Chlorophyll_A_001_phosphate_plate5.tif,6,880.000,768,1072
32933,F8_01_1_2_Chlorophyll_A_001_phosphate_plate5.tif,3,794.667,784,800
32934,F8_01_1_2_Chlorophyll_A_001_phosphate_plate5.tif,2,840.000,816,864
32935,F8_01_1_2_Chlorophyll_A_001_phosphate_plate5.tif,3,832.000,800,896
32936,F8_01_1_2_Chlorophyll_A_001_phosphate_plate5.tif,1,768.000,768,768
32937,F8_01_1_2_Chlorophyll_A_001_phosphate_plate5.tif,1,816.000,816,816
32938,F8_01_1_2_Chlorophyll_A_001_phosphate_plate5.tif,1,784.000,784,784
32939,F8_01_1_2_Chlorophyll_A_001_phosphate_plate5.tif,1,816.000,816,816
32940,F8_01_1_2_Chlorophyll_A_001_phosphate_plate5.tif,1,768.000,768,768
32941,F8_01_1_2_Chlorophyll_A_001_phosphate_plate5.tif,2,824.000,768,880
32942,F8_01_1_2_Chlorophyll_A_001_phosphate_plate5.tif,2,800.000,784,816
32943,F8_01_1_2_Chlorophyll_A_001_phosphate_plate5.tif,1,784.000,784,784
32944,F8_01_1_2_Chlorophyll_A_001_phosphate_plate5.tif,1,784.000,784,784
32945,F8_01_1_2_Chlorophyll_A_001_phosphate_plate5.tif,1,768.000,768,768
32946,F8_01_1_2_Chlorophyll_A_001_phosphate_plate5.tif,1,832.000,832,832
32947,F8_01_1_2_Chlorophyll_A_001_phosphate_plate5.tif,1,800.000,800,800
32948,F8_01_1_2_Chlorophyll_A_001_phosphate_plate5.tif,1,864.000,864,864
32949,F8_01_1_2_Chlorophyll_A_001_phosphate_plate5.tif,2,840.000,800,880
32950,F8_01_1_2_Chlorophyll_A_001_phosphate_plate5.tif,1,784.000,784,784
32951,F8_01_1_2_Chlorophyll_A_001_phosphate_plate5.tif,7,841.143,768,1024
32952,F8_01_1_2_Chlorophyll_A_001_phosphate_plate5.tif,1,816.000,816,816
32953,F8_01_1_2_Chlorophyll_A_001_phosphate_plate5.tif,1,800.000,800,800
32954,F8_01_1_2_Chlorophyll_A_001_phosphate_plate5.tif,1,768.000,768,768
32955,F8_01_1_2_Chlorophyll_A_001_phosphate_plate5.tif,38,880.000,768,1136
32956,F8_01_1_2_Chlorophyll_A_001_phosphate_plate5.tif,1,784.000,784,784
32957,F8_01_1_2_Chlorophyll_A_001_phosphate_plate5.tif,2,840.000,784,896
32958,F8_01_1_2_Chlorophyll_A_001_phosphate_plate5.tif,6,912.000,784,1056
32959,F8_01_1_2_Chlorophyll_A_001_phosphate_plate5.tif,3,869.333,784,928
32960,F8_01_1_2_Chlorophyll_A_001_phosphate_plate5.tif,1,1040.000,1040,1040
32961,F8_01_1_2_Chlorophyll_A_001_phosphate_plate5.tif,1,832.000,832,832
32962,F8_01_1_2_Chlorophyll_A_001_phosphate_plate5.tif,1,864.000,864,864
32963,F8_01_1_2_Chlorophyll_A_001_phosphate_plate5.tif,1,832.000,832,832
32964,F8_01_1_2_Chlorophyll_A_001_phosphate_plate5.tif,2,832.000,832,832
32965,F8_01_1_2_Chlorophyll_A_001_phosphate_plate5.tif,2,776.000,768,784
32966,F8_01_1_2_Chlorophyll_A_001_phosphate_plate5.tif,1,784.000,784,784
32967,F8_01_1_2_Chlorophyll_A_001_phosphate_plate5.tif,1,832.000,832,832
32968,F8_01_1_2_Chlorophyll_A_001_phosphate_plate5.tif,1,864.000,864,864
32969,F8_01_1_2_Chlorophyll_A_001_phosphate_plate5.tif,2,816.000,768,864
32970,F8_01_1_2_Chlorophyll_A_001_phosphate_plate5.tif,1,784.000,784,784
32971,F8_01_1_2_Chlorophyll_A_001_phosphate_plate5.tif,1,800.000,800,800
32972,F8_01_1_2_Chlorophyll_A_001_phosphate_plate5.tif,1,944.000,944,944
32973,F8_01_1_2_Chlorophyll_A_001_phosphate_plate5.tif,5,806.400,768,832
32974,F8_01_1_2_Chlorophyll_A_001_phosphate_plate5.tif,1,768.000,768,768
32975,F8_01_1_2_Chlorophyll_A_001_phosphate_plate5.tif,1,944.000,944,944
32976,F8_01_1_2_Chlorophyll_A_001_phosphate_plate5.tif,1,784.000,784,784
32977,F8_01_1_2_Chlorophyll_A_001_phosphate_plate5.tif,4,824.000,768,880
32978,F8_01_1_2_Chlorophyll_A_001_phosphate_plate5.tif,2,808.000,800,816
32979,F8_01_1_2_Chlorophyll_A_001_phosphate_plate5.tif,2,792.000,784,800
32980,F8_01_1_2_Chlorophyll_A_001_phosphate_plate5.tif,1,832.000,832,832
32981,F8_01_1_2_Chlorophyll_A_001_phosphate_plate5.tif,1,784.000,784,784
32982,F8_01_1_2_Chlorophyll_A_001_phosphate_plate5.tif,1,800.000,800,800
32983,F8_01_1_2_Chlorophyll_A_001_phosphate_plate5.tif,1,832.000,832,832
32984,F8_01_1_2_Chlorophyll_A_001_phosphate_plate5.tif,1,816.000,816,816
32985,F8_01_1_2_Chlorophyll_A_001_phosphate_plate5.tif,1,848.000,848,848
32986,F8_01_1_2_Chlorophyll_A_001_phosphate_plate5.tif,1,800.000,800,800
32987,F8_01_1_2_Chlorophyll_A_001_phosphate_plate5.tif,2,832.000,800,864
32988,F8_01_1_2_Chlorophyll_A_001_phosphate_plate5.tif,3,784.000,768,816
32989,F8_01_1_2_Chlorophyll_A_001_phosphate_plate5.tif,1,896.000,896,896
32990,F8_01_1_2_Chlorophyll_A_001_phosphate_plate5.tif,2,776.000,768,784
32991,F8_01_1_2_Chlorophyll_A_001_phosphate_plate5.tif,1,800.000,800,800
32992,F8_01_1_2_Chlorophyll_A_001_phosphate_plate5.tif,3,816.000,784,864
32993,F8_01_1_2_Chlorophyll_A_001_phosphate_plate5.tif,4,856.000,800,896
32994,F8_01_1_2_Chlorophyll_A_001_phosphate_plate5.tif,39,937.026,768,1232
32995,F8_01_1_2_Chlorophyll_A_001_phosphate_plate5.tif,40,912.800,768,1120
32996,F8_01_1_2_Chlorophyll_A_001_phosphate_plate5.tif,27,947.556,784,1072
32997,F8_01_1_2_Chlorophyll_A_001_phosphate_plate5.tif,22,866.909,768,1184
32998,F8_01_1_2_Chlorophyll_A_001_phosphate_plate5.tif,1,848.000,848,848
32999,F8_01_1_2_Chlorophyll_A_001_phosphate_plate5.tif,1,800.000,800,800
33000,F8_01_1_2_Chlorophyll_A_001_phosphate_plate5.tif,1,896.000,896,896
33001,F8_01_1_2_Chlorophyll_A_001_phosphate_plate5.tif,229,1862.638,768,16512
33002,F8_01_1_2_Chlorophyll_A_001_phosphate_plate5.tif,4,820.000,784,880
33003,F8_01_1_2_Chlorophyll_A_001_phosphate_plate5.tif,1,784.000,784,784
33004,F8_01_1_2_Chlorophyll_A_001_phosphate_plate5.tif,2,848.000,832,864
33005,F8_01_1_2_Chlorophyll_A_001_phosphate_plate5.tif,12,833.333,768,912
33006,F8_01_1_2_Chlorophyll_A_001_phosphate_plate5.tif,5,844.800,784,896
33007,F8_01_1_2_Chlorophyll_A_001_phosphate_plate5.tif,1,800.000,800,800
33008,F8_01_1_2_Chlorophyll_A_001_phosphate_plate5.tif,5,854.400,784,1008
33009,F8_01_1_2_Chlorophyll_A_001_phosphate_plate5.tif,1,864.000,864,864
33010,F8_01_1_2_Chlorophyll_A_001_phosphate_plate5.tif,1,816.000,816,816
33011,F8_01_1_2_Chlorophyll_A_001_phosphate_plate5.tif,1,768.000,768,768
33012,F8_01_1_2_Chlorophyll_A_001_phosphate_plate5.tif,3,858.667,816,928
33013,F8_01_1_2_Chlorophyll_A_001_phosphate_plate5.tif,1,800.000,800,800
33014,F8_01_1_2_Chlorophyll_A_001_phosphate_plate5.tif,1,832.000,832,832
33015,F8_01_1_2_Chlorophyll_A_001_phosphate_plate5.tif,3,805.333,768,832
33016,F8_01_1_2_Chlorophyll_A_001_phosphate_plate5.tif,3,768.000,768,768
33017,F8_01_1_2_Chlorophyll_A_001_phosphate_plate5.tif,1,768.000,768,768
33018,F8_01_1_2_Chlorophyll_A_001_phosphate_plate5.tif,1,928.000,928,928
33019,F8_01_1_2_Chlorophyll_A_001_phosphate_plate5.tif,3,821.333,816,832
33020,F8_01_1_2_Chlorophyll_A_001_phosphate_plate5.tif,1,784.000,784,784
33021,F8_01_1_2_Chlorophyll_A_001_phosphate_plate5.tif,3,821.333,768,880
33022,F8_01_1_2_Chlorophyll_A_001_phosphate_plate5.tif,2,848.000,832,864
33023,F8_01_1_2_Chlorophyll_A_001_phosphate_plate5.tif,1,800.000,800,800
33024,F8_01_1_2_Chlorophyll_A_001_phosphate_plate5.tif,1,800.000,800,800
33025,F8_01_1_2_Chlorophyll_A_001_phosphate_plate5.tif,1,896.000,896,896
33026,F8_01_1_2_Chlorophyll_A_001_phosphate_plate5.tif,1,816.000,816,816
33027,F8_01_1_2_Chlorophyll_A_001_phosphate_plate5.tif,1,768.000,768,768
33028,F8_01_1_2_Chlorophyll_A_001_phosphate_plate5.tif,1,832.000,832,832
33029,F8_01_1_2_Chlorophyll_A_001_phosphate_plate5.tif,2,944.000,928,960
33030,F8_01_1_2_Chlorophyll_A_001_phosphate_plate5.tif,2,920.000,880,960
33031,F8_01_1_2_Chlorophyll_A_001_phosphate_plate5.tif,2,928.000,928,928
33032,F8_01_1_2_Chlorophyll_A_001_phosphate_plate5.tif,1,1072.000,1072,1072
33033,F8_01_1_2_Chlorophyll_A_001_phosphate_plate5.tif,2,944.000,832,1056
33034,F8_01_1_2_Chlorophyll_A_001_phosphate_plate5.tif,1,816.000,816,816
33035,F8_01_1_2_Chlorophyll_A_001_phosphate_plate5.tif,276,1167.594,768,7136
33036,F8_01_1_2_Chlorophyll_A_001_phosphate_plate5.tif,2,840.000,768,912
33037,F8_01_1_2_Chlorophyll_A_001_phosphate_plate5.tif,13,834.462,768,976
33038,F8_01_1_2_Chlorophyll_A_001_phosphate_plate5.tif,2,920.000,800,1040
33039,F8_01_1_2_Chlorophyll_A_001_phosphate_plate5.tif,1,816.000,816,816
33040,F8_01_1_2_Chlorophyll_A_001_phosphate_plate5.tif,1,912.000,912,912
33041,F8_01_1_2_Chlorophyll_A_001_phosphate_plate5.tif,3,784.000,768,800
33042,F8_01_1_2_Chlorophyll_A_001_phosphate_plate5.tif,1,800.000,800,800
33043,F8_01_1_2_Chlorophyll_A_001_phosphate_plate5.tif,1,800.000,800,800
33044,F8_01_1_2_Chlorophyll_A_001_phosphate_plate5.tif,2,800.000,784,816
33045,F8_01_1_2_Chlorophyll_A_001_phosphate_plate5.tif,1,816.000,816,816
33046,F8_01_1_2_Chlorophyll_A_001_phosphate_plate5.tif,4,880.000,784,1024
33047,F8_01_1_2_Chlorophyll_A_001_phosphate_plate5.tif,1,784.000,784,784
33048,F8_01_1_2_Chlorophyll_A_001_phosphate_plate5.tif,2,792.000,784,800
33049,F8_01_1_2_Chlorophyll_A_001_phosphate_plate5.tif,143,3476.140,768,24160
33050,F8_01_1_2_Chlorophyll_A_001_phosphate_plate5.tif,1,848.000,848,848
33051,F8_01_1_2_Chlorophyll_A_001_phosphate_plate5.tif,1,768.000,768,768
33052,F8_01_1_2_Chlorophyll_A_001_phosphate_plate5.tif,1,768.000,768,768
33053,F8_01_1_2_Chlorophyll_A_001_phosphate_plate5.tif,1,832.000,832,832
33054,F8_01_1_2_Chlorophyll_A_001_phosphate_plate5.tif,1,800.000,800,800
33055,F8_01_1_2_Chlorophyll_A_001_phosphate_plate5.tif,1,928.000,928,928
33056,F8_01_1_2_Chlorophyll_A_001_phosphate_plate5.tif,1,896.000,896,896
33057,F8_01_1_2_Chlorophyll_A_001_phosphate_plate5.tif,1,784.000,784,784
33058,F8_01_1_2_Chlorophyll_A_001_phosphate_plate5.tif,2,808.000,800,816
33059,F8_01_1_2_Chlorophyll_A_001_phosphate_plate5.tif,2,792.000,768,816
33060,F8_01_1_2_Chlorophyll_A_001_phosphate_plate5.tif,1,768.000,768,768
33061,F8_01_1_2_Chlorophyll_A_001_phosphate_plate5.tif,765,1056.732,768,1488
33062,F8_01_1_2_Chlorophyll_A_001_phosphate_plate5.tif,26,967.385,768,1200
33063,F8_01_1_2_Chlorophyll_A_001_phosphate_plate5.tif,67,909.373,784,1328
33064,F8_01_1_2_Chlorophyll_A_001_phosphate_plate5.tif,31,913.032,768,1184
33065,F8_01_1_2_Chlorophyll_A_001_phosphate_plate5.tif,49,859.429,768,1200
33066,F8_01_1_2_Chlorophyll_A_001_phosphate_plate5.tif,2,856.000,768,944
33067,F8_01_1_2_Chlorophyll_A_001_phosphate_plate5.tif,1,800.000,800,800
33068,F8_01_1_2_Chlorophyll_A_001_phosphate_plate5.tif,1,800.000,800,800
33069,F8_01_1_2_Chlorophyll_A_001_phosphate_plate5.tif,61,859.016,768,1056
33070,F8_01_1_2_Chlorophyll_A_001_phosphate_plate5.tif,1,912.000,912,912
33071,F8_01_1_2_Chlorophyll_A_001_phosphate_plate5.tif,9,824.889,768,896
33072,F8_01_1_2_Chlorophyll_A_001_phosphate_plate5.tif,1,800.000,800,800
33073,F8_01_1_2_Chlorophyll_A_001_phosphate_plate5.tif,4,832.000,784,880
33074,F8_01_1_2_Chlorophyll_A_001_phosphate_plate5.tif,2,808.000,768,848
33075,F8_01_1_2_Chlorophyll_A_001_phosphate_plate5.tif,1,768.000,768,768
33076,F8_01_1_2_Chlorophyll_A_001_phosphate_plate5.tif,2,784.000,784,784
33077,F8_01_1_2_Chlorophyll_A_001_phosphate_plate5.tif,1,896.000,896,896
33078,F8_01_1_2_Chlorophyll_A_001_phosphate_plate5.tif,1,896.000,896,896
33079,F8_01_1_2_Chlorophyll_A_001_phosphate_plate5.tif,1,976.000,976,976
33080,F8_01_1_2_Chlorophyll_A_001_phosphate_plate5.tif,1,864.000,864,864
33081,F8_01_1_2_Chlorophyll_A_001_phosphate_plate5.tif,1,768.000,768,768
33082,F8_01_1_2_Chlorophyll_A_001_phosphate_plate5.tif,1,768.000,768,768
33083,F8_01_1_2_Chlorophyll_A_001_phosphate_plate5.tif,95,3442.526,768,14400
33084,F8_01_1_2_Chlorophyll_A_001_phosphate_plate5.tif,1,816.000,816,816
33085,F8_01_1_2_Chlorophyll_A_001_phosphate_plate5.tif,1,784.000,784,784
33086,F8_01_1_2_Chlorophyll_A_001_phosphate_plate5.tif,1,784.000,784,784
33087,F8_01_1_2_Chlorophyll_A_001_phosphate_plate5.tif,1,832.000,832,832
33088,F8_01_1_2_Chlorophyll_A_001_phosphate_plate5.tif,1,800.000,800,800
33089,F8_01_1_2_Chlorophyll_A_001_phosphate_plate5.tif,1,864.000,864,864
33090,F8_01_1_2_Chlorophyll_A_001_phosphate_plate5.tif,1,784.000,784,784
33091,F8_01_1_2_Chlorophyll_A_001_phosphate_plate5.tif,2,856.000,800,912
33092,F8_01_1_2_Chlorophyll_A_001_phosphate_plate5.tif,3,789.333,768,832
33093,F8_01_1_2_Chlorophyll_A_001_phosphate_plate5.tif,1,832.000,832,832
33094,F8_01_1_2_Chlorophyll_A_001_phosphate_plate5.tif,1,832.000,832,832
33095,F8_01_1_2_Chlorophyll_A_001_phosphate_plate5.tif,1,816.000,816,816
33096,F8_01_1_2_Chlorophyll_A_001_phosphate_plate5.tif,1,800.000,800,800
33097,F8_01_1_2_Chlorophyll_A_001_phosphate_plate5.tif,28,863.429,768,1088
33098,F8_01_1_2_Chlorophyll_A_001_phosphate_plate5.tif,3,848.000,768,912
33099,F8_01_1_2_Chlorophyll_A_001_phosphate_plate5.tif,1,800.000,800,800
33100,F8_01_1_2_Chlorophyll_A_001_phosphate_plate5.tif,2,792.000,768,816
33101,F8_01_1_2_Chlorophyll_A_001_phosphate_plate5.tif,2,848.000,816,880
33102,F8_01_1_2_Chlorophyll_A_001_phosphate_plate5.tif,2,832.000,816,848
33103,F8_01_1_2_Chlorophyll_A_001_phosphate_plate5.tif,1,768.000,768,768
33104,F8_01_1_2_Chlorophyll_A_001_phosphate_plate5.tif,1,944.000,944,944
33105,F8_01_1_2_Chlorophyll_A_001_phosphate_plate5.tif,2,904.000,896,912
33106,F8_01_1_2_Chlorophyll_A_001_phosphate_plate5.tif,1,800.000,800,800
33107,F8_01_1_2_Chlorophyll_A_001_phosphate_plate5.tif,5,854.400,800,880
33108,F8_01_1_2_Chlorophyll_A_001_phosphate_plate5.tif,3,800.000,768,848
33109,F8_01_1_2_Chlorophyll_A_001_phosphate_plate5.tif,1,800.000,800,800
33110,F8_01_1_2_Chlorophyll_A_001_phosphate_plate5.tif,1,784.000,784,784
33111,F8_01_1_2_Chlorophyll_A_001_phosphate_plate5.tif,1,768.000,768,768
33112,F8_01_1_2_Chlorophyll_A_001_phosphate_plate5.tif,2,848.000,800,896
33113,F8_01_1_2_Chlorophyll_A_001_phosphate_plate5.tif,1,800.000,800,800
33114,F8_01_1_2_Chlorophyll_A_001_phosphate_plate5.tif,1,864.000,864,864
33115,F8_01_1_2_Chlorophyll_A_001_phosphate_plate5.tif,1,800.000,800,800
33116,F8_01_1_2_Chlorophyll_A_001_phosphate_plate5.tif,1,768.000,768,768
33117,F8_01_1_2_Chlorophyll_A_001_phosphate_plate5.tif,1,784.000,784,784
33118,F8_01_1_2_Chlorophyll_A_001_phosphate_plate5.tif,1,768.000,768,768
33119,F8_01_1_2_Chlorophyll_A_001_phosphate_plate5.tif,1,784.000,784,784
33120,F8_01_1_2_Chlorophyll_A_001_phosphate_plate5.tif,1,784.000,784,784
33121,F8_01_1_2_Chlorophyll_A_001_phosphate_plate5.tif,1,832.000,832,832
33122,F8_01_1_2_Chlorophyll_A_001_phosphate_plate5.tif,1,992.000,992,992
33123,F8_01_1_2_Chlorophyll_A_001_phosphate_plate5.tif,3,864.000,784,960
33124,F8_01_1_2_Chlorophyll_A_001_phosphate_plate5.tif,1,912.000,912,912
33125,F8_01_1_2_Chlorophyll_A_001_phosphate_plate5.tif,1,816.000,816,816
33126,F8_01_1_2_Chlorophyll_A_001_phosphate_plate5.tif,1,784.000,784,784
33127,F8_01_1_2_Chlorophyll_A_001_phosphate_plate5.tif,1,880.000,880,880
33128,F8_01_1_2_Chlorophyll_A_001_phosphate_plate5.tif,1,880.000,880,880
33129,F8_01_1_2_Chlorophyll_A_001_phosphate_plate5.tif,3,853.333,816,880
33130,F8_01_1_2_Chlorophyll_A_001_phosphate_plate5.tif,3,810.667,768,832
33131,F8_01_1_2_Chlorophyll_A_001_phosphate_plate5.tif,48,1616.667,768,7680
33132,F8_01_1_2_Chlorophyll_A_001_phosphate_plate5.tif,64,940.250,768,1312
33133,F8_01_1_2_Chlorophyll_A_001_phosphate_plate5.tif,66,904.485,768,1200
33134,F8_01_1_2_Chlorophyll_A_001_phosphate_plate5.tif,53,918.642,800,1136
33135,F8_01_1_2_Chlorophyll_A_001_phosphate_plate5.tif,9,862.222,784,976
33136,F8_01_1_2_Chlorophyll_A_001_phosphate_plate5.tif,1,1152.000,1152,1152
33137,F8_01_1_2_Chlorophyll_A_001_phosphate_plate5.tif,1,864.000,864,864
33138,F8_01_1_2_Chlorophyll_A_001_phosphate_plate5.tif,7,905.143,816,960
33139,F8_01_1_2_Chlorophyll_A_001_phosphate_plate5.tif,1,768.000,768,768
33140,F8_01_1_2_Chlorophyll_A_001_phosphate_plate5.tif,2,776.000,768,784
33141,F8_01_1_2_Chlorophyll_A_001_phosphate_plate5.tif,1,784.000,784,784
33142,F8_01_1_2_Chlorophyll_A_001_phosphate_plate5.tif,1,832.000,832,832
33143,F8_01_1_2_Chlorophyll_A_001_phosphate_plate5.tif,1,768.000,768,768
33144,F8_01_1_2_Chlorophyll_A_001_phosphate_plate5.tif,1,768.000,768,768
33145,F8_01_1_2_Chlorophyll_A_001_phosphate_plate5.tif,1,1104.000,1104,1104
33146,F8_01_1_2_Chlorophyll_A_001_phosphate_plate5.tif,2,816.000,768,864
33147,F8_01_1_2_Chlorophyll_A_001_phosphate_plate5.tif,1,768.000,768,768
33148,F8_01_1_2_Chlorophyll_A_001_phosphate_plate5.tif,2,840.000,768,912
33149,F8_01_1_2_Chlorophyll_A_001_phosphate_plate5.tif,1,816.000,816,816
33150,F8_01_1_2_Chlorophyll_A_001_phosphate_plate5.tif,1,928.000,928,928
33151,F8_01_1_2_Chlorophyll_A_001_phosphate_plate5.tif,1,768.000,768,768
33152,F8_01_1_2_Chlorophyll_A_001_phosphate_plate5.tif,1,848.000,848,848
33153,F8_01_1_2_Chlorophyll_A_001_phosphate_plate5.tif,1,832.000,832,832
33154,F8_01_1_2_Chlorophyll_A_001_phosphate_plate5.tif,1,800.000,800,800
33155,F8_01_1_2_Chlorophyll_A_001_phosphate_plate5.tif,1,816.000,816,816
33156,F8_01_1_2_Chlorophyll_A_001_phosphate_plate5.tif,1,784.000,784,784
33157,F8_01_1_2_Chlorophyll_A_001_phosphate_plate5.tif,2,872.000,832,912
33158,F8_01_1_2_Chlorophyll_A_001_phosphate_plate5.tif,1,768.000,768,768
33159,F8_01_1_2_Chlorophyll_A_001_phosphate_plate5.tif,1,784.000,784,784
33160,F8_01_1_2_Chlorophyll_A_001_phosphate_plate5.tif,1,944.000,944,944
33161,F8_01_1_2_Chlorophyll_A_001_phosphate_plate5.tif,1,848.000,848,848
33162,F8_01_1_2_Chlorophyll_A_001_phosphate_plate5.tif,1,784.000,784,784
33163,F8_01_1_2_Chlorophyll_A_001_phosphate_plate5.tif,2,808.000,784,832
33164,F8_01_1_2_Chlorophyll_A_001_phosphate_plate5.tif,1,864.000,864,864
33165,F8_01_1_2_Chlorophyll_A_001_phosphate_plate5.tif,2,824.000,768,880
33166,F8_01_1_2_Chlorophyll_A_001_phosphate_plate5.tif,1,848.000,848,848
33167,F8_01_1_2_Chlorophyll_A_001_phosphate_plate5.tif,1,784.000,784,784
33168,F8_01_1_2_Chlorophyll_A_001_phosphate_plate5.tif,4,908.000,864,976
33169,F8_01_1_2_Chlorophyll_A_001_phosphate_plate5.tif,1,864.000,864,864
33170,F8_01_1_2_Chlorophyll_A_001_phosphate_plate5.tif,3,784.000,768,816
33171,F8_01_1_2_Chlorophyll_A_001_phosphate_plate5.tif,10,841.600,768,944
33172,F8_01_1_2_Chlorophyll_A_001_phosphate_plate5.tif,1,896.000,896,896
33173,F8_01_1_2_Chlorophyll_A_001_phosphate_plate5.tif,45,1026.844,816,1248
33174,F8_01_1_2_Chlorophyll_A_001_phosphate_plate5.tif,48,892.333,768,1088
33175,F8_01_1_2_Chlorophyll_A_001_phosphate_plate5.tif,8,918.000,816,1104
33176,F8_01_1_2_Chlorophyll_A_001_phosphate_plate5.tif,3,837.333,832,848
33177,F8_01_1_2_Chlorophyll_A_001_phosphate_plate5.tif,1,768.000,768,768
33178,F8_01_1_2_Chlorophyll_A_001_phosphate_plate5.tif,1,880.000,880,880
33179,F8_01_1_2_Chlorophyll_A_001_phosphate_plate5.tif,1,800.000,800,800
33180,F8_01_1_2_Chlorophyll_A_001_phosphate_plate5.tif,1,848.000,848,848
33181,F8_01_1_2_Chlorophyll_A_001_phosphate_plate5.tif,1,976.000,976,976
33182,F8_01_1_2_Chlorophyll_A_001_phosphate_plate5.tif,1,832.000,832,832
33183,F8_01_1_2_Chlorophyll_A_001_phosphate_plate5.tif,2,856.000,816,896
33184,F8_01_1_2_Chlorophyll_A_001_phosphate_plate5.tif,2,872.000,768,976
33185,F8_01_1_2_Chlorophyll_A_001_phosphate_plate5.tif,1,768.000,768,768
33186,F8_01_1_2_Chlorophyll_A_001_phosphate_plate5.tif,1,880.000,880,880
33187,F8_01_1_2_Chlorophyll_A_001_phosphate_plate5.tif,1,816.000,816,816
33188,F8_01_1_2_Chlorophyll_A_001_phosphate_plate5.tif,2,888.000,864,912
33189,F8_01_1_2_Chlorophyll_A_001_phosphate_plate5.tif,1,864.000,864,864
33190,F8_01_1_2_Chlorophyll_A_001_phosphate_plate5.tif,1,800.000,800,800
33191,F8_01_1_2_Chlorophyll_A_001_phosphate_plate5.tif,1,816.000,816,816
33192,F8_01_1_2_Chlorophyll_A_001_phosphate_plate5.tif,2,808.000,800,816
33193,F8_01_1_2_Chlorophyll_A_001_phosphate_plate5.tif,1,896.000,896,896
33194,F8_01_1_2_Chlorophyll_A_001_phosphate_plate5.tif,1,784.000,784,784
33195,F8_01_1_2_Chlorophyll_A_001_phosphate_plate5.tif,1,768.000,768,768
33196,F8_01_1_2_Chlorophyll_A_001_phosphate_plate5.tif,1,928.000,928,928
33197,F8_01_1_2_Chlorophyll_A_001_phosphate_plate5.tif,19,854.737,768,1088
33198,F8_01_1_2_Chlorophyll_A_001_phosphate_plate5.tif,11,834.909,768,1056
33199,F8_01_1_2_Chlorophyll_A_001_phosphate_plate5.tif,13,894.769,768,1216
33200,F8_01_1_2_Chlorophyll_A_001_phosphate_plate5.tif,1,768.000,768,768
33201,F8_01_1_2_Chlorophyll_A_001_phosphate_plate5.tif,1,784.000,784,784
33202,F8_01_1_2_Chlorophyll_A_001_phosphate_plate5.tif,1,784.000,784,784
33203,F8_01_1_2_Chlorophyll_A_001_phosphate_plate5.tif,1,784.000,784,784
33204,F8_01_1_2_Chlorophyll_A_001_phosphate_plate5.tif,1,864.000,864,864
33205,F8_01_1_2_Chlorophyll_A_001_phosphate_plate5.tif,1,896.000,896,896
33206,F8_01_1_2_Chlorophyll_A_001_phosphate_plate5.tif,5,841.600,784,928
33207,F8_01_1_2_Chlorophyll_A_001_phosphate_plate5.tif,2,888.000,864,912
33208,F8_01_1_2_Chlorophyll_A_001_phosphate_plate5.tif,1,784.000,784,784
33209,F8_01_1_2_Chlorophyll_A_001_phosphate_plate5.tif,3,784.000,784,784
33210,F8_01_1_2_Chlorophyll_A_001_phosphate_plate5.tif,1,816.000,816,816
33211,F8_01_1_2_Chlorophyll_A_001_phosphate_plate5.tif,1,768.000,768,768
33212,F8_01_1_2_Chlorophyll_A_001_phosphate_plate5.tif,1,800.000,800,800
33213,F8_01_1_2_Chlorophyll_A_001_phosphate_plate5.tif,4,796.000,768,864
33214,F8_01_1_2_Chlorophyll_A_001_phosphate_plate5.tif,1,784.000,784,784
33215,F8_01_1_2_Chlorophyll_A_001_phosphate_plate5.tif,1,848.000,848,848
33216,F8_01_1_2_Chlorophyll_A_001_phosphate_plate5.tif,1,800.000,800,800
33217,F8_01_1_2_Chlorophyll_A_001_phosphate_plate5.tif,1,816.000,816,816
33218,F8_01_1_2_Chlorophyll_A_001_phosphate_plate5.tif,1,784.000,784,784
33219,F8_01_1_2_Chlorophyll_A_001_phosphate_plate5.tif,1,912.000,912,912
33220,F8_01_1_2_Chlorophyll_A_001_phosphate_plate5.tif,1,816.000,816,816
33221,F8_01_1_2_Chlorophyll_A_001_phosphate_plate5.tif,1,864.000,864,864
33222,F8_01_1_2_Chlorophyll_A_001_phosphate_plate5.tif,1,800.000,800,800
33223,F8_01_1_2_Chlorophyll_A_001_phosphate_plate5.tif,1,768.000,768,768
33224,F8_01_1_2_Chlorophyll_A_001_phosphate_plate5.tif,1,784.000,784,784
33225,F8_01_1_2_Chlorophyll_A_001_phosphate_plate5.tif,1,832.000,832,832
33226,F8_01_1_2_Chlorophyll_A_001_phosphate_plate5.tif,2,888.000,784,992
33227,F8_01_1_2_Chlorophyll_A_001_phosphate_plate5.tif,1,864.000,864,864
33228,F8_01_1_2_Chlorophyll_A_001_phosphate_plate5.tif,2,896.000,816,976
33229,F8_01_1_2_Chlorophyll_A_001_phosphate_plate5.tif,1,848.000,848,848
33230,F8_01_1_2_Chlorophyll_A_001_phosphate_plate5.tif,1,864.000,864,864
33231,F8_01_1_2_Chlorophyll_A_001_phosphate_plate5.tif,1,768.000,768,768
33232,F8_01_1_2_Chlorophyll_A_001_phosphate_plate5.tif,1,816.000,816,816
33233,F8_01_1_2_Chlorophyll_A_001_phosphate_plate5.tif,4,844.000,784,896
33234,F8_01_1_2_Chlorophyll_A_001_phosphate_plate5.tif,143,971.860,768,1264
33235,F8_01_1_2_Chlorophyll_A_001_phosphate_plate5.tif,37,868.324,768,1072
33236,F8_01_1_2_Chlorophyll_A_001_phosphate_plate5.tif,1,768.000,768,768
33237,F8_01_1_2_Chlorophyll_A_001_phosphate_plate5.tif,3,864.000,784,928
33238,F8_01_1_2_Chlorophyll_A_001_phosphate_plate5.tif,2,888.000,832,944
33239,F8_01_1_2_Chlorophyll_A_001_phosphate_plate5.tif,3,816.000,800,832
33240,F8_01_1_2_Chlorophyll_A_001_phosphate_plate5.tif,4,832.000,768,896
33241,F8_01_1_2_Chlorophyll_A_001_phosphate_plate5.tif,1,832.000,832,832
33242,F8_01_1_2_Chlorophyll_A_001_phosphate_plate5.tif,1,768.000,768,768
33243,F8_01_1_2_Chlorophyll_A_001_phosphate_plate5.tif,1,800.000,800,800
33244,F8_01_1_2_Chlorophyll_A_001_phosphate_plate5.tif,3,784.000,768,800
33245,F8_01_1_2_Chlorophyll_A_001_phosphate_plate5.tif,1,800.000,800,800
33246,F8_01_1_2_Chlorophyll_A_001_phosphate_plate5.tif,1,768.000,768,768
33247,F8_01_1_2_Chlorophyll_A_001_phosphate_plate5.tif,1,832.000,832,832
33248,F8_01_1_2_Chlorophyll_A_001_phosphate_plate5.tif,1,864.000,864,864
33249,F8_01_1_2_Chlorophyll_A_001_phosphate_plate5.tif,1,880.000,880,880
33250,F8_01_1_2_Chlorophyll_A_001_phosphate_plate5.tif,1,768.000,768,768
33251,F8_01_1_2_Chlorophyll_A_001_phosphate_plate5.tif,3,853.333,800,928
33252,F8_01_1_2_Chlorophyll_A_001_phosphate_plate5.tif,1,864.000,864,864
33253,F8_01_1_2_Chlorophyll_A_001_phosphate_plate5.tif,3,842.667,768,976
33254,F8_01_1_2_Chlorophyll_A_001_phosphate_plate5.tif,1,784.000,784,784
33255,F8_01_1_2_Chlorophyll_A_001_phosphate_plate5.tif,4,848.000,784,928
33256,F8_01_1_2_Chlorophyll_A_001_phosphate_plate5.tif,1,816.000,816,816
33257,F8_01_1_2_Chlorophyll_A_001_phosphate_plate5.tif,1,816.000,816,816
33258,F8_01_1_2_Chlorophyll_A_001_phosphate_plate5.tif,1,816.000,816,816
33259,F8_01_1_2_Chlorophyll_A_001_phosphate_plate5.tif,1,768.000,768,768
33260,F8_01_1_2_Chlorophyll_A_001_phosphate_plate5.tif,1,800.000,800,800
33261,F8_01_1_2_Chlorophyll_A_001_phosphate_plate5.tif,1,768.000,768,768
33262,F8_01_1_2_Chlorophyll_A_001_phosphate_plate5.tif,1,800.000,800,800
33263,F8_01_1_2_Chlorophyll_A_001_phosphate_plate5.tif,1,880.000,880,880
33264,F8_01_1_2_Chlorophyll_A_001_phosphate_plate5.tif,2,856.000,816,896
33265,F8_01_1_2_Chlorophyll_A_001_phosphate_plate5.tif,26,920.000,784,1168
33266,F8_01_1_2_Chlorophyll_A_001_phosphate_plate5.tif,1,864.000,864,864
33267,F8_01_1_2_Chlorophyll_A_001_phosphate_plate5.tif,392,2212.286,768,31232
33268,F8_01_1_2_Chlorophyll_A_001_phosphate_plate5.tif,1,800.000,800,800
33269,F8_01_1_2_Chlorophyll_A_001_phosphate_plate5.tif,2,832.000,832,832
33270,F8_01_1_2_Chlorophyll_A_001_phosphate_plate5.tif,1,896.000,896,896
33271,F8_01_1_2_Chlorophyll_A_001_phosphate_plate5.tif,1,832.000,832,832
33272,F8_01_1_2_Chlorophyll_A_001_phosphate_plate5.tif,1,816.000,816,816
33273,F8_01_1_2_Chlorophyll_A_001_phosphate_plate5.tif,1,816.000,816,816
33274,F8_01_1_2_Chlorophyll_A_001_phosphate_plate5.tif,2,792.000,768,816
33275,F8_01_1_2_Chlorophyll_A_001_phosphate_plate5.tif,2,840.000,832,848
33276,F8_01_1_2_Chlorophyll_A_001_phosphate_plate5.tif,1,816.000,816,816
33277,F8_01_1_2_Chlorophyll_A_001_phosphate_plate5.tif,9,819.556,768,928
33278,F8_01_1_2_Chlorophyll_A_001_phosphate_plate5.tif,1,1040.000,1040,1040
33279,F8_01_1_2_Chlorophyll_A_001_phosphate_plate5.tif,2,864.000,800,928
33280,F8_01_1_2_Chlorophyll_A_001_phosphate_plate5.tif,1,784.000,784,784
33281,F8_01_1_2_Chlorophyll_A_001_phosphate_plate5.tif,2,784.000,768,800
33282,F8_01_1_2_Chlorophyll_A_001_phosphate_plate5.tif,2,872.000,864,880
33283,F8_01_1_2_Chlorophyll_A_001_phosphate_plate5.tif,1,768.000,768,768
33284,F8_01_1_2_Chlorophyll_A_001_phosphate_plate5.tif,1,800.000,800,800
33285,F8_01_1_2_Chlorophyll_A_001_phosphate_plate5.tif,1,800.000,800,800
33286,F8_01_1_2_Chlorophyll_A_001_phosphate_plate5.tif,1,944.000,944,944
33287,F8_01_1_2_Chlorophyll_A_001_phosphate_plate5.tif,2,872.000,816,928
33288,F8_01_1_2_Chlorophyll_A_001_phosphate_plate5.tif,2,800.000,784,816
33289,F8_01_1_2_Chlorophyll_A_001_phosphate_plate5.tif,3,880.000,816,912
33290,F8_01_1_2_Chlorophyll_A_001_phosphate_plate5.tif,5,889.600,800,976
33291,F8_01_1_2_Chlorophyll_A_001_phosphate_plate5.tif,1,912.000,912,912
33292,F8_01_1_2_Chlorophyll_A_001_phosphate_plate5.tif,29,1011.862,816,1200
33293,F8_01_1_2_Chlorophyll_A_001_phosphate_plate5.tif,19,930.526,768,1264
33294,F8_01_1_2_Chlorophyll_A_001_phosphate_plate5.tif,60,901.333,768,1104
33295,F8_01_1_2_Chlorophyll_A_001_phosphate_plate5.tif,51,865.255,768,1120
33296,F8_01_1_2_Chlorophyll_A_001_phosphate_plate5.tif,1,816.000,816,816
33297,F8_01_1_2_Chlorophyll_A_001_phosphate_plate5.tif,1,912.000,912,912
33298,F8_01_1_2_Chlorophyll_A_001_phosphate_plate5.tif,6,896.000,768,1136
33299,F8_01_1_2_Chlorophyll_A_001_phosphate_plate5.tif,2,840.000,832,848
33300,F8_01_1_2_Chlorophyll_A_001_phosphate_plate5.tif,1,816.000,816,816
33301,F8_01_1_2_Chlorophyll_A_001_phosphate_plate5.tif,1,848.000,848,848
33302,F8_01_1_2_Chlorophyll_A_001_phosphate_plate5.tif,1,928.000,928,928
33303,F8_01_1_2_Chlorophyll_A_001_phosphate_plate5.tif,2,840.000,816,864
33304,F8_01_1_2_Chlorophyll_A_001_phosphate_plate5.tif,2,832.000,800,864
33305,F8_01_1_2_Chlorophyll_A_001_phosphate_plate5.tif,3,784.000,768,816
33306,F8_01_1_2_Chlorophyll_A_001_phosphate_plate5.tif,1,800.000,800,800
33307,F8_01_1_2_Chlorophyll_A_001_phosphate_plate5.tif,1,800.000,800,800
33308,F8_01_1_2_Chlorophyll_A_001_phosphate_plate5.tif,2,784.000,768,800
33309,F8_01_1_2_Chlorophyll_A_001_phosphate_plate5.tif,1,880.000,880,880
33310,F8_01_1_2_Chlorophyll_A_001_phosphate_plate5.tif,1,816.000,816,816
33311,F8_01_1_2_Chlorophyll_A_001_phosphate_plate5.tif,1,816.000,816,816
33312,F8_01_1_2_Chlorophyll_A_001_phosphate_plate5.tif,1,816.000,816,816
33313,F8_01_1_2_Chlorophyll_A_001_phosphate_plate5.tif,2,824.000,816,832
33314,F8_01_1_2_Chlorophyll_A_001_phosphate_plate5.tif,1,848.000,848,848
33315,F8_01_1_2_Chlorophyll_A_001_phosphate_plate5.tif,2,888.000,816,960
33316,F8_01_1_2_Chlorophyll_A_001_phosphate_plate5.tif,1,784.000,784,784
33317,F8_01_1_2_Chlorophyll_A_001_phosphate_plate5.tif,1,768.000,768,768
33318,F8_01_1_2_Chlorophyll_A_001_phosphate_plate5.tif,1,864.000,864,864
33319,F8_01_1_2_Chlorophyll_A_001_phosphate_plate5.tif,1,784.000,784,784
33320,F8_01_1_2_Chlorophyll_A_001_phosphate_plate5.tif,1,832.000,832,832
33321,F8_01_1_2_Chlorophyll_A_001_phosphate_plate5.tif,1,832.000,832,832
33322,F8_01_1_2_Chlorophyll_A_001_phosphate_plate5.tif,1,864.000,864,864
33323,F8_01_1_2_Chlorophyll_A_001_phosphate_plate5.tif,1,784.000,784,784
33324,F8_01_1_2_Chlorophyll_A_001_phosphate_plate5.tif,3,805.333,784,816
33325,F8_01_1_2_Chlorophyll_A_001_phosphate_plate5.tif,1,880.000,880,880
33326,F8_01_1_2_Chlorophyll_A_001_phosphate_plate5.tif,1,784.000,784,784
33327,F8_01_1_2_Chlorophyll_A_001_phosphate_plate5.tif,2,816.000,768,864
33328,F8_01_1_2_Chlorophyll_A_001_phosphate_plate5.tif,8,888.000,768,1072
33329,F8_01_1_2_Chlorophyll_A_001_phosphate_plate5.tif,47,906.213,768,1120
33330,F8_01_1_2_Chlorophyll_A_001_phosphate_plate5.tif,70,881.371,768,1152
33331,F8_01_1_2_Chlorophyll_A_001_phosphate_plate5.tif,69,868.638,768,1168
33332,F8_01_1_2_Chlorophyll_A_001_phosphate_plate5.tif,41,871.024,768,1072
33333,F8_01_1_2_Chlorophyll_A_001_phosphate_plate5.tif,4,868.000,768,976
33334,F8_01_1_2_Chlorophyll_A_001_phosphate_plate5.tif,2,808.000,784,832
33335,F8_01_1_2_Chlorophyll_A_001_phosphate_plate5.tif,2,816.000,784,848
33336,F8_01_1_2_Chlorophyll_A_001_phosphate_plate5.tif,3,810.667,784,832
33337,F8_01_1_2_Chlorophyll_A_001_phosphate_plate5.tif,4,848.000,768,928
33338,F8_01_1_2_Chlorophyll_A_001_phosphate_plate5.tif,1,768.000,768,768
33339,F8_01_1_2_Chlorophyll_A_001_phosphate_plate5.tif,1,1088.000,1088,1088
33340,F8_01_1_2_Chlorophyll_A_001_phosphate_plate5.tif,1,832.000,832,832
33341,F8_01_1_2_Chlorophyll_A_001_phosphate_plate5.tif,1,1008.000,1008,1008
33342,F8_01_1_2_Chlorophyll_A_001_phosphate_plate5.tif,1,832.000,832,832
33343,F8_01_1_2_Chlorophyll_A_001_phosphate_plate5.tif,1,784.000,784,784
33344,F8_01_1_2_Chlorophyll_A_001_phosphate_plate5.tif,1,960.000,960,960
33345,F8_01_1_2_Chlorophyll_A_001_phosphate_plate5.tif,5,819.200,784,896
33346,F8_01_1_2_Chlorophyll_A_001_phosphate_plate5.tif,1,816.000,816,816
33347,F8_01_1_2_Chlorophyll_A_001_phosphate_plate5.tif,3,778.667,768,800
33348,F8_01_1_2_Chlorophyll_A_001_phosphate_plate5.tif,1,784.000,784,784
33349,F8_01_1_2_Chlorophyll_A_001_phosphate_plate5.tif,1,832.000,832,832
33350,F8_01_1_2_Chlorophyll_A_001_phosphate_plate5.tif,1,896.000,896,896
33351,F8_01_1_2_Chlorophyll_A_001_phosphate_plate5.tif,1,784.000,784,784
33352,F8_01_1_2_Chlorophyll_A_001_phosphate_plate5.tif,1,800.000,800,800
33353,F8_01_1_2_Chlorophyll_A_001_phosphate_plate5.tif,1,880.000,880,880
33354,F8_01_1_2_Chlorophyll_A_001_phosphate_plate5.tif,2,872.000,816,928
33355,F8_01_1_2_Chlorophyll_A_001_phosphate_plate5.tif,1,800.000,800,800
33356,F8_01_1_2_Chlorophyll_A_001_phosphate_plate5.tif,2,856.000,784,928
33357,F8_01_1_2_Chlorophyll_A_001_phosphate_plate5.tif,2,808.000,784,832
33358,F8_01_1_2_Chlorophyll_A_001_phosphate_plate5.tif,1,992.000,992,992
33359,F8_01_1_2_Chlorophyll_A_001_phosphate_plate5.tif,1,992.000,992,992
33360,F8_01_1_2_Chlorophyll_A_001_phosphate_plate5.tif,35,1060.114,816,1392
33361,F8_01_1_2_Chlorophyll_A_001_phosphate_plate5.tif,1,768.000,768,768
33362,F8_01_1_2_Chlorophyll_A_001_phosphate_plate5.tif,2,920.000,816,1024
33363,F8_01_1_2_Chlorophyll_A_001_phosphate_plate5.tif,4,828.000,768,960
33364,F8_01_1_2_Chlorophyll_A_001_phosphate_plate5.tif,2,784.000,768,800
33365,F8_01_1_2_Chlorophyll_A_001_phosphate_plate5.tif,3,869.333,800,944
33366,F8_01_1_2_Chlorophyll_A_001_phosphate_plate5.tif,1,768.000,768,768
33367,F8_01_1_2_Chlorophyll_A_001_phosphate_plate5.tif,1,800.000,800,800
33368,F8_01_1_2_Chlorophyll_A_001_phosphate_plate5.tif,1,816.000,816,816
33369,F8_01_1_2_Chlorophyll_A_001_phosphate_plate5.tif,1,800.000,800,800
33370,F8_01_1_2_Chlorophyll_A_001_phosphate_plate5.tif,1,880.000,880,880
33371,F8_01_1_2_Chlorophyll_A_001_phosphate_plate5.tif,2,816.000,800,832
33372,F8_01_1_2_Chlorophyll_A_001_phosphate_plate5.tif,2,800.000,768,832
33373,F8_01_1_2_Chlorophyll_A_001_phosphate_plate5.tif,2,864.000,768,960
33374,F8_01_1_2_Chlorophyll_A_001_phosphate_plate5.tif,1,800.000,800,800
33375,F8_01_1_2_Chlorophyll_A_001_phosphate_plate5.tif,1,800.000,800,800
33376,F8_01_1_2_Chlorophyll_A_001_phosphate_plate5.tif,1,800.000,800,800
33377,F8_01_1_2_Chlorophyll_A_001_phosphate_plate5.tif,102,2626.039,768,13184
33378,F8_01_1_2_Chlorophyll_A_001_phosphate_plate5.tif,4,880.000,800,1088
33379,F8_01_1_2_Chlorophyll_A_001_phosphate_plate5.tif,1,816.000,816,816
33380,F8_01_1_2_Chlorophyll_A_001_phosphate_plate5.tif,1,864.000,864,864
33381,F8_01_1_2_Chlorophyll_A_001_phosphate_plate5.tif,6,821.333,768,912
33382,F8_01_1_2_Chlorophyll_A_001_phosphate_plate5.tif,1,800.000,800,800
33383,F8_01_1_2_Chlorophyll_A_001_phosphate_plate5.tif,1,816.000,816,816
33384,F8_01_1_2_Chlorophyll_A_001_phosphate_plate5.tif,1,864.000,864,864
33385,F8_01_1_2_Chlorophyll_A_001_phosphate_plate5.tif,1,800.000,800,800
33386,F8_01_1_2_Chlorophyll_A_001_phosphate_plate5.tif,2,808.000,768,848
33387,F8_01_1_2_Chlorophyll_A_001_phosphate_plate5.tif,3,874.667,816,944
33388,F8_01_1_2_Chlorophyll_A_001_phosphate_plate5.tif,1,816.000,816,816
33389,F8_01_1_2_Chlorophyll_A_001_phosphate_plate5.tif,1,928.000,928,928
33390,F8_01_1_2_Chlorophyll_A_001_phosphate_plate5.tif,1,816.000,816,816
33391,F8_01_1_2_Chlorophyll_A_001_phosphate_plate5.tif,2,768.000,768,768
33392,F8_01_1_2_Chlorophyll_A_001_phosphate_plate5.tif,3,821.333,768,864
33393,F8_01_1_2_Chlorophyll_A_001_phosphate_plate5.tif,45,949.689,768,1200
33394,F8_01_1_2_Chlorophyll_A_001_phosphate_plate5.tif,1,976.000,976,976
33395,F8_01_1_2_Chlorophyll_A_001_phosphate_plate5.tif,1,784.000,784,784
33396,F8_01_1_2_Chlorophyll_A_001_phosphate_plate5.tif,1,912.000,912,912
33397,F8_01_1_2_Chlorophyll_A_001_phosphate_plate5.tif,3,832.000,816,864
33398,F8_01_1_2_Chlorophyll_A_001_phosphate_plate5.tif,2,840.000,784,896
33399,F8_01_1_2_Chlorophyll_A_001_phosphate_plate5.tif,4,920.000,784,1056
33400,F8_01_1_2_Chlorophyll_A_001_phosphate_plate5.tif,3,885.333,784,944
33401,F8_01_1_2_Chlorophyll_A_001_phosphate_plate5.tif,4,824.000,768,896
33402,F8_01_1_2_Chlorophyll_A_001_phosphate_plate5.tif,3,837.333,768,944
33403,F8_01_1_2_Chlorophyll_A_001_phosphate_plate5.tif,3,869.333,832,944
33404,F8_01_1_2_Chlorophyll_A_001_phosphate_plate5.tif,1,816.000,816,816
33405,F8_01_1_2_Chlorophyll_A_001_phosphate_plate5.tif,1,784.000,784,784
33406,F8_01_1_2_Chlorophyll_A_001_phosphate_plate5.tif,1,784.000,784,784
33407,F8_01_1_2_Chlorophyll_A_001_phosphate_plate5.tif,1,768.000,768,768
33408,F8_01_1_2_Chlorophyll_A_001_phosphate_plate5.tif,5,816.000,768,864
33409,F8_01_1_2_Chlorophyll_A_001_phosphate_plate5.tif,2,800.000,800,800
33410,F8_01_1_2_Chlorophyll_A_001_phosphate_plate5.tif,1,800.000,800,800
33411,F8_01_1_2_Chlorophyll_A_001_phosphate_plate5.tif,1,848.000,848,848
33412,F8_01_1_2_Chlorophyll_A_001_phosphate_plate5.tif,1,880.000,880,880
33413,F8_01_1_2_Chlorophyll_A_001_phosphate_plate5.tif,1,800.000,800,800
33414,F8_01_1_2_Chlorophyll_A_001_phosphate_plate5.tif,84,3324.190,768,22432
33415,F8_01_1_2_Chlorophyll_A_001_phosphate_plate5.tif,2,800.000,784,816
33416,F8_01_1_2_Chlorophyll_A_001_phosphate_plate5.tif,97,3720.742,784,18528
33417,F8_01_1_2_Chlorophyll_A_001_phosphate_plate5.tif,4,876.000,800,976
33418,F8_01_1_2_Chlorophyll_A_001_phosphate_plate5.tif,1,832.000,832,832
33419,F8_01_1_2_Chlorophyll_A_001_phosphate_plate5.tif,1,880.000,880,880
33420,F8_01_1_2_Chlorophyll_A_001_phosphate_plate5.tif,1,784.000,784,784
33421,F8_01_1_2_Chlorophyll_A_001_phosphate_plate5.tif,1,816.000,816,816
33422,F8_01_1_2_Chlorophyll_A_001_phosphate_plate5.tif,1,784.000,784,784
33423,F8_01_1_2_Chlorophyll_A_001_phosphate_plate5.tif,1,832.000,832,832
33424,F8_01_1_2_Chlorophyll_A_001_phosphate_plate5.tif,1,864.000,864,864
33425,F8_01_1_2_Chlorophyll_A_001_phosphate_plate5.tif,1,768.000,768,768
33426,F8_01_1_2_Chlorophyll_A_001_phosphate_plate5.tif,1,896.000,896,896
33427,F8_01_1_2_Chlorophyll_A_001_phosphate_plate5.tif,1,784.000,784,784
33428,F8_01_1_2_Chlorophyll_A_001_phosphate_plate5.tif,3,885.333,768,960
33429,F8_01_1_2_Chlorophyll_A_001_phosphate_plate5.tif,1,768.000,768,768
33430,F8_01_1_2_Chlorophyll_A_001_phosphate_plate5.tif,1,816.000,816,816
33431,F8_01_1_2_Chlorophyll_A_001_phosphate_plate5.tif,3,832.000,816,864
33432,F8_01_1_2_Chlorophyll_A_001_phosphate_plate5.tif,132,963.030,768,1456
33433,F8_01_1_2_Chlorophyll_A_001_phosphate_plate5.tif,22,948.364,800,1200
33434,F8_01_1_2_Chlorophyll_A_001_phosphate_plate5.tif,74,862.919,768,1008
33435,F8_01_1_2_Chlorophyll_A_001_phosphate_plate5.tif,1,784.000,784,784
33436,F8_01_1_2_Chlorophyll_A_001_phosphate_plate5.tif,1,768.000,768,768
33437,F8_01_1_2_Chlorophyll_A_001_phosphate_plate5.tif,2,848.000,816,880
33438,F8_01_1_2_Chlorophyll_A_001_phosphate_plate5.tif,1,960.000,960,960
33439,F8_01_1_2_Chlorophyll_A_001_phosphate_plate5.tif,43,869.209,768,1040
33440,F8_01_1_2_Chlorophyll_A_001_phosphate_plate5.tif,1,928.000,928,928
33441,F8_01_1_2_Chlorophyll_A_001_phosphate_plate5.tif,2,936.000,816,1056
33442,F8_01_1_2_Chlorophyll_A_001_phosphate_plate5.tif,1,928.000,928,928
33443,F8_01_1_2_Chlorophyll_A_001_phosphate_plate5.tif,1,864.000,864,864
33444,F8_01_1_2_Chlorophyll_A_001_phosphate_plate5.tif,3,800.000,768,848
33445,F8_01_1_2_Chlorophyll_A_001_phosphate_plate5.tif,1,816.000,816,816
33446,F8_01_1_2_Chlorophyll_A_001_phosphate_plate5.tif,1,848.000,848,848
33447,F8_01_1_2_Chlorophyll_A_001_phosphate_plate5.tif,1,912.000,912,912
33448,F8_01_1_2_Chlorophyll_A_001_phosphate_plate5.tif,2,864.000,864,864
33449,F8_01_1_2_Chlorophyll_A_001_phosphate_plate5.tif,1,960.000,960,960
33450,F8_01_1_2_Chlorophyll_A_001_phosphate_plate5.tif,1,768.000,768,768
33451,F8_01_1_2_Chlorophyll_A_001_phosphate_plate5.tif,1,832.000,832,832
33452,F8_01_1_2_Chlorophyll_A_001_phosphate_plate5.tif,1,784.000,784,784
33453,F8_01_1_2_Chlorophyll_A_001_phosphate_plate5.tif,1,832.000,832,832
33454,F8_01_1_2_Chlorophyll_A_001_phosphate_plate5.tif,2,776.000,768,784
33455,F8_01_1_2_Chlorophyll_A_001_phosphate_plate5.tif,2,848.000,816,880
33456,F8_01_1_2_Chlorophyll_A_001_phosphate_plate5.tif,1,864.000,864,864
33457,F8_01_1_2_Chlorophyll_A_001_phosphate_plate5.tif,1,896.000,896,896
33458,F8_01_1_2_Chlorophyll_A_001_phosphate_plate5.tif,1,816.000,816,816
33459,F8_01_1_2_Chlorophyll_A_001_phosphate_plate5.tif,1,912.000,912,912
33460,F8_01_1_2_Chlorophyll_A_001_phosphate_plate5.tif,1,928.000,928,928
33461,F8_01_1_2_Chlorophyll_A_001_phosphate_plate5.tif,1,896.000,896,896
33462,F8_01_1_2_Chlorophyll_A_001_phosphate_plate5.tif,1,816.000,816,816
33463,F8_01_1_2_Chlorophyll_A_001_phosphate_plate5.tif,13,907.077,768,1056
33464,F8_01_1_2_Chlorophyll_A_001_phosphate_plate5.tif,27,948.148,768,1168
33465,F8_01_1_2_Chlorophyll_A_001_phosphate_plate5.tif,31,892.903,768,1120
33466,F8_01_1_2_Chlorophyll_A_001_phosphate_plate5.tif,19,869.895,768,1040
33467,F8_01_1_2_Chlorophyll_A_001_phosphate_plate5.tif,1,800.000,800,800
33468,F8_01_1_2_Chlorophyll_A_001_phosphate_plate5.tif,3,869.333,816,912
33469,F8_01_1_2_Chlorophyll_A_001_phosphate_plate5.tif,3,869.333,784,912
33470,F8_01_1_2_Chlorophyll_A_001_phosphate_plate5.tif,3,768.000,768,768
33471,F8_01_1_2_Chlorophyll_A_001_phosphate_plate5.tif,1,784.000,784,784
33472,F8_01_1_2_Chlorophyll_A_001_phosphate_plate5.tif,3,832.000,800,864
33473,F8_01_1_2_Chlorophyll_A_001_phosphate_plate5.tif,1,832.000,832,832
33474,F8_01_1_2_Chlorophyll_A_001_phosphate_plate5.tif,1,864.000,864,864
33475,F8_01_1_2_Chlorophyll_A_001_phosphate_plate5.tif,1,848.000,848,848
33476,F8_01_1_2_Chlorophyll_A_001_phosphate_plate5.tif,3,805.333,768,848
33477,F8_01_1_2_Chlorophyll_A_001_phosphate_plate5.tif,2,792.000,768,816
33478,F8_01_1_2_Chlorophyll_A_001_phosphate_plate5.tif,3,810.667,768,864
33479,F8_01_1_2_Chlorophyll_A_001_phosphate_plate5.tif,1,800.000,800,800
33480,F8_01_1_2_Chlorophyll_A_001_phosphate_plate5.tif,1,800.000,800,800
33481,F8_01_1_2_Chlorophyll_A_001_phosphate_plate5.tif,1,896.000,896,896
33482,F8_01_1_2_Chlorophyll_A_001_phosphate_plate5.tif,3,800.000,784,816
33483,F8_01_1_2_Chlorophyll_A_001_phosphate_plate5.tif,1,816.000,816,816
33484,F8_01_1_2_Chlorophyll_A_001_phosphate_plate5.tif,1,800.000,800,800
33485,F8_01_1_2_Chlorophyll_A_001_phosphate_plate5.tif,1,768.000,768,768
33486,F8_01_1_2_Chlorophyll_A_001_phosphate_plate5.tif,1,864.000,864,864
33487,F8_01_1_2_Chlorophyll_A_001_phosphate_plate5.tif,1,864.000,864,864
33488,F8_01_1_2_Chlorophyll_A_001_phosphate_plate5.tif,1,832.000,832,832
33489,F8_01_1_2_Chlorophyll_A_001_phosphate_plate5.tif,2,784.000,768,800
33490,F8_01_1_2_Chlorophyll_A_001_phosphate_plate5.tif,1,880.000,880,880
33491,F8_01_1_2_Chlorophyll_A_001_phosphate_plate5.tif,5,851.200,800,944
33492,F8_01_1_2_Chlorophyll_A_001_phosphate_plate5.tif,2,776.000,768,784
33493,F8_01_1_2_Chlorophyll_A_001_phosphate_plate5.tif,1,864.000,864,864
33494,F8_01_1_2_Chlorophyll_A_001_phosphate_plate5.tif,1,784.000,784,784
33495,F8_01_1_2_Chlorophyll_A_001_phosphate_plate5.tif,1,832.000,832,832
33496,F8_01_1_2_Chlorophyll_A_001_phosphate_plate5.tif,9,958.222,832,1136
33497,F8_01_1_2_Chlorophyll_A_001_phosphate_plate5.tif,38,896.421,768,1280
33498,F8_01_1_2_Chlorophyll_A_001_phosphate_plate5.tif,1,784.000,784,784
33499,F8_01_1_2_Chlorophyll_A_001_phosphate_plate5.tif,3,848.000,816,896
33500,F8_01_1_2_Chlorophyll_A_001_phosphate_plate5.tif,1,896.000,896,896
33501,F8_01_1_2_Chlorophyll_A_001_phosphate_plate5.tif,2,872.000,848,896
33502,F8_01_1_2_Chlorophyll_A_001_phosphate_plate5.tif,1,912.000,912,912
33503,F8_01_1_2_Chlorophyll_A_001_phosphate_plate5.tif,1,960.000,960,960
33504,F8_01_1_2_Chlorophyll_A_001_phosphate_plate5.tif,1,832.000,832,832
33505,F8_01_1_2_Chlorophyll_A_001_phosphate_plate5.tif,3,794.667,784,800
33506,F8_01_1_2_Chlorophyll_A_001_phosphate_plate5.tif,4,796.000,768,816
33507,F8_01_1_2_Chlorophyll_A_001_phosphate_plate5.tif,2,872.000,864,880
33508,F8_01_1_2_Chlorophyll_A_001_phosphate_plate5.tif,3,837.333,768,960
33509,F8_01_1_2_Chlorophyll_A_001_phosphate_plate5.tif,1,1040.000,1040,1040
33510,F8_01_1_2_Chlorophyll_A_001_phosphate_plate5.tif,1,784.000,784,784
33511,F8_01_1_2_Chlorophyll_A_001_phosphate_plate5.tif,1,784.000,784,784
33512,F8_01_1_2_Chlorophyll_A_001_phosphate_plate5.tif,1,880.000,880,880
33513,F8_01_1_2_Chlorophyll_A_001_phosphate_plate5.tif,1,816.000,816,816
33514,F8_01_1_2_Chlorophyll_A_001_phosphate_plate5.tif,2,784.000,784,784
33515,F8_01_1_2_Chlorophyll_A_001_phosphate_plate5.tif,1,800.000,800,800
33516,F8_01_1_2_Chlorophyll_A_001_phosphate_plate5.tif,1,848.000,848,848
33517,F8_01_1_2_Chlorophyll_A_001_phosphate_plate5.tif,2,824.000,800,848
33518,F8_01_1_2_Chlorophyll_A_001_phosphate_plate5.tif,1,944.000,944,944
33519,F8_01_1_2_Chlorophyll_A_001_phosphate_plate5.tif,2,800.000,800,800
33520,F8_01_1_2_Chlorophyll_A_001_phosphate_plate5.tif,1,768.000,768,768
33521,F8_01_1_2_Chlorophyll_A_001_phosphate_plate5.tif,1,784.000,784,784
33522,F8_01_1_2_Chlorophyll_A_001_phosphate_plate5.tif,2,808.000,800,816
33523,F8_01_1_2_Chlorophyll_A_001_phosphate_plate5.tif,1,880.000,880,880
33524,F8_01_1_2_Chlorophyll_A_001_phosphate_plate5.tif,2,896.000,816,976
33525,F8_01_1_2_Chlorophyll_A_001_phosphate_plate5.tif,1,832.000,832,832
33526,F8_01_1_2_Chlorophyll_A_001_phosphate_plate5.tif,19,820.211,768,944
33527,F8_01_1_2_Chlorophyll_A_001_phosphate_plate5.tif,8,812.000,768,896
33528,F8_01_1_2_Chlorophyll_A_001_phosphate_plate5.tif,18,848.000,768,944
33529,F8_01_1_2_Chlorophyll_A_001_phosphate_plate5.tif,3,826.667,768,880
33530,F8_01_1_2_Chlorophyll_A_001_phosphate_plate5.tif,7,866.286,768,992
33531,F8_01_1_2_Chlorophyll_A_001_phosphate_plate5.tif,1,800.000,800,800
33532,F8_01_1_2_Chlorophyll_A_001_phosphate_plate5.tif,1,816.000,816,816
33533,F8_01_1_2_Chlorophyll_A_001_phosphate_plate5.tif,4,840.000,784,960
33534,F8_01_1_2_Chlorophyll_A_001_phosphate_plate5.tif,1,768.000,768,768
33535,F8_01_1_2_Chlorophyll_A_001_phosphate_plate5.tif,1,944.000,944,944
33536,F8_01_1_2_Chlorophyll_A_001_phosphate_plate5.tif,4,800.000,768,848
33537,F8_01_1_2_Chlorophyll_A_001_phosphate_plate5.tif,1,864.000,864,864
33538,F8_01_1_2_Chlorophyll_A_001_phosphate_plate5.tif,1,784.000,784,784
33539,F8_01_1_2_Chlorophyll_A_001_phosphate_plate5.tif,2,784.000,768,800
33540,F8_01_1_2_Chlorophyll_A_001_phosphate_plate5.tif,1,960.000,960,960
33541,F8_01_1_2_Chlorophyll_A_001_phosphate_plate5.tif,1,768.000,768,768
33542,F8_01_1_2_Chlorophyll_A_001_phosphate_plate5.tif,2,832.000,816,848
33543,F8_01_1_2_Chlorophyll_A_001_phosphate_plate5.tif,1,864.000,864,864
33544,F8_01_1_2_Chlorophyll_A_001_phosphate_plate5.tif,1,768.000,768,768
33545,F8_01_1_2_Chlorophyll_A_001_phosphate_plate5.tif,1,800.000,800,800
33546,F8_01_1_2_Chlorophyll_A_001_phosphate_plate5.tif,1,784.000,784,784
33547,F8_01_1_2_Chlorophyll_A_001_phosphate_plate5.tif,1,816.000,816,816
33548,F8_01_1_2_Chlorophyll_A_001_phosphate_plate5.tif,1,784.000,784,784
33549,F8_01_1_2_Chlorophyll_A_001_phosphate_plate5.tif,2,776.000,768,784
33550,F8_01_1_2_Chlorophyll_A_001_phosphate_plate5.tif,1,784.000,784,784
33551,F8_01_1_2_Chlorophyll_A_001_phosphate_plate5.tif,2,848.000,816,880
33552,F8_01_1_2_Chlorophyll_A_001_phosphate_plate5.tif,1,800.000,800,800
33553,F8_01_1_2_Chlorophyll_A_001_phosphate_plate5.tif,1,832.000,832,832
33554,F8_01_1_2_Chlorophyll_A_001_phosphate_plate5.tif,2,792.000,784,800
33555,F8_01_1_2_Chlorophyll_A_001_phosphate_plate5.tif,1,784.000,784,784
33556,F8_01_1_2_Chlorophyll_A_001_phosphate_plate5.tif,3,816.000,784,880
33557,F8_01_1_2_Chlorophyll_A_001_phosphate_plate5.tif,23,941.913,784,1216
33558,F8_01_1_2_Chlorophyll_A_001_phosphate_plate5.tif,274,1486.891,768,11984
33559,F8_01_1_2_Chlorophyll_A_001_phosphate_plate5.tif,9,876.444,768,976
33560,F8_01_1_2_Chlorophyll_A_001_phosphate_plate5.tif,1,976.000,976,976
33561,F8_01_1_2_Chlorophyll_A_001_phosphate_plate5.tif,88,868.364,768,1136
33562,F8_01_1_2_Chlorophyll_A_001_phosphate_plate5.tif,1,800.000,800,800
33563,F8_01_1_2_Chlorophyll_A_001_phosphate_plate5.tif,1,832.000,832,832
33564,F8_01_1_2_Chlorophyll_A_001_phosphate_plate5.tif,6,866.667,784,944
33565,F8_01_1_2_Chlorophyll_A_001_phosphate_plate5.tif,1,848.000,848,848
33566,F8_01_1_2_Chlorophyll_A_001_phosphate_plate5.tif,1,768.000,768,768
33567,F8_01_1_2_Chlorophyll_A_001_phosphate_plate5.tif,3,810.667,784,864
33568,F8_01_1_2_Chlorophyll_A_001_phosphate_plate5.tif,3,928.000,880,960
33569,F8_01_1_2_Chlorophyll_A_001_phosphate_plate5.tif,1,784.000,784,784
33570,F8_01_1_2_Chlorophyll_A_001_phosphate_plate5.tif,1,768.000,768,768
33571,F8_01_1_2_Chlorophyll_A_001_phosphate_plate5.tif,1,944.000,944,944
33572,F8_01_1_2_Chlorophyll_A_001_phosphate_plate5.tif,1,816.000,816,816
33573,F8_01_1_2_Chlorophyll_A_001_phosphate_plate5.tif,2,824.000,768,880
33574,F8_01_1_2_Chlorophyll_A_001_phosphate_plate5.tif,1,816.000,816,816
33575,F8_01_1_2_Chlorophyll_A_001_phosphate_plate5.tif,1,800.000,800,800
33576,F8_01_1_2_Chlorophyll_A_001_phosphate_plate5.tif,1,768.000,768,768
33577,F8_01_1_2_Chlorophyll_A_001_phosphate_plate5.tif,1,800.000,800,800
33578,F8_01_1_2_Chlorophyll_A_001_phosphate_plate5.tif,1,816.000,816,816
33579,F8_01_1_2_Chlorophyll_A_001_phosphate_plate5.tif,1,896.000,896,896
33580,F8_01_1_2_Chlorophyll_A_001_phosphate_plate5.tif,1,816.000,816,816
33581,F8_01_1_2_Chlorophyll_A_001_phosphate_plate5.tif,1,768.000,768,768
33582,F8_01_1_2_Chlorophyll_A_001_phosphate_plate5.tif,1,912.000,912,912
33583,F8_01_1_2_Chlorophyll_A_001_phosphate_plate5.tif,1,864.000,864,864
33584,F8_01_1_2_Chlorophyll_A_001_phosphate_plate5.tif,2,856.000,784,928
33585,F8_01_1_2_Chlorophyll_A_001_phosphate_plate5.tif,1,880.000,880,880
33586,F8_01_1_2_Chlorophyll_A_001_phosphate_plate5.tif,2,792.000,784,800
33587,F8_01_1_2_Chlorophyll_A_001_phosphate_plate5.tif,1,784.000,784,784
33588,F8_01_1_2_Chlorophyll_A_001_phosphate_plate5.tif,1,848.000,848,848
33589,F8_01_1_2_Chlorophyll_A_001_phosphate_plate5.tif,1,832.000,832,832
33590,F8_01_1_2_Chlorophyll_A_001_phosphate_plate5.tif,1,960.000,960,960
33591,F8_01_1_2_Chlorophyll_A_001_phosphate_plate5.tif,1,784.000,784,784
33592,F8_01_1_2_Chlorophyll_A_001_phosphate_plate5.tif,1,912.000,912,912
33593,F8_01_1_2_Chlorophyll_A_001_phosphate_plate5.tif,1,880.000,880,880
33594,F8_01_1_2_Chlorophyll_A_001_phosphate_plate5.tif,1,784.000,784,784
33595,F8_01_1_2_Chlorophyll_A_001_phosphate_plate5.tif,1,864.000,864,864
33596,F8_01_1_2_Chlorophyll_A_001_phosphate_plate5.tif,3,826.667,768,896
33597,F8_01_1_2_Chlorophyll_A_001_phosphate_plate5.tif,3,826.667,784,896
33598,F8_01_1_2_Chlorophyll_A_001_phosphate_plate5.tif,1,784.000,784,784
33599,F8_01_1_2_Chlorophyll_A_001_phosphate_plate5.tif,1,784.000,784,784
33600,F8_01_1_2_Chlorophyll_A_001_phosphate_plate5.tif,2,824.000,816,832
33601,F8_01_1_2_Chlorophyll_A_001_phosphate_plate5.tif,1,848.000,848,848
33602,F8_01_1_2_Chlorophyll_A_001_phosphate_plate5.tif,250,2345.856,768,23184
33603,F8_01_1_2_Chlorophyll_A_001_phosphate_plate5.tif,1,768.000,768,768
33604,F8_01_1_2_Chlorophyll_A_001_phosphate_plate5.tif,1,832.000,832,832
33605,F8_01_1_2_Chlorophyll_A_001_phosphate_plate5.tif,1,784.000,784,784
33606,F8_01_1_2_Chlorophyll_A_001_phosphate_plate5.tif,2,840.000,832,848
33607,F8_01_1_2_Chlorophyll_A_001_phosphate_plate5.tif,1,768.000,768,768
33608,F8_01_1_2_Chlorophyll_A_001_phosphate_plate5.tif,1,848.000,848,848
33609,F8_01_1_2_Chlorophyll_A_001_phosphate_plate5.tif,2,776.000,768,784
33610,F8_01_1_2_Chlorophyll_A_001_phosphate_plate5.tif,1,784.000,784,784
33611,F8_01_1_2_Chlorophyll_A_001_phosphate_plate5.tif,1,784.000,784,784
33612,F8_01_1_2_Chlorophyll_A_001_phosphate_plate5.tif,1,784.000,784,784
33613,F8_01_1_2_Chlorophyll_A_001_phosphate_plate5.tif,1,768.000,768,768
33614,F8_01_1_2_Chlorophyll_A_001_phosphate_plate5.tif,1,784.000,784,784
33615,F8_01_1_2_Chlorophyll_A_001_phosphate_plate5.tif,1,816.000,816,816
33616,F8_01_1_2_Chlorophyll_A_001_phosphate_plate5.tif,2,800.000,768,832
33617,F8_01_1_2_Chlorophyll_A_001_phosphate_plate5.tif,1,816.000,816,816
33618,F8_01_1_2_Chlorophyll_A_001_phosphate_plate5.tif,1,768.000,768,768
33619,F8_01_1_2_Chlorophyll_A_001_phosphate_plate5.tif,1,848.000,848,848
33620,F8_01_1_2_Chlorophyll_A_001_phosphate_plate5.tif,47,905.532,768,1280
33621,F8_01_1_2_Chlorophyll_A_001_phosphate_plate5.tif,51,860.235,768,1088
33622,F8_01_1_2_Chlorophyll_A_001_phosphate_plate5.tif,1,880.000,880,880
33623,F8_01_1_2_Chlorophyll_A_001_phosphate_plate5.tif,1,912.000,912,912
33624,F8_01_1_2_Chlorophyll_A_001_phosphate_plate5.tif,1,784.000,784,784
33625,F8_01_1_2_Chlorophyll_A_001_phosphate_plate5.tif,1,784.000,784,784
33626,F8_01_1_2_Chlorophyll_A_001_phosphate_plate5.tif,1,784.000,784,784
33627,F8_01_1_2_Chlorophyll_A_001_phosphate_plate5.tif,1,784.000,784,784
33628,F8_01_1_2_Chlorophyll_A_001_phosphate_plate5.tif,2,792.000,784,800
33629,F8_01_1_2_Chlorophyll_A_001_phosphate_plate5.tif,2,768.000,768,768
33630,F8_01_1_2_Chlorophyll_A_001_phosphate_plate5.tif,1,784.000,784,784
33631,F8_01_1_2_Chlorophyll_A_001_phosphate_plate5.tif,1,784.000,784,784
33632,F8_01_1_2_Chlorophyll_A_001_phosphate_plate5.tif,1,768.000,768,768
33633,F8_01_1_2_Chlorophyll_A_001_phosphate_plate5.tif,1,896.000,896,896
33634,F8_01_1_2_Chlorophyll_A_001_phosphate_plate5.tif,1,784.000,784,784
33635,F8_01_1_2_Chlorophyll_A_001_phosphate_plate5.tif,3,800.000,768,816
33636,F8_01_1_2_Chlorophyll_A_001_phosphate_plate5.tif,1,768.000,768,768
33637,F8_01_1_2_Chlorophyll_A_001_phosphate_plate5.tif,1,896.000,896,896
33638,F8_01_1_2_Chlorophyll_A_001_phosphate_plate5.tif,1,928.000,928,928
33639,F8_01_1_2_Chlorophyll_A_001_phosphate_plate5.tif,1,800.000,800,800
33640,F8_01_1_2_Chlorophyll_A_001_phosphate_plate5.tif,1,768.000,768,768
33641,F8_01_1_2_Chlorophyll_A_001_phosphate_plate5.tif,1,864.000,864,864
33642,F8_01_1_2_Chlorophyll_A_001_phosphate_plate5.tif,1,800.000,800,800
33643,F8_01_1_2_Chlorophyll_A_001_phosphate_plate5.tif,1,768.000,768,768
33644,F8_01_1_2_Chlorophyll_A_001_phosphate_plate5.tif,1,928.000,928,928
33645,F8_01_1_2_Chlorophyll_A_001_phosphate_plate5.tif,1,896.000,896,896
33646,F8_01_1_2_Chlorophyll_A_001_phosphate_plate5.tif,1,864.000,864,864
33647,F8_01_1_2_Chlorophyll_A_001_phosphate_plate5.tif,1,864.000,864,864
33648,F8_01_1_2_Chlorophyll_A_001_phosphate_plate5.tif,58,878.069,768,1072
33649,F8_01_1_2_Chlorophyll_A_001_phosphate_plate5.tif,1,896.000,896,896
33650,F8_01_1_2_Chlorophyll_A_001_phosphate_plate5.tif,13,872.615,768,976
33651,F8_01_1_2_Chlorophyll_A_001_phosphate_plate5.tif,1,848.000,848,848
33652,F8_01_1_2_Chlorophyll_A_001_phosphate_plate5.tif,3,906.667,800,1024
33653,F8_01_1_2_Chlorophyll_A_001_phosphate_plate5.tif,1,800.000,800,800
33654,F8_01_1_2_Chlorophyll_A_001_phosphate_plate5.tif,1,832.000,832,832
33655,F8_01_1_2_Chlorophyll_A_001_phosphate_plate5.tif,1,896.000,896,896
33656,F8_01_1_2_Chlorophyll_A_001_phosphate_plate5.tif,1,784.000,784,784
33657,F8_01_1_2_Chlorophyll_A_001_phosphate_plate5.tif,1,768.000,768,768
33658,F8_01_1_2_Chlorophyll_A_001_phosphate_plate5.tif,2,784.000,784,784
33659,F8_01_1_2_Chlorophyll_A_001_phosphate_plate5.tif,1,944.000,944,944
33660,F8_01_1_2_Chlorophyll_A_001_phosphate_plate5.tif,3,800.000,784,816
33661,F8_01_1_2_Chlorophyll_A_001_phosphate_plate5.tif,1,816.000,816,816
33662,F8_01_1_2_Chlorophyll_A_001_phosphate_plate5.tif,1,864.000,864,864
33663,F8_01_1_2_Chlorophyll_A_001_phosphate_plate5.tif,2,864.000,768,960
33664,F8_01_1_2_Chlorophyll_A_001_phosphate_plate5.tif,1,848.000,848,848
33665,F8_01_1_2_Chlorophyll_A_001_phosphate_plate5.tif,1,944.000,944,944
33666,F8_01_1_2_Chlorophyll_A_001_phosphate_plate5.tif,1,880.000,880,880
33667,F8_01_1_2_Chlorophyll_A_001_phosphate_plate5.tif,1,864.000,864,864
33668,F8_01_1_2_Chlorophyll_A_001_phosphate_plate5.tif,1,800.000,800,800
33669,F8_01_1_2_Chlorophyll_A_001_phosphate_plate5.tif,1,864.000,864,864
33670,F8_01_1_2_Chlorophyll_A_001_phosphate_plate5.tif,1,832.000,832,832
33671,F8_01_1_2_Chlorophyll_A_001_phosphate_plate5.tif,1,768.000,768,768
33672,F8_01_1_2_Chlorophyll_A_001_phosphate_plate5.tif,1,800.000,800,800
33673,F8_01_1_2_Chlorophyll_A_001_phosphate_plate5.tif,1,816.000,816,816
33674,F8_01_1_2_Chlorophyll_A_001_phosphate_plate5.tif,3,842.667,800,912
33675,F8_01_1_2_Chlorophyll_A_001_phosphate_plate5.tif,4,888.000,784,1024
33676,F8_01_1_2_Chlorophyll_A_001_phosphate_plate5.tif,1,880.000,880,880
33677,F8_01_1_2_Chlorophyll_A_001_phosphate_plate5.tif,7,850.286,768,1024
33678,F8_01_1_2_Chlorophyll_A_001_phosphate_plate5.tif,8,836.000,768,896
33679,F8_01_1_2_Chlorophyll_A_001_phosphate_plate5.tif,9,906.667,784,1056
33680,F8_01_1_2_Chlorophyll_A_001_phosphate_plate5.tif,1,768.000,768,768
33681,F8_01_1_2_Chlorophyll_A_001_phosphate_plate5.tif,21,918.095,768,1168
33682,F8_01_1_2_Chlorophyll_A_001_phosphate_plate5.tif,1,848.000,848,848
33683,F8_01_1_2_Chlorophyll_A_001_phosphate_plate5.tif,2,776.000,768,784
33684,F8_01_1_2_Chlorophyll_A_001_phosphate_plate5.tif,1,768.000,768,768
33685,F8_01_1_2_Chlorophyll_A_001_phosphate_plate5.tif,1,896.000,896,896
33686,F8_01_1_2_Chlorophyll_A_001_phosphate_plate5.tif,2,816.000,816,816
33687,F8_01_1_2_Chlorophyll_A_001_phosphate_plate5.tif,1,848.000,848,848
33688,F8_01_1_2_Chlorophyll_A_001_phosphate_plate5.tif,3,826.667,768,944
33689,F8_01_1_2_Chlorophyll_A_001_phosphate_plate5.tif,1,832.000,832,832
33690,F8_01_1_2_Chlorophyll_A_001_phosphate_plate5.tif,1,800.000,800,800
33691,F8_01_1_2_Chlorophyll_A_001_phosphate_plate5.tif,1,800.000,800,800
33692,F8_01_1_2_Chlorophyll_A_001_phosphate_plate5.tif,1,800.000,800,800
33693,F8_01_1_2_Chlorophyll_A_001_phosphate_plate5.tif,1,784.000,784,784
33694,F8_01_1_2_Chlorophyll_A_001_phosphate_plate5.tif,2,816.000,784,848
33695,F8_01_1_2_Chlorophyll_A_001_phosphate_plate5.tif,1,800.000,800,800
33696,F8_01_1_2_Chlorophyll_A_001_phosphate_plate5.tif,1,768.000,768,768
33697,F8_01_1_2_Chlorophyll_A_001_phosphate_plate5.tif,1,816.000,816,816
33698,F8_01_1_2_Chlorophyll_A_001_phosphate_plate5.tif,1,832.000,832,832
33699,F8_01_1_2_Chlorophyll_A_001_phosphate_plate5.tif,1,800.000,800,800
33700,F8_01_1_2_Chlorophyll_A_001_phosphate_plate5.tif,1,768.000,768,768
33701,F8_01_1_2_Chlorophyll_A_001_phosphate_plate5.tif,1,768.000,768,768
33702,F8_01_1_2_Chlorophyll_A_001_phosphate_plate5.tif,1,768.000,768,768
33703,F8_01_1_2_Chlorophyll_A_001_phosphate_plate5.tif,1,768.000,768,768
33704,F8_01_1_2_Chlorophyll_A_001_phosphate_plate5.tif,1,784.000,784,784
33705,F8_01_1_2_Chlorophyll_A_001_phosphate_plate5.tif,1,832.000,832,832
33706,F8_01_1_2_Chlorophyll_A_001_phosphate_plate5.tif,1,864.000,864,864
33707,F8_01_1_2_Chlorophyll_A_001_phosphate_plate5.tif,1,944.000,944,944
33708,F8_01_1_2_Chlorophyll_A_001_phosphate_plate5.tif,2,784.000,768,800
33709,F8_01_1_2_Chlorophyll_A_001_phosphate_plate5.tif,2,768.000,768,768
33710,F8_01_1_2_Chlorophyll_A_001_phosphate_plate5.tif,1,816.000,816,816
33711,F8_01_1_2_Chlorophyll_A_001_phosphate_plate5.tif,1,784.000,784,784
33712,F8_01_1_2_Chlorophyll_A_001_phosphate_plate5.tif,8,830.000,768,896
33713,F8_01_1_2_Chlorophyll_A_001_phosphate_plate5.tif,1,864.000,864,864
33714,F8_01_1_2_Chlorophyll_A_001_phosphate_plate5.tif,16,829.000,784,880
33715,F8_01_1_2_Chlorophyll_A_001_phosphate_plate5.tif,2,848.000,784,912
33716,F8_01_1_2_Chlorophyll_A_001_phosphate_plate5.tif,1,880.000,880,880
33717,F8_01_1_2_Chlorophyll_A_001_phosphate_plate5.tif,4,828.000,784,880
33718,F8_01_1_2_Chlorophyll_A_001_phosphate_plate5.tif,1,800.000,800,800
33719,F8_01_1_2_Chlorophyll_A_001_phosphate_plate5.tif,2,840.000,800,880
33720,F8_01_1_2_Chlorophyll_A_001_phosphate_plate5.tif,1,880.000,880,880
33721,F8_01_1_2_Chlorophyll_A_001_phosphate_plate5.tif,1,784.000,784,784
33722,F8_01_1_2_Chlorophyll_A_001_phosphate_plate5.tif,1,800.000,800,800
33723,F8_01_1_2_Chlorophyll_A_001_phosphate_plate5.tif,1,864.000,864,864
33724,F8_01_1_2_Chlorophyll_A_001_phosphate_plate5.tif,2,816.000,800,832
33725,F8_01_1_2_Chlorophyll_A_001_phosphate_plate5.tif,2,792.000,768,816
33726,F8_01_1_2_Chlorophyll_A_001_phosphate_plate5.tif,1,832.000,832,832
33727,F8_01_1_2_Chlorophyll_A_001_phosphate_plate5.tif,1,784.000,784,784
33728,F8_01_1_2_Chlorophyll_A_001_phosphate_plate5.tif,3,821.333,768,864
33729,F8_01_1_2_Chlorophyll_A_001_phosphate_plate5.tif,2,832.000,784,880
33730,F8_01_1_2_Chlorophyll_A_001_phosphate_plate5.tif,2,848.000,816,880
33731,F8_01_1_2_Chlorophyll_A_001_phosphate_plate5.tif,1,832.000,832,832
33732,F8_01_1_2_Chlorophyll_A_001_phosphate_plate5.tif,3,810.667,768,848
33733,F8_01_1_2_Chlorophyll_A_001_phosphate_plate5.tif,1,784.000,784,784
33734,F8_01_1_2_Chlorophyll_A_001_phosphate_plate5.tif,1,768.000,768,768
33735,F8_01_1_2_Chlorophyll_A_001_phosphate_plate5.tif,1,784.000,784,784
33736,F8_01_1_2_Chlorophyll_A_001_phosphate_plate5.tif,1,800.000,800,800
33737,F8_01_1_2_Chlorophyll_A_001_phosphate_plate5.tif,1,784.000,784,784
33738,F8_01_1_2_Chlorophyll_A_001_phosphate_plate5.tif,2,816.000,768,864
33739,F8_01_1_2_Chlorophyll_A_001_phosphate_plate5.tif,1,816.000,816,816
33740,F8_01_1_2_Chlorophyll_A_001_phosphate_plate5.tif,4,800.000,768,816
33741,F8_01_1_2_Chlorophyll_A_001_phosphate_plate5.tif,1,832.000,832,832
33742,F8_01_1_2_Chlorophyll_A_001_phosphate_plate5.tif,2,856.000,816,896
33743,F8_01_1_2_Chlorophyll_A_001_phosphate_plate5.tif,18,893.333,784,1024
33744,F8_01_1_2_Chlorophyll_A_001_phosphate_plate5.tif,2,840.000,800,880
33745,F8_01_1_2_Chlorophyll_A_001_phosphate_plate5.tif,2,848.000,784,912
33746,F8_01_1_2_Chlorophyll_A_001_phosphate_plate5.tif,111,1274.234,768,2672
33747,F8_01_1_2_Chlorophyll_A_001_phosphate_plate5.tif,3,874.667,800,992
33748,F8_01_1_2_Chlorophyll_A_001_phosphate_plate5.tif,1,864.000,864,864
33749,F8_01_1_2_Chlorophyll_A_001_phosphate_plate5.tif,1,784.000,784,784
33750,F8_01_1_2_Chlorophyll_A_001_phosphate_plate5.tif,1,768.000,768,768
33751,F8_01_1_2_Chlorophyll_A_001_phosphate_plate5.tif,1,864.000,864,864
33752,F8_01_1_2_Chlorophyll_A_001_phosphate_plate5.tif,4,792.000,768,832
33753,F8_01_1_2_Chlorophyll_A_001_phosphate_plate5.tif,1,816.000,816,816
33754,F8_01_1_2_Chlorophyll_A_001_phosphate_plate5.tif,2,840.000,800,880
33755,F8_01_1_2_Chlorophyll_A_001_phosphate_plate5.tif,1,864.000,864,864
33756,F8_01_1_2_Chlorophyll_A_001_phosphate_plate5.tif,1,768.000,768,768
33757,F8_01_1_2_Chlorophyll_A_001_phosphate_plate5.tif,1,816.000,816,816
33758,F8_01_1_2_Chlorophyll_A_001_phosphate_plate5.tif,1,944.000,944,944
33759,F8_01_1_2_Chlorophyll_A_001_phosphate_plate5.tif,1,800.000,800,800
33760,F8_01_1_2_Chlorophyll_A_001_phosphate_plate5.tif,1,784.000,784,784
33761,F8_01_1_2_Chlorophyll_A_001_phosphate_plate5.tif,3,842.667,800,912
33762,F8_01_1_2_Chlorophyll_A_001_phosphate_plate5.tif,5,851.200,784,976
33763,F8_01_1_2_Chlorophyll_A_001_phosphate_plate5.tif,1,784.000,784,784
33764,F8_01_1_2_Chlorophyll_A_001_phosphate_plate5.tif,62,974.194,768,1376
33765,F8_01_1_2_Chlorophyll_A_001_phosphate_plate5.tif,36,957.778,816,1248
33766,F8_01_1_2_Chlorophyll_A_001_phosphate_plate5.tif,48,913.333,768,1136
33767,F8_01_1_2_Chlorophyll_A_001_phosphate_plate5.tif,3,885.333,800,992
33768,F8_01_1_2_Chlorophyll_A_001_phosphate_plate5.tif,5,870.400,800,976
33769,F8_01_1_2_Chlorophyll_A_001_phosphate_plate5.tif,2,952.000,912,992
33770,F8_01_1_2_Chlorophyll_A_001_phosphate_plate5.tif,2,856.000,832,880
33771,F8_01_1_2_Chlorophyll_A_001_phosphate_plate5.tif,70,949.029,768,1600
33772,F8_01_1_2_Chlorophyll_A_001_phosphate_plate5.tif,1,848.000,848,848
33773,F8_01_1_2_Chlorophyll_A_001_phosphate_plate5.tif,8,832.000,800,896
33774,F8_01_1_2_Chlorophyll_A_001_phosphate_plate5.tif,1,816.000,816,816
33775,F8_01_1_2_Chlorophyll_A_001_phosphate_plate5.tif,1,784.000,784,784
33776,F8_01_1_2_Chlorophyll_A_001_phosphate_plate5.tif,1,816.000,816,816
33777,F8_01_1_2_Chlorophyll_A_001_phosphate_plate5.tif,2,816.000,800,832
33778,F8_01_1_2_Chlorophyll_A_001_phosphate_plate5.tif,2,936.000,912,960
33779,F8_01_1_2_Chlorophyll_A_001_phosphate_plate5.tif,2,776.000,768,784
33780,F8_01_1_2_Chlorophyll_A_001_phosphate_plate5.tif,2,832.000,800,864
33781,F8_01_1_2_Chlorophyll_A_001_phosphate_plate5.tif,2,776.000,768,784
33782,F8_01_1_2_Chlorophyll_A_001_phosphate_plate5.tif,1,832.000,832,832
33783,F8_01_1_2_Chlorophyll_A_001_phosphate_plate5.tif,2,920.000,800,1040
33784,F8_01_1_2_Chlorophyll_A_001_phosphate_plate5.tif,1,768.000,768,768
33785,F8_01_1_2_Chlorophyll_A_001_phosphate_plate5.tif,1,800.000,800,800
33786,F8_01_1_2_Chlorophyll_A_001_phosphate_plate5.tif,1,768.000,768,768
33787,F8_01_1_2_Chlorophyll_A_001_phosphate_plate5.tif,2,848.000,832,864
33788,F8_01_1_2_Chlorophyll_A_001_phosphate_plate5.tif,1,768.000,768,768
33789,F8_01_1_2_Chlorophyll_A_001_phosphate_plate5.tif,2,808.000,768,848
33790,F8_01_1_2_Chlorophyll_A_001_phosphate_plate5.tif,1,848.000,848,848
33791,F8_01_1_2_Chlorophyll_A_001_phosphate_plate5.tif,1,864.000,864,864
33792,F8_01_1_2_Chlorophyll_A_001_phosphate_plate5.tif,1,864.000,864,864
33793,F8_01_1_2_Chlorophyll_A_001_phosphate_plate5.tif,6,848.000,784,976
33794,F8_01_1_2_Chlorophyll_A_001_phosphate_plate5.tif,1,832.000,832,832
33795,F8_01_1_2_Chlorophyll_A_001_phosphate_plate5.tif,1,832.000,832,832
33796,F8_01_1_2_Chlorophyll_A_001_phosphate_plate5.tif,7,859.429,768,976
33797,F8_01_1_2_Chlorophyll_A_001_phosphate_plate5.tif,1,784.000,784,784
33798,F8_01_1_2_Chlorophyll_A_001_phosphate_plate5.tif,26,917.538,768,1152
33799,F8_01_1_2_Chlorophyll_A_001_phosphate_plate5.tif,1,960.000,960,960
33800,F8_01_1_2_Chlorophyll_A_001_phosphate_plate5.tif,23,874.435,784,1120
33801,F8_01_1_2_Chlorophyll_A_001_phosphate_plate5.tif,7,859.429,768,1040
33802,F8_01_1_2_Chlorophyll_A_001_phosphate_plate5.tif,3,832.000,768,944
33803,F8_01_1_2_Chlorophyll_A_001_phosphate_plate5.tif,2,816.000,800,832
33804,F8_01_1_2_Chlorophyll_A_001_phosphate_plate5.tif,1,768.000,768,768
33805,F8_01_1_2_Chlorophyll_A_001_phosphate_plate5.tif,1,784.000,784,784
33806,F8_01_1_2_Chlorophyll_A_001_phosphate_plate5.tif,1,944.000,944,944
33807,F8_01_1_2_Chlorophyll_A_001_phosphate_plate5.tif,1,864.000,864,864
33808,F8_01_1_2_Chlorophyll_A_001_phosphate_plate5.tif,2,864.000,768,960
33809,F8_01_1_2_Chlorophyll_A_001_phosphate_plate5.tif,1,832.000,832,832
33810,F8_01_1_2_Chlorophyll_A_001_phosphate_plate5.tif,1,800.000,800,800
33811,F8_01_1_2_Chlorophyll_A_001_phosphate_plate5.tif,2,784.000,768,800
33812,F8_01_1_2_Chlorophyll_A_001_phosphate_plate5.tif,1,864.000,864,864
33813,F8_01_1_2_Chlorophyll_A_001_phosphate_plate5.tif,1,768.000,768,768
33814,F8_01_1_2_Chlorophyll_A_001_phosphate_plate5.tif,1,784.000,784,784
33815,F8_01_1_2_Chlorophyll_A_001_phosphate_plate5.tif,1,800.000,800,800
33816,F8_01_1_2_Chlorophyll_A_001_phosphate_plate5.tif,1,768.000,768,768
33817,F8_01_1_2_Chlorophyll_A_001_phosphate_plate5.tif,1,912.000,912,912
33818,F8_01_1_2_Chlorophyll_A_001_phosphate_plate5.tif,2,792.000,784,800
33819,F8_01_1_2_Chlorophyll_A_001_phosphate_plate5.tif,1,816.000,816,816
33820,F8_01_1_2_Chlorophyll_A_001_phosphate_plate5.tif,1,768.000,768,768
33821,F8_01_1_2_Chlorophyll_A_001_phosphate_plate5.tif,1,784.000,784,784
33822,F8_01_1_2_Chlorophyll_A_001_phosphate_plate5.tif,1,800.000,800,800
33823,F8_01_1_2_Chlorophyll_A_001_phosphate_plate5.tif,1,816.000,816,816
33824,F8_01_1_2_Chlorophyll_A_001_phosphate_plate5.tif,1,784.000,784,784
33825,F8_01_1_2_Chlorophyll_A_001_phosphate_plate5.tif,1,864.000,864,864
33826,F8_01_1_2_Chlorophyll_A_001_phosphate_plate5.tif,1,896.000,896,896
33827,F8_01_1_2_Chlorophyll_A_001_phosphate_plate5.tif,1,768.000,768,768
33828,F8_01_1_2_Chlorophyll_A_001_phosphate_plate5.tif,1,832.000,832,832
33829,F8_01_1_2_Chlorophyll_A_001_phosphate_plate5.tif,1,768.000,768,768
33830,F8_01_1_2_Chlorophyll_A_001_phosphate_plate5.tif,1,800.000,800,800
33831,F8_01_1_2_Chlorophyll_A_001_phosphate_plate5.tif,1,768.000,768,768
33832,F8_01_1_2_Chlorophyll_A_001_phosphate_plate5.tif,1,784.000,784,784
33833,F8_01_1_2_Chlorophyll_A_001_phosphate_plate5.tif,1,816.000,816,816
33834,F8_01_1_2_Chlorophyll_A_001_phosphate_plate5.tif,2,928.000,816,1040
33835,F8_01_1_2_Chlorophyll_A_001_phosphate_plate5.tif,1,832.000,832,832
33836,F8_01_1_2_Chlorophyll_A_001_phosphate_plate5.tif,1,768.000,768,768
33837,F8_01_1_2_Chlorophyll_A_001_phosphate_plate5.tif,2,872.000,832,912
33838,F8_01_1_2_Chlorophyll_A_001_phosphate_plate5.tif,2,824.000,784,864
33839,F8_01_1_2_Chlorophyll_A_001_phosphate_plate5.tif,1,1024.000,1024,1024
33840,F8_01_1_2_Chlorophyll_A_001_phosphate_plate5.tif,21,891.429,768,1168
33841,F8_01_1_2_Chlorophyll_A_001_phosphate_plate5.tif,17,958.118,784,1264
33842,F8_01_1_2_Chlorophyll_A_001_phosphate_plate5.tif,29,888.828,768,1008
33843,F8_01_1_2_Chlorophyll_A_001_phosphate_plate5.tif,513,2805.489,768,39168
33844,F8_01_1_2_Chlorophyll_A_001_phosphate_plate5.tif,52,878.154,768,1104
33845,F8_01_1_2_Chlorophyll_A_001_phosphate_plate5.tif,1,784.000,784,784
33846,F8_01_1_2_Chlorophyll_A_001_phosphate_plate5.tif,1,864.000,864,864
33847,F8_01_1_2_Chlorophyll_A_001_phosphate_plate5.tif,1,816.000,816,816
33848,F8_01_1_2_Chlorophyll_A_001_phosphate_plate5.tif,1,832.000,832,832
33849,F8_01_1_2_Chlorophyll_A_001_phosphate_plate5.tif,2,824.000,816,832
33850,F8_01_1_2_Chlorophyll_A_001_phosphate_plate5.tif,1,816.000,816,816
33851,F8_01_1_2_Chlorophyll_A_001_phosphate_plate5.tif,3,800.000,784,816
33852,F8_01_1_2_Chlorophyll_A_001_phosphate_plate5.tif,2,896.000,832,960
33853,F8_01_1_2_Chlorophyll_A_001_phosphate_plate5.tif,2,800.000,768,832
33854,F8_01_1_2_Chlorophyll_A_001_phosphate_plate5.tif,1,944.000,944,944
33855,F8_01_1_2_Chlorophyll_A_001_phosphate_plate5.tif,1,784.000,784,784
33856,F8_01_1_2_Chlorophyll_A_001_phosphate_plate5.tif,1,768.000,768,768
33857,F8_01_1_2_Chlorophyll_A_001_phosphate_plate5.tif,1,832.000,832,832
33858,F8_01_1_2_Chlorophyll_A_001_phosphate_plate5.tif,1,816.000,816,816
33859,F8_01_1_2_Chlorophyll_A_001_phosphate_plate5.tif,1,816.000,816,816
33860,F8_01_1_2_Chlorophyll_A_001_phosphate_plate5.tif,1,880.000,880,880
33861,F8_01_1_2_Chlorophyll_A_001_phosphate_plate5.tif,1,960.000,960,960
33862,F8_01_1_2_Chlorophyll_A_001_phosphate_plate5.tif,1,784.000,784,784
33863,F8_01_1_2_Chlorophyll_A_001_phosphate_plate5.tif,1,784.000,784,784
33864,F8_01_1_2_Chlorophyll_A_001_phosphate_plate5.tif,4,860.000,784,944
33865,F8_01_1_2_Chlorophyll_A_001_phosphate_plate5.tif,17,896.941,768,1152
33866,F8_01_1_2_Chlorophyll_A_001_phosphate_plate5.tif,14,923.429,784,1088
33867,F8_01_1_2_Chlorophyll_A_001_phosphate_plate5.tif,30,900.267,768,1136
33868,F8_01_1_2_Chlorophyll_A_001_phosphate_plate5.tif,12,862.667,768,1024
33869,F8_01_1_2_Chlorophyll_A_001_phosphate_plate5.tif,1,1008.000,1008,1008
33870,F8_01_1_2_Chlorophyll_A_001_phosphate_plate5.tif,1,832.000,832,832
33871,F8_01_1_2_Chlorophyll_A_001_phosphate_plate5.tif,13,823.385,768,944
33872,F8_01_1_2_Chlorophyll_A_001_phosphate_plate5.tif,123,1074.732,768,1648
33873,F8_01_1_2_Chlorophyll_A_001_phosphate_plate5.tif,3,842.667,768,880
33874,F8_01_1_2_Chlorophyll_A_001_phosphate_plate5.tif,1,864.000,864,864
33875,F8_01_1_2_Chlorophyll_A_001_phosphate_plate5.tif,4,828.000,768,896
33876,F8_01_1_2_Chlorophyll_A_001_phosphate_plate5.tif,2,832.000,784,880
33877,F8_01_1_2_Chlorophyll_A_001_phosphate_plate5.tif,1,880.000,880,880
33878,F8_01_1_2_Chlorophyll_A_001_phosphate_plate5.tif,2,800.000,800,800
33879,F8_01_1_2_Chlorophyll_A_001_phosphate_plate5.tif,1,880.000,880,880
33880,F8_01_1_2_Chlorophyll_A_001_phosphate_plate5.tif,1,800.000,800,800
33881,F8_01_1_2_Chlorophyll_A_001_phosphate_plate5.tif,3,864.000,768,928
33882,F8_01_1_2_Chlorophyll_A_001_phosphate_plate5.tif,2,792.000,768,816
33883,F8_01_1_2_Chlorophyll_A_001_phosphate_plate5.tif,1,784.000,784,784
33884,F8_01_1_2_Chlorophyll_A_001_phosphate_plate5.tif,4,816.000,768,880
33885,F8_01_1_2_Chlorophyll_A_001_phosphate_plate5.tif,1,832.000,832,832
33886,F8_01_1_2_Chlorophyll_A_001_phosphate_plate5.tif,1,832.000,832,832
33887,F8_01_1_2_Chlorophyll_A_001_phosphate_plate5.tif,1,832.000,832,832
33888,F8_01_1_2_Chlorophyll_A_001_phosphate_plate5.tif,1,768.000,768,768
33889,F8_01_1_2_Chlorophyll_A_001_phosphate_plate5.tif,1,880.000,880,880
33890,F8_01_1_2_Chlorophyll_A_001_phosphate_plate5.tif,1,944.000,944,944
33891,F8_01_1_2_Chlorophyll_A_001_phosphate_plate5.tif,1,800.000,800,800
33892,F8_01_1_2_Chlorophyll_A_001_phosphate_plate5.tif,1,896.000,896,896
33893,F8_01_1_2_Chlorophyll_A_001_phosphate_plate5.tif,1,784.000,784,784
33894,F8_01_1_2_Chlorophyll_A_001_phosphate_plate5.tif,1,816.000,816,816
33895,F8_01_1_2_Chlorophyll_A_001_phosphate_plate5.tif,1,928.000,928,928
33896,F8_01_1_2_Chlorophyll_A_001_phosphate_plate5.tif,1,1008.000,1008,1008
33897,F8_01_1_2_Chlorophyll_A_001_phosphate_plate5.tif,2,848.000,768,928
33898,F8_01_1_2_Chlorophyll_A_001_phosphate_plate5.tif,1,832.000,832,832
33899,F8_01_1_2_Chlorophyll_A_001_phosphate_plate5.tif,1,816.000,816,816
33900,F8_01_1_2_Chlorophyll_A_001_phosphate_plate5.tif,1,768.000,768,768
33901,F8_01_1_2_Chlorophyll_A_001_phosphate_plate5.tif,1,784.000,784,784
33902,F8_01_1_2_Chlorophyll_A_001_phosphate_plate5.tif,1,784.000,784,784
33903,F8_01_1_2_Chlorophyll_A_001_phosphate_plate5.tif,4,820.000,784,848
33904,F8_01_1_2_Chlorophyll_A_001_phosphate_plate5.tif,1,816.000,816,816
33905,F8_01_1_2_Chlorophyll_A_001_phosphate_plate5.tif,1,768.000,768,768
33906,F8_01_1_2_Chlorophyll_A_001_phosphate_plate5.tif,35,944.000,768,1200
33907,F8_01_1_2_Chlorophyll_A_001_phosphate_plate5.tif,1,784.000,784,784
33908,F8_01_1_2_Chlorophyll_A_001_phosphate_plate5.tif,2,792.000,768,816
33909,F8_01_1_2_Chlorophyll_A_001_phosphate_plate5.tif,1,800.000,800,800
33910,F8_01_1_2_Chlorophyll_A_001_phosphate_plate5.tif,2,776.000,768,784
33911,F8_01_1_2_Chlorophyll_A_001_phosphate_plate5.tif,1,784.000,784,784
33912,F8_01_1_2_Chlorophyll_A_001_phosphate_plate5.tif,1,960.000,960,960
33913,F8_01_1_2_Chlorophyll_A_001_phosphate_plate5.tif,1,800.000,800,800
33914,F8_01_1_2_Chlorophyll_A_001_phosphate_plate5.tif,3,794.667,768,832
33915,F8_01_1_2_Chlorophyll_A_001_phosphate_plate5.tif,1,768.000,768,768
33916,F8_01_1_2_Chlorophyll_A_001_phosphate_plate5.tif,1,768.000,768,768
33917,F8_01_1_2_Chlorophyll_A_001_phosphate_plate5.tif,2,816.000,768,864
33918,F8_01_1_2_Chlorophyll_A_001_phosphate_plate5.tif,1,768.000,768,768
33919,F8_01_1_2_Chlorophyll_A_001_phosphate_plate5.tif,1,784.000,784,784
33920,F8_01_1_2_Chlorophyll_A_001_phosphate_plate5.tif,1,768.000,768,768
33921,F8_01_1_2_Chlorophyll_A_001_phosphate_plate5.tif,2,840.000,784,896
33922,F8_01_1_2_Chlorophyll_A_001_phosphate_plate5.tif,1,864.000,864,864
33923,F8_01_1_2_Chlorophyll_A_001_phosphate_plate5.tif,1,944.000,944,944
33924,F8_01_1_2_Chlorophyll_A_001_phosphate_plate5.tif,1,816.000,816,816
33925,F8_01_1_2_Chlorophyll_A_001_phosphate_plate5.tif,1,768.000,768,768
33926,F8_01_1_2_Chlorophyll_A_001_phosphate_plate5.tif,1,784.000,784,784
33927,F8_01_1_2_Chlorophyll_A_001_phosphate_plate5.tif,2,800.000,800,800
33928,F8_01_1_2_Chlorophyll_A_001_phosphate_plate5.tif,1,784.000,784,784
33929,F8_01_1_2_Chlorophyll_A_001_phosphate_plate5.tif,2,768.000,768,768
33930,F8_01_1_2_Chlorophyll_A_001_phosphate_plate5.tif,1,896.000,896,896
33931,F8_01_1_2_Chlorophyll_A_001_phosphate_plate5.tif,28,881.143,768,1200
33932,F8_01_1_2_Chlorophyll_A_001_phosphate_plate5.tif,1,816.000,816,816
33933,F8_01_1_2_Chlorophyll_A_001_phosphate_plate5.tif,1,800.000,800,800
33934,F8_01_1_2_Chlorophyll_A_001_phosphate_plate5.tif,5,803.200,784,832
33935,F8_01_1_2_Chlorophyll_A_001_phosphate_plate5.tif,4,884.000,816,992
33936,F8_01_1_2_Chlorophyll_A_001_phosphate_plate5.tif,2,872.000,800,944
33937,F8_01_1_2_Chlorophyll_A_001_phosphate_plate5.tif,1,896.000,896,896
33938,F8_01_1_2_Chlorophyll_A_001_phosphate_plate5.tif,1,896.000,896,896
33939,F8_01_1_2_Chlorophyll_A_001_phosphate_plate5.tif,2,880.000,880,880
33940,F8_01_1_2_Chlorophyll_A_001_phosphate_plate5.tif,1,768.000,768,768
33941,F8_01_1_2_Chlorophyll_A_001_phosphate_plate5.tif,1,800.000,800,800
33942,F8_01_1_2_Chlorophyll_A_001_phosphate_plate5.tif,1,832.000,832,832
33943,F8_01_1_2_Chlorophyll_A_001_phosphate_plate5.tif,3,778.667,768,784
33944,F8_01_1_2_Chlorophyll_A_001_phosphate_plate5.tif,1,784.000,784,784
33945,F8_01_1_2_Chlorophyll_A_001_phosphate_plate5.tif,1,928.000,928,928
33946,F8_01_1_2_Chlorophyll_A_001_phosphate_plate5.tif,1,816.000,816,816
33947,F8_01_1_2_Chlorophyll_A_001_phosphate_plate5.tif,1,768.000,768,768
33948,F8_01_1_2_Chlorophyll_A_001_phosphate_plate5.tif,1,832.000,832,832
33949,F8_01_1_2_Chlorophyll_A_001_phosphate_plate5.tif,1,768.000,768,768
33950,F8_01_1_2_Chlorophyll_A_001_phosphate_plate5.tif,1,800.000,800,800
33951,F8_01_1_2_Chlorophyll_A_001_phosphate_plate5.tif,1,816.000,816,816
33952,F8_01_1_2_Chlorophyll_A_001_phosphate_plate5.tif,1,800.000,800,800
33953,F8_01_1_2_Chlorophyll_A_001_phosphate_plate5.tif,3,810.667,784,832
33954,F8_01_1_2_Chlorophyll_A_001_phosphate_plate5.tif,1,768.000,768,768
33955,F8_01_1_2_Chlorophyll_A_001_phosphate_plate5.tif,1,832.000,832,832
33956,F8_01_1_2_Chlorophyll_A_001_phosphate_plate5.tif,1,816.000,816,816
33957,F8_01_1_2_Chlorophyll_A_001_phosphate_plate5.tif,1,896.000,896,896
33958,F8_01_1_2_Chlorophyll_A_001_phosphate_plate5.tif,5,867.200,784,1008
33959,F8_01_1_2_Chlorophyll_A_001_phosphate_plate5.tif,1,800.000,800,800
33960,F8_01_1_2_Chlorophyll_A_001_phosphate_plate5.tif,1,800.000,800,800
33961,F8_01_1_2_Chlorophyll_A_001_phosphate_plate5.tif,2,848.000,800,896
33962,F8_01_1_2_Chlorophyll_A_001_phosphate_plate5.tif,3,800.000,768,848
33963,F8_01_1_2_Chlorophyll_A_001_phosphate_plate5.tif,1,800.000,800,800
33964,F8_01_1_2_Chlorophyll_A_001_phosphate_plate5.tif,1,880.000,880,880
33965,F8_01_1_2_Chlorophyll_A_001_phosphate_plate5.tif,2,840.000,784,896
33966,F8_01_1_2_Chlorophyll_A_001_phosphate_plate5.tif,4,864.000,832,896
33967,F8_01_1_2_Chlorophyll_A_001_phosphate_plate5.tif,1,912.000,912,912
33968,F8_01_1_2_Chlorophyll_A_001_phosphate_plate5.tif,28,989.143,768,1472
33969,F8_01_1_2_Chlorophyll_A_001_phosphate_plate5.tif,60,954.133,768,1248
33970,F8_01_1_2_Chlorophyll_A_001_phosphate_plate5.tif,1,848.000,848,848
33971,F8_01_1_2_Chlorophyll_A_001_phosphate_plate5.tif,2,792.000,784,800
33972,F8_01_1_2_Chlorophyll_A_001_phosphate_plate5.tif,1,896.000,896,896
33973,F8_01_1_2_Chlorophyll_A_001_phosphate_plate5.tif,2,800.000,768,832
33974,F8_01_1_2_Chlorophyll_A_001_phosphate_plate5.tif,1,768.000,768,768
33975,F8_01_1_2_Chlorophyll_A_001_phosphate_plate5.tif,1,768.000,768,768
33976,F8_01_1_2_Chlorophyll_A_001_phosphate_plate5.tif,2,832.000,768,896
33977,F8_01_1_2_Chlorophyll_A_001_phosphate_plate5.tif,1,768.000,768,768
33978,F8_01_1_2_Chlorophyll_A_001_phosphate_plate5.tif,1,768.000,768,768
33979,F8_01_1_2_Chlorophyll_A_001_phosphate_plate5.tif,2,800.000,768,832
33980,F8_01_1_2_Chlorophyll_A_001_phosphate_plate5.tif,1,896.000,896,896
33981,F8_01_1_2_Chlorophyll_A_001_phosphate_plate5.tif,1,976.000,976,976
33982,F8_01_1_2_Chlorophyll_A_001_phosphate_plate5.tif,1,832.000,832,832
33983,F8_01_1_2_Chlorophyll_A_001_phosphate_plate5.tif,1,832.000,832,832
33984,F8_01_1_2_Chlorophyll_A_001_phosphate_plate5.tif,1,784.000,784,784
33985,F8_01_1_2_Chlorophyll_A_001_phosphate_plate5.tif,1,880.000,880,880
33986,F8_01_1_2_Chlorophyll_A_001_phosphate_plate5.tif,1,912.000,912,912
33987,F8_01_1_2_Chlorophyll_A_001_phosphate_plate5.tif,4,792.000,768,816
33988,F8_01_1_2_Chlorophyll_A_001_phosphate_plate5.tif,2,776.000,768,784
33989,F8_01_1_2_Chlorophyll_A_001_phosphate_plate5.tif,1,816.000,816,816
33990,F8_01_1_2_Chlorophyll_A_001_phosphate_plate5.tif,1,784.000,784,784
33991,F8_01_1_2_Chlorophyll_A_001_phosphate_plate5.tif,1,784.000,784,784
33992,F8_01_1_2_Chlorophyll_A_001_phosphate_plate5.tif,2,872.000,800,944
33993,F8_01_1_2_Chlorophyll_A_001_phosphate_plate5.tif,2,872.000,768,976
33994,F8_01_1_2_Chlorophyll_A_001_phosphate_plate5.tif,1,784.000,784,784
33995,F8_01_1_2_Chlorophyll_A_001_phosphate_plate5.tif,1,928.000,928,928
33996,F8_01_1_2_Chlorophyll_A_001_phosphate_plate5.tif,1,928.000,928,928
33997,F8_01_1_2_Chlorophyll_A_001_phosphate_plate5.tif,2,824.000,816,832
33998,F8_01_1_2_Chlorophyll_A_001_phosphate_plate5.tif,2,776.000,768,784
33999,F8_01_1_2_Chlorophyll_A_001_phosphate_plate5.tif,60,861.867,768,1184
34000,F8_01_1_2_Chlorophyll_A_001_phosphate_plate5.tif,2,904.000,784,1024
34001,F8_01_1_2_Chlorophyll_A_001_phosphate_plate5.tif,1,1056.000,1056,1056
34002,F8_01_1_2_Chlorophyll_A_001_phosphate_plate5.tif,132,1298.424,768,3072
34003,F8_01_1_2_Chlorophyll_A_001_phosphate_plate5.tif,1,768.000,768,768
34004,F8_01_1_2_Chlorophyll_A_001_phosphate_plate5.tif,1,832.000,832,832
34005,F8_01_1_2_Chlorophyll_A_001_phosphate_plate5.tif,1,800.000,800,800
34006,F8_01_1_2_Chlorophyll_A_001_phosphate_plate5.tif,2,888.000,816,960
34007,F8_01_1_2_Chlorophyll_A_001_phosphate_plate5.tif,3,800.000,768,832
34008,F8_01_1_2_Chlorophyll_A_001_phosphate_plate5.tif,1,1104.000,1104,1104
34009,F8_01_1_2_Chlorophyll_A_001_phosphate_plate5.tif,1,832.000,832,832
34010,F8_01_1_2_Chlorophyll_A_001_phosphate_plate5.tif,1,816.000,816,816
34011,F8_01_1_2_Chlorophyll_A_001_phosphate_plate5.tif,2,840.000,816,864
34012,F8_01_1_2_Chlorophyll_A_001_phosphate_plate5.tif,1,832.000,832,832
34013,F8_01_1_2_Chlorophyll_A_001_phosphate_plate5.tif,1,784.000,784,784
34014,F8_01_1_2_Chlorophyll_A_001_phosphate_plate5.tif,1,768.000,768,768
34015,F8_01_1_2_Chlorophyll_A_001_phosphate_plate5.tif,1,816.000,816,816
34016,F8_01_1_2_Chlorophyll_A_001_phosphate_plate5.tif,1,848.000,848,848
34017,F8_01_1_2_Chlorophyll_A_001_phosphate_plate5.tif,1,864.000,864,864
34018,F8_01_1_2_Chlorophyll_A_001_phosphate_plate5.tif,1,832.000,832,832
34019,F8_01_1_2_Chlorophyll_A_001_phosphate_plate5.tif,1,768.000,768,768
34020,F8_01_1_2_Chlorophyll_A_001_phosphate_plate5.tif,1,816.000,816,816
34021,F8_01_1_2_Chlorophyll_A_001_phosphate_plate5.tif,1,768.000,768,768
34022,F8_01_1_2_Chlorophyll_A_001_phosphate_plate5.tif,1,1056.000,1056,1056
34023,F8_01_1_2_Chlorophyll_A_001_phosphate_plate5.tif,1,784.000,784,784
34024,F8_01_1_2_Chlorophyll_A_001_phosphate_plate5.tif,1,1024.000,1024,1024
34025,F8_01_1_2_Chlorophyll_A_001_phosphate_plate5.tif,1,928.000,928,928
34026,F8_01_1_2_Chlorophyll_A_001_phosphate_plate5.tif,1,960.000,960,960
34027,F8_01_1_2_Chlorophyll_A_001_phosphate_plate5.tif,1,976.000,976,976
34028,F8_01_1_2_Chlorophyll_A_001_phosphate_plate5.tif,2,832.000,816,848
34029,F8_01_1_2_Chlorophyll_A_001_phosphate_plate5.tif,2,864.000,784,944
34030,F8_01_1_2_Chlorophyll_A_001_phosphate_plate5.tif,4,844.000,800,928
34031,F8_01_1_2_Chlorophyll_A_001_phosphate_plate5.tif,18,953.778,768,1248
34032,F8_01_1_2_Chlorophyll_A_001_phosphate_plate5.tif,36,912.444,768,1312
34033,F8_01_1_2_Chlorophyll_A_001_phosphate_plate5.tif,12,964.000,784,1296
34034,F8_01_1_2_Chlorophyll_A_001_phosphate_plate5.tif,10,876.800,768,976
34035,F8_01_1_2_Chlorophyll_A_001_phosphate_plate5.tif,69,909.449,768,1232
34036,F8_01_1_2_Chlorophyll_A_001_phosphate_plate5.tif,2,864.000,784,944
34037,F8_01_1_2_Chlorophyll_A_001_phosphate_plate5.tif,2,824.000,768,880
34038,F8_01_1_2_Chlorophyll_A_001_phosphate_plate5.tif,1,816.000,816,816
34039,F8_01_1_2_Chlorophyll_A_001_phosphate_plate5.tif,2,832.000,768,896
34040,F8_01_1_2_Chlorophyll_A_001_phosphate_plate5.tif,1,832.000,832,832
34041,F8_01_1_2_Chlorophyll_A_001_phosphate_plate5.tif,1,832.000,832,832
34042,F8_01_1_2_Chlorophyll_A_001_phosphate_plate5.tif,1,768.000,768,768
34043,F8_01_1_2_Chlorophyll_A_001_phosphate_plate5.tif,1,832.000,832,832
34044,F8_01_1_2_Chlorophyll_A_001_phosphate_plate5.tif,1,832.000,832,832
34045,F8_01_1_2_Chlorophyll_A_001_phosphate_plate5.tif,1,784.000,784,784
34046,F8_01_1_2_Chlorophyll_A_001_phosphate_plate5.tif,2,808.000,784,832
34047,F8_01_1_2_Chlorophyll_A_001_phosphate_plate5.tif,1,816.000,816,816
34048,F8_01_1_2_Chlorophyll_A_001_phosphate_plate5.tif,3,826.667,784,864
34049,F8_01_1_2_Chlorophyll_A_001_phosphate_plate5.tif,1,784.000,784,784
34050,F8_01_1_2_Chlorophyll_A_001_phosphate_plate5.tif,1,816.000,816,816
34051,F8_01_1_2_Chlorophyll_A_001_phosphate_plate5.tif,1,800.000,800,800
34052,F8_01_1_2_Chlorophyll_A_001_phosphate_plate5.tif,1,768.000,768,768
34053,F8_01_1_2_Chlorophyll_A_001_phosphate_plate5.tif,1,800.000,800,800
34054,F8_01_1_2_Chlorophyll_A_001_phosphate_plate5.tif,1,816.000,816,816
34055,F8_01_1_2_Chlorophyll_A_001_phosphate_plate5.tif,1,768.000,768,768
34056,F8_01_1_2_Chlorophyll_A_001_phosphate_plate5.tif,1,800.000,800,800
34057,F8_01_1_2_Chlorophyll_A_001_phosphate_plate5.tif,1,768.000,768,768
34058,F8_01_1_2_Chlorophyll_A_001_phosphate_plate5.tif,1,864.000,864,864
34059,F8_01_1_2_Chlorophyll_A_001_phosphate_plate5.tif,1,976.000,976,976
34060,F8_01_1_2_Chlorophyll_A_001_phosphate_plate5.tif,1,864.000,864,864
34061,F8_01_1_2_Chlorophyll_A_001_phosphate_plate5.tif,1,768.000,768,768
34062,F8_01_1_2_Chlorophyll_A_001_phosphate_plate5.tif,2,840.000,784,896
34063,F8_01_1_2_Chlorophyll_A_001_phosphate_plate5.tif,1,784.000,784,784
34064,F8_01_1_2_Chlorophyll_A_001_phosphate_plate5.tif,3,853.333,784,928
34065,F8_01_1_2_Chlorophyll_A_001_phosphate_plate5.tif,1,768.000,768,768
34066,F8_01_1_2_Chlorophyll_A_001_phosphate_plate5.tif,3,816.000,768,912
34067,F8_01_1_2_Chlorophyll_A_001_phosphate_plate5.tif,1,832.000,832,832
34068,F8_01_1_2_Chlorophyll_A_001_phosphate_plate5.tif,1,784.000,784,784
34069,F8_01_1_2_Chlorophyll_A_001_phosphate_plate5.tif,1,1040.000,1040,1040
34070,F8_01_1_2_Chlorophyll_A_001_phosphate_plate5.tif,15,967.467,784,1184
34071,F8_01_1_2_Chlorophyll_A_001_phosphate_plate5.tif,10,995.200,768,1200
34072,F8_01_1_2_Chlorophyll_A_001_phosphate_plate5.tif,15,928.000,768,1184
34073,F8_01_1_2_Chlorophyll_A_001_phosphate_plate5.tif,22,930.909,768,1168
34074,F8_01_1_2_Chlorophyll_A_001_phosphate_plate5.tif,28,928.000,816,1168
34075,F8_01_1_2_Chlorophyll_A_001_phosphate_plate5.tif,2,792.000,768,816
34076,F8_01_1_2_Chlorophyll_A_001_phosphate_plate5.tif,6,808.000,768,880
34077,F8_01_1_2_Chlorophyll_A_001_phosphate_plate5.tif,3,837.333,784,944
34078,F8_01_1_2_Chlorophyll_A_001_phosphate_plate5.tif,2,832.000,816,848
34079,F8_01_1_2_Chlorophyll_A_001_phosphate_plate5.tif,2,856.000,832,880
34080,F8_01_1_2_Chlorophyll_A_001_phosphate_plate5.tif,2,800.000,784,816
34081,F8_01_1_2_Chlorophyll_A_001_phosphate_plate5.tif,1,1024.000,1024,1024
34082,F8_01_1_2_Chlorophyll_A_001_phosphate_plate5.tif,1,800.000,800,800
34083,F8_01_1_2_Chlorophyll_A_001_phosphate_plate5.tif,1,768.000,768,768
34084,F8_01_1_2_Chlorophyll_A_001_phosphate_plate5.tif,2,800.000,784,816
34085,F8_01_1_2_Chlorophyll_A_001_phosphate_plate5.tif,2,832.000,816,848
34086,F8_01_1_2_Chlorophyll_A_001_phosphate_plate5.tif,1,832.000,832,832
34087,F8_01_1_2_Chlorophyll_A_001_phosphate_plate5.tif,1,768.000,768,768
34088,F8_01_1_2_Chlorophyll_A_001_phosphate_plate5.tif,1,768.000,768,768
34089,F8_01_1_2_Chlorophyll_A_001_phosphate_plate5.tif,1,880.000,880,880
34090,F8_01_1_2_Chlorophyll_A_001_phosphate_plate5.tif,2,792.000,784,800
34091,F8_01_1_2_Chlorophyll_A_001_phosphate_plate5.tif,3,912.000,768,1008
34092,F8_01_1_2_Chlorophyll_A_001_phosphate_plate5.tif,1,976.000,976,976
34093,F8_01_1_2_Chlorophyll_A_001_phosphate_plate5.tif,3,805.333,784,848
34094,F8_01_1_2_Chlorophyll_A_001_phosphate_plate5.tif,1,768.000,768,768
34095,F8_01_1_2_Chlorophyll_A_001_phosphate_plate5.tif,1,912.000,912,912
34096,F8_01_1_2_Chlorophyll_A_001_phosphate_plate5.tif,15,840.533,784,1056
34097,F8_01_1_2_Chlorophyll_A_001_phosphate_plate5.tif,21,908.190,768,1136
34098,F8_01_1_2_Chlorophyll_A_001_phosphate_plate5.tif,12,868.000,784,1040
34099,F8_01_1_2_Chlorophyll_A_001_phosphate_plate5.tif,45,865.067,768,1152
34100,F8_01_1_2_Chlorophyll_A_001_phosphate_plate5.tif,1,1008.000,1008,1008
34101,F8_01_1_2_Chlorophyll_A_001_phosphate_plate5.tif,16,881.000,784,1008
34102,F8_01_1_2_Chlorophyll_A_001_phosphate_plate5.tif,1,800.000,800,800
34103,F8_01_1_2_Chlorophyll_A_001_phosphate_plate5.tif,1,768.000,768,768
34104,F8_01_1_2_Chlorophyll_A_001_phosphate_plate5.tif,2,800.000,784,816
34105,F8_01_1_2_Chlorophyll_A_001_phosphate_plate5.tif,1,800.000,800,800
34106,F8_01_1_2_Chlorophyll_A_001_phosphate_plate5.tif,3,789.333,768,800
34107,F8_01_1_2_Chlorophyll_A_001_phosphate_plate5.tif,1,768.000,768,768
34108,F8_01_1_2_Chlorophyll_A_001_phosphate_plate5.tif,3,794.667,784,816
34109,F8_01_1_2_Chlorophyll_A_001_phosphate_plate5.tif,1,800.000,800,800
34110,F8_01_1_2_Chlorophyll_A_001_phosphate_plate5.tif,2,776.000,768,784
34111,F8_01_1_2_Chlorophyll_A_001_phosphate_plate5.tif,1,864.000,864,864
34112,F8_01_1_2_Chlorophyll_A_001_phosphate_plate5.tif,1,832.000,832,832
34113,F8_01_1_2_Chlorophyll_A_001_phosphate_plate5.tif,1,832.000,832,832
34114,F8_01_1_2_Chlorophyll_A_001_phosphate_plate5.tif,1,816.000,816,816
34115,F8_01_1_2_Chlorophyll_A_001_phosphate_plate5.tif,1,816.000,816,816
34116,F8_01_1_2_Chlorophyll_A_001_phosphate_plate5.tif,1,880.000,880,880
34117,F8_01_1_2_Chlorophyll_A_001_phosphate_plate5.tif,1,800.000,800,800
34118,F8_01_1_2_Chlorophyll_A_001_phosphate_plate5.tif,1,896.000,896,896
34119,F8_01_1_2_Chlorophyll_A_001_phosphate_plate5.tif,1,800.000,800,800
34120,F8_01_1_2_Chlorophyll_A_001_phosphate_plate5.tif,1,768.000,768,768
34121,F8_01_1_2_Chlorophyll_A_001_phosphate_plate5.tif,4,888.000,832,992
34122,F8_01_1_2_Chlorophyll_A_001_phosphate_plate5.tif,1,800.000,800,800
34123,F8_01_1_2_Chlorophyll_A_001_phosphate_plate5.tif,2,840.000,800,880
34124,F8_01_1_2_Chlorophyll_A_001_phosphate_plate5.tif,57,992.561,784,1312
34125,F8_01_1_2_Chlorophyll_A_001_phosphate_plate5.tif,50,940.160,768,1232
34126,F8_01_1_2_Chlorophyll_A_001_phosphate_plate5.tif,20,928.000,784,1360
34127,F8_01_1_2_Chlorophyll_A_001_phosphate_plate5.tif,36,931.111,768,1152
34128,F8_01_1_2_Chlorophyll_A_001_phosphate_plate5.tif,71,927.549,768,1232
34129,F8_01_1_2_Chlorophyll_A_001_phosphate_plate5.tif,35,884.571,768,1024
34130,F8_01_1_2_Chlorophyll_A_001_phosphate_plate5.tif,54,861.630,768,1120
34131,F8_01_1_2_Chlorophyll_A_001_phosphate_plate5.tif,58,869.517,768,1088
34132,F8_01_1_2_Chlorophyll_A_001_phosphate_plate5.tif,1,832.000,832,832
34133,F8_01_1_2_Chlorophyll_A_001_phosphate_plate5.tif,4,880.000,832,928
34134,F8_01_1_2_Chlorophyll_A_001_phosphate_plate5.tif,1,912.000,912,912
34135,F8_01_1_2_Chlorophyll_A_001_phosphate_plate5.tif,1,816.000,816,816
34136,F8_01_1_2_Chlorophyll_A_001_phosphate_plate5.tif,1,864.000,864,864
34137,F8_01_1_2_Chlorophyll_A_001_phosphate_plate5.tif,2,832.000,800,864
34138,F8_01_1_2_Chlorophyll_A_001_phosphate_plate5.tif,1,800.000,800,800
34139,F8_01_1_2_Chlorophyll_A_001_phosphate_plate5.tif,1,768.000,768,768
34140,F8_01_1_2_Chlorophyll_A_001_phosphate_plate5.tif,1,784.000,784,784
34141,F8_01_1_2_Chlorophyll_A_001_phosphate_plate5.tif,4,820.000,768,880
34142,F8_01_1_2_Chlorophyll_A_001_phosphate_plate5.tif,1,960.000,960,960
34143,F8_01_1_2_Chlorophyll_A_001_phosphate_plate5.tif,1,784.000,784,784
34144,F8_01_1_2_Chlorophyll_A_001_phosphate_plate5.tif,2,784.000,768,800
34145,F8_01_1_2_Chlorophyll_A_001_phosphate_plate5.tif,1,848.000,848,848
34146,F8_01_1_2_Chlorophyll_A_001_phosphate_plate5.tif,1,784.000,784,784
34147,F8_01_1_2_Chlorophyll_A_001_phosphate_plate5.tif,1,800.000,800,800
34148,F8_01_1_2_Chlorophyll_A_001_phosphate_plate5.tif,1,800.000,800,800
34149,F8_01_1_2_Chlorophyll_A_001_phosphate_plate5.tif,1,832.000,832,832
34150,F8_01_1_2_Chlorophyll_A_001_phosphate_plate5.tif,1,832.000,832,832
34151,F8_01_1_2_Chlorophyll_A_001_phosphate_plate5.tif,1,784.000,784,784
34152,F8_01_1_2_Chlorophyll_A_001_phosphate_plate5.tif,1,912.000,912,912
34153,F8_01_1_2_Chlorophyll_A_001_phosphate_plate5.tif,1,800.000,800,800
34154,F8_01_1_2_Chlorophyll_A_001_phosphate_plate5.tif,1,816.000,816,816
34155,F8_01_1_2_Chlorophyll_A_001_phosphate_plate5.tif,1,768.000,768,768
34156,F8_01_1_2_Chlorophyll_A_001_phosphate_plate5.tif,1,768.000,768,768
34157,F8_01_1_2_Chlorophyll_A_001_phosphate_plate5.tif,1,864.000,864,864
34158,F8_01_1_2_Chlorophyll_A_001_phosphate_plate5.tif,1,816.000,816,816
34159,F8_01_1_2_Chlorophyll_A_001_phosphate_plate5.tif,1,816.000,816,816
34160,F8_01_1_2_Chlorophyll_A_001_phosphate_plate5.tif,50,992.000,784,1232
34161,F8_01_1_2_Chlorophyll_A_001_phosphate_plate5.tif,21,949.333,800,1136
34162,F8_01_1_2_Chlorophyll_A_001_phosphate_plate5.tif,1,832.000,832,832
34163,F8_01_1_2_Chlorophyll_A_001_phosphate_plate5.tif,1,784.000,784,784
34164,F8_01_1_2_Chlorophyll_A_001_phosphate_plate5.tif,2,784.000,784,784
34165,F8_01_1_2_Chlorophyll_A_001_phosphate_plate5.tif,1,832.000,832,832
34166,F8_01_1_2_Chlorophyll_A_001_phosphate_plate5.tif,1,784.000,784,784
34167,F8_01_1_2_Chlorophyll_A_001_phosphate_plate5.tif,1,848.000,848,848
34168,F8_01_1_2_Chlorophyll_A_001_phosphate_plate5.tif,1,816.000,816,816
34169,F8_01_1_2_Chlorophyll_A_001_phosphate_plate5.tif,1,864.000,864,864
34170,F8_01_1_2_Chlorophyll_A_001_phosphate_plate5.tif,2,792.000,784,800
34171,F8_01_1_2_Chlorophyll_A_001_phosphate_plate5.tif,1,784.000,784,784
34172,F8_01_1_2_Chlorophyll_A_001_phosphate_plate5.tif,2,848.000,816,880
34173,F8_01_1_2_Chlorophyll_A_001_phosphate_plate5.tif,1,784.000,784,784
34174,F8_01_1_2_Chlorophyll_A_001_phosphate_plate5.tif,1,784.000,784,784
34175,F8_01_1_2_Chlorophyll_A_001_phosphate_plate5.tif,1,944.000,944,944
34176,F8_01_1_2_Chlorophyll_A_001_phosphate_plate5.tif,1,768.000,768,768
34177,F8_01_1_2_Chlorophyll_A_001_phosphate_plate5.tif,2,792.000,768,816
34178,F8_01_1_2_Chlorophyll_A_001_phosphate_plate5.tif,1,880.000,880,880
34179,F8_01_1_2_Chlorophyll_A_001_phosphate_plate5.tif,1,976.000,976,976
34180,F8_01_1_2_Chlorophyll_A_001_phosphate_plate5.tif,2,792.000,784,800
34181,F8_01_1_2_Chlorophyll_A_001_phosphate_plate5.tif,1,768.000,768,768
34182,F8_01_1_2_Chlorophyll_A_001_phosphate_plate5.tif,1,848.000,848,848
34183,F8_01_1_2_Chlorophyll_A_001_phosphate_plate5.tif,2,816.000,768,864
34184,F8_01_1_2_Chlorophyll_A_001_phosphate_plate5.tif,1,768.000,768,768
34185,F8_01_1_2_Chlorophyll_A_001_phosphate_plate5.tif,1,880.000,880,880
34186,F8_01_1_2_Chlorophyll_A_001_phosphate_plate5.tif,2,800.000,784,816
34187,F8_01_1_2_Chlorophyll_A_001_phosphate_plate5.tif,1,864.000,864,864
34188,F8_01_1_2_Chlorophyll_A_001_phosphate_plate5.tif,1,944.000,944,944
34189,F8_01_1_2_Chlorophyll_A_001_phosphate_plate5.tif,42,1026.286,768,1248
34190,F8_01_1_2_Chlorophyll_A_001_phosphate_plate5.tif,14,958.857,800,1200
34191,F8_01_1_2_Chlorophyll_A_001_phosphate_plate5.tif,1,784.000,784,784
34192,F8_01_1_2_Chlorophyll_A_001_phosphate_plate5.tif,4,864.000,784,976
34193,F8_01_1_2_Chlorophyll_A_001_phosphate_plate5.tif,1,784.000,784,784
34194,F8_01_1_2_Chlorophyll_A_001_phosphate_plate5.tif,1,832.000,832,832
34195,F8_01_1_2_Chlorophyll_A_001_phosphate_plate5.tif,2,848.000,816,880
34196,F8_01_1_2_Chlorophyll_A_001_phosphate_plate5.tif,1,832.000,832,832
34197,F8_01_1_2_Chlorophyll_A_001_phosphate_plate5.tif,1,976.000,976,976
34198,F8_01_1_2_Chlorophyll_A_001_phosphate_plate5.tif,1,800.000,800,800
34199,F8_01_1_2_Chlorophyll_A_001_phosphate_plate5.tif,2,832.000,816,848
34200,F8_01_1_2_Chlorophyll_A_001_phosphate_plate5.tif,2,840.000,816,864
34201,F8_01_1_2_Chlorophyll_A_001_phosphate_plate5.tif,1,1008.000,1008,1008
34202,F8_01_1_2_Chlorophyll_A_001_phosphate_plate5.tif,1,832.000,832,832
34203,F8_01_1_2_Chlorophyll_A_001_phosphate_plate5.tif,1,816.000,816,816
34204,F8_01_1_2_Chlorophyll_A_001_phosphate_plate5.tif,2,784.000,784,784
34205,F8_01_1_2_Chlorophyll_A_001_phosphate_plate5.tif,1,944.000,944,944
34206,F8_01_1_2_Chlorophyll_A_001_phosphate_plate5.tif,1,768.000,768,768
34207,F8_01_1_2_Chlorophyll_A_001_phosphate_plate5.tif,1,768.000,768,768
34208,F8_01_1_2_Chlorophyll_A_001_phosphate_plate5.tif,1,816.000,816,816
34209,F8_01_1_2_Chlorophyll_A_001_phosphate_plate5.tif,1,800.000,800,800
34210,F8_01_1_2_Chlorophyll_A_001_phosphate_plate5.tif,1,768.000,768,768
34211,F8_01_1_2_Chlorophyll_A_001_phosphate_plate5.tif,2,856.000,832,880
34212,F8_01_1_2_Chlorophyll_A_001_phosphate_plate5.tif,1,768.000,768,768
34213,F8_01_1_2_Chlorophyll_A_001_phosphate_plate5.tif,123,4363.837,768,22752
34214,F8_01_1_2_Chlorophyll_A_001_phosphate_plate5.tif,1,800.000,800,800
34215,F8_01_1_2_Chlorophyll_A_001_phosphate_plate5.tif,1,784.000,784,784
34216,F8_01_1_2_Chlorophyll_A_001_phosphate_plate5.tif,1,816.000,816,816
34217,F8_01_1_2_Chlorophyll_A_001_phosphate_plate5.tif,2,800.000,784,816
34218,F8_01_1_2_Chlorophyll_A_001_phosphate_plate5.tif,15,915.200,768,1264
34219,F8_01_1_2_Chlorophyll_A_001_phosphate_plate5.tif,1,784.000,784,784
34220,F8_01_1_2_Chlorophyll_A_001_phosphate_plate5.tif,8,846.000,800,912
34221,F8_01_1_2_Chlorophyll_A_001_phosphate_plate5.tif,2,808.000,784,832
34222,F8_01_1_2_Chlorophyll_A_001_phosphate_plate5.tif,1,800.000,800,800
34223,F8_01_1_2_Chlorophyll_A_001_phosphate_plate5.tif,2,872.000,816,928
34224,F8_01_1_2_Chlorophyll_A_001_phosphate_plate5.tif,19,834.526,768,944
34225,F8_01_1_2_Chlorophyll_A_001_phosphate_plate5.tif,4,816.000,768,864
34226,F8_01_1_2_Chlorophyll_A_001_phosphate_plate5.tif,1,816.000,816,816
34227,F8_01_1_2_Chlorophyll_A_001_phosphate_plate5.tif,2,888.000,816,960
34228,F8_01_1_2_Chlorophyll_A_001_phosphate_plate5.tif,3,816.000,800,848
34229,F8_01_1_2_Chlorophyll_A_001_phosphate_plate5.tif,1,768.000,768,768
34230,F8_01_1_2_Chlorophyll_A_001_phosphate_plate5.tif,1,912.000,912,912
34231,F8_01_1_2_Chlorophyll_A_001_phosphate_plate5.tif,1,784.000,784,784
34232,F8_01_1_2_Chlorophyll_A_001_phosphate_plate5.tif,1,800.000,800,800
34233,F8_01_1_2_Chlorophyll_A_001_phosphate_plate5.tif,1,800.000,800,800
34234,F8_01_1_2_Chlorophyll_A_001_phosphate_plate5.tif,2,776.000,768,784
34235,F8_01_1_2_Chlorophyll_A_001_phosphate_plate5.tif,1,848.000,848,848
34236,F8_01_1_2_Chlorophyll_A_001_phosphate_plate5.tif,1,816.000,816,816
34237,F8_01_1_2_Chlorophyll_A_001_phosphate_plate5.tif,1,896.000,896,896
34238,F8_01_1_2_Chlorophyll_A_001_phosphate_plate5.tif,1,816.000,816,816
34239,F8_01_1_2_Chlorophyll_A_001_phosphate_plate5.tif,3,826.667,784,864
34240,F8_01_1_2_Chlorophyll_A_001_phosphate_plate5.tif,1,816.000,816,816
34241,F8_01_1_2_Chlorophyll_A_001_phosphate_plate5.tif,1,800.000,800,800
34242,F8_01_1_2_Chlorophyll_A_001_phosphate_plate5.tif,61,952.131,768,1200
34243,F8_01_1_2_Chlorophyll_A_001_phosphate_plate5.tif,48,870.667,768,1136
34244,F8_01_1_2_Chlorophyll_A_001_phosphate_plate5.tif,16,890.000,768,1040
34245,F8_01_1_2_Chlorophyll_A_001_phosphate_plate5.tif,1,800.000,800,800
34246,F8_01_1_2_Chlorophyll_A_001_phosphate_plate5.tif,2,840.000,800,880
34247,F8_01_1_2_Chlorophyll_A_001_phosphate_plate5.tif,1,832.000,832,832
34248,F8_01_1_2_Chlorophyll_A_001_phosphate_plate5.tif,1,864.000,864,864
34249,F8_01_1_2_Chlorophyll_A_001_phosphate_plate5.tif,1,768.000,768,768
34250,F8_01_1_2_Chlorophyll_A_001_phosphate_plate5.tif,1,912.000,912,912
34251,F8_01_1_2_Chlorophyll_A_001_phosphate_plate5.tif,1,784.000,784,784
34252,F8_01_1_2_Chlorophyll_A_001_phosphate_plate5.tif,3,832.000,800,880
34253,F8_01_1_2_Chlorophyll_A_001_phosphate_plate5.tif,3,800.000,768,832
34254,F8_01_1_2_Chlorophyll_A_001_phosphate_plate5.tif,1,784.000,784,784
34255,F8_01_1_2_Chlorophyll_A_001_phosphate_plate5.tif,1,784.000,784,784
34256,F8_01_1_2_Chlorophyll_A_001_phosphate_plate5.tif,1,784.000,784,784
34257,F8_01_1_2_Chlorophyll_A_001_phosphate_plate5.tif,1,768.000,768,768
34258,F8_01_1_2_Chlorophyll_A_001_phosphate_plate5.tif,1,832.000,832,832
34259,F8_01_1_2_Chlorophyll_A_001_phosphate_plate5.tif,1,816.000,816,816
34260,F8_01_1_2_Chlorophyll_A_001_phosphate_plate5.tif,1,768.000,768,768
34261,F8_01_1_2_Chlorophyll_A_001_phosphate_plate5.tif,1,768.000,768,768
34262,F8_01_1_2_Chlorophyll_A_001_phosphate_plate5.tif,1,864.000,864,864
34263,F8_01_1_2_Chlorophyll_A_001_phosphate_plate5.tif,2,776.000,768,784
34264,F8_01_1_2_Chlorophyll_A_001_phosphate_plate5.tif,1,784.000,784,784
34265,F8_01_1_2_Chlorophyll_A_001_phosphate_plate5.tif,1,816.000,816,816
34266,F8_01_1_2_Chlorophyll_A_001_phosphate_plate5.tif,1,832.000,832,832
34267,F8_01_1_2_Chlorophyll_A_001_phosphate_plate5.tif,1,1008.000,1008,1008
34268,F8_01_1_2_Chlorophyll_A_001_phosphate_plate5.tif,1,800.000,800,800
34269,F8_01_1_2_Chlorophyll_A_001_phosphate_plate5.tif,2,800.000,784,816
34270,F8_01_1_2_Chlorophyll_A_001_phosphate_plate5.tif,1,1024.000,1024,1024
34271,F8_01_1_2_Chlorophyll_A_001_phosphate_plate5.tif,1,896.000,896,896
34272,F8_01_1_2_Chlorophyll_A_001_phosphate_plate5.tif,1,864.000,864,864
34273,F8_01_1_2_Chlorophyll_A_001_phosphate_plate5.tif,1,848.000,848,848
34274,F8_01_1_2_Chlorophyll_A_001_phosphate_plate5.tif,1,816.000,816,816
34275,F8_01_1_2_Chlorophyll_A_001_phosphate_plate5.tif,1,768.000,768,768
34276,F8_01_1_2_Chlorophyll_A_001_phosphate_plate5.tif,4,868.000,768,1024
34277,F8_01_1_2_Chlorophyll_A_001_phosphate_plate5.tif,31,1069.419,832,1424
34278,F8_01_1_2_Chlorophyll_A_001_phosphate_plate5.tif,52,914.462,768,1184
34279,F8_01_1_2_Chlorophyll_A_001_phosphate_plate5.tif,43,915.721,784,1184
34280,F8_01_1_2_Chlorophyll_A_001_phosphate_plate5.tif,1,768.000,768,768
34281,F8_01_1_2_Chlorophyll_A_001_phosphate_plate5.tif,77,908.468,768,1184
34282,F8_01_1_2_Chlorophyll_A_001_phosphate_plate5.tif,11,904.727,784,1152
34283,F8_01_1_2_Chlorophyll_A_001_phosphate_plate5.tif,279,2957.133,768,32304
34284,F8_01_1_2_Chlorophyll_A_001_phosphate_plate5.tif,10,827.200,768,1008
34285,F8_01_1_2_Chlorophyll_A_001_phosphate_plate5.tif,1,896.000,896,896
34286,F8_01_1_2_Chlorophyll_A_001_phosphate_plate5.tif,2,776.000,768,784
34287,F8_01_1_2_Chlorophyll_A_001_phosphate_plate5.tif,3,816.000,768,880
34288,F8_01_1_2_Chlorophyll_A_001_phosphate_plate5.tif,1,800.000,800,800
34289,F8_01_1_2_Chlorophyll_A_001_phosphate_plate5.tif,1,800.000,800,800
34290,F8_01_1_2_Chlorophyll_A_001_phosphate_plate5.tif,1,768.000,768,768
34291,F8_01_1_2_Chlorophyll_A_001_phosphate_plate5.tif,2,800.000,768,832
34292,F8_01_1_2_Chlorophyll_A_001_phosphate_plate5.tif,1,816.000,816,816
34293,F8_01_1_2_Chlorophyll_A_001_phosphate_plate5.tif,1,784.000,784,784
34294,F8_01_1_2_Chlorophyll_A_001_phosphate_plate5.tif,1,768.000,768,768
34295,F8_01_1_2_Chlorophyll_A_001_phosphate_plate5.tif,1,768.000,768,768
34296,F8_01_1_2_Chlorophyll_A_001_phosphate_plate5.tif,1,800.000,800,800
34297,F8_01_1_2_Chlorophyll_A_001_phosphate_plate5.tif,1,768.000,768,768
34298,F8_01_1_2_Chlorophyll_A_001_phosphate_plate5.tif,2,872.000,864,880
34299,F8_01_1_2_Chlorophyll_A_001_phosphate_plate5.tif,1,880.000,880,880
34300,F8_01_1_2_Chlorophyll_A_001_phosphate_plate5.tif,1,816.000,816,816
34301,F8_01_1_2_Chlorophyll_A_001_phosphate_plate5.tif,1,768.000,768,768
34302,F8_01_1_2_Chlorophyll_A_001_phosphate_plate5.tif,1,928.000,928,928
34303,F8_01_1_2_Chlorophyll_A_001_phosphate_plate5.tif,2,776.000,768,784
34304,F8_01_1_2_Chlorophyll_A_001_phosphate_plate5.tif,1,880.000,880,880
34305,F8_01_1_2_Chlorophyll_A_001_phosphate_plate5.tif,381,1358.992,768,9600
34306,F8_01_1_2_Chlorophyll_A_001_phosphate_plate5.tif,47,926.638,784,1264
34307,F8_01_1_2_Chlorophyll_A_001_phosphate_plate5.tif,1,880.000,880,880
34308,F8_01_1_2_Chlorophyll_A_001_phosphate_plate5.tif,1,816.000,816,816
34309,F8_01_1_2_Chlorophyll_A_001_phosphate_plate5.tif,1,864.000,864,864
34310,F8_01_1_2_Chlorophyll_A_001_phosphate_plate5.tif,4,792.000,768,864
34311,F8_01_1_2_Chlorophyll_A_001_phosphate_plate5.tif,1,800.000,800,800
34312,F8_01_1_2_Chlorophyll_A_001_phosphate_plate5.tif,1,784.000,784,784
34313,F8_01_1_2_Chlorophyll_A_001_phosphate_plate5.tif,1,784.000,784,784
34314,F8_01_1_2_Chlorophyll_A_001_phosphate_plate5.tif,6,808.000,768,848
34315,F8_01_1_2_Chlorophyll_A_001_phosphate_plate5.tif,1,768.000,768,768
34316,F8_01_1_2_Chlorophyll_A_001_phosphate_plate5.tif,3,794.667,768,816
34317,F8_01_1_2_Chlorophyll_A_001_phosphate_plate5.tif,4,820.000,768,896
34318,F8_01_1_2_Chlorophyll_A_001_phosphate_plate5.tif,1,864.000,864,864
34319,F8_01_1_2_Chlorophyll_A_001_phosphate_plate5.tif,1,896.000,896,896
34320,F8_01_1_2_Chlorophyll_A_001_phosphate_plate5.tif,1,848.000,848,848
34321,F8_01_1_2_Chlorophyll_A_001_phosphate_plate5.tif,2,832.000,800,864
34322,F8_01_1_2_Chlorophyll_A_001_phosphate_plate5.tif,1,1040.000,1040,1040
34323,F8_01_1_2_Chlorophyll_A_001_phosphate_plate5.tif,1,832.000,832,832
34324,F8_01_1_2_Chlorophyll_A_001_phosphate_plate5.tif,1,832.000,832,832
34325,F8_01_1_2_Chlorophyll_A_001_phosphate_plate5.tif,1,832.000,832,832
34326,F8_01_1_2_Chlorophyll_A_001_phosphate_plate5.tif,1,800.000,800,800
34327,F8_01_1_2_Chlorophyll_A_001_phosphate_plate5.tif,9,817.778,768,896
34328,F8_01_1_2_Chlorophyll_A_001_phosphate_plate5.tif,1,816.000,816,816
34329,F8_01_1_2_Chlorophyll_A_001_phosphate_plate5.tif,1,800.000,800,800
34330,F8_01_1_2_Chlorophyll_A_001_phosphate_plate5.tif,2,800.000,768,832
34331,F8_01_1_2_Chlorophyll_A_001_phosphate_plate5.tif,14,841.143,768,1008
34332,F8_01_1_2_Chlorophyll_A_001_phosphate_plate5.tif,189,1865.989,768,16880
34333,F8_01_1_2_Chlorophyll_A_001_phosphate_plate5.tif,19,946.526,800,1184
34334,F8_01_1_2_Chlorophyll_A_001_phosphate_plate5.tif,231,1653.610,768,13280
34335,F8_01_1_2_Chlorophyll_A_001_phosphate_plate5.tif,3,901.333,816,1056
34336,F8_01_1_2_Chlorophyll_A_001_phosphate_plate5.tif,1,928.000,928,928
34337,F8_01_1_2_Chlorophyll_A_001_phosphate_plate5.tif,1,832.000,832,832
34338,F8_01_1_2_Chlorophyll_A_001_phosphate_plate5.tif,2,800.000,768,832
34339,F8_01_1_2_Chlorophyll_A_001_phosphate_plate5.tif,1,864.000,864,864
34340,F8_01_1_2_Chlorophyll_A_001_phosphate_plate5.tif,1,784.000,784,784
34341,F8_01_1_2_Chlorophyll_A_001_phosphate_plate5.tif,1,832.000,832,832
34342,F8_01_1_2_Chlorophyll_A_001_phosphate_plate5.tif,3,773.333,768,784
34343,F8_01_1_2_Chlorophyll_A_001_phosphate_plate5.tif,2,784.000,784,784
34344,F8_01_1_2_Chlorophyll_A_001_phosphate_plate5.tif,1,816.000,816,816
34345,F8_01_1_2_Chlorophyll_A_001_phosphate_plate5.tif,1,784.000,784,784
34346,F8_01_1_2_Chlorophyll_A_001_phosphate_plate5.tif,3,917.333,896,960
34347,F8_01_1_2_Chlorophyll_A_001_phosphate_plate5.tif,1,864.000,864,864
34348,F8_01_1_2_Chlorophyll_A_001_phosphate_plate5.tif,1,816.000,816,816
34349,F8_01_1_2_Chlorophyll_A_001_phosphate_plate5.tif,1,768.000,768,768
34350,F8_01_1_2_Chlorophyll_A_001_phosphate_plate5.tif,1,928.000,928,928
34351,F8_01_1_2_Chlorophyll_A_001_phosphate_plate5.tif,1,800.000,800,800
34352,F8_01_1_2_Chlorophyll_A_001_phosphate_plate5.tif,1,800.000,800,800
34353,F8_01_1_2_Chlorophyll_A_001_phosphate_plate5.tif,1,912.000,912,912
34354,F8_01_1_2_Chlorophyll_A_001_phosphate_plate5.tif,1,800.000,800,800
34355,F8_01_1_2_Chlorophyll_A_001_phosphate_plate5.tif,1,768.000,768,768
34356,F8_01_1_2_Chlorophyll_A_001_phosphate_plate5.tif,3,794.667,768,832
34357,F8_01_1_2_Chlorophyll_A_001_phosphate_plate5.tif,2,792.000,768,816
34358,F8_01_1_2_Chlorophyll_A_001_phosphate_plate5.tif,5,844.800,800,880
34359,F8_01_1_2_Chlorophyll_A_001_phosphate_plate5.tif,2,1008.000,896,1120
34360,F8_01_1_2_Chlorophyll_A_001_phosphate_plate5.tif,35,935.314,768,1104
34361,F8_01_1_2_Chlorophyll_A_001_phosphate_plate5.tif,58,871.172,768,1072
34362,F8_01_1_2_Chlorophyll_A_001_phosphate_plate5.tif,3,832.000,784,896
34363,F8_01_1_2_Chlorophyll_A_001_phosphate_plate5.tif,1,784.000,784,784
34364,F8_01_1_2_Chlorophyll_A_001_phosphate_plate5.tif,1,864.000,864,864
34365,F8_01_1_2_Chlorophyll_A_001_phosphate_plate5.tif,1,928.000,928,928
34366,F8_01_1_2_Chlorophyll_A_001_phosphate_plate5.tif,3,794.667,768,816
34367,F8_01_1_2_Chlorophyll_A_001_phosphate_plate5.tif,1,784.000,784,784
34368,F8_01_1_2_Chlorophyll_A_001_phosphate_plate5.tif,3,874.667,816,928
34369,F8_01_1_2_Chlorophyll_A_001_phosphate_plate5.tif,1,816.000,816,816
34370,F8_01_1_2_Chlorophyll_A_001_phosphate_plate5.tif,2,856.000,832,880
34371,F8_01_1_2_Chlorophyll_A_001_phosphate_plate5.tif,2,824.000,800,848
34372,F8_01_1_2_Chlorophyll_A_001_phosphate_plate5.tif,1,912.000,912,912
34373,F8_01_1_2_Chlorophyll_A_001_phosphate_plate5.tif,1,768.000,768,768
34374,F8_01_1_2_Chlorophyll_A_001_phosphate_plate5.tif,1,768.000,768,768
34375,F8_01_1_2_Chlorophyll_A_001_phosphate_plate5.tif,1,896.000,896,896
34376,F8_01_1_2_Chlorophyll_A_001_phosphate_plate5.tif,1,816.000,816,816
34377,F8_01_1_2_Chlorophyll_A_001_phosphate_plate5.tif,2,784.000,768,800
34378,F8_01_1_2_Chlorophyll_A_001_phosphate_plate5.tif,1,768.000,768,768
34379,F8_01_1_2_Chlorophyll_A_001_phosphate_plate5.tif,1,896.000,896,896
34380,F8_01_1_2_Chlorophyll_A_001_phosphate_plate5.tif,1,832.000,832,832
34381,F8_01_1_2_Chlorophyll_A_001_phosphate_plate5.tif,1,800.000,800,800
34382,F8_01_1_2_Chlorophyll_A_001_phosphate_plate5.tif,1,800.000,800,800
34383,F8_01_1_2_Chlorophyll_A_001_phosphate_plate5.tif,1,768.000,768,768
34384,F8_01_1_2_Chlorophyll_A_001_phosphate_plate5.tif,1,768.000,768,768
34385,F8_01_1_2_Chlorophyll_A_001_phosphate_plate5.tif,1,800.000,800,800
34386,F8_01_1_2_Chlorophyll_A_001_phosphate_plate5.tif,1,768.000,768,768
34387,F8_01_1_2_Chlorophyll_A_001_phosphate_plate5.tif,1,784.000,784,784
34388,F8_01_1_2_Chlorophyll_A_001_phosphate_plate5.tif,1,880.000,880,880
34389,F8_01_1_2_Chlorophyll_A_001_phosphate_plate5.tif,1,768.000,768,768
34390,F8_01_1_2_Chlorophyll_A_001_phosphate_plate5.tif,1,784.000,784,784
34391,F8_01_1_2_Chlorophyll_A_001_phosphate_plate5.tif,1,816.000,816,816
34392,F8_01_1_2_Chlorophyll_A_001_phosphate_plate5.tif,2,832.000,768,896
34393,F8_01_1_2_Chlorophyll_A_001_phosphate_plate5.tif,1,768.000,768,768
34394,F8_01_1_2_Chlorophyll_A_001_phosphate_plate5.tif,2,808.000,800,816
34395,F8_01_1_2_Chlorophyll_A_001_phosphate_plate5.tif,1,848.000,848,848
34396,F8_01_1_2_Chlorophyll_A_001_phosphate_plate5.tif,1,816.000,816,816
34397,F8_01_1_2_Chlorophyll_A_001_phosphate_plate5.tif,5,796.800,768,816
34398,F8_01_1_2_Chlorophyll_A_001_phosphate_plate5.tif,1,816.000,816,816
34399,F8_01_1_2_Chlorophyll_A_001_phosphate_plate5.tif,1,800.000,800,800
34400,F8_01_1_2_Chlorophyll_A_001_phosphate_plate5.tif,4,860.000,784,976
34401,F8_01_1_2_Chlorophyll_A_001_phosphate_plate5.tif,174,1122.115,768,1568
34402,F8_01_1_2_Chlorophyll_A_001_phosphate_plate5.tif,80,1023.000,784,1360
34403,F8_01_1_2_Chlorophyll_A_001_phosphate_plate5.tif,20,1016.800,816,1248
34404,F8_01_1_2_Chlorophyll_A_001_phosphate_plate5.tif,17,913.882,784,1200
34405,F8_01_1_2_Chlorophyll_A_001_phosphate_plate5.tif,67,916.060,768,1344
34406,F8_01_1_2_Chlorophyll_A_001_phosphate_plate5.tif,1,832.000,832,832
34407,F8_01_1_2_Chlorophyll_A_001_phosphate_plate5.tif,1,848.000,848,848
34408,F8_01_1_2_Chlorophyll_A_001_phosphate_plate5.tif,8,880.000,768,976
34409,F8_01_1_2_Chlorophyll_A_001_phosphate_plate5.tif,1,768.000,768,768
34410,F8_01_1_2_Chlorophyll_A_001_phosphate_plate5.tif,2,856.000,816,896
34411,F8_01_1_2_Chlorophyll_A_001_phosphate_plate5.tif,3,880.000,816,960
34412,F8_01_1_2_Chlorophyll_A_001_phosphate_plate5.tif,2,800.000,768,832
34413,F8_01_1_2_Chlorophyll_A_001_phosphate_plate5.tif,1,784.000,784,784
34414,F8_01_1_2_Chlorophyll_A_001_phosphate_plate5.tif,1,832.000,832,832
34415,F8_01_1_2_Chlorophyll_A_001_phosphate_plate5.tif,1,784.000,784,784
34416,F8_01_1_2_Chlorophyll_A_001_phosphate_plate5.tif,2,904.000,864,944
34417,F8_01_1_2_Chlorophyll_A_001_phosphate_plate5.tif,1,784.000,784,784
34418,F8_01_1_2_Chlorophyll_A_001_phosphate_plate5.tif,1,848.000,848,848
34419,F8_01_1_2_Chlorophyll_A_001_phosphate_plate5.tif,1,768.000,768,768
34420,F8_01_1_2_Chlorophyll_A_001_phosphate_plate5.tif,1,816.000,816,816
34421,F8_01_1_2_Chlorophyll_A_001_phosphate_plate5.tif,1,784.000,784,784
34422,F8_01_1_2_Chlorophyll_A_001_phosphate_plate5.tif,2,816.000,768,864
34423,F8_01_1_2_Chlorophyll_A_001_phosphate_plate5.tif,1,864.000,864,864
34424,F8_01_1_2_Chlorophyll_A_001_phosphate_plate5.tif,1,976.000,976,976
34425,F8_01_1_2_Chlorophyll_A_001_phosphate_plate5.tif,1,784.000,784,784
34426,F8_01_1_2_Chlorophyll_A_001_phosphate_plate5.tif,1,816.000,816,816
34427,F8_01_1_2_Chlorophyll_A_001_phosphate_plate5.tif,1,896.000,896,896
34428,F8_01_1_2_Chlorophyll_A_001_phosphate_plate5.tif,1,784.000,784,784
34429,F8_01_1_2_Chlorophyll_A_001_phosphate_plate5.tif,1,864.000,864,864
34430,F8_01_1_2_Chlorophyll_A_001_phosphate_plate5.tif,1,816.000,816,816
34431,F8_01_1_2_Chlorophyll_A_001_phosphate_plate5.tif,1,832.000,832,832
34432,F8_01_1_2_Chlorophyll_A_001_phosphate_plate5.tif,1,896.000,896,896
34433,F8_01_1_2_Chlorophyll_A_001_phosphate_plate5.tif,1,832.000,832,832
34434,F8_01_1_2_Chlorophyll_A_001_phosphate_plate5.tif,2,776.000,768,784
34435,F8_01_1_2_Chlorophyll_A_001_phosphate_plate5.tif,1,800.000,800,800
34436,F8_01_1_2_Chlorophyll_A_001_phosphate_plate5.tif,2,792.000,768,816
34437,F8_01_1_2_Chlorophyll_A_001_phosphate_plate5.tif,1,928.000,928,928
34438,F8_01_1_2_Chlorophyll_A_001_phosphate_plate5.tif,1,800.000,800,800
34439,F8_01_1_2_Chlorophyll_A_001_phosphate_plate5.tif,1,800.000,800,800
34440,F8_01_1_2_Chlorophyll_A_001_phosphate_plate5.tif,1,768.000,768,768
34441,F8_01_1_2_Chlorophyll_A_001_phosphate_plate5.tif,1,768.000,768,768
34442,F8_01_1_2_Chlorophyll_A_001_phosphate_plate5.tif,1,816.000,816,816
34443,F8_01_1_2_Chlorophyll_A_001_phosphate_plate5.tif,7,868.571,784,960
34444,F8_01_1_2_Chlorophyll_A_001_phosphate_plate5.tif,6,805.333,768,848
34445,F8_01_1_2_Chlorophyll_A_001_phosphate_plate5.tif,21,974.476,800,1232
34446,F8_01_1_2_Chlorophyll_A_001_phosphate_plate5.tif,20,920.000,784,1232
34447,F8_01_1_2_Chlorophyll_A_001_phosphate_plate5.tif,1,864.000,864,864
34448,F8_01_1_2_Chlorophyll_A_001_phosphate_plate5.tif,6,805.333,768,832
34449,F8_01_1_2_Chlorophyll_A_001_phosphate_plate5.tif,4,852.000,800,896
34450,F8_01_1_2_Chlorophyll_A_001_phosphate_plate5.tif,1,784.000,784,784
34451,F8_01_1_2_Chlorophyll_A_001_phosphate_plate5.tif,1,816.000,816,816
34452,F8_01_1_2_Chlorophyll_A_001_phosphate_plate5.tif,1,848.000,848,848
34453,F8_01_1_2_Chlorophyll_A_001_phosphate_plate5.tif,1,848.000,848,848
34454,F8_01_1_2_Chlorophyll_A_001_phosphate_plate5.tif,2,824.000,768,880
34455,F8_01_1_2_Chlorophyll_A_001_phosphate_plate5.tif,1,800.000,800,800
34456,F8_01_1_2_Chlorophyll_A_001_phosphate_plate5.tif,1,864.000,864,864
34457,F8_01_1_2_Chlorophyll_A_001_phosphate_plate5.tif,1,784.000,784,784
34458,F8_01_1_2_Chlorophyll_A_001_phosphate_plate5.tif,1,768.000,768,768
34459,F8_01_1_2_Chlorophyll_A_001_phosphate_plate5.tif,1,896.000,896,896
34460,F8_01_1_2_Chlorophyll_A_001_phosphate_plate5.tif,1,784.000,784,784
34461,F8_01_1_2_Chlorophyll_A_001_phosphate_plate5.tif,2,784.000,784,784
34462,F8_01_1_2_Chlorophyll_A_001_phosphate_plate5.tif,3,773.333,768,784
34463,F8_01_1_2_Chlorophyll_A_001_phosphate_plate5.tif,2,848.000,784,912
34464,F8_01_1_2_Chlorophyll_A_001_phosphate_plate5.tif,59,1057.356,800,1328
34465,F8_01_1_2_Chlorophyll_A_001_phosphate_plate5.tif,67,982.925,768,1328
34466,F8_01_1_2_Chlorophyll_A_001_phosphate_plate5.tif,44,946.545,768,1280
34467,F8_01_1_2_Chlorophyll_A_001_phosphate_plate5.tif,45,927.644,768,1216
34468,F8_01_1_2_Chlorophyll_A_001_phosphate_plate5.tif,47,916.426,768,1168
34469,F8_01_1_2_Chlorophyll_A_001_phosphate_plate5.tif,1,816.000,816,816
34470,F8_01_1_2_Chlorophyll_A_001_phosphate_plate5.tif,6,901.333,784,1056
34471,F8_01_1_2_Chlorophyll_A_001_phosphate_plate5.tif,1,832.000,832,832
34472,F8_01_1_2_Chlorophyll_A_001_phosphate_plate5.tif,3,800.000,784,832
34473,F8_01_1_2_Chlorophyll_A_001_phosphate_plate5.tif,1,832.000,832,832
34474,F8_01_1_2_Chlorophyll_A_001_phosphate_plate5.tif,1,864.000,864,864
34475,F8_01_1_2_Chlorophyll_A_001_phosphate_plate5.tif,6,840.000,768,912
34476,F8_01_1_2_Chlorophyll_A_001_phosphate_plate5.tif,3,821.333,816,832
34477,F8_01_1_2_Chlorophyll_A_001_phosphate_plate5.tif,2,880.000,848,912
34478,F8_01_1_2_Chlorophyll_A_001_phosphate_plate5.tif,3,826.667,784,864
34479,F8_01_1_2_Chlorophyll_A_001_phosphate_plate5.tif,5,841.600,784,896
34480,F8_01_1_2_Chlorophyll_A_001_phosphate_plate5.tif,1,896.000,896,896
34481,F8_01_1_2_Chlorophyll_A_001_phosphate_plate5.tif,2,776.000,768,784
34482,F8_01_1_2_Chlorophyll_A_001_phosphate_plate5.tif,1,816.000,816,816
34483,F8_01_1_2_Chlorophyll_A_001_phosphate_plate5.tif,1,848.000,848,848
34484,F8_01_1_2_Chlorophyll_A_001_phosphate_plate5.tif,1,832.000,832,832
34485,F8_01_1_2_Chlorophyll_A_001_phosphate_plate5.tif,1,800.000,800,800
34486,F8_01_1_2_Chlorophyll_A_001_phosphate_plate5.tif,1,928.000,928,928
34487,F8_01_1_2_Chlorophyll_A_001_phosphate_plate5.tif,1,864.000,864,864
34488,F8_01_1_2_Chlorophyll_A_001_phosphate_plate5.tif,1,784.000,784,784
34489,F8_01_1_2_Chlorophyll_A_001_phosphate_plate5.tif,1,784.000,784,784
34490,F8_01_1_2_Chlorophyll_A_001_phosphate_plate5.tif,1,768.000,768,768
34491,F8_01_1_2_Chlorophyll_A_001_phosphate_plate5.tif,1,784.000,784,784
34492,F8_01_1_2_Chlorophyll_A_001_phosphate_plate5.tif,1,912.000,912,912
34493,F8_01_1_2_Chlorophyll_A_001_phosphate_plate5.tif,2,832.000,768,896
34494,F8_01_1_2_Chlorophyll_A_001_phosphate_plate5.tif,1,848.000,848,848
34495,F8_01_1_2_Chlorophyll_A_001_phosphate_plate5.tif,1,800.000,800,800
34496,F8_01_1_2_Chlorophyll_A_001_phosphate_plate5.tif,1,832.000,832,832
34497,F8_01_1_2_Chlorophyll_A_001_phosphate_plate5.tif,1,768.000,768,768
34498,F8_01_1_2_Chlorophyll_A_001_phosphate_plate5.tif,1,784.000,784,784
34499,F8_01_1_2_Chlorophyll_A_001_phosphate_plate5.tif,2,896.000,832,960
34500,F8_01_1_2_Chlorophyll_A_001_phosphate_plate5.tif,1,768.000,768,768
34501,F8_01_1_2_Chlorophyll_A_001_phosphate_plate5.tif,1,880.000,880,880
34502,F8_01_1_2_Chlorophyll_A_001_phosphate_plate5.tif,2,784.000,784,784
34503,F8_01_1_2_Chlorophyll_A_001_phosphate_plate5.tif,3,885.333,800,1024
34504,F8_01_1_2_Chlorophyll_A_001_phosphate_plate5.tif,1,784.000,784,784
34505,F8_01_1_2_Chlorophyll_A_001_phosphate_plate5.tif,20,870.400,768,1040
34506,F8_01_1_2_Chlorophyll_A_001_phosphate_plate5.tif,1,832.000,832,832
34507,F8_01_1_2_Chlorophyll_A_001_phosphate_plate5.tif,3,816.000,768,848
34508,F8_01_1_2_Chlorophyll_A_001_phosphate_plate5.tif,3,826.667,784,848
34509,F8_01_1_2_Chlorophyll_A_001_phosphate_plate5.tif,2,832.000,832,832
34510,F8_01_1_2_Chlorophyll_A_001_phosphate_plate5.tif,1,768.000,768,768
34511,F8_01_1_2_Chlorophyll_A_001_phosphate_plate5.tif,1,768.000,768,768
34512,F8_01_1_2_Chlorophyll_A_001_phosphate_plate5.tif,1,800.000,800,800
34513,F8_01_1_2_Chlorophyll_A_001_phosphate_plate5.tif,1,848.000,848,848
34514,F8_01_1_2_Chlorophyll_A_001_phosphate_plate5.tif,1,800.000,800,800
34515,F8_01_1_2_Chlorophyll_A_001_phosphate_plate5.tif,1,784.000,784,784
34516,F8_01_1_2_Chlorophyll_A_001_phosphate_plate5.tif,3,816.000,800,832
34517,F8_01_1_2_Chlorophyll_A_001_phosphate_plate5.tif,1,768.000,768,768
34518,F8_01_1_2_Chlorophyll_A_001_phosphate_plate5.tif,1,768.000,768,768
34519,F8_01_1_2_Chlorophyll_A_001_phosphate_plate5.tif,2,808.000,800,816
34520,F8_01_1_2_Chlorophyll_A_001_phosphate_plate5.tif,2,848.000,816,880
34521,F8_01_1_2_Chlorophyll_A_001_phosphate_plate5.tif,1,864.000,864,864
34522,F8_01_1_2_Chlorophyll_A_001_phosphate_plate5.tif,1,768.000,768,768
34523,F8_01_1_2_Chlorophyll_A_001_phosphate_plate5.tif,1,784.000,784,784
34524,F8_01_1_2_Chlorophyll_A_001_phosphate_plate5.tif,1,864.000,864,864
34525,F8_01_1_2_Chlorophyll_A_001_phosphate_plate5.tif,83,860.530,768,1120
34526,F8_01_1_2_Chlorophyll_A_001_phosphate_plate5.tif,1,768.000,768,768
34527,F8_01_1_2_Chlorophyll_A_001_phosphate_plate5.tif,1,832.000,832,832
34528,F8_01_1_2_Chlorophyll_A_001_phosphate_plate5.tif,5,889.600,800,1056
34529,F8_01_1_2_Chlorophyll_A_001_phosphate_plate5.tif,1,832.000,832,832
34530,F8_01_1_2_Chlorophyll_A_001_phosphate_plate5.tif,1,800.000,800,800
34531,F8_01_1_2_Chlorophyll_A_001_phosphate_plate5.tif,1,800.000,800,800
34532,F8_01_1_2_Chlorophyll_A_001_phosphate_plate5.tif,1,848.000,848,848
34533,F8_01_1_2_Chlorophyll_A_001_phosphate_plate5.tif,1,864.000,864,864
34534,F8_01_1_2_Chlorophyll_A_001_phosphate_plate5.tif,1,832.000,832,832
34535,F8_01_1_2_Chlorophyll_A_001_phosphate_plate5.tif,1,832.000,832,832
34536,F8_01_1_2_Chlorophyll_A_001_phosphate_plate5.tif,1,816.000,816,816
34537,F8_01_1_2_Chlorophyll_A_001_phosphate_plate5.tif,1,768.000,768,768
34538,F8_01_1_2_Chlorophyll_A_001_phosphate_plate5.tif,1,784.000,784,784
34539,F8_01_1_2_Chlorophyll_A_001_phosphate_plate5.tif,1,800.000,800,800
34540,F8_01_1_2_Chlorophyll_A_001_phosphate_plate5.tif,1,832.000,832,832
34541,F8_01_1_2_Chlorophyll_A_001_phosphate_plate5.tif,1,784.000,784,784
34542,F8_01_1_2_Chlorophyll_A_001_phosphate_plate5.tif,5,787.200,768,800
34543,F8_01_1_2_Chlorophyll_A_001_phosphate_plate5.tif,3,821.333,784,848
34544,F8_01_1_2_Chlorophyll_A_001_phosphate_plate5.tif,3,821.333,784,880
34545,F8_01_1_2_Chlorophyll_A_001_phosphate_plate5.tif,1,880.000,880,880
34546,F8_01_1_2_Chlorophyll_A_001_phosphate_plate5.tif,56,952.000,768,1312
34547,F8_01_1_2_Chlorophyll_A_001_phosphate_plate5.tif,2,808.000,784,832
34548,F8_01_1_2_Chlorophyll_A_001_phosphate_plate5.tif,3,874.667,832,912
34549,F8_01_1_2_Chlorophyll_A_001_phosphate_plate5.tif,5,860.800,784,896
34550,F8_01_1_2_Chlorophyll_A_001_phosphate_plate5.tif,1,768.000,768,768
34551,F8_01_1_2_Chlorophyll_A_001_phosphate_plate5.tif,1,896.000,896,896
34552,F8_01_1_2_Chlorophyll_A_001_phosphate_plate5.tif,1,784.000,784,784
34553,F8_01_1_2_Chlorophyll_A_001_phosphate_plate5.tif,1,864.000,864,864
34554,F8_01_1_2_Chlorophyll_A_001_phosphate_plate5.tif,1,784.000,784,784
34555,F8_01_1_2_Chlorophyll_A_001_phosphate_plate5.tif,1,784.000,784,784
34556,F8_01_1_2_Chlorophyll_A_001_phosphate_plate5.tif,1,976.000,976,976
34557,F8_01_1_2_Chlorophyll_A_001_phosphate_plate5.tif,1,880.000,880,880
34558,F8_01_1_2_Chlorophyll_A_001_phosphate_plate5.tif,2,792.000,768,816
34559,F8_01_1_2_Chlorophyll_A_001_phosphate_plate5.tif,3,810.667,800,832
34560,F8_01_1_2_Chlorophyll_A_001_phosphate_plate5.tif,1,768.000,768,768
34561,F8_01_1_2_Chlorophyll_A_001_phosphate_plate5.tif,1,768.000,768,768
34562,F8_01_1_2_Chlorophyll_A_001_phosphate_plate5.tif,1,768.000,768,768
34563,F8_01_1_2_Chlorophyll_A_001_phosphate_plate5.tif,1,832.000,832,832
34564,F8_01_1_2_Chlorophyll_A_001_phosphate_plate5.tif,1,848.000,848,848
34565,F8_01_1_2_Chlorophyll_A_001_phosphate_plate5.tif,1,928.000,928,928
34566,F8_01_1_2_Chlorophyll_A_001_phosphate_plate5.tif,1,768.000,768,768
34567,F8_01_1_2_Chlorophyll_A_001_phosphate_plate5.tif,1,800.000,800,800
34568,F8_01_1_2_Chlorophyll_A_001_phosphate_plate5.tif,1,784.000,784,784
34569,F8_01_1_2_Chlorophyll_A_001_phosphate_plate5.tif,1,848.000,848,848
34570,F8_01_1_2_Chlorophyll_A_001_phosphate_plate5.tif,1,784.000,784,784
34571,F8_01_1_2_Chlorophyll_A_001_phosphate_plate5.tif,1,848.000,848,848
34572,F8_01_1_2_Chlorophyll_A_001_phosphate_plate5.tif,1,784.000,784,784
34573,F8_01_1_2_Chlorophyll_A_001_phosphate_plate5.tif,1,976.000,976,976
34574,F8_01_1_2_Chlorophyll_A_001_phosphate_plate5.tif,1,832.000,832,832
34575,F8_01_1_2_Chlorophyll_A_001_phosphate_plate5.tif,1,784.000,784,784
34576,F8_01_1_2_Chlorophyll_A_001_phosphate_plate5.tif,2,784.000,784,784
34577,F8_01_1_2_Chlorophyll_A_001_phosphate_plate5.tif,1,768.000,768,768
34578,F8_01_1_2_Chlorophyll_A_001_phosphate_plate5.tif,1,784.000,784,784
34579,F8_01_1_2_Chlorophyll_A_001_phosphate_plate5.tif,74,883.892,768,1152
34580,F8_01_1_2_Chlorophyll_A_001_phosphate_plate5.tif,3,890.667,768,960
34581,F8_01_1_2_Chlorophyll_A_001_phosphate_plate5.tif,3,864.000,768,944
34582,F8_01_1_2_Chlorophyll_A_001_phosphate_plate5.tif,236,2204.949,768,12784
34583,F8_01_1_2_Chlorophyll_A_001_phosphate_plate5.tif,2,824.000,768,880
34584,F8_01_1_2_Chlorophyll_A_001_phosphate_plate5.tif,1,768.000,768,768
34585,F8_01_1_2_Chlorophyll_A_001_phosphate_plate5.tif,2,880.000,832,928
34586,F8_01_1_2_Chlorophyll_A_001_phosphate_plate5.tif,3,837.333,768,912
34587,F8_01_1_2_Chlorophyll_A_001_phosphate_plate5.tif,1,864.000,864,864
34588,F8_01_1_2_Chlorophyll_A_001_phosphate_plate5.tif,1,992.000,992,992
34589,F8_01_1_2_Chlorophyll_A_001_phosphate_plate5.tif,1,864.000,864,864
34590,F8_01_1_2_Chlorophyll_A_001_phosphate_plate5.tif,1,992.000,992,992
34591,F8_01_1_2_Chlorophyll_A_001_phosphate_plate5.tif,1,800.000,800,800
34592,F8_01_1_2_Chlorophyll_A_001_phosphate_plate5.tif,2,848.000,832,864
34593,F8_01_1_2_Chlorophyll_A_001_phosphate_plate5.tif,1,784.000,784,784
34594,F8_01_1_2_Chlorophyll_A_001_phosphate_plate5.tif,1,784.000,784,784
34595,F8_01_1_2_Chlorophyll_A_001_phosphate_plate5.tif,1,832.000,832,832
34596,F8_01_1_2_Chlorophyll_A_001_phosphate_plate5.tif,1,848.000,848,848
34597,F8_01_1_2_Chlorophyll_A_001_phosphate_plate5.tif,1,784.000,784,784
34598,F8_01_1_2_Chlorophyll_A_001_phosphate_plate5.tif,1,864.000,864,864
34599,F8_01_1_2_Chlorophyll_A_001_phosphate_plate5.tif,2,840.000,832,848
34600,F8_01_1_2_Chlorophyll_A_001_phosphate_plate5.tif,1,944.000,944,944
34601,F8_01_1_2_Chlorophyll_A_001_phosphate_plate5.tif,1,768.000,768,768
34602,F8_01_1_2_Chlorophyll_A_001_phosphate_plate5.tif,1,784.000,784,784
34603,F8_01_1_2_Chlorophyll_A_001_phosphate_plate5.tif,124,4266.839,768,26832
34604,F8_01_1_2_Chlorophyll_A_001_phosphate_plate5.tif,1,768.000,768,768
34605,F8_01_1_2_Chlorophyll_A_001_phosphate_plate5.tif,1,896.000,896,896
34606,F8_01_1_2_Chlorophyll_A_001_phosphate_plate5.tif,1,992.000,992,992
34607,F8_01_1_2_Chlorophyll_A_001_phosphate_plate5.tif,3,954.667,880,1008
34608,F8_01_1_2_Chlorophyll_A_001_phosphate_plate5.tif,1,880.000,880,880
34609,F8_01_1_2_Chlorophyll_A_001_phosphate_plate5.tif,155,1104.206,768,1488
34610,F8_01_1_2_Chlorophyll_A_001_phosphate_plate5.tif,34,879.529,768,1120
34611,F8_01_1_2_Chlorophyll_A_001_phosphate_plate5.tif,75,895.360,768,1104
34612,F8_01_1_2_Chlorophyll_A_001_phosphate_plate5.tif,3,842.667,816,880
34613,F8_01_1_2_Chlorophyll_A_001_phosphate_plate5.tif,1,800.000,800,800
34614,F8_01_1_2_Chlorophyll_A_001_phosphate_plate5.tif,1,880.000,880,880
34615,F8_01_1_2_Chlorophyll_A_001_phosphate_plate5.tif,1,880.000,880,880
34616,F8_01_1_2_Chlorophyll_A_001_phosphate_plate5.tif,2,824.000,768,880
34617,F8_01_1_2_Chlorophyll_A_001_phosphate_plate5.tif,1,784.000,784,784
34618,F8_01_1_2_Chlorophyll_A_001_phosphate_plate5.tif,1,832.000,832,832
34619,F8_01_1_2_Chlorophyll_A_001_phosphate_plate5.tif,1,896.000,896,896
34620,F8_01_1_2_Chlorophyll_A_001_phosphate_plate5.tif,1,784.000,784,784
34621,F8_01_1_2_Chlorophyll_A_001_phosphate_plate5.tif,3,816.000,768,848
34622,F8_01_1_2_Chlorophyll_A_001_phosphate_plate5.tif,2,840.000,832,848
34623,F8_01_1_2_Chlorophyll_A_001_phosphate_plate5.tif,3,853.333,832,864
34624,F8_01_1_2_Chlorophyll_A_001_phosphate_plate5.tif,1,768.000,768,768
34625,F8_01_1_2_Chlorophyll_A_001_phosphate_plate5.tif,1,864.000,864,864
34626,F8_01_1_2_Chlorophyll_A_001_phosphate_plate5.tif,1,784.000,784,784
34627,F8_01_1_2_Chlorophyll_A_001_phosphate_plate5.tif,1,784.000,784,784
34628,F8_01_1_2_Chlorophyll_A_001_phosphate_plate5.tif,1,800.000,800,800
34629,F8_01_1_2_Chlorophyll_A_001_phosphate_plate5.tif,1,912.000,912,912
34630,F8_01_1_2_Chlorophyll_A_001_phosphate_plate5.tif,1,768.000,768,768
34631,F8_01_1_2_Chlorophyll_A_001_phosphate_plate5.tif,1,864.000,864,864
34632,F8_01_1_2_Chlorophyll_A_001_phosphate_plate5.tif,2,808.000,768,848
34633,F8_01_1_2_Chlorophyll_A_001_phosphate_plate5.tif,1,768.000,768,768
34634,F8_01_1_2_Chlorophyll_A_001_phosphate_plate5.tif,1,784.000,784,784
34635,F8_01_1_2_Chlorophyll_A_001_phosphate_plate5.tif,2,904.000,880,928
34636,F8_01_1_2_Chlorophyll_A_001_phosphate_plate5.tif,6,810.667,768,912
34637,F8_01_1_2_Chlorophyll_A_001_phosphate_plate5.tif,1,832.000,832,832
34638,F8_01_1_2_Chlorophyll_A_001_phosphate_plate5.tif,1,800.000,800,800
34639,F8_01_1_2_Chlorophyll_A_001_phosphate_plate5.tif,1,800.000,800,800
34640,F8_01_1_2_Chlorophyll_A_001_phosphate_plate5.tif,1,816.000,816,816
34641,F8_01_1_2_Chlorophyll_A_001_phosphate_plate5.tif,2,784.000,784,784
34642,F8_01_1_2_Chlorophyll_A_001_phosphate_plate5.tif,1,768.000,768,768
34643,F8_01_1_2_Chlorophyll_A_001_phosphate_plate5.tif,1,960.000,960,960
34644,F8_01_1_2_Chlorophyll_A_001_phosphate_plate5.tif,1,784.000,784,784
34645,F8_01_1_2_Chlorophyll_A_001_phosphate_plate5.tif,1,944.000,944,944
34646,F8_01_1_2_Chlorophyll_A_001_phosphate_plate5.tif,1,784.000,784,784
34647,F8_01_1_2_Chlorophyll_A_001_phosphate_plate5.tif,4,852.000,768,880
34648,F8_01_1_2_Chlorophyll_A_001_phosphate_plate5.tif,48,973.333,768,1456
34649,F8_01_1_2_Chlorophyll_A_001_phosphate_plate5.tif,37,883.892,768,1120
34650,F8_01_1_2_Chlorophyll_A_001_phosphate_plate5.tif,81,890.074,768,1152
34651,F8_01_1_2_Chlorophyll_A_001_phosphate_plate5.tif,1,784.000,784,784
34652,F8_01_1_2_Chlorophyll_A_001_phosphate_plate5.tif,1,800.000,800,800
34653,F8_01_1_2_Chlorophyll_A_001_phosphate_plate5.tif,3,869.333,832,944
34654,F8_01_1_2_Chlorophyll_A_001_phosphate_plate5.tif,1,832.000,832,832
34655,F8_01_1_2_Chlorophyll_A_001_phosphate_plate5.tif,1,912.000,912,912
34656,F8_01_1_2_Chlorophyll_A_001_phosphate_plate5.tif,1,864.000,864,864
34657,F8_01_1_2_Chlorophyll_A_001_phosphate_plate5.tif,1,800.000,800,800
34658,F8_01_1_2_Chlorophyll_A_001_phosphate_plate5.tif,2,776.000,768,784
34659,F8_01_1_2_Chlorophyll_A_001_phosphate_plate5.tif,1,768.000,768,768
34660,F8_01_1_2_Chlorophyll_A_001_phosphate_plate5.tif,1,848.000,848,848
34661,F8_01_1_2_Chlorophyll_A_001_phosphate_plate5.tif,2,840.000,784,896
34662,F8_01_1_2_Chlorophyll_A_001_phosphate_plate5.tif,1,800.000,800,800
34663,F8_01_1_2_Chlorophyll_A_001_phosphate_plate5.tif,3,778.667,768,800
34664,F8_01_1_2_Chlorophyll_A_001_phosphate_plate5.tif,1,768.000,768,768
34665,F8_01_1_2_Chlorophyll_A_001_phosphate_plate5.tif,1,944.000,944,944
34666,F8_01_1_2_Chlorophyll_A_001_phosphate_plate5.tif,1,816.000,816,816
34667,F8_01_1_2_Chlorophyll_A_001_phosphate_plate5.tif,1,784.000,784,784
34668,F8_01_1_2_Chlorophyll_A_001_phosphate_plate5.tif,1,784.000,784,784
34669,F8_01_1_2_Chlorophyll_A_001_phosphate_plate5.tif,1,768.000,768,768
34670,F8_01_1_2_Chlorophyll_A_001_phosphate_plate5.tif,1,784.000,784,784
34671,F8_01_1_2_Chlorophyll_A_001_phosphate_plate5.tif,1,832.000,832,832
34672,F8_01_1_2_Chlorophyll_A_001_phosphate_plate5.tif,5,848.000,800,928
34673,F8_01_1_2_Chlorophyll_A_001_phosphate_plate5.tif,5,844.800,768,896
34674,F8_01_1_2_Chlorophyll_A_001_phosphate_plate5.tif,1,800.000,800,800
34675,F8_01_1_2_Chlorophyll_A_001_phosphate_plate5.tif,9,821.333,768,912
34676,F8_01_1_2_Chlorophyll_A_001_phosphate_plate5.tif,1,800.000,800,800
34677,F8_01_1_2_Chlorophyll_A_001_phosphate_plate5.tif,1,768.000,768,768
34678,F8_01_1_2_Chlorophyll_A_001_phosphate_plate5.tif,1,896.000,896,896
34679,F8_01_1_2_Chlorophyll_A_001_phosphate_plate5.tif,30,985.067,768,1344
34680,F8_01_1_2_Chlorophyll_A_001_phosphate_plate5.tif,57,912.561,768,1248
34681,F8_01_1_2_Chlorophyll_A_001_phosphate_plate5.tif,1,800.000,800,800
34682,F8_01_1_2_Chlorophyll_A_001_phosphate_plate5.tif,1,816.000,816,816
34683,F8_01_1_2_Chlorophyll_A_001_phosphate_plate5.tif,6,837.333,784,896
34684,F8_01_1_2_Chlorophyll_A_001_phosphate_plate5.tif,2,792.000,784,800
34685,F8_01_1_2_Chlorophyll_A_001_phosphate_plate5.tif,1,912.000,912,912
34686,F8_01_1_2_Chlorophyll_A_001_phosphate_plate5.tif,1,784.000,784,784
34687,F8_01_1_2_Chlorophyll_A_001_phosphate_plate5.tif,1,784.000,784,784
34688,F8_01_1_2_Chlorophyll_A_001_phosphate_plate5.tif,1,784.000,784,784
34689,F8_01_1_2_Chlorophyll_A_001_phosphate_plate5.tif,1,768.000,768,768
34690,F8_01_1_2_Chlorophyll_A_001_phosphate_plate5.tif,3,853.333,832,864
34691,F8_01_1_2_Chlorophyll_A_001_phosphate_plate5.tif,1,832.000,832,832
34692,F8_01_1_2_Chlorophyll_A_001_phosphate_plate5.tif,3,864.000,800,944
34693,F8_01_1_2_Chlorophyll_A_001_phosphate_plate5.tif,1,960.000,960,960
34694,F8_01_1_2_Chlorophyll_A_001_phosphate_plate5.tif,1,912.000,912,912
34695,F8_01_1_2_Chlorophyll_A_001_phosphate_plate5.tif,1,800.000,800,800
34696,F8_01_1_2_Chlorophyll_A_001_phosphate_plate5.tif,1,784.000,784,784
34697,F8_01_1_2_Chlorophyll_A_001_phosphate_plate5.tif,1,976.000,976,976
34698,F8_01_1_2_Chlorophyll_A_001_phosphate_plate5.tif,7,827.429,784,960
34699,F8_01_1_2_Chlorophyll_A_001_phosphate_plate5.tif,2,792.000,784,800
34700,F8_01_1_2_Chlorophyll_A_001_phosphate_plate5.tif,144,1035.667,768,1504
34701,F8_01_1_2_Chlorophyll_A_001_phosphate_plate5.tif,71,962.254,768,1168
34702,F8_01_1_2_Chlorophyll_A_001_phosphate_plate5.tif,47,899.064,768,1120
34703,F8_01_1_2_Chlorophyll_A_001_phosphate_plate5.tif,41,890.537,768,1184
34704,F8_01_1_2_Chlorophyll_A_001_phosphate_plate5.tif,5,848.000,768,960
34705,F8_01_1_2_Chlorophyll_A_001_phosphate_plate5.tif,2,840.000,816,864
34706,F8_01_1_2_Chlorophyll_A_001_phosphate_plate5.tif,1,800.000,800,800
34707,F8_01_1_2_Chlorophyll_A_001_phosphate_plate5.tif,2,888.000,832,944
34708,F8_01_1_2_Chlorophyll_A_001_phosphate_plate5.tif,2,992.000,976,1008
34709,F8_01_1_2_Chlorophyll_A_001_phosphate_plate5.tif,1,816.000,816,816
34710,F8_01_1_2_Chlorophyll_A_001_phosphate_plate5.tif,1,880.000,880,880
34711,F8_01_1_2_Chlorophyll_A_001_phosphate_plate5.tif,1,864.000,864,864
34712,F8_01_1_2_Chlorophyll_A_001_phosphate_plate5.tif,1,912.000,912,912
34713,F8_01_1_2_Chlorophyll_A_001_phosphate_plate5.tif,1,816.000,816,816
34714,F8_01_1_2_Chlorophyll_A_001_phosphate_plate5.tif,2,816.000,816,816
34715,F8_01_1_2_Chlorophyll_A_001_phosphate_plate5.tif,1,896.000,896,896
34716,F8_01_1_2_Chlorophyll_A_001_phosphate_plate5.tif,1,816.000,816,816
34717,F8_01_1_2_Chlorophyll_A_001_phosphate_plate5.tif,2,896.000,832,960
34718,F8_01_1_2_Chlorophyll_A_001_phosphate_plate5.tif,1,880.000,880,880
34719,F8_01_1_2_Chlorophyll_A_001_phosphate_plate5.tif,1,768.000,768,768
34720,F8_01_1_2_Chlorophyll_A_001_phosphate_plate5.tif,1,912.000,912,912
34721,F8_01_1_2_Chlorophyll_A_001_phosphate_plate5.tif,1,800.000,800,800
34722,F8_01_1_2_Chlorophyll_A_001_phosphate_plate5.tif,1,880.000,880,880
34723,F8_01_1_2_Chlorophyll_A_001_phosphate_plate5.tif,1,816.000,816,816
34724,F8_01_1_2_Chlorophyll_A_001_phosphate_plate5.tif,2,776.000,768,784
34725,F8_01_1_2_Chlorophyll_A_001_phosphate_plate5.tif,1,848.000,848,848
34726,F8_01_1_2_Chlorophyll_A_001_phosphate_plate5.tif,2,792.000,768,816
34727,F8_01_1_2_Chlorophyll_A_001_phosphate_plate5.tif,4,848.000,784,976
34728,F8_01_1_2_Chlorophyll_A_001_phosphate_plate5.tif,1,912.000,912,912
34729,F8_01_1_2_Chlorophyll_A_001_phosphate_plate5.tif,5,851.200,768,928
34730,F8_01_1_2_Chlorophyll_A_001_phosphate_plate5.tif,6,826.667,784,912
34731,F8_01_1_2_Chlorophyll_A_001_phosphate_plate5.tif,6,882.667,800,960
34732,F8_01_1_2_Chlorophyll_A_001_phosphate_plate5.tif,1,784.000,784,784
34733,F8_01_1_2_Chlorophyll_A_001_phosphate_plate5.tif,492,2029.756,768,24288
34734,F8_01_1_2_Chlorophyll_A_001_phosphate_plate5.tif,46,899.478,768,1200
34735,F8_01_1_2_Chlorophyll_A_001_phosphate_plate5.tif,2,904.000,864,944
34736,F8_01_1_2_Chlorophyll_A_001_phosphate_plate5.tif,6,776.000,768,816
34737,F8_01_1_2_Chlorophyll_A_001_phosphate_plate5.tif,1,800.000,800,800
34738,F8_01_1_2_Chlorophyll_A_001_phosphate_plate5.tif,2,784.000,784,784
34739,F8_01_1_2_Chlorophyll_A_001_phosphate_plate5.tif,1,832.000,832,832
34740,F8_01_1_2_Chlorophyll_A_001_phosphate_plate5.tif,1,816.000,816,816
34741,F8_01_1_2_Chlorophyll_A_001_phosphate_plate5.tif,1,768.000,768,768
34742,F8_01_1_2_Chlorophyll_A_001_phosphate_plate5.tif,1,816.000,816,816
34743,F8_01_1_2_Chlorophyll_A_001_phosphate_plate5.tif,128,1652.125,768,8512
34744,F8_01_1_2_Chlorophyll_A_001_phosphate_plate5.tif,1,768.000,768,768
34745,F8_01_1_2_Chlorophyll_A_001_phosphate_plate5.tif,1,784.000,784,784
34746,F8_01_1_2_Chlorophyll_A_001_phosphate_plate5.tif,1,1040.000,1040,1040
34747,F8_01_1_2_Chlorophyll_A_001_phosphate_plate5.tif,1,816.000,816,816
34748,F8_01_1_2_Chlorophyll_A_001_phosphate_plate5.tif,1,768.000,768,768
34749,F8_01_1_2_Chlorophyll_A_001_phosphate_plate5.tif,1,832.000,832,832
34750,F8_01_1_2_Chlorophyll_A_001_phosphate_plate5.tif,3,789.333,768,816
34751,F8_01_1_2_Chlorophyll_A_001_phosphate_plate5.tif,1,960.000,960,960
34752,F8_01_1_2_Chlorophyll_A_001_phosphate_plate5.tif,1,768.000,768,768
34753,F8_01_1_2_Chlorophyll_A_001_phosphate_plate5.tif,1,800.000,800,800
34754,F8_01_1_2_Chlorophyll_A_001_phosphate_plate5.tif,1,816.000,816,816
34755,F8_01_1_2_Chlorophyll_A_001_phosphate_plate5.tif,1,832.000,832,832
34756,F8_01_1_2_Chlorophyll_A_001_phosphate_plate5.tif,1,800.000,800,800
34757,F8_01_1_2_Chlorophyll_A_001_phosphate_plate5.tif,1,800.000,800,800
34758,F8_01_1_2_Chlorophyll_A_001_phosphate_plate5.tif,1,864.000,864,864
34759,F8_01_1_2_Chlorophyll_A_001_phosphate_plate5.tif,1,816.000,816,816
34760,F8_01_1_2_Chlorophyll_A_001_phosphate_plate5.tif,1,896.000,896,896
34761,F8_01_1_2_Chlorophyll_A_001_phosphate_plate5.tif,1,832.000,832,832
34762,F8_01_1_2_Chlorophyll_A_001_phosphate_plate5.tif,1,768.000,768,768
34763,F8_01_1_2_Chlorophyll_A_001_phosphate_plate5.tif,1,928.000,928,928
34764,F8_01_1_2_Chlorophyll_A_001_phosphate_plate5.tif,3,858.667,816,896
34765,F8_01_1_2_Chlorophyll_A_001_phosphate_plate5.tif,3,848.000,816,912
34766,F8_01_1_2_Chlorophyll_A_001_phosphate_plate5.tif,1,832.000,832,832
34767,F8_01_1_2_Chlorophyll_A_001_phosphate_plate5.tif,16,860.000,768,1008
34768,F8_01_1_2_Chlorophyll_A_001_phosphate_plate5.tif,1,784.000,784,784
34769,F8_01_1_2_Chlorophyll_A_001_phosphate_plate5.tif,3,789.333,768,832
34770,F8_01_1_2_Chlorophyll_A_001_phosphate_plate5.tif,1,944.000,944,944
34771,F8_01_1_2_Chlorophyll_A_001_phosphate_plate5.tif,1,1120.000,1120,1120
34772,F8_01_1_2_Chlorophyll_A_001_phosphate_plate5.tif,2,880.000,816,944
34773,F8_01_1_2_Chlorophyll_A_001_phosphate_plate5.tif,2,832.000,816,848
34774,F8_01_1_2_Chlorophyll_A_001_phosphate_plate5.tif,1,816.000,816,816
34775,F8_01_1_2_Chlorophyll_A_001_phosphate_plate5.tif,1,816.000,816,816
34776,F8_01_1_2_Chlorophyll_A_001_phosphate_plate5.tif,1,768.000,768,768
34777,F8_01_1_2_Chlorophyll_A_001_phosphate_plate5.tif,1,784.000,784,784
34778,F8_01_1_2_Chlorophyll_A_001_phosphate_plate5.tif,1,784.000,784,784
34779,F8_01_1_2_Chlorophyll_A_001_phosphate_plate5.tif,1,816.000,816,816
34780,F8_01_1_2_Chlorophyll_A_001_phosphate_plate5.tif,1,832.000,832,832
34781,F8_01_1_2_Chlorophyll_A_001_phosphate_plate5.tif,2,792.000,768,816
34782,F8_01_1_2_Chlorophyll_A_001_phosphate_plate5.tif,1,848.000,848,848
34783,F8_01_1_2_Chlorophyll_A_001_phosphate_plate5.tif,4,916.000,800,1024
34784,F8_01_1_2_Chlorophyll_A_001_phosphate_plate5.tif,1,864.000,864,864
34785,F8_01_1_2_Chlorophyll_A_001_phosphate_plate5.tif,1,864.000,864,864
34786,F8_01_1_2_Chlorophyll_A_001_phosphate_plate5.tif,1,784.000,784,784
34787,F8_01_1_2_Chlorophyll_A_001_phosphate_plate5.tif,1,800.000,800,800
34788,F8_01_1_2_Chlorophyll_A_001_phosphate_plate5.tif,1,816.000,816,816
34789,F8_01_1_2_Chlorophyll_A_001_phosphate_plate5.tif,1,816.000,816,816
34790,F8_01_1_2_Chlorophyll_A_001_phosphate_plate5.tif,1,848.000,848,848
34791,F8_01_1_2_Chlorophyll_A_001_phosphate_plate5.tif,1,832.000,832,832
34792,F8_01_1_2_Chlorophyll_A_001_phosphate_plate5.tif,1,832.000,832,832
34793,F8_01_1_2_Chlorophyll_A_001_phosphate_plate5.tif,1,800.000,800,800
34794,F8_01_1_2_Chlorophyll_A_001_phosphate_plate5.tif,1,768.000,768,768
34795,F8_01_1_2_Chlorophyll_A_001_phosphate_plate5.tif,1,816.000,816,816
34796,F8_01_1_2_Chlorophyll_A_001_phosphate_plate5.tif,4,808.000,768,864
34797,F8_01_1_2_Chlorophyll_A_001_phosphate_plate5.tif,6,821.333,768,896
34798,F8_01_1_2_Chlorophyll_A_001_phosphate_plate5.tif,3,858.667,784,976
34799,F8_01_1_2_Chlorophyll_A_001_phosphate_plate5.tif,1,832.000,832,832
34800,F8_01_1_2_Chlorophyll_A_001_phosphate_plate5.tif,3,816.000,784,848
34801,F8_01_1_2_Chlorophyll_A_001_phosphate_plate5.tif,1,848.000,848,848
34802,F8_01_1_2_Chlorophyll_A_001_phosphate_plate5.tif,1,800.000,800,800
34803,F8_01_1_2_Chlorophyll_A_001_phosphate_plate5.tif,1,768.000,768,768
34804,F8_01_1_2_Chlorophyll_A_001_phosphate_plate5.tif,1,816.000,816,816
34805,F8_01_1_2_Chlorophyll_A_001_phosphate_plate5.tif,1,944.000,944,944
34806,F8_01_1_2_Chlorophyll_A_001_phosphate_plate5.tif,1,768.000,768,768
34807,F8_01_1_2_Chlorophyll_A_001_phosphate_plate5.tif,1,768.000,768,768
34808,F8_01_1_2_Chlorophyll_A_001_phosphate_plate5.tif,1,880.000,880,880
34809,F8_01_1_2_Chlorophyll_A_001_phosphate_plate5.tif,1,800.000,800,800
34810,F8_01_1_2_Chlorophyll_A_001_phosphate_plate5.tif,1,768.000,768,768
34811,F8_01_1_2_Chlorophyll_A_001_phosphate_plate5.tif,1,800.000,800,800
34812,F8_01_1_2_Chlorophyll_A_001_phosphate_plate5.tif,1,784.000,784,784
34813,F8_01_1_2_Chlorophyll_A_001_phosphate_plate5.tif,1,880.000,880,880
34814,F8_01_1_2_Chlorophyll_A_001_phosphate_plate5.tif,1,768.000,768,768
34815,F8_01_1_2_Chlorophyll_A_001_phosphate_plate5.tif,1,848.000,848,848
34816,F8_01_1_2_Chlorophyll_A_001_phosphate_plate5.tif,1,816.000,816,816
34817,F8_01_1_2_Chlorophyll_A_001_phosphate_plate5.tif,1,816.000,816,816
34818,F8_01_1_2_Chlorophyll_A_001_phosphate_plate5.tif,1,912.000,912,912
34819,F8_01_1_2_Chlorophyll_A_001_phosphate_plate5.tif,1,816.000,816,816
34820,F8_01_1_2_Chlorophyll_A_001_phosphate_plate5.tif,1,960.000,960,960
34821,F8_01_1_2_Chlorophyll_A_001_phosphate_plate5.tif,17,819.765,768,944
34822,F8_01_1_2_Chlorophyll_A_001_phosphate_plate5.tif,79,931.038,768,1296
34823,F8_01_1_2_Chlorophyll_A_001_phosphate_plate5.tif,21,945.524,816,1168
34824,F8_01_1_2_Chlorophyll_A_001_phosphate_plate5.tif,3,832.000,800,880
34825,F8_01_1_2_Chlorophyll_A_001_phosphate_plate5.tif,2,832.000,768,896
34826,F8_01_1_2_Chlorophyll_A_001_phosphate_plate5.tif,2,912.000,880,944
34827,F8_01_1_2_Chlorophyll_A_001_phosphate_plate5.tif,1,912.000,912,912
34828,F8_01_1_2_Chlorophyll_A_001_phosphate_plate5.tif,1,784.000,784,784
34829,F8_01_1_2_Chlorophyll_A_001_phosphate_plate5.tif,3,805.333,784,816
34830,F8_01_1_2_Chlorophyll_A_001_phosphate_plate5.tif,1,768.000,768,768
34831,F8_01_1_2_Chlorophyll_A_001_phosphate_plate5.tif,1,816.000,816,816
34832,F8_01_1_2_Chlorophyll_A_001_phosphate_plate5.tif,1,880.000,880,880
34833,F8_01_1_2_Chlorophyll_A_001_phosphate_plate5.tif,1,800.000,800,800
34834,F8_01_1_2_Chlorophyll_A_001_phosphate_plate5.tif,1,848.000,848,848
34835,F8_01_1_2_Chlorophyll_A_001_phosphate_plate5.tif,1,784.000,784,784
34836,F8_01_1_2_Chlorophyll_A_001_phosphate_plate5.tif,1,784.000,784,784
34837,F8_01_1_2_Chlorophyll_A_001_phosphate_plate5.tif,2,848.000,832,864
34838,F8_01_1_2_Chlorophyll_A_001_phosphate_plate5.tif,1,800.000,800,800
34839,F8_01_1_2_Chlorophyll_A_001_phosphate_plate5.tif,1,784.000,784,784
34840,F8_01_1_2_Chlorophyll_A_001_phosphate_plate5.tif,1,832.000,832,832
34841,F8_01_1_2_Chlorophyll_A_001_phosphate_plate5.tif,1,864.000,864,864
34842,F8_01_1_2_Chlorophyll_A_001_phosphate_plate5.tif,1,784.000,784,784
34843,F8_01_1_2_Chlorophyll_A_001_phosphate_plate5.tif,1,816.000,816,816
34844,F8_01_1_2_Chlorophyll_A_001_phosphate_plate5.tif,1,816.000,816,816
34845,F8_01_1_2_Chlorophyll_A_001_phosphate_plate5.tif,1,800.000,800,800
34846,F8_01_1_2_Chlorophyll_A_001_phosphate_plate5.tif,1,960.000,960,960
34847,F8_01_1_2_Chlorophyll_A_001_phosphate_plate5.tif,2,768.000,768,768
34848,F8_01_1_2_Chlorophyll_A_001_phosphate_plate5.tif,1,768.000,768,768
34849,F8_01_1_2_Chlorophyll_A_001_phosphate_plate5.tif,1,832.000,832,832
34850,F8_01_1_2_Chlorophyll_A_001_phosphate_plate5.tif,4,808.000,768,864
34851,F8_01_1_2_Chlorophyll_A_001_phosphate_plate5.tif,1,800.000,800,800
34852,F8_01_1_2_Chlorophyll_A_001_phosphate_plate5.tif,1,768.000,768,768
34853,F8_01_1_2_Chlorophyll_A_001_phosphate_plate5.tif,1,784.000,784,784
34854,F8_01_1_2_Chlorophyll_A_001_phosphate_plate5.tif,1,912.000,912,912
34855,F8_01_1_2_Chlorophyll_A_001_phosphate_plate5.tif,1,880.000,880,880
34856,F8_01_1_2_Chlorophyll_A_001_phosphate_plate5.tif,3,853.333,784,896
34857,F8_01_1_2_Chlorophyll_A_001_phosphate_plate5.tif,1,976.000,976,976
34858,F8_01_1_2_Chlorophyll_A_001_phosphate_plate5.tif,1,816.000,816,816
34859,F8_01_1_2_Chlorophyll_A_001_phosphate_plate5.tif,1,768.000,768,768
34860,F8_01_1_2_Chlorophyll_A_001_phosphate_plate5.tif,1,768.000,768,768
34861,F8_01_1_2_Chlorophyll_A_001_phosphate_plate5.tif,1,832.000,832,832
34862,F8_01_1_2_Chlorophyll_A_001_phosphate_plate5.tif,1,960.000,960,960
34863,F8_01_1_2_Chlorophyll_A_001_phosphate_plate5.tif,38,1026.105,800,1296
34864,F8_01_1_2_Chlorophyll_A_001_phosphate_plate5.tif,4,836.000,768,912
34865,F8_01_1_2_Chlorophyll_A_001_phosphate_plate5.tif,1,912.000,912,912
34866,F8_01_1_2_Chlorophyll_A_001_phosphate_plate5.tif,1,928.000,928,928
34867,F8_01_1_2_Chlorophyll_A_001_phosphate_plate5.tif,1,768.000,768,768
34868,F8_01_1_2_Chlorophyll_A_001_phosphate_plate5.tif,1,848.000,848,848
34869,F8_01_1_2_Chlorophyll_A_001_phosphate_plate5.tif,1,944.000,944,944
34870,F8_01_1_2_Chlorophyll_A_001_phosphate_plate5.tif,1,816.000,816,816
34871,F8_01_1_2_Chlorophyll_A_001_phosphate_plate5.tif,1,864.000,864,864
34872,F8_01_1_2_Chlorophyll_A_001_phosphate_plate5.tif,1,832.000,832,832
34873,F8_01_1_2_Chlorophyll_A_001_phosphate_plate5.tif,1,1008.000,1008,1008
34874,F8_01_1_2_Chlorophyll_A_001_phosphate_plate5.tif,3,826.667,800,864
34875,F8_01_1_2_Chlorophyll_A_001_phosphate_plate5.tif,1,960.000,960,960
34876,F8_01_1_2_Chlorophyll_A_001_phosphate_plate5.tif,1,816.000,816,816
34877,F8_01_1_2_Chlorophyll_A_001_phosphate_plate5.tif,1,784.000,784,784
34878,F8_01_1_2_Chlorophyll_A_001_phosphate_plate5.tif,1,880.000,880,880
34879,F8_01_1_2_Chlorophyll_A_001_phosphate_plate5.tif,1,784.000,784,784
34880,F8_01_1_2_Chlorophyll_A_001_phosphate_plate5.tif,1,880.000,880,880
34881,F8_01_1_2_Chlorophyll_A_001_phosphate_plate5.tif,1,832.000,832,832
34882,F8_01_1_2_Chlorophyll_A_001_phosphate_plate5.tif,1,784.000,784,784
34883,F8_01_1_2_Chlorophyll_A_001_phosphate_plate5.tif,1,784.000,784,784
34884,F8_01_1_2_Chlorophyll_A_001_phosphate_plate5.tif,2,888.000,816,960
34885,F8_01_1_2_Chlorophyll_A_001_phosphate_plate5.tif,31,898.065,768,1040
34886,F8_01_1_2_Chlorophyll_A_001_phosphate_plate5.tif,2,808.000,800,816
34887,F8_01_1_2_Chlorophyll_A_001_phosphate_plate5.tif,1,1024.000,1024,1024
34888,F8_01_1_2_Chlorophyll_A_001_phosphate_plate5.tif,1,800.000,800,800
34889,F8_01_1_2_Chlorophyll_A_001_phosphate_plate5.tif,1,816.000,816,816
34890,F8_01_1_2_Chlorophyll_A_001_phosphate_plate5.tif,2,848.000,800,896
34891,F8_01_1_2_Chlorophyll_A_001_phosphate_plate5.tif,1,848.000,848,848
34892,F8_01_1_2_Chlorophyll_A_001_phosphate_plate5.tif,1,768.000,768,768
34893,F8_01_1_2_Chlorophyll_A_001_phosphate_plate5.tif,1,848.000,848,848
34894,F8_01_1_2_Chlorophyll_A_001_phosphate_plate5.tif,1,784.000,784,784
34895,F8_01_1_2_Chlorophyll_A_001_phosphate_plate5.tif,1,880.000,880,880
34896,F8_01_1_2_Chlorophyll_A_001_phosphate_plate5.tif,1,832.000,832,832
34897,F8_01_1_2_Chlorophyll_A_001_phosphate_plate5.tif,1,800.000,800,800
34898,F8_01_1_2_Chlorophyll_A_001_phosphate_plate5.tif,1,928.000,928,928
34899,F8_01_1_2_Chlorophyll_A_001_phosphate_plate5.tif,1,880.000,880,880
34900,F8_01_1_2_Chlorophyll_A_001_phosphate_plate5.tif,130,3375.631,768,18464
34901,F8_01_1_2_Chlorophyll_A_001_phosphate_plate5.tif,1,768.000,768,768
34902,F8_01_1_2_Chlorophyll_A_001_phosphate_plate5.tif,1,800.000,800,800
34903,F8_01_1_2_Chlorophyll_A_001_phosphate_plate5.tif,2,784.000,784,784
34904,F8_01_1_2_Chlorophyll_A_001_phosphate_plate5.tif,1,864.000,864,864
34905,F8_01_1_2_Chlorophyll_A_001_phosphate_plate5.tif,1,896.000,896,896
34906,F8_01_1_2_Chlorophyll_A_001_phosphate_plate5.tif,2,800.000,784,816
34907,F8_01_1_2_Chlorophyll_A_001_phosphate_plate5.tif,2,800.000,784,816
34908,F8_01_1_2_Chlorophyll_A_001_phosphate_plate5.tif,2,840.000,800,880
34909,F8_01_1_2_Chlorophyll_A_001_phosphate_plate5.tif,1,768.000,768,768
34910,F8_01_1_2_Chlorophyll_A_001_phosphate_plate5.tif,5,851.200,800,880
34911,F8_01_1_2_Chlorophyll_A_001_phosphate_plate5.tif,11,814.545,768,864
34912,F8_01_1_2_Chlorophyll_A_001_phosphate_plate5.tif,32,960.500,768,1136
34913,F8_01_1_2_Chlorophyll_A_001_phosphate_plate5.tif,329,1959.927,768,18384
34914,F8_01_1_2_Chlorophyll_A_001_phosphate_plate5.tif,21,888.381,768,1056
34915,F8_01_1_2_Chlorophyll_A_001_phosphate_plate5.tif,70,897.143,768,1232
34916,F8_01_1_2_Chlorophyll_A_001_phosphate_plate5.tif,34,912.471,768,1168
34917,F8_01_1_2_Chlorophyll_A_001_phosphate_plate5.tif,21,912.000,784,1168
34918,F8_01_1_2_Chlorophyll_A_001_phosphate_plate5.tif,3,800.000,768,832
34919,F8_01_1_2_Chlorophyll_A_001_phosphate_plate5.tif,10,824.000,768,1024
34920,F8_01_1_2_Chlorophyll_A_001_phosphate_plate5.tif,1,1072.000,1072,1072
34921,F8_01_1_2_Chlorophyll_A_001_phosphate_plate5.tif,1,848.000,848,848
34922,F8_01_1_2_Chlorophyll_A_001_phosphate_plate5.tif,1,800.000,800,800
34923,F8_01_1_2_Chlorophyll_A_001_phosphate_plate5.tif,2,784.000,768,800
34924,F8_01_1_2_Chlorophyll_A_001_phosphate_plate5.tif,1,816.000,816,816
34925,F8_01_1_2_Chlorophyll_A_001_phosphate_plate5.tif,1,784.000,784,784
34926,F8_01_1_2_Chlorophyll_A_001_phosphate_plate5.tif,1,960.000,960,960
34927,F8_01_1_2_Chlorophyll_A_001_phosphate_plate5.tif,1,800.000,800,800
34928,F8_01_1_2_Chlorophyll_A_001_phosphate_plate5.tif,1,832.000,832,832
34929,F8_01_1_2_Chlorophyll_A_001_phosphate_plate5.tif,1,784.000,784,784
34930,F8_01_1_2_Chlorophyll_A_001_phosphate_plate5.tif,1,816.000,816,816
34931,F8_01_1_2_Chlorophyll_A_001_phosphate_plate5.tif,1,848.000,848,848
34932,F8_01_1_2_Chlorophyll_A_001_phosphate_plate5.tif,1,784.000,784,784
34933,F8_01_1_2_Chlorophyll_A_001_phosphate_plate5.tif,2,808.000,784,832
34934,F8_01_1_2_Chlorophyll_A_001_phosphate_plate5.tif,1,768.000,768,768
34935,F8_01_1_2_Chlorophyll_A_001_phosphate_plate5.tif,1,816.000,816,816
34936,F8_01_1_2_Chlorophyll_A_001_phosphate_plate5.tif,1,768.000,768,768
34937,F8_01_1_2_Chlorophyll_A_001_phosphate_plate5.tif,1,768.000,768,768
34938,F8_01_1_2_Chlorophyll_A_001_phosphate_plate5.tif,1,768.000,768,768
34939,F8_01_1_2_Chlorophyll_A_001_phosphate_plate5.tif,3,837.333,768,880
34940,F8_01_1_2_Chlorophyll_A_001_phosphate_plate5.tif,2,880.000,784,976
34941,F8_01_1_2_Chlorophyll_A_001_phosphate_plate5.tif,1,768.000,768,768
34942,F8_01_1_2_Chlorophyll_A_001_phosphate_plate5.tif,1,784.000,784,784
34943,F8_01_1_2_Chlorophyll_A_001_phosphate_plate5.tif,2,792.000,784,800
34944,F8_01_1_2_Chlorophyll_A_001_phosphate_plate5.tif,1,768.000,768,768
34945,F8_01_1_2_Chlorophyll_A_001_phosphate_plate5.tif,44,940.727,768,1232
34946,F8_01_1_2_Chlorophyll_A_001_phosphate_plate5.tif,61,914.885,768,1328
34947,F8_01_1_2_Chlorophyll_A_001_phosphate_plate5.tif,199,1746.010,768,12192
34948,F8_01_1_2_Chlorophyll_A_001_phosphate_plate5.tif,4,832.000,784,864
34949,F8_01_1_2_Chlorophyll_A_001_phosphate_plate5.tif,5,819.200,784,880
34950,F8_01_1_2_Chlorophyll_A_001_phosphate_plate5.tif,1,816.000,816,816
34951,F8_01_1_2_Chlorophyll_A_001_phosphate_plate5.tif,8,880.000,768,1104
34952,F8_01_1_2_Chlorophyll_A_001_phosphate_plate5.tif,2,848.000,800,896
34953,F8_01_1_2_Chlorophyll_A_001_phosphate_plate5.tif,2,832.000,784,880
34954,F8_01_1_2_Chlorophyll_A_001_phosphate_plate5.tif,1,816.000,816,816
34955,F8_01_1_2_Chlorophyll_A_001_phosphate_plate5.tif,1,800.000,800,800
34956,F8_01_1_2_Chlorophyll_A_001_phosphate_plate5.tif,1,768.000,768,768
34957,F8_01_1_2_Chlorophyll_A_001_phosphate_plate5.tif,2,920.000,768,1072
34958,F8_01_1_2_Chlorophyll_A_001_phosphate_plate5.tif,1,800.000,800,800
34959,F8_01_1_2_Chlorophyll_A_001_phosphate_plate5.tif,2,768.000,768,768
34960,F8_01_1_2_Chlorophyll_A_001_phosphate_plate5.tif,1,768.000,768,768
34961,F8_01_1_2_Chlorophyll_A_001_phosphate_plate5.tif,1,800.000,800,800
34962,F8_01_1_2_Chlorophyll_A_001_phosphate_plate5.tif,1,912.000,912,912
34963,F8_01_1_2_Chlorophyll_A_001_phosphate_plate5.tif,156,4404.308,768,29104
34964,F8_01_1_2_Chlorophyll_A_001_phosphate_plate5.tif,82,2805.854,768,21760
34965,F8_01_1_2_Chlorophyll_A_001_phosphate_plate5.tif,1,816.000,816,816
34966,F8_01_1_2_Chlorophyll_A_001_phosphate_plate5.tif,1,768.000,768,768
34967,F8_01_1_2_Chlorophyll_A_001_phosphate_plate5.tif,1,800.000,800,800
34968,F8_01_1_2_Chlorophyll_A_001_phosphate_plate5.tif,2,864.000,832,896
34969,F8_01_1_2_Chlorophyll_A_001_phosphate_plate5.tif,1,784.000,784,784
34970,F8_01_1_2_Chlorophyll_A_001_phosphate_plate5.tif,251,1117.450,784,1520
34971,F8_01_1_2_Chlorophyll_A_001_phosphate_plate5.tif,22,949.091,768,1184
34972,F8_01_1_2_Chlorophyll_A_001_phosphate_plate5.tif,37,858.378,768,1072
34973,F8_01_1_2_Chlorophyll_A_001_phosphate_plate5.tif,92,871.652,768,1152
34974,F8_01_1_2_Chlorophyll_A_001_phosphate_plate5.tif,3,837.333,768,912
34975,F8_01_1_2_Chlorophyll_A_001_phosphate_plate5.tif,15,834.133,768,1024
34976,F8_01_1_2_Chlorophyll_A_001_phosphate_plate5.tif,1,768.000,768,768
34977,F8_01_1_2_Chlorophyll_A_001_phosphate_plate5.tif,2,880.000,832,928
34978,F8_01_1_2_Chlorophyll_A_001_phosphate_plate5.tif,1,816.000,816,816
34979,F8_01_1_2_Chlorophyll_A_001_phosphate_plate5.tif,2,872.000,800,944
34980,F8_01_1_2_Chlorophyll_A_001_phosphate_plate5.tif,2,840.000,816,864
34981,F8_01_1_2_Chlorophyll_A_001_phosphate_plate5.tif,1,768.000,768,768
34982,F8_01_1_2_Chlorophyll_A_001_phosphate_plate5.tif,1,768.000,768,768
34983,F8_01_1_2_Chlorophyll_A_001_phosphate_plate5.tif,6,818.667,768,960
34984,F8_01_1_2_Chlorophyll_A_001_phosphate_plate5.tif,1,880.000,880,880
34985,F8_01_1_2_Chlorophyll_A_001_phosphate_plate5.tif,2,800.000,800,800
34986,F8_01_1_2_Chlorophyll_A_001_phosphate_plate5.tif,1,960.000,960,960
34987,F8_01_1_2_Chlorophyll_A_001_phosphate_plate5.tif,2,816.000,800,832
34988,F8_01_1_2_Chlorophyll_A_001_phosphate_plate5.tif,1,800.000,800,800
34989,F8_01_1_2_Chlorophyll_A_001_phosphate_plate5.tif,1,784.000,784,784
34990,F8_01_1_2_Chlorophyll_A_001_phosphate_plate5.tif,1,816.000,816,816
34991,F8_01_1_2_Chlorophyll_A_001_phosphate_plate5.tif,1,816.000,816,816
34992,F8_01_1_2_Chlorophyll_A_001_phosphate_plate5.tif,2,816.000,768,864
34993,F8_01_1_2_Chlorophyll_A_001_phosphate_plate5.tif,2,864.000,848,880
34994,F8_01_1_2_Chlorophyll_A_001_phosphate_plate5.tif,1,784.000,784,784
34995,F8_01_1_2_Chlorophyll_A_001_phosphate_plate5.tif,1,880.000,880,880
34996,F8_01_1_2_Chlorophyll_A_001_phosphate_plate5.tif,1,832.000,832,832
34997,F8_01_1_2_Chlorophyll_A_001_phosphate_plate5.tif,2,784.000,768,800
34998,F8_01_1_2_Chlorophyll_A_001_phosphate_plate5.tif,3,826.667,768,912
34999,F8_01_1_2_Chlorophyll_A_001_phosphate_plate5.tif,1,768.000,768,768
35000,F8_01_1_2_Chlorophyll_A_001_phosphate_plate5.tif,264,1050.848,768,1568
35001,F8_01_1_2_Chlorophyll_A_001_phosphate_plate5.tif,49,924.735,768,1376
35002,F8_01_1_2_Chlorophyll_A_001_phosphate_plate5.tif,100,872.960,768,1120
35003,F8_01_1_2_Chlorophyll_A_001_phosphate_plate5.tif,1,768.000,768,768
35004,F8_01_1_2_Chlorophyll_A_001_phosphate_plate5.tif,1,912.000,912,912
35005,F8_01_1_2_Chlorophyll_A_001_phosphate_plate5.tif,1,880.000,880,880
35006,F8_01_1_2_Chlorophyll_A_001_phosphate_plate5.tif,1,832.000,832,832
35007,F8_01_1_2_Chlorophyll_A_001_phosphate_plate5.tif,1,784.000,784,784
35008,F8_01_1_2_Chlorophyll_A_001_phosphate_plate5.tif,2,848.000,832,864
35009,F8_01_1_2_Chlorophyll_A_001_phosphate_plate5.tif,1,880.000,880,880
35010,F8_01_1_2_Chlorophyll_A_001_phosphate_plate5.tif,1,928.000,928,928
35011,F8_01_1_2_Chlorophyll_A_001_phosphate_plate5.tif,1,800.000,800,800
35012,F8_01_1_2_Chlorophyll_A_001_phosphate_plate5.tif,1,768.000,768,768
35013,F8_01_1_2_Chlorophyll_A_001_phosphate_plate5.tif,1,816.000,816,816
35014,F8_01_1_2_Chlorophyll_A_001_phosphate_plate5.tif,1,768.000,768,768
35015,F8_01_1_2_Chlorophyll_A_001_phosphate_plate5.tif,2,840.000,768,912
35016,F8_01_1_2_Chlorophyll_A_001_phosphate_plate5.tif,1,864.000,864,864
35017,F8_01_1_2_Chlorophyll_A_001_phosphate_plate5.tif,3,805.333,800,816
35018,F8_01_1_2_Chlorophyll_A_001_phosphate_plate5.tif,1,816.000,816,816
35019,F8_01_1_2_Chlorophyll_A_001_phosphate_plate5.tif,1,880.000,880,880
35020,F8_01_1_2_Chlorophyll_A_001_phosphate_plate5.tif,1,800.000,800,800
35021,F8_01_1_2_Chlorophyll_A_001_phosphate_plate5.tif,1,848.000,848,848
35022,F8_01_1_2_Chlorophyll_A_001_phosphate_plate5.tif,1,832.000,832,832
35023,F8_01_1_2_Chlorophyll_A_001_phosphate_plate5.tif,2,776.000,768,784
35024,F8_01_1_2_Chlorophyll_A_001_phosphate_plate5.tif,1,832.000,832,832
35025,F8_01_1_2_Chlorophyll_A_001_phosphate_plate5.tif,1,768.000,768,768
35026,F8_01_1_2_Chlorophyll_A_001_phosphate_plate5.tif,2,840.000,832,848
35027,F8_01_1_2_Chlorophyll_A_001_phosphate_plate5.tif,1,816.000,816,816
35028,F8_01_1_2_Chlorophyll_A_001_phosphate_plate5.tif,1,800.000,800,800
35029,F8_01_1_2_Chlorophyll_A_001_phosphate_plate5.tif,1,800.000,800,800
35030,F8_01_1_2_Chlorophyll_A_001_phosphate_plate5.tif,149,1002.846,768,1360
35031,F8_01_1_2_Chlorophyll_A_001_phosphate_plate5.tif,44,955.636,768,1232
35032,F8_01_1_2_Chlorophyll_A_001_phosphate_plate5.tif,1,800.000,800,800
35033,F8_01_1_2_Chlorophyll_A_001_phosphate_plate5.tif,59,879.729,768,1104
35034,F8_01_1_2_Chlorophyll_A_001_phosphate_plate5.tif,1,768.000,768,768
35035,F8_01_1_2_Chlorophyll_A_001_phosphate_plate5.tif,22,871.273,768,1008
35036,F8_01_1_2_Chlorophyll_A_001_phosphate_plate5.tif,9,858.667,784,960
35037,F8_01_1_2_Chlorophyll_A_001_phosphate_plate5.tif,1,800.000,800,800
35038,F8_01_1_2_Chlorophyll_A_001_phosphate_plate5.tif,1,800.000,800,800
35039,F8_01_1_2_Chlorophyll_A_001_phosphate_plate5.tif,1,784.000,784,784
35040,F8_01_1_2_Chlorophyll_A_001_phosphate_plate5.tif,1,832.000,832,832
35041,F8_01_1_2_Chlorophyll_A_001_phosphate_plate5.tif,1,768.000,768,768
35042,F8_01_1_2_Chlorophyll_A_001_phosphate_plate5.tif,3,794.667,784,800
35043,F8_01_1_2_Chlorophyll_A_001_phosphate_plate5.tif,1,880.000,880,880
35044,F8_01_1_2_Chlorophyll_A_001_phosphate_plate5.tif,1,800.000,800,800
35045,F8_01_1_2_Chlorophyll_A_001_phosphate_plate5.tif,2,920.000,912,928
35046,F8_01_1_2_Chlorophyll_A_001_phosphate_plate5.tif,1,784.000,784,784
35047,F8_01_1_2_Chlorophyll_A_001_phosphate_plate5.tif,1,768.000,768,768
35048,F8_01_1_2_Chlorophyll_A_001_phosphate_plate5.tif,1,768.000,768,768
35049,F8_01_1_2_Chlorophyll_A_001_phosphate_plate5.tif,1,800.000,800,800
35050,F8_01_1_2_Chlorophyll_A_001_phosphate_plate5.tif,1,768.000,768,768
35051,F8_01_1_2_Chlorophyll_A_001_phosphate_plate5.tif,1,976.000,976,976
35052,F8_01_1_2_Chlorophyll_A_001_phosphate_plate5.tif,2,872.000,864,880
35053,F8_01_1_2_Chlorophyll_A_001_phosphate_plate5.tif,1,768.000,768,768
35054,F8_01_1_2_Chlorophyll_A_001_phosphate_plate5.tif,1,768.000,768,768
35055,F8_01_1_2_Chlorophyll_A_001_phosphate_plate5.tif,1,864.000,864,864
35056,F8_01_1_2_Chlorophyll_A_001_phosphate_plate5.tif,1,816.000,816,816
35057,F8_01_1_2_Chlorophyll_A_001_phosphate_plate5.tif,2,808.000,800,816
35058,F8_01_1_2_Chlorophyll_A_001_phosphate_plate5.tif,1,992.000,992,992
35059,F8_01_1_2_Chlorophyll_A_001_phosphate_plate5.tif,4,816.000,768,912
35060,F8_01_1_2_Chlorophyll_A_001_phosphate_plate5.tif,1,768.000,768,768
35061,F8_01_1_2_Chlorophyll_A_001_phosphate_plate5.tif,4,796.000,768,816
35062,F8_01_1_2_Chlorophyll_A_001_phosphate_plate5.tif,2,832.000,816,848
35063,F8_01_1_2_Chlorophyll_A_001_phosphate_plate5.tif,5,841.600,768,976
35064,F8_01_1_2_Chlorophyll_A_001_phosphate_plate5.tif,1,960.000,960,960
35065,F8_01_1_2_Chlorophyll_A_001_phosphate_plate5.tif,57,956.632,784,1232
35066,F8_01_1_2_Chlorophyll_A_001_phosphate_plate5.tif,1,976.000,976,976
35067,F8_01_1_2_Chlorophyll_A_001_phosphate_plate5.tif,1,864.000,864,864
35068,F8_01_1_2_Chlorophyll_A_001_phosphate_plate5.tif,1,864.000,864,864
35069,F8_01_1_2_Chlorophyll_A_001_phosphate_plate5.tif,2,808.000,768,848
35070,F8_01_1_2_Chlorophyll_A_001_phosphate_plate5.tif,2,816.000,784,848
35071,F8_01_1_2_Chlorophyll_A_001_phosphate_plate5.tif,1,784.000,784,784
35072,F8_01_1_2_Chlorophyll_A_001_phosphate_plate5.tif,1,912.000,912,912
35073,F8_01_1_2_Chlorophyll_A_001_phosphate_plate5.tif,1,800.000,800,800
35074,F8_01_1_2_Chlorophyll_A_001_phosphate_plate5.tif,2,784.000,768,800
35075,F8_01_1_2_Chlorophyll_A_001_phosphate_plate5.tif,1,784.000,784,784
35076,F8_01_1_2_Chlorophyll_A_001_phosphate_plate5.tif,1,816.000,816,816
35077,F8_01_1_2_Chlorophyll_A_001_phosphate_plate5.tif,1,816.000,816,816
35078,F8_01_1_2_Chlorophyll_A_001_phosphate_plate5.tif,1,768.000,768,768
35079,F8_01_1_2_Chlorophyll_A_001_phosphate_plate5.tif,1,784.000,784,784
35080,F8_01_1_2_Chlorophyll_A_001_phosphate_plate5.tif,1,768.000,768,768
35081,F8_01_1_2_Chlorophyll_A_001_phosphate_plate5.tif,1,800.000,800,800
35082,F8_01_1_2_Chlorophyll_A_001_phosphate_plate5.tif,1,864.000,864,864
35083,F8_01_1_2_Chlorophyll_A_001_phosphate_plate5.tif,1,880.000,880,880
35084,F8_01_1_2_Chlorophyll_A_001_phosphate_plate5.tif,1,800.000,800,800
35085,F8_01_1_2_Chlorophyll_A_001_phosphate_plate5.tif,1,784.000,784,784
35086,F8_01_1_2_Chlorophyll_A_001_phosphate_plate5.tif,1,880.000,880,880
35087,F8_01_1_2_Chlorophyll_A_001_phosphate_plate5.tif,1,832.000,832,832
35088,F8_01_1_2_Chlorophyll_A_001_phosphate_plate5.tif,1,800.000,800,800
35089,F8_01_1_2_Chlorophyll_A_001_phosphate_plate5.tif,4,792.000,768,832
35090,F8_01_1_2_Chlorophyll_A_001_phosphate_plate5.tif,16,852.000,768,1040
35091,F8_01_1_2_Chlorophyll_A_001_phosphate_plate5.tif,6,832.000,784,864
35092,F8_01_1_2_Chlorophyll_A_001_phosphate_plate5.tif,8,834.000,784,944
35093,F8_01_1_2_Chlorophyll_A_001_phosphate_plate5.tif,25,888.320,768,1136
35094,F8_01_1_2_Chlorophyll_A_001_phosphate_plate5.tif,237,1529.654,768,10288
35095,F8_01_1_2_Chlorophyll_A_001_phosphate_plate5.tif,2,784.000,768,800
35096,F8_01_1_2_Chlorophyll_A_001_phosphate_plate5.tif,1,832.000,832,832
35097,F8_01_1_2_Chlorophyll_A_001_phosphate_plate5.tif,1,848.000,848,848
35098,F8_01_1_2_Chlorophyll_A_001_phosphate_plate5.tif,1,832.000,832,832
35099,F8_01_1_2_Chlorophyll_A_001_phosphate_plate5.tif,1,784.000,784,784
35100,F8_01_1_2_Chlorophyll_A_001_phosphate_plate5.tif,1,768.000,768,768
35101,F8_01_1_2_Chlorophyll_A_001_phosphate_plate5.tif,1,784.000,784,784
35102,F8_01_1_2_Chlorophyll_A_001_phosphate_plate5.tif,1,784.000,784,784
35103,F8_01_1_2_Chlorophyll_A_001_phosphate_plate5.tif,3,794.667,768,832
35104,F8_01_1_2_Chlorophyll_A_001_phosphate_plate5.tif,1,832.000,832,832
35105,F8_01_1_2_Chlorophyll_A_001_phosphate_plate5.tif,1,816.000,816,816
35106,F8_01_1_2_Chlorophyll_A_001_phosphate_plate5.tif,1,768.000,768,768
35107,F8_01_1_2_Chlorophyll_A_001_phosphate_plate5.tif,1,864.000,864,864
35108,F8_01_1_2_Chlorophyll_A_001_phosphate_plate5.tif,1,784.000,784,784
35109,F8_01_1_2_Chlorophyll_A_001_phosphate_plate5.tif,1,832.000,832,832
35110,F8_01_1_2_Chlorophyll_A_001_phosphate_plate5.tif,1,832.000,832,832
35111,F8_01_1_2_Chlorophyll_A_001_phosphate_plate5.tif,1,864.000,864,864
35112,F8_01_1_2_Chlorophyll_A_001_phosphate_plate5.tif,1,864.000,864,864
35113,F8_01_1_2_Chlorophyll_A_001_phosphate_plate5.tif,1,768.000,768,768
35114,F8_01_1_2_Chlorophyll_A_001_phosphate_plate5.tif,3,837.333,784,896
35115,F8_01_1_2_Chlorophyll_A_001_phosphate_plate5.tif,3,800.000,784,816
35116,F8_01_1_2_Chlorophyll_A_001_phosphate_plate5.tif,1,768.000,768,768
35117,F8_01_1_2_Chlorophyll_A_001_phosphate_plate5.tif,1,768.000,768,768
35118,F8_01_1_2_Chlorophyll_A_001_phosphate_plate5.tif,3,896.000,800,976
35119,F8_01_1_2_Chlorophyll_A_001_phosphate_plate5.tif,1,784.000,784,784
35120,F8_01_1_2_Chlorophyll_A_001_phosphate_plate5.tif,10,824.000,768,896
35121,F8_01_1_2_Chlorophyll_A_001_phosphate_plate5.tif,8,874.000,784,1072
35122,F8_01_1_2_Chlorophyll_A_001_phosphate_plate5.tif,1,880.000,880,880
35123,F8_01_1_2_Chlorophyll_A_001_phosphate_plate5.tif,5,841.600,800,896
35124,F8_01_1_2_Chlorophyll_A_001_phosphate_plate5.tif,1,768.000,768,768
35125,F8_01_1_2_Chlorophyll_A_001_phosphate_plate5.tif,4,928.000,768,1088
35126,F8_01_1_2_Chlorophyll_A_001_phosphate_plate5.tif,2,800.000,800,800
35127,F8_01_1_2_Chlorophyll_A_001_phosphate_plate5.tif,2,840.000,832,848
35128,F8_01_1_2_Chlorophyll_A_001_phosphate_plate5.tif,1,784.000,784,784
35129,F8_01_1_2_Chlorophyll_A_001_phosphate_plate5.tif,1,768.000,768,768
35130,F8_01_1_2_Chlorophyll_A_001_phosphate_plate5.tif,1,832.000,832,832
35131,F8_01_1_2_Chlorophyll_A_001_phosphate_plate5.tif,7,827.429,768,912
35132,F8_01_1_2_Chlorophyll_A_001_phosphate_plate5.tif,5,838.400,784,912
35133,F8_01_1_2_Chlorophyll_A_001_phosphate_plate5.tif,1,784.000,784,784
35134,F8_01_1_2_Chlorophyll_A_001_phosphate_plate5.tif,1,1024.000,1024,1024
35135,F8_01_1_2_Chlorophyll_A_001_phosphate_plate5.tif,2,800.000,784,816
35136,F8_01_1_2_Chlorophyll_A_001_phosphate_plate5.tif,1,848.000,848,848
35137,F8_01_1_2_Chlorophyll_A_001_phosphate_plate5.tif,5,880.000,800,928
35138,F8_01_1_2_Chlorophyll_A_001_phosphate_plate5.tif,1,832.000,832,832
35139,F8_01_1_2_Chlorophyll_A_001_phosphate_plate5.tif,1,800.000,800,800
35140,F8_01_1_2_Chlorophyll_A_001_phosphate_plate5.tif,1,816.000,816,816
35141,F8_01_1_2_Chlorophyll_A_001_phosphate_plate5.tif,1,768.000,768,768
35142,F8_01_1_2_Chlorophyll_A_001_phosphate_plate5.tif,3,789.333,768,816
35143,F8_01_1_2_Chlorophyll_A_001_phosphate_plate5.tif,1,784.000,784,784
35144,F8_01_1_2_Chlorophyll_A_001_phosphate_plate5.tif,1,848.000,848,848
35145,F8_01_1_2_Chlorophyll_A_001_phosphate_plate5.tif,1,784.000,784,784
35146,F8_01_1_2_Chlorophyll_A_001_phosphate_plate5.tif,2,792.000,784,800
35147,F8_01_1_2_Chlorophyll_A_001_phosphate_plate5.tif,1,800.000,800,800
35148,F8_01_1_2_Chlorophyll_A_001_phosphate_plate5.tif,1,768.000,768,768
35149,F8_01_1_2_Chlorophyll_A_001_phosphate_plate5.tif,1,800.000,800,800
35150,F8_01_1_2_Chlorophyll_A_001_phosphate_plate5.tif,1,784.000,784,784
35151,F8_01_1_2_Chlorophyll_A_001_phosphate_plate5.tif,1,768.000,768,768
35152,F8_01_1_2_Chlorophyll_A_001_phosphate_plate5.tif,2,888.000,864,912
35153,F8_01_1_2_Chlorophyll_A_001_phosphate_plate5.tif,1,816.000,816,816
35154,F8_01_1_2_Chlorophyll_A_001_phosphate_plate5.tif,1,832.000,832,832
35155,F8_01_1_2_Chlorophyll_A_001_phosphate_plate5.tif,1,800.000,800,800
35156,F8_01_1_2_Chlorophyll_A_001_phosphate_plate5.tif,1,768.000,768,768
35157,F8_01_1_2_Chlorophyll_A_001_phosphate_plate5.tif,1,864.000,864,864
35158,F8_01_1_2_Chlorophyll_A_001_phosphate_plate5.tif,1,832.000,832,832
35159,F8_01_1_2_Chlorophyll_A_001_phosphate_plate5.tif,1,768.000,768,768
35160,F8_01_1_2_Chlorophyll_A_001_phosphate_plate5.tif,1,784.000,784,784
35161,F8_01_1_2_Chlorophyll_A_001_phosphate_plate5.tif,1,816.000,816,816
35162,F8_01_1_2_Chlorophyll_A_001_phosphate_plate5.tif,73,929.315,768,1216
35163,F8_01_1_2_Chlorophyll_A_001_phosphate_plate5.tif,26,922.462,768,1184
35164,F8_01_1_2_Chlorophyll_A_001_phosphate_plate5.tif,40,881.600,768,1152
35165,F8_01_1_2_Chlorophyll_A_001_phosphate_plate5.tif,1,816.000,816,816
35166,F8_01_1_2_Chlorophyll_A_001_phosphate_plate5.tif,3,805.333,784,832
35167,F8_01_1_2_Chlorophyll_A_001_phosphate_plate5.tif,1,816.000,816,816
35168,F8_01_1_2_Chlorophyll_A_001_phosphate_plate5.tif,1,912.000,912,912
35169,F8_01_1_2_Chlorophyll_A_001_phosphate_plate5.tif,1,928.000,928,928
35170,F8_01_1_2_Chlorophyll_A_001_phosphate_plate5.tif,2,784.000,768,800
35171,F8_01_1_2_Chlorophyll_A_001_phosphate_plate5.tif,2,776.000,768,784
35172,F8_01_1_2_Chlorophyll_A_001_phosphate_plate5.tif,1,784.000,784,784
35173,F8_01_1_2_Chlorophyll_A_001_phosphate_plate5.tif,1,800.000,800,800
35174,F8_01_1_2_Chlorophyll_A_001_phosphate_plate5.tif,1,800.000,800,800
35175,F8_01_1_2_Chlorophyll_A_001_phosphate_plate5.tif,1,864.000,864,864
35176,F8_01_1_2_Chlorophyll_A_001_phosphate_plate5.tif,1,784.000,784,784
35177,F8_01_1_2_Chlorophyll_A_001_phosphate_plate5.tif,1,800.000,800,800
35178,F8_01_1_2_Chlorophyll_A_001_phosphate_plate5.tif,1,784.000,784,784
35179,F8_01_1_2_Chlorophyll_A_001_phosphate_plate5.tif,1,896.000,896,896
35180,F8_01_1_2_Chlorophyll_A_001_phosphate_plate5.tif,1,880.000,880,880
35181,F8_01_1_2_Chlorophyll_A_001_phosphate_plate5.tif,1,784.000,784,784
35182,F8_01_1_2_Chlorophyll_A_001_phosphate_plate5.tif,2,832.000,768,896
35183,F8_01_1_2_Chlorophyll_A_001_phosphate_plate5.tif,1,864.000,864,864
35184,F8_01_1_2_Chlorophyll_A_001_phosphate_plate5.tif,4,888.000,784,944
35185,F8_01_1_2_Chlorophyll_A_001_phosphate_plate5.tif,2,800.000,784,816
35186,F8_01_1_2_Chlorophyll_A_001_phosphate_plate5.tif,1,912.000,912,912
35187,F8_01_1_2_Chlorophyll_A_001_phosphate_plate5.tif,1,768.000,768,768
35188,F8_01_1_2_Chlorophyll_A_001_phosphate_plate5.tif,1,896.000,896,896
35189,F8_01_1_2_Chlorophyll_A_001_phosphate_plate5.tif,84,1021.333,768,1424
35190,F8_01_1_2_Chlorophyll_A_001_phosphate_plate5.tif,13,862.769,768,1024
35191,F8_01_1_2_Chlorophyll_A_001_phosphate_plate5.tif,4,880.000,768,944
35192,F8_01_1_2_Chlorophyll_A_001_phosphate_plate5.tif,1,768.000,768,768
35193,F8_01_1_2_Chlorophyll_A_001_phosphate_plate5.tif,2,856.000,832,880
35194,F8_01_1_2_Chlorophyll_A_001_phosphate_plate5.tif,202,1692.752,768,8464
35195,F8_01_1_2_Chlorophyll_A_001_phosphate_plate5.tif,6,882.667,800,1024
35196,F8_01_1_2_Chlorophyll_A_001_phosphate_plate5.tif,1,832.000,832,832
35197,F8_01_1_2_Chlorophyll_A_001_phosphate_plate5.tif,1,896.000,896,896
35198,F8_01_1_2_Chlorophyll_A_001_phosphate_plate5.tif,1,800.000,800,800
35199,F8_01_1_2_Chlorophyll_A_001_phosphate_plate5.tif,1,848.000,848,848
35200,F8_01_1_2_Chlorophyll_A_001_phosphate_plate5.tif,1,832.000,832,832
35201,F8_01_1_2_Chlorophyll_A_001_phosphate_plate5.tif,1,784.000,784,784
35202,F8_01_1_2_Chlorophyll_A_001_phosphate_plate5.tif,1,800.000,800,800
35203,F8_01_1_2_Chlorophyll_A_001_phosphate_plate5.tif,1,816.000,816,816
35204,F8_01_1_2_Chlorophyll_A_001_phosphate_plate5.tif,1,784.000,784,784
35205,F8_01_1_2_Chlorophyll_A_001_phosphate_plate5.tif,2,816.000,768,864
35206,F8_01_1_2_Chlorophyll_A_001_phosphate_plate5.tif,1,800.000,800,800
35207,F8_01_1_2_Chlorophyll_A_001_phosphate_plate5.tif,2,784.000,768,800
35208,F8_01_1_2_Chlorophyll_A_001_phosphate_plate5.tif,1,832.000,832,832
35209,F8_01_1_2_Chlorophyll_A_001_phosphate_plate5.tif,1,784.000,784,784
35210,F8_01_1_2_Chlorophyll_A_001_phosphate_plate5.tif,69,1177.043,784,1504
35211,F8_01_1_2_Chlorophyll_A_001_phosphate_plate5.tif,25,913.280,768,1168
35212,F8_01_1_2_Chlorophyll_A_001_phosphate_plate5.tif,2,800.000,784,816
35213,F8_01_1_2_Chlorophyll_A_001_phosphate_plate5.tif,2,792.000,768,816
35214,F8_01_1_2_Chlorophyll_A_001_phosphate_plate5.tif,1,784.000,784,784
35215,F8_01_1_2_Chlorophyll_A_001_phosphate_plate5.tif,16,865.000,768,1120
35216,F8_01_1_2_Chlorophyll_A_001_phosphate_plate5.tif,1,768.000,768,768
35217,F8_01_1_2_Chlorophyll_A_001_phosphate_plate5.tif,2,776.000,768,784
35218,F8_01_1_2_Chlorophyll_A_001_phosphate_plate5.tif,3,842.667,800,896
35219,F8_01_1_2_Chlorophyll_A_001_phosphate_plate5.tif,2,824.000,768,880
35220,F8_01_1_2_Chlorophyll_A_001_phosphate_plate5.tif,1,784.000,784,784
35221,F8_01_1_2_Chlorophyll_A_001_phosphate_plate5.tif,1,864.000,864,864
35222,F8_01_1_2_Chlorophyll_A_001_phosphate_plate5.tif,2,896.000,800,992
35223,F8_01_1_2_Chlorophyll_A_001_phosphate_plate5.tif,4,848.000,768,912
35224,F8_01_1_2_Chlorophyll_A_001_phosphate_plate5.tif,1,784.000,784,784
35225,F8_01_1_2_Chlorophyll_A_001_phosphate_plate5.tif,3,837.333,784,912
35226,F8_01_1_2_Chlorophyll_A_001_phosphate_plate5.tif,2,832.000,800,864
35227,F8_01_1_2_Chlorophyll_A_001_phosphate_plate5.tif,2,792.000,784,800
35228,F8_01_1_2_Chlorophyll_A_001_phosphate_plate5.tif,1,784.000,784,784
35229,F8_01_1_2_Chlorophyll_A_001_phosphate_plate5.tif,1,816.000,816,816
35230,F8_01_1_2_Chlorophyll_A_001_phosphate_plate5.tif,1,800.000,800,800
35231,F8_01_1_2_Chlorophyll_A_001_phosphate_plate5.tif,1,944.000,944,944
35232,F8_01_1_2_Chlorophyll_A_001_phosphate_plate5.tif,93,2055.398,784,9712
35233,F8_01_1_2_Chlorophyll_A_001_phosphate_plate5.tif,2,824.000,784,864
35234,F8_01_1_2_Chlorophyll_A_001_phosphate_plate5.tif,1,816.000,816,816
35235,F8_01_1_2_Chlorophyll_A_001_phosphate_plate5.tif,1,816.000,816,816
35236,F8_01_1_2_Chlorophyll_A_001_phosphate_plate5.tif,1,784.000,784,784
35237,F8_01_1_2_Chlorophyll_A_001_phosphate_plate5.tif,1,784.000,784,784
35238,F8_01_1_2_Chlorophyll_A_001_phosphate_plate5.tif,1,880.000,880,880
35239,F8_01_1_2_Chlorophyll_A_001_phosphate_plate5.tif,1,896.000,896,896
35240,F8_01_1_2_Chlorophyll_A_001_phosphate_plate5.tif,1,768.000,768,768
35241,F8_01_1_2_Chlorophyll_A_001_phosphate_plate5.tif,1,800.000,800,800
35242,F8_01_1_2_Chlorophyll_A_001_phosphate_plate5.tif,2,776.000,768,784
35243,F8_01_1_2_Chlorophyll_A_001_phosphate_plate5.tif,1,816.000,816,816
35244,F8_01_1_2_Chlorophyll_A_001_phosphate_plate5.tif,1,880.000,880,880
35245,F8_01_1_2_Chlorophyll_A_001_phosphate_plate5.tif,3,816.000,800,832
35246,F8_01_1_2_Chlorophyll_A_001_phosphate_plate5.tif,4,792.000,768,816
35247,F8_01_1_2_Chlorophyll_A_001_phosphate_plate5.tif,55,940.800,768,1312
35248,F8_01_1_2_Chlorophyll_A_001_phosphate_plate5.tif,36,913.333,768,1200
35249,F8_01_1_2_Chlorophyll_A_001_phosphate_plate5.tif,1,768.000,768,768
35250,F8_01_1_2_Chlorophyll_A_001_phosphate_plate5.tif,1,976.000,976,976
35251,F8_01_1_2_Chlorophyll_A_001_phosphate_plate5.tif,1,768.000,768,768
35252,F8_01_1_2_Chlorophyll_A_001_phosphate_plate5.tif,1,944.000,944,944
35253,F8_01_1_2_Chlorophyll_A_001_phosphate_plate5.tif,9,826.667,768,896
35254,F8_01_1_2_Chlorophyll_A_001_phosphate_plate5.tif,2,832.000,768,896
35255,F8_01_1_2_Chlorophyll_A_001_phosphate_plate5.tif,1,832.000,832,832
35256,F8_01_1_2_Chlorophyll_A_001_phosphate_plate5.tif,1,784.000,784,784
35257,F8_01_1_2_Chlorophyll_A_001_phosphate_plate5.tif,1,816.000,816,816
35258,F8_01_1_2_Chlorophyll_A_001_phosphate_plate5.tif,1,800.000,800,800
35259,F8_01_1_2_Chlorophyll_A_001_phosphate_plate5.tif,1,800.000,800,800
35260,F8_01_1_2_Chlorophyll_A_001_phosphate_plate5.tif,1,784.000,784,784
35261,F8_01_1_2_Chlorophyll_A_001_phosphate_plate5.tif,1,784.000,784,784
35262,F8_01_1_2_Chlorophyll_A_001_phosphate_plate5.tif,1,800.000,800,800
35263,F8_01_1_2_Chlorophyll_A_001_phosphate_plate5.tif,1,816.000,816,816
35264,F8_01_1_2_Chlorophyll_A_001_phosphate_plate5.tif,1,816.000,816,816
35265,F8_01_1_2_Chlorophyll_A_001_phosphate_plate5.tif,87,1501.057,784,3312
35266,F8_01_1_2_Chlorophyll_A_001_phosphate_plate5.tif,1,816.000,816,816
35267,F8_01_1_2_Chlorophyll_A_001_phosphate_plate5.tif,1,768.000,768,768
35268,F8_01_1_2_Chlorophyll_A_001_phosphate_plate5.tif,1,784.000,784,784
35269,F8_01_1_2_Chlorophyll_A_001_phosphate_plate5.tif,1,800.000,800,800
35270,F8_01_1_2_Chlorophyll_A_001_phosphate_plate5.tif,1,816.000,816,816
35271,F8_01_1_2_Chlorophyll_A_001_phosphate_plate5.tif,1,784.000,784,784
35272,F8_01_1_2_Chlorophyll_A_001_phosphate_plate5.tif,2,824.000,784,864
35273,F8_01_1_2_Chlorophyll_A_001_phosphate_plate5.tif,1,832.000,832,832
35274,F8_01_1_2_Chlorophyll_A_001_phosphate_plate5.tif,2,816.000,784,848
35275,F8_01_1_2_Chlorophyll_A_001_phosphate_plate5.tif,2,840.000,816,864
35276,F8_01_1_2_Chlorophyll_A_001_phosphate_plate5.tif,181,862.939,768,1280
35277,F8_01_1_2_Chlorophyll_A_001_phosphate_plate5.tif,1,768.000,768,768
35278,F8_01_1_2_Chlorophyll_A_001_phosphate_plate5.tif,2,904.000,832,976
35279,F8_01_1_2_Chlorophyll_A_001_phosphate_plate5.tif,1,768.000,768,768
35280,F8_01_1_2_Chlorophyll_A_001_phosphate_plate5.tif,1,816.000,816,816
35281,F8_01_1_2_Chlorophyll_A_001_phosphate_plate5.tif,2,784.000,768,800
35282,F8_01_1_2_Chlorophyll_A_001_phosphate_plate5.tif,1,912.000,912,912
35283,F8_01_1_2_Chlorophyll_A_001_phosphate_plate5.tif,1,800.000,800,800
35284,F8_01_1_2_Chlorophyll_A_001_phosphate_plate5.tif,1,768.000,768,768
35285,F8_01_1_2_Chlorophyll_A_001_phosphate_plate5.tif,1,784.000,784,784
35286,F8_01_1_2_Chlorophyll_A_001_phosphate_plate5.tif,2,840.000,784,896
35287,F8_01_1_2_Chlorophyll_A_001_phosphate_plate5.tif,1,848.000,848,848
35288,F8_01_1_2_Chlorophyll_A_001_phosphate_plate5.tif,2,840.000,816,864
35289,F8_01_1_2_Chlorophyll_A_001_phosphate_plate5.tif,1,832.000,832,832
35290,F8_01_1_2_Chlorophyll_A_001_phosphate_plate5.tif,1,784.000,784,784
35291,F8_01_1_2_Chlorophyll_A_001_phosphate_plate5.tif,1,800.000,800,800
35292,F8_01_1_2_Chlorophyll_A_001_phosphate_plate5.tif,1,784.000,784,784
35293,F8_01_1_2_Chlorophyll_A_001_phosphate_plate5.tif,2,800.000,768,832
35294,F8_01_1_2_Chlorophyll_A_001_phosphate_plate5.tif,1,944.000,944,944
35295,F8_01_1_2_Chlorophyll_A_001_phosphate_plate5.tif,1,896.000,896,896
35296,F8_01_1_2_Chlorophyll_A_001_phosphate_plate5.tif,1,784.000,784,784
35297,F8_01_1_2_Chlorophyll_A_001_phosphate_plate5.tif,1,768.000,768,768
35298,F8_01_1_2_Chlorophyll_A_001_phosphate_plate5.tif,4,840.000,784,960
35299,F8_01_1_2_Chlorophyll_A_001_phosphate_plate5.tif,3,858.667,768,992
35300,F8_01_1_2_Chlorophyll_A_001_phosphate_plate5.tif,3,901.333,816,960
35301,F8_01_1_2_Chlorophyll_A_001_phosphate_plate5.tif,1,784.000,784,784
35302,F8_01_1_2_Chlorophyll_A_001_phosphate_plate5.tif,79,910.582,768,1136
35303,F8_01_1_2_Chlorophyll_A_001_phosphate_plate5.tif,45,936.889,768,1200
35304,F8_01_1_2_Chlorophyll_A_001_phosphate_plate5.tif,51,898.510,768,1168
35305,F8_01_1_2_Chlorophyll_A_001_phosphate_plate5.tif,67,879.045,768,1104
35306,F8_01_1_2_Chlorophyll_A_001_phosphate_plate5.tif,1,816.000,816,816
35307,F8_01_1_2_Chlorophyll_A_001_phosphate_plate5.tif,1,800.000,800,800
35308,F8_01_1_2_Chlorophyll_A_001_phosphate_plate5.tif,3,794.667,784,800
35309,F8_01_1_2_Chlorophyll_A_001_phosphate_plate5.tif,1,784.000,784,784
35310,F8_01_1_2_Chlorophyll_A_001_phosphate_plate5.tif,1,768.000,768,768
35311,F8_01_1_2_Chlorophyll_A_001_phosphate_plate5.tif,1,768.000,768,768
35312,F8_01_1_2_Chlorophyll_A_001_phosphate_plate5.tif,1,816.000,816,816
35313,F8_01_1_2_Chlorophyll_A_001_phosphate_plate5.tif,6,810.667,768,912
35314,F8_01_1_2_Chlorophyll_A_001_phosphate_plate5.tif,3,869.333,832,912
35315,F8_01_1_2_Chlorophyll_A_001_phosphate_plate5.tif,1,768.000,768,768
35316,F8_01_1_2_Chlorophyll_A_001_phosphate_plate5.tif,1,800.000,800,800
35317,F8_01_1_2_Chlorophyll_A_001_phosphate_plate5.tif,1,848.000,848,848
35318,F8_01_1_2_Chlorophyll_A_001_phosphate_plate5.tif,2,800.000,768,832
35319,F8_01_1_2_Chlorophyll_A_001_phosphate_plate5.tif,1,816.000,816,816
35320,F8_01_1_2_Chlorophyll_A_001_phosphate_plate5.tif,1,848.000,848,848
35321,F8_01_1_2_Chlorophyll_A_001_phosphate_plate5.tif,1,848.000,848,848
35322,F8_01_1_2_Chlorophyll_A_001_phosphate_plate5.tif,1,816.000,816,816
35323,F8_01_1_2_Chlorophyll_A_001_phosphate_plate5.tif,1,784.000,784,784
35324,F8_01_1_2_Chlorophyll_A_001_phosphate_plate5.tif,1,896.000,896,896
35325,F8_01_1_2_Chlorophyll_A_001_phosphate_plate5.tif,1,928.000,928,928
35326,F8_01_1_2_Chlorophyll_A_001_phosphate_plate5.tif,2,792.000,784,800
35327,F8_01_1_2_Chlorophyll_A_001_phosphate_plate5.tif,2,856.000,816,896
35328,F8_01_1_2_Chlorophyll_A_001_phosphate_plate5.tif,3,826.667,768,896
35329,F8_01_1_2_Chlorophyll_A_001_phosphate_plate5.tif,1,800.000,800,800
35330,F8_01_1_2_Chlorophyll_A_001_phosphate_plate5.tif,1,784.000,784,784
35331,F8_01_1_2_Chlorophyll_A_001_phosphate_plate5.tif,2,792.000,784,800
35332,F8_01_1_2_Chlorophyll_A_001_phosphate_plate5.tif,1,1040.000,1040,1040
35333,F8_01_1_2_Chlorophyll_A_001_phosphate_plate5.tif,1,816.000,816,816
35334,F8_01_1_2_Chlorophyll_A_001_phosphate_plate5.tif,1,816.000,816,816
35335,F8_01_1_2_Chlorophyll_A_001_phosphate_plate5.tif,1,800.000,800,800
35336,F8_01_1_2_Chlorophyll_A_001_phosphate_plate5.tif,220,862.109,768,1184
35337,F8_01_1_2_Chlorophyll_A_001_phosphate_plate5.tif,2,864.000,784,944
35338,F8_01_1_2_Chlorophyll_A_001_phosphate_plate5.tif,3,805.333,784,832
35339,F8_01_1_2_Chlorophyll_A_001_phosphate_plate5.tif,1,928.000,928,928
35340,F8_01_1_2_Chlorophyll_A_001_phosphate_plate5.tif,1,768.000,768,768
35341,F8_01_1_2_Chlorophyll_A_001_phosphate_plate5.tif,2,816.000,800,832
35342,F8_01_1_2_Chlorophyll_A_001_phosphate_plate5.tif,1,816.000,816,816
35343,F8_01_1_2_Chlorophyll_A_001_phosphate_plate5.tif,1,768.000,768,768
35344,F8_01_1_2_Chlorophyll_A_001_phosphate_plate5.tif,77,2044.052,768,7056
35345,F8_01_1_2_Chlorophyll_A_001_phosphate_plate5.tif,1,768.000,768,768
35346,F8_01_1_2_Chlorophyll_A_001_phosphate_plate5.tif,1,800.000,800,800
35347,F8_01_1_2_Chlorophyll_A_001_phosphate_plate5.tif,1,832.000,832,832
35348,F8_01_1_2_Chlorophyll_A_001_phosphate_plate5.tif,1,800.000,800,800
35349,F8_01_1_2_Chlorophyll_A_001_phosphate_plate5.tif,2,776.000,768,784
35350,F8_01_1_2_Chlorophyll_A_001_phosphate_plate5.tif,1,784.000,784,784
35351,F8_01_1_2_Chlorophyll_A_001_phosphate_plate5.tif,2,784.000,784,784
35352,F8_01_1_2_Chlorophyll_A_001_phosphate_plate5.tif,1,816.000,816,816
35353,F8_01_1_2_Chlorophyll_A_001_phosphate_plate5.tif,103,3014.214,768,12960
35354,F8_01_1_2_Chlorophyll_A_001_phosphate_plate5.tif,1,784.000,784,784
35355,F8_01_1_2_Chlorophyll_A_001_phosphate_plate5.tif,2,792.000,768,816
35356,F8_01_1_2_Chlorophyll_A_001_phosphate_plate5.tif,1,800.000,800,800
35357,F8_01_1_2_Chlorophyll_A_001_phosphate_plate5.tif,1,800.000,800,800
35358,F8_01_1_2_Chlorophyll_A_001_phosphate_plate5.tif,4,844.000,800,896
35359,F8_01_1_2_Chlorophyll_A_001_phosphate_plate5.tif,4,872.000,784,992
35360,F8_01_1_2_Chlorophyll_A_001_phosphate_plate5.tif,2,816.000,784,848
35361,F8_01_1_2_Chlorophyll_A_001_phosphate_plate5.tif,59,982.780,768,1312
35362,F8_01_1_2_Chlorophyll_A_001_phosphate_plate5.tif,38,882.526,768,1184
35363,F8_01_1_2_Chlorophyll_A_001_phosphate_plate5.tif,1,832.000,832,832
35364,F8_01_1_2_Chlorophyll_A_001_phosphate_plate5.tif,1,912.000,912,912
35365,F8_01_1_2_Chlorophyll_A_001_phosphate_plate5.tif,2,848.000,848,848
35366,F8_01_1_2_Chlorophyll_A_001_phosphate_plate5.tif,2,840.000,784,896
35367,F8_01_1_2_Chlorophyll_A_001_phosphate_plate5.tif,1,816.000,816,816
35368,F8_01_1_2_Chlorophyll_A_001_phosphate_plate5.tif,1,800.000,800,800
35369,F8_01_1_2_Chlorophyll_A_001_phosphate_plate5.tif,2,824.000,784,864
35370,F8_01_1_2_Chlorophyll_A_001_phosphate_plate5.tif,2,808.000,784,832
35371,F8_01_1_2_Chlorophyll_A_001_phosphate_plate5.tif,2,872.000,864,880
35372,F8_01_1_2_Chlorophyll_A_001_phosphate_plate5.tif,1,784.000,784,784
35373,F8_01_1_2_Chlorophyll_A_001_phosphate_plate5.tif,3,778.667,768,800
35374,F8_01_1_2_Chlorophyll_A_001_phosphate_plate5.tif,1,896.000,896,896
35375,F8_01_1_2_Chlorophyll_A_001_phosphate_plate5.tif,3,848.000,800,912
35376,F8_01_1_2_Chlorophyll_A_001_phosphate_plate5.tif,2,872.000,800,944
35377,F8_01_1_2_Chlorophyll_A_001_phosphate_plate5.tif,1,864.000,864,864
35378,F8_01_1_2_Chlorophyll_A_001_phosphate_plate5.tif,1,880.000,880,880
35379,F8_01_1_2_Chlorophyll_A_001_phosphate_plate5.tif,1,768.000,768,768
35380,F8_01_1_2_Chlorophyll_A_001_phosphate_plate5.tif,1,784.000,784,784
35381,F8_01_1_2_Chlorophyll_A_001_phosphate_plate5.tif,1,832.000,832,832
35382,F8_01_1_2_Chlorophyll_A_001_phosphate_plate5.tif,1,800.000,800,800
35383,F8_01_1_2_Chlorophyll_A_001_phosphate_plate5.tif,5,905.600,864,976
35384,F8_01_1_2_Chlorophyll_A_001_phosphate_plate5.tif,1,768.000,768,768
35385,F8_01_1_2_Chlorophyll_A_001_phosphate_plate5.tif,1,800.000,800,800
35386,F8_01_1_2_Chlorophyll_A_001_phosphate_plate5.tif,1,784.000,784,784
35387,F8_01_1_2_Chlorophyll_A_001_phosphate_plate5.tif,1,768.000,768,768
35388,F8_01_1_2_Chlorophyll_A_001_phosphate_plate5.tif,1,768.000,768,768
35389,F8_01_1_2_Chlorophyll_A_001_phosphate_plate5.tif,1,848.000,848,848
35390,F8_01_1_2_Chlorophyll_A_001_phosphate_plate5.tif,1,768.000,768,768
35391,F8_01_1_2_Chlorophyll_A_001_phosphate_plate5.tif,1,848.000,848,848
35392,F8_01_1_2_Chlorophyll_A_001_phosphate_plate5.tif,1,816.000,816,816
35393,F8_01_1_2_Chlorophyll_A_001_phosphate_plate5.tif,1,896.000,896,896
35394,F8_01_1_2_Chlorophyll_A_001_phosphate_plate5.tif,1,800.000,800,800
35395,F8_01_1_2_Chlorophyll_A_001_phosphate_plate5.tif,1,816.000,816,816
35396,F8_01_1_2_Chlorophyll_A_001_phosphate_plate5.tif,2807,1196.227,768,1808
35397,F8_01_1_2_Chlorophyll_A_001_phosphate_plate5.tif,97,999.753,768,1456
35398,F8_01_1_2_Chlorophyll_A_001_phosphate_plate5.tif,11,976.000,768,1184
35399,F8_01_1_2_Chlorophyll_A_001_phosphate_plate5.tif,28,915.429,768,1136
35400,F8_01_1_2_Chlorophyll_A_001_phosphate_plate5.tif,32,864.500,768,1104
35401,F8_01_1_2_Chlorophyll_A_001_phosphate_plate5.tif,2,832.000,768,896
35402,F8_01_1_2_Chlorophyll_A_001_phosphate_plate5.tif,12,825.333,768,912
35403,F8_01_1_2_Chlorophyll_A_001_phosphate_plate5.tif,1,800.000,800,800
35404,F8_01_1_2_Chlorophyll_A_001_phosphate_plate5.tif,1,880.000,880,880
35405,F8_01_1_2_Chlorophyll_A_001_phosphate_plate5.tif,1,768.000,768,768
35406,F8_01_1_2_Chlorophyll_A_001_phosphate_plate5.tif,1,816.000,816,816
35407,F8_01_1_2_Chlorophyll_A_001_phosphate_plate5.tif,1,832.000,832,832
35408,F8_01_1_2_Chlorophyll_A_001_phosphate_plate5.tif,1,768.000,768,768
35409,F8_01_1_2_Chlorophyll_A_001_phosphate_plate5.tif,1,768.000,768,768
35410,F8_01_1_2_Chlorophyll_A_001_phosphate_plate5.tif,2,912.000,864,960
35411,F8_01_1_2_Chlorophyll_A_001_phosphate_plate5.tif,1,800.000,800,800
35412,F8_01_1_2_Chlorophyll_A_001_phosphate_plate5.tif,1,832.000,832,832
35413,F8_01_1_2_Chlorophyll_A_001_phosphate_plate5.tif,2,824.000,768,880
35414,F8_01_1_2_Chlorophyll_A_001_phosphate_plate5.tif,2,784.000,768,800
35415,F8_01_1_2_Chlorophyll_A_001_phosphate_plate5.tif,1,832.000,832,832
35416,F8_01_1_2_Chlorophyll_A_001_phosphate_plate5.tif,1,864.000,864,864
35417,F8_01_1_2_Chlorophyll_A_001_phosphate_plate5.tif,1,896.000,896,896
35418,F8_01_1_2_Chlorophyll_A_001_phosphate_plate5.tif,3,869.333,816,912
35419,F8_01_1_2_Chlorophyll_A_001_phosphate_plate5.tif,10,836.800,768,944
35420,F8_01_1_2_Chlorophyll_A_001_phosphate_plate5.tif,162,1020.642,768,1456
35421,F8_01_1_2_Chlorophyll_A_001_phosphate_plate5.tif,1,768.000,768,768
35422,F8_01_1_2_Chlorophyll_A_001_phosphate_plate5.tif,2,832.000,800,864
35423,F8_01_1_2_Chlorophyll_A_001_phosphate_plate5.tif,1,864.000,864,864
35424,F8_01_1_2_Chlorophyll_A_001_phosphate_plate5.tif,1,816.000,816,816
35425,F8_01_1_2_Chlorophyll_A_001_phosphate_plate5.tif,1,864.000,864,864
35426,F8_01_1_2_Chlorophyll_A_001_phosphate_plate5.tif,1,816.000,816,816
35427,F8_01_1_2_Chlorophyll_A_001_phosphate_plate5.tif,1,896.000,896,896
35428,F8_01_1_2_Chlorophyll_A_001_phosphate_plate5.tif,1,768.000,768,768
35429,F8_01_1_2_Chlorophyll_A_001_phosphate_plate5.tif,1,784.000,784,784
35430,F8_01_1_2_Chlorophyll_A_001_phosphate_plate5.tif,1,768.000,768,768
35431,F8_01_1_2_Chlorophyll_A_001_phosphate_plate5.tif,1,832.000,832,832
35432,F8_01_1_2_Chlorophyll_A_001_phosphate_plate5.tif,1,816.000,816,816
35433,F8_01_1_2_Chlorophyll_A_001_phosphate_plate5.tif,1,864.000,864,864
35434,F8_01_1_2_Chlorophyll_A_001_phosphate_plate5.tif,1,816.000,816,816
35435,F8_01_1_2_Chlorophyll_A_001_phosphate_plate5.tif,1,912.000,912,912
35436,F8_01_1_2_Chlorophyll_A_001_phosphate_plate5.tif,1,800.000,800,800
35437,F8_01_1_2_Chlorophyll_A_001_phosphate_plate5.tif,2,800.000,768,832
35438,F8_01_1_2_Chlorophyll_A_001_phosphate_plate5.tif,3,773.333,768,784
35439,F8_01_1_2_Chlorophyll_A_001_phosphate_plate5.tif,1,800.000,800,800
35440,F8_01_1_2_Chlorophyll_A_001_phosphate_plate5.tif,1,816.000,816,816
35441,F8_01_1_2_Chlorophyll_A_001_phosphate_plate5.tif,1,880.000,880,880
35442,F8_01_1_2_Chlorophyll_A_001_phosphate_plate5.tif,4,840.000,800,912
35443,F8_01_1_2_Chlorophyll_A_001_phosphate_plate5.tif,26,974.154,784,1376
35444,F8_01_1_2_Chlorophyll_A_001_phosphate_plate5.tif,45,924.444,768,1216
35445,F8_01_1_2_Chlorophyll_A_001_phosphate_plate5.tif,56,902.857,768,1168
35446,F8_01_1_2_Chlorophyll_A_001_phosphate_plate5.tif,14,953.143,816,1168
35447,F8_01_1_2_Chlorophyll_A_001_phosphate_plate5.tif,5,841.600,768,880
35448,F8_01_1_2_Chlorophyll_A_001_phosphate_plate5.tif,2,800.000,784,816
35449,F8_01_1_2_Chlorophyll_A_001_phosphate_plate5.tif,1,832.000,832,832
35450,F8_01_1_2_Chlorophyll_A_001_phosphate_plate5.tif,1,784.000,784,784
35451,F8_01_1_2_Chlorophyll_A_001_phosphate_plate5.tif,1,784.000,784,784
35452,F8_01_1_2_Chlorophyll_A_001_phosphate_plate5.tif,1,864.000,864,864
35453,F8_01_1_2_Chlorophyll_A_001_phosphate_plate5.tif,1,784.000,784,784
35454,F8_01_1_2_Chlorophyll_A_001_phosphate_plate5.tif,1,896.000,896,896
35455,F8_01_1_2_Chlorophyll_A_001_phosphate_plate5.tif,1,768.000,768,768
35456,F8_01_1_2_Chlorophyll_A_001_phosphate_plate5.tif,1,864.000,864,864
35457,F8_01_1_2_Chlorophyll_A_001_phosphate_plate5.tif,2,848.000,800,896
35458,F8_01_1_2_Chlorophyll_A_001_phosphate_plate5.tif,1,800.000,800,800
35459,F8_01_1_2_Chlorophyll_A_001_phosphate_plate5.tif,1,784.000,784,784
35460,F8_01_1_2_Chlorophyll_A_001_phosphate_plate5.tif,1,784.000,784,784
35461,F8_01_1_2_Chlorophyll_A_001_phosphate_plate5.tif,1,832.000,832,832
35462,F8_01_1_2_Chlorophyll_A_001_phosphate_plate5.tif,1,784.000,784,784
35463,F8_01_1_2_Chlorophyll_A_001_phosphate_plate5.tif,1,832.000,832,832
35464,F8_01_1_2_Chlorophyll_A_001_phosphate_plate5.tif,1,784.000,784,784
35465,F8_01_1_2_Chlorophyll_A_001_phosphate_plate5.tif,2,808.000,784,832
35466,F8_01_1_2_Chlorophyll_A_001_phosphate_plate5.tif,3,805.333,784,816
35467,F8_01_1_2_Chlorophyll_A_001_phosphate_plate5.tif,1,880.000,880,880
35468,F8_01_1_2_Chlorophyll_A_001_phosphate_plate5.tif,3,832.000,768,944
35469,F8_01_1_2_Chlorophyll_A_001_phosphate_plate5.tif,1,960.000,960,960
35470,F8_01_1_2_Chlorophyll_A_001_phosphate_plate5.tif,7,889.143,832,992
35471,F8_01_1_2_Chlorophyll_A_001_phosphate_plate5.tif,1,768.000,768,768
35472,F8_01_1_2_Chlorophyll_A_001_phosphate_plate5.tif,174,952.092,768,1264
35473,F8_01_1_2_Chlorophyll_A_001_phosphate_plate5.tif,268,1975.522,768,17408
35474,F8_01_1_2_Chlorophyll_A_001_phosphate_plate5.tif,6,813.333,800,832
35475,F8_01_1_2_Chlorophyll_A_001_phosphate_plate5.tif,1,912.000,912,912
35476,F8_01_1_2_Chlorophyll_A_001_phosphate_plate5.tif,1,848.000,848,848
35477,F8_01_1_2_Chlorophyll_A_001_phosphate_plate5.tif,5,870.400,816,976
35478,F8_01_1_2_Chlorophyll_A_001_phosphate_plate5.tif,1,768.000,768,768
35479,F8_01_1_2_Chlorophyll_A_001_phosphate_plate5.tif,2,976.000,960,992
35480,F8_01_1_2_Chlorophyll_A_001_phosphate_plate5.tif,3,853.333,768,976
35481,F8_01_1_2_Chlorophyll_A_001_phosphate_plate5.tif,8,824.000,768,992
35482,F8_01_1_2_Chlorophyll_A_001_phosphate_plate5.tif,1,816.000,816,816
35483,F8_01_1_2_Chlorophyll_A_001_phosphate_plate5.tif,1,768.000,768,768
35484,F8_01_1_2_Chlorophyll_A_001_phosphate_plate5.tif,1,800.000,800,800
35485,F8_01_1_2_Chlorophyll_A_001_phosphate_plate5.tif,1,816.000,816,816
35486,F8_01_1_2_Chlorophyll_A_001_phosphate_plate5.tif,1,768.000,768,768
35487,F8_01_1_2_Chlorophyll_A_001_phosphate_plate5.tif,1,768.000,768,768
35488,F8_01_1_2_Chlorophyll_A_001_phosphate_plate5.tif,1,784.000,784,784
35489,F8_01_1_2_Chlorophyll_A_001_phosphate_plate5.tif,1,784.000,784,784
35490,F8_01_1_2_Chlorophyll_A_001_phosphate_plate5.tif,1,832.000,832,832
35491,F8_01_1_2_Chlorophyll_A_001_phosphate_plate5.tif,5,828.800,784,864
35492,F8_01_1_2_Chlorophyll_A_001_phosphate_plate5.tif,1,896.000,896,896
35493,F8_01_1_2_Chlorophyll_A_001_phosphate_plate5.tif,1,784.000,784,784
35494,F8_01_1_2_Chlorophyll_A_001_phosphate_plate5.tif,1,768.000,768,768
35495,F8_01_1_2_Chlorophyll_A_001_phosphate_plate5.tif,3,858.667,832,880
35496,F8_01_1_2_Chlorophyll_A_001_phosphate_plate5.tif,1,784.000,784,784
35497,F8_01_1_2_Chlorophyll_A_001_phosphate_plate5.tif,1,768.000,768,768
35498,F8_01_1_2_Chlorophyll_A_001_phosphate_plate5.tif,2,776.000,768,784
35499,F8_01_1_2_Chlorophyll_A_001_phosphate_plate5.tif,1,848.000,848,848
35500,F8_01_1_2_Chlorophyll_A_001_phosphate_plate5.tif,1,768.000,768,768
35501,F8_01_1_2_Chlorophyll_A_001_phosphate_plate5.tif,1,800.000,800,800
35502,F8_01_1_2_Chlorophyll_A_001_phosphate_plate5.tif,3,842.667,800,912
35503,F8_01_1_2_Chlorophyll_A_001_phosphate_plate5.tif,1,864.000,864,864
35504,F8_01_1_2_Chlorophyll_A_001_phosphate_plate5.tif,1,896.000,896,896
35505,F8_01_1_2_Chlorophyll_A_001_phosphate_plate5.tif,1,864.000,864,864
35506,F8_01_1_2_Chlorophyll_A_001_phosphate_plate5.tif,1,848.000,848,848
35507,F8_01_1_2_Chlorophyll_A_001_phosphate_plate5.tif,1,800.000,800,800
35508,F8_01_1_2_Chlorophyll_A_001_phosphate_plate5.tif,1,768.000,768,768
35509,F8_01_1_2_Chlorophyll_A_001_phosphate_plate5.tif,4,844.000,800,896
35510,F8_01_1_2_Chlorophyll_A_001_phosphate_plate5.tif,3,874.667,832,912
35511,F8_01_1_2_Chlorophyll_A_001_phosphate_plate5.tif,158,1006.177,768,1440
35512,F8_01_1_2_Chlorophyll_A_001_phosphate_plate5.tif,40,976.800,784,1232
35513,F8_01_1_2_Chlorophyll_A_001_phosphate_plate5.tif,1,800.000,800,800
35514,F8_01_1_2_Chlorophyll_A_001_phosphate_plate5.tif,1,864.000,864,864
35515,F8_01_1_2_Chlorophyll_A_001_phosphate_plate5.tif,1,800.000,800,800
35516,F8_01_1_2_Chlorophyll_A_001_phosphate_plate5.tif,1,800.000,800,800
35517,F8_01_1_2_Chlorophyll_A_001_phosphate_plate5.tif,1,816.000,816,816
35518,F8_01_1_2_Chlorophyll_A_001_phosphate_plate5.tif,1,880.000,880,880
35519,F8_01_1_2_Chlorophyll_A_001_phosphate_plate5.tif,1,896.000,896,896
35520,F8_01_1_2_Chlorophyll_A_001_phosphate_plate5.tif,3,826.667,784,896
35521,F8_01_1_2_Chlorophyll_A_001_phosphate_plate5.tif,1,768.000,768,768
35522,F8_01_1_2_Chlorophyll_A_001_phosphate_plate5.tif,1,800.000,800,800
35523,F8_01_1_2_Chlorophyll_A_001_phosphate_plate5.tif,1,800.000,800,800
35524,F8_01_1_2_Chlorophyll_A_001_phosphate_plate5.tif,3,853.333,848,864
35525,F8_01_1_2_Chlorophyll_A_001_phosphate_plate5.tif,1,784.000,784,784
35526,F8_01_1_2_Chlorophyll_A_001_phosphate_plate5.tif,1,784.000,784,784
35527,F8_01_1_2_Chlorophyll_A_001_phosphate_plate5.tif,1,832.000,832,832
35528,F8_01_1_2_Chlorophyll_A_001_phosphate_plate5.tif,1,880.000,880,880
35529,F8_01_1_2_Chlorophyll_A_001_phosphate_plate5.tif,1,912.000,912,912
35530,F8_01_1_2_Chlorophyll_A_001_phosphate_plate5.tif,1,832.000,832,832
35531,F8_01_1_2_Chlorophyll_A_001_phosphate_plate5.tif,1,880.000,880,880
35532,F8_01_1_2_Chlorophyll_A_001_phosphate_plate5.tif,1,768.000,768,768
35533,F8_01_1_2_Chlorophyll_A_001_phosphate_plate5.tif,2,880.000,864,896
35534,F8_01_1_2_Chlorophyll_A_001_phosphate_plate5.tif,1,816.000,816,816
35535,F8_01_1_2_Chlorophyll_A_001_phosphate_plate5.tif,1,768.000,768,768
35536,F8_01_1_2_Chlorophyll_A_001_phosphate_plate5.tif,1,768.000,768,768
35537,F8_01_1_2_Chlorophyll_A_001_phosphate_plate5.tif,3,789.333,768,816
35538,F8_01_1_2_Chlorophyll_A_001_phosphate_plate5.tif,1,816.000,816,816
35539,F8_01_1_2_Chlorophyll_A_001_phosphate_plate5.tif,37,927.135,768,1184
35540,F8_01_1_2_Chlorophyll_A_001_phosphate_plate5.tif,1,912.000,912,912
35541,F8_01_1_2_Chlorophyll_A_001_phosphate_plate5.tif,1,816.000,816,816
35542,F8_01_1_2_Chlorophyll_A_001_phosphate_plate5.tif,1,768.000,768,768
35543,F8_01_1_2_Chlorophyll_A_001_phosphate_plate5.tif,1,816.000,816,816
35544,F8_01_1_2_Chlorophyll_A_001_phosphate_plate5.tif,2,816.000,800,832
35545,F8_01_1_2_Chlorophyll_A_001_phosphate_plate5.tif,1,800.000,800,800
35546,F8_01_1_2_Chlorophyll_A_001_phosphate_plate5.tif,1,880.000,880,880
35547,F8_01_1_2_Chlorophyll_A_001_phosphate_plate5.tif,2,768.000,768,768
35548,F8_01_1_2_Chlorophyll_A_001_phosphate_plate5.tif,1,816.000,816,816
35549,F8_01_1_2_Chlorophyll_A_001_phosphate_plate5.tif,1,800.000,800,800
35550,F8_01_1_2_Chlorophyll_A_001_phosphate_plate5.tif,1,848.000,848,848
35551,F8_01_1_2_Chlorophyll_A_001_phosphate_plate5.tif,1,896.000,896,896
35552,F8_01_1_2_Chlorophyll_A_001_phosphate_plate5.tif,1,992.000,992,992
35553,F8_01_1_2_Chlorophyll_A_001_phosphate_plate5.tif,1,912.000,912,912
35554,F8_01_1_2_Chlorophyll_A_001_phosphate_plate5.tif,1,912.000,912,912
35555,F8_01_1_2_Chlorophyll_A_001_phosphate_plate5.tif,1,768.000,768,768
35556,F8_01_1_2_Chlorophyll_A_001_phosphate_plate5.tif,73,2833.096,784,12624
35557,F8_01_1_2_Chlorophyll_A_001_phosphate_plate5.tif,1,832.000,832,832
35558,F8_01_1_2_Chlorophyll_A_001_phosphate_plate5.tif,2,776.000,768,784
35559,F8_01_1_2_Chlorophyll_A_001_phosphate_plate5.tif,1,864.000,864,864
35560,F8_01_1_2_Chlorophyll_A_001_phosphate_plate5.tif,1,1008.000,1008,1008
35561,F8_01_1_2_Chlorophyll_A_001_phosphate_plate5.tif,1,784.000,784,784
35562,F8_01_1_2_Chlorophyll_A_001_phosphate_plate5.tif,1,944.000,944,944
35563,F8_01_1_2_Chlorophyll_A_001_phosphate_plate5.tif,3,853.333,768,976
35564,F8_01_1_2_Chlorophyll_A_001_phosphate_plate5.tif,10,932.800,768,1184
35565,F8_01_1_2_Chlorophyll_A_001_phosphate_plate5.tif,43,913.116,768,1200
35566,F8_01_1_2_Chlorophyll_A_001_phosphate_plate5.tif,2,856.000,832,880
35567,F8_01_1_2_Chlorophyll_A_001_phosphate_plate5.tif,1,768.000,768,768
35568,F8_01_1_2_Chlorophyll_A_001_phosphate_plate5.tif,1,848.000,848,848
35569,F8_01_1_2_Chlorophyll_A_001_phosphate_plate5.tif,1,784.000,784,784
35570,F8_01_1_2_Chlorophyll_A_001_phosphate_plate5.tif,2,816.000,816,816
35571,F8_01_1_2_Chlorophyll_A_001_phosphate_plate5.tif,1,800.000,800,800
35572,F8_01_1_2_Chlorophyll_A_001_phosphate_plate5.tif,1,800.000,800,800
35573,F8_01_1_2_Chlorophyll_A_001_phosphate_plate5.tif,1,816.000,816,816
35574,F8_01_1_2_Chlorophyll_A_001_phosphate_plate5.tif,1,896.000,896,896
35575,F8_01_1_2_Chlorophyll_A_001_phosphate_plate5.tif,1,816.000,816,816
35576,F8_01_1_2_Chlorophyll_A_001_phosphate_plate5.tif,1,768.000,768,768
35577,F8_01_1_2_Chlorophyll_A_001_phosphate_plate5.tif,1,800.000,800,800
35578,F8_01_1_2_Chlorophyll_A_001_phosphate_plate5.tif,1,832.000,832,832
35579,F8_01_1_2_Chlorophyll_A_001_phosphate_plate5.tif,1,880.000,880,880
35580,F8_01_1_2_Chlorophyll_A_001_phosphate_plate5.tif,1,768.000,768,768
35581,F8_01_1_2_Chlorophyll_A_001_phosphate_plate5.tif,1,768.000,768,768
35582,F8_01_1_2_Chlorophyll_A_001_phosphate_plate5.tif,1,896.000,896,896
35583,F8_01_1_2_Chlorophyll_A_001_phosphate_plate5.tif,2,880.000,784,976
35584,F8_01_1_2_Chlorophyll_A_001_phosphate_plate5.tif,5,889.600,800,976
35585,F8_01_1_2_Chlorophyll_A_001_phosphate_plate5.tif,2,816.000,768,864
35586,F8_01_1_2_Chlorophyll_A_001_phosphate_plate5.tif,38,920.421,768,1216
35587,F8_01_1_2_Chlorophyll_A_001_phosphate_plate5.tif,21,923.429,768,1280
35588,F8_01_1_2_Chlorophyll_A_001_phosphate_plate5.tif,1,832.000,832,832
35589,F8_01_1_2_Chlorophyll_A_001_phosphate_plate5.tif,1,880.000,880,880
35590,F8_01_1_2_Chlorophyll_A_001_phosphate_plate5.tif,1,784.000,784,784
35591,F8_01_1_2_Chlorophyll_A_001_phosphate_plate5.tif,2,816.000,768,864
35592,F8_01_1_2_Chlorophyll_A_001_phosphate_plate5.tif,1,784.000,784,784
35593,F8_01_1_2_Chlorophyll_A_001_phosphate_plate5.tif,3,837.333,768,896
35594,F8_01_1_2_Chlorophyll_A_001_phosphate_plate5.tif,1,784.000,784,784
35595,F8_01_1_2_Chlorophyll_A_001_phosphate_plate5.tif,1,768.000,768,768
35596,F8_01_1_2_Chlorophyll_A_001_phosphate_plate5.tif,1,960.000,960,960
35597,F8_01_1_2_Chlorophyll_A_001_phosphate_plate5.tif,1,816.000,816,816
35598,F8_01_1_2_Chlorophyll_A_001_phosphate_plate5.tif,1,880.000,880,880
35599,F8_01_1_2_Chlorophyll_A_001_phosphate_plate5.tif,1,864.000,864,864
35600,F8_01_1_2_Chlorophyll_A_001_phosphate_plate5.tif,1,816.000,816,816
35601,F8_01_1_2_Chlorophyll_A_001_phosphate_plate5.tif,2,848.000,784,912
35602,F8_01_1_2_Chlorophyll_A_001_phosphate_plate5.tif,1,816.000,816,816
35603,F8_01_1_2_Chlorophyll_A_001_phosphate_plate5.tif,1,960.000,960,960
35604,F8_01_1_2_Chlorophyll_A_001_phosphate_plate5.tif,132,3209.818,768,13664
35605,F8_01_1_2_Chlorophyll_A_001_phosphate_plate5.tif,1,848.000,848,848
35606,F8_01_1_2_Chlorophyll_A_001_phosphate_plate5.tif,1,896.000,896,896
35607,F8_01_1_2_Chlorophyll_A_001_phosphate_plate5.tif,1,816.000,816,816
35608,F8_01_1_2_Chlorophyll_A_001_phosphate_plate5.tif,1,944.000,944,944
35609,F8_01_1_2_Chlorophyll_A_001_phosphate_plate5.tif,1,848.000,848,848
35610,F8_01_1_2_Chlorophyll_A_001_phosphate_plate5.tif,1,768.000,768,768
35611,F8_01_1_2_Chlorophyll_A_001_phosphate_plate5.tif,1,800.000,800,800
35612,F8_01_1_2_Chlorophyll_A_001_phosphate_plate5.tif,1,768.000,768,768
35613,F8_01_1_2_Chlorophyll_A_001_phosphate_plate5.tif,1,768.000,768,768
35614,F8_01_1_2_Chlorophyll_A_001_phosphate_plate5.tif,1,896.000,896,896
35615,F8_01_1_2_Chlorophyll_A_001_phosphate_plate5.tif,1,864.000,864,864
35616,F8_01_1_2_Chlorophyll_A_001_phosphate_plate5.tif,1,816.000,816,816
35617,F8_01_1_2_Chlorophyll_A_001_phosphate_plate5.tif,5,851.200,784,912
35618,F8_01_1_2_Chlorophyll_A_001_phosphate_plate5.tif,102,1016.000,768,1360
35619,F8_01_1_2_Chlorophyll_A_001_phosphate_plate5.tif,119,939.563,768,1200
35620,F8_01_1_2_Chlorophyll_A_001_phosphate_plate5.tif,62,916.903,768,1184
35621,F8_01_1_2_Chlorophyll_A_001_phosphate_plate5.tif,37,885.622,768,1120
35622,F8_01_1_2_Chlorophyll_A_001_phosphate_plate5.tif,46,902.609,768,1152
35623,F8_01_1_2_Chlorophyll_A_001_phosphate_plate5.tif,3,858.667,816,880
35624,F8_01_1_2_Chlorophyll_A_001_phosphate_plate5.tif,1,768.000,768,768
35625,F8_01_1_2_Chlorophyll_A_001_phosphate_plate5.tif,2,792.000,768,816
35626,F8_01_1_2_Chlorophyll_A_001_phosphate_plate5.tif,1,784.000,784,784
35627,F8_01_1_2_Chlorophyll_A_001_phosphate_plate5.tif,2,832.000,768,896
35628,F8_01_1_2_Chlorophyll_A_001_phosphate_plate5.tif,1,784.000,784,784
35629,F8_01_1_2_Chlorophyll_A_001_phosphate_plate5.tif,2,792.000,768,816
35630,F8_01_1_2_Chlorophyll_A_001_phosphate_plate5.tif,1,784.000,784,784
35631,F8_01_1_2_Chlorophyll_A_001_phosphate_plate5.tif,1,832.000,832,832
35632,F8_01_1_2_Chlorophyll_A_001_phosphate_plate5.tif,1,816.000,816,816
35633,F8_01_1_2_Chlorophyll_A_001_phosphate_plate5.tif,1,816.000,816,816
35634,F8_01_1_2_Chlorophyll_A_001_phosphate_plate5.tif,1,800.000,800,800
35635,F8_01_1_2_Chlorophyll_A_001_phosphate_plate5.tif,1,784.000,784,784
35636,F8_01_1_2_Chlorophyll_A_001_phosphate_plate5.tif,1,768.000,768,768
35637,F8_01_1_2_Chlorophyll_A_001_phosphate_plate5.tif,1,848.000,848,848
35638,F8_01_1_2_Chlorophyll_A_001_phosphate_plate5.tif,1,896.000,896,896
35639,F8_01_1_2_Chlorophyll_A_001_phosphate_plate5.tif,1,864.000,864,864
35640,F8_01_1_2_Chlorophyll_A_001_phosphate_plate5.tif,1,800.000,800,800
35641,F8_01_1_2_Chlorophyll_A_001_phosphate_plate5.tif,2,872.000,832,912
35642,F8_01_1_2_Chlorophyll_A_001_phosphate_plate5.tif,1,816.000,816,816
35643,F8_01_1_2_Chlorophyll_A_001_phosphate_plate5.tif,1,816.000,816,816
35644,F8_01_1_2_Chlorophyll_A_001_phosphate_plate5.tif,1,832.000,832,832
35645,F8_01_1_2_Chlorophyll_A_001_phosphate_plate5.tif,1,768.000,768,768
35646,F8_01_1_2_Chlorophyll_A_001_phosphate_plate5.tif,1,832.000,832,832
35647,F8_01_1_2_Chlorophyll_A_001_phosphate_plate5.tif,1,784.000,784,784
35648,F8_01_1_2_Chlorophyll_A_001_phosphate_plate5.tif,1,768.000,768,768
35649,F8_01_1_2_Chlorophyll_A_001_phosphate_plate5.tif,4,832.000,784,912
35650,F8_01_1_2_Chlorophyll_A_001_phosphate_plate5.tif,5,876.800,768,976
35651,F8_01_1_2_Chlorophyll_A_001_phosphate_plate5.tif,1,768.000,768,768
35652,F8_01_1_2_Chlorophyll_A_001_phosphate_plate5.tif,2,936.000,896,976
35653,F8_01_1_2_Chlorophyll_A_001_phosphate_plate5.tif,82,911.415,768,1248
35654,F8_01_1_2_Chlorophyll_A_001_phosphate_plate5.tif,71,904.563,768,1184
35655,F8_01_1_2_Chlorophyll_A_001_phosphate_plate5.tif,28,912.000,768,1200
35656,F8_01_1_2_Chlorophyll_A_001_phosphate_plate5.tif,27,914.963,784,1168
35657,F8_01_1_2_Chlorophyll_A_001_phosphate_plate5.tif,1,800.000,800,800
35658,F8_01_1_2_Chlorophyll_A_001_phosphate_plate5.tif,1,800.000,800,800
35659,F8_01_1_2_Chlorophyll_A_001_phosphate_plate5.tif,1,800.000,800,800
35660,F8_01_1_2_Chlorophyll_A_001_phosphate_plate5.tif,1,912.000,912,912
35661,F8_01_1_2_Chlorophyll_A_001_phosphate_plate5.tif,1,800.000,800,800
35662,F8_01_1_2_Chlorophyll_A_001_phosphate_plate5.tif,1,816.000,816,816
35663,F8_01_1_2_Chlorophyll_A_001_phosphate_plate5.tif,1,768.000,768,768
35664,F8_01_1_2_Chlorophyll_A_001_phosphate_plate5.tif,1,912.000,912,912
35665,F8_01_1_2_Chlorophyll_A_001_phosphate_plate5.tif,1,784.000,784,784
35666,F8_01_1_2_Chlorophyll_A_001_phosphate_plate5.tif,2,800.000,768,832
35667,F8_01_1_2_Chlorophyll_A_001_phosphate_plate5.tif,1,816.000,816,816
35668,F8_01_1_2_Chlorophyll_A_001_phosphate_plate5.tif,1,800.000,800,800
35669,F8_01_1_2_Chlorophyll_A_001_phosphate_plate5.tif,1,816.000,816,816
35670,F8_01_1_2_Chlorophyll_A_001_phosphate_plate5.tif,1,880.000,880,880
35671,F8_01_1_2_Chlorophyll_A_001_phosphate_plate5.tif,1,800.000,800,800
35672,F8_01_1_2_Chlorophyll_A_001_phosphate_plate5.tif,1,880.000,880,880
35673,F8_01_1_2_Chlorophyll_A_001_phosphate_plate5.tif,1,800.000,800,800
35674,F8_01_1_2_Chlorophyll_A_001_phosphate_plate5.tif,2,776.000,768,784
35675,F8_01_1_2_Chlorophyll_A_001_phosphate_plate5.tif,1,800.000,800,800
35676,F8_01_1_2_Chlorophyll_A_001_phosphate_plate5.tif,28,844.571,768,1168
35677,F8_01_1_2_Chlorophyll_A_001_phosphate_plate5.tif,50,1088.000,816,1344
35678,F8_01_1_2_Chlorophyll_A_001_phosphate_plate5.tif,50,1055.040,768,1376
35679,F8_01_1_2_Chlorophyll_A_001_phosphate_plate5.tif,48,878.000,768,1152
35680,F8_01_1_2_Chlorophyll_A_001_phosphate_plate5.tif,7,873.143,768,928
35681,F8_01_1_2_Chlorophyll_A_001_phosphate_plate5.tif,1,816.000,816,816
35682,F8_01_1_2_Chlorophyll_A_001_phosphate_plate5.tif,2,848.000,816,880
35683,F8_01_1_2_Chlorophyll_A_001_phosphate_plate5.tif,2,800.000,800,800
35684,F8_01_1_2_Chlorophyll_A_001_phosphate_plate5.tif,1,816.000,816,816
35685,F8_01_1_2_Chlorophyll_A_001_phosphate_plate5.tif,1,784.000,784,784
35686,F8_01_1_2_Chlorophyll_A_001_phosphate_plate5.tif,1,784.000,784,784
35687,F8_01_1_2_Chlorophyll_A_001_phosphate_plate5.tif,1,768.000,768,768
35688,F8_01_1_2_Chlorophyll_A_001_phosphate_plate5.tif,1,832.000,832,832
35689,F8_01_1_2_Chlorophyll_A_001_phosphate_plate5.tif,1,880.000,880,880
35690,F8_01_1_2_Chlorophyll_A_001_phosphate_plate5.tif,1,784.000,784,784
35691,F8_01_1_2_Chlorophyll_A_001_phosphate_plate5.tif,1,768.000,768,768
35692,F8_01_1_2_Chlorophyll_A_001_phosphate_plate5.tif,1,768.000,768,768
35693,F8_01_1_2_Chlorophyll_A_001_phosphate_plate5.tif,1,784.000,784,784
35694,F8_01_1_2_Chlorophyll_A_001_phosphate_plate5.tif,1,768.000,768,768
35695,F8_01_1_2_Chlorophyll_A_001_phosphate_plate5.tif,1,800.000,800,800
35696,F8_01_1_2_Chlorophyll_A_001_phosphate_plate5.tif,1,832.000,832,832
35697,F8_01_1_2_Chlorophyll_A_001_phosphate_plate5.tif,1,800.000,800,800
35698,F8_01_1_2_Chlorophyll_A_001_phosphate_plate5.tif,1,1136.000,1136,1136
35699,F8_01_1_2_Chlorophyll_A_001_phosphate_plate5.tif,2,864.000,784,944
35700,F8_01_1_2_Chlorophyll_A_001_phosphate_plate5.tif,3,816.000,816,816
35701,F8_01_1_2_Chlorophyll_A_001_phosphate_plate5.tif,1,960.000,960,960
35702,F8_01_1_2_Chlorophyll_A_001_phosphate_plate5.tif,1,896.000,896,896
35703,F8_01_1_2_Chlorophyll_A_001_phosphate_plate5.tif,1,784.000,784,784
35704,F8_01_1_2_Chlorophyll_A_001_phosphate_plate5.tif,4,792.000,768,816
35705,F8_01_1_2_Chlorophyll_A_001_phosphate_plate5.tif,1,864.000,864,864
35706,F8_01_1_2_Chlorophyll_A_001_phosphate_plate5.tif,39,893.128,768,1104
35707,F8_01_1_2_Chlorophyll_A_001_phosphate_plate5.tif,4,820.000,768,880
35708,F8_01_1_2_Chlorophyll_A_001_phosphate_plate5.tif,3,832.000,816,848
35709,F8_01_1_2_Chlorophyll_A_001_phosphate_plate5.tif,2,792.000,768,816
35710,F8_01_1_2_Chlorophyll_A_001_phosphate_plate5.tif,1,800.000,800,800
35711,F8_01_1_2_Chlorophyll_A_001_phosphate_plate5.tif,3,832.000,800,864
35712,F8_01_1_2_Chlorophyll_A_001_phosphate_plate5.tif,4,824.000,768,960
35713,F8_01_1_2_Chlorophyll_A_001_phosphate_plate5.tif,2,832.000,800,864
35714,F8_01_1_2_Chlorophyll_A_001_phosphate_plate5.tif,1,784.000,784,784
35715,F8_01_1_2_Chlorophyll_A_001_phosphate_plate5.tif,2,872.000,800,944
35716,F8_01_1_2_Chlorophyll_A_001_phosphate_plate5.tif,1,1056.000,1056,1056
35717,F8_01_1_2_Chlorophyll_A_001_phosphate_plate5.tif,1,928.000,928,928
35718,F8_01_1_2_Chlorophyll_A_001_phosphate_plate5.tif,1,864.000,864,864
35719,F8_01_1_2_Chlorophyll_A_001_phosphate_plate5.tif,1,816.000,816,816
35720,F8_01_1_2_Chlorophyll_A_001_phosphate_plate5.tif,2,768.000,768,768
35721,F8_01_1_2_Chlorophyll_A_001_phosphate_plate5.tif,1,912.000,912,912
35722,F8_01_1_2_Chlorophyll_A_001_phosphate_plate5.tif,3,837.333,784,928
35723,F8_01_1_2_Chlorophyll_A_001_phosphate_plate5.tif,1,800.000,800,800
35724,F8_01_1_2_Chlorophyll_A_001_phosphate_plate5.tif,2,848.000,800,896
35725,F8_01_1_2_Chlorophyll_A_001_phosphate_plate5.tif,1,864.000,864,864
35726,F8_01_1_2_Chlorophyll_A_001_phosphate_plate5.tif,2,888.000,848,928
35727,F8_01_1_2_Chlorophyll_A_001_phosphate_plate5.tif,2,880.000,784,976
35728,F8_01_1_2_Chlorophyll_A_001_phosphate_plate5.tif,1,768.000,768,768
35729,F8_01_1_2_Chlorophyll_A_001_phosphate_plate5.tif,2,832.000,816,848
35730,F8_01_1_2_Chlorophyll_A_001_phosphate_plate5.tif,2,824.000,816,832
35731,F8_01_1_2_Chlorophyll_A_001_phosphate_plate5.tif,1,768.000,768,768
35732,F8_01_1_2_Chlorophyll_A_001_phosphate_plate5.tif,1,832.000,832,832
35733,F8_01_1_2_Chlorophyll_A_001_phosphate_plate5.tif,1,880.000,880,880
35734,F8_01_1_2_Chlorophyll_A_001_phosphate_plate5.tif,2,792.000,784,800
35735,F8_01_1_2_Chlorophyll_A_001_phosphate_plate5.tif,1,768.000,768,768
35736,F8_01_1_2_Chlorophyll_A_001_phosphate_plate5.tif,3,837.333,768,960
35737,F8_01_1_2_Chlorophyll_A_001_phosphate_plate5.tif,3,853.333,784,944
35738,F8_01_1_2_Chlorophyll_A_001_phosphate_plate5.tif,4,792.000,768,816
35739,F8_01_1_2_Chlorophyll_A_001_phosphate_plate5.tif,1,1200.000,1200,1200
35740,F8_01_1_2_Chlorophyll_A_001_phosphate_plate5.tif,4,868.000,784,992
35741,F8_01_1_2_Chlorophyll_A_001_phosphate_plate5.tif,1,928.000,928,928
35742,F8_01_1_2_Chlorophyll_A_001_phosphate_plate5.tif,1,832.000,832,832
35743,F8_01_1_2_Chlorophyll_A_001_phosphate_plate5.tif,1,784.000,784,784
35744,F8_01_1_2_Chlorophyll_A_001_phosphate_plate5.tif,2,856.000,832,880
35745,F8_01_1_2_Chlorophyll_A_001_phosphate_plate5.tif,1,800.000,800,800
35746,F8_01_1_2_Chlorophyll_A_001_phosphate_plate5.tif,1,928.000,928,928
35747,F8_01_1_2_Chlorophyll_A_001_phosphate_plate5.tif,1,880.000,880,880
35748,F8_01_1_2_Chlorophyll_A_001_phosphate_plate5.tif,1,768.000,768,768
35749,F8_01_1_2_Chlorophyll_A_001_phosphate_plate5.tif,1,768.000,768,768
35750,F8_01_1_2_Chlorophyll_A_001_phosphate_plate5.tif,1,800.000,800,800
35751,F8_01_1_2_Chlorophyll_A_001_phosphate_plate5.tif,1,784.000,784,784
35752,F8_01_1_2_Chlorophyll_A_001_phosphate_plate5.tif,2,776.000,768,784
35753,F8_01_1_2_Chlorophyll_A_001_phosphate_plate5.tif,1,832.000,832,832
35754,F8_01_1_2_Chlorophyll_A_001_phosphate_plate5.tif,2,872.000,864,880
35755,F8_01_1_2_Chlorophyll_A_001_phosphate_plate5.tif,2,792.000,768,816
35756,F8_01_1_2_Chlorophyll_A_001_phosphate_plate5.tif,1,816.000,816,816
35757,F8_01_1_2_Chlorophyll_A_001_phosphate_plate5.tif,3,837.333,784,880
35758,F8_01_1_2_Chlorophyll_A_001_phosphate_plate5.tif,1,768.000,768,768
35759,F8_01_1_2_Chlorophyll_A_001_phosphate_plate5.tif,1,832.000,832,832
35760,F8_01_1_2_Chlorophyll_A_001_phosphate_plate5.tif,1,864.000,864,864
35761,F8_01_1_2_Chlorophyll_A_001_phosphate_plate5.tif,1,832.000,832,832
35762,F8_01_1_2_Chlorophyll_A_001_phosphate_plate5.tif,1,800.000,800,800
35763,F8_01_1_2_Chlorophyll_A_001_phosphate_plate5.tif,1,832.000,832,832
35764,F8_01_1_2_Chlorophyll_A_001_phosphate_plate5.tif,1,816.000,816,816
35765,F8_01_1_2_Chlorophyll_A_001_phosphate_plate5.tif,1,768.000,768,768
35766,F8_01_1_2_Chlorophyll_A_001_phosphate_plate5.tif,3,789.333,784,800
35767,F8_01_1_2_Chlorophyll_A_001_phosphate_plate5.tif,1,768.000,768,768
35768,F8_01_1_2_Chlorophyll_A_001_phosphate_plate5.tif,1,800.000,800,800
35769,F8_01_1_2_Chlorophyll_A_001_phosphate_plate5.tif,2,784.000,768,800
35770,F8_01_1_2_Chlorophyll_A_001_phosphate_plate5.tif,1,784.000,784,784
35771,F8_01_1_2_Chlorophyll_A_001_phosphate_plate5.tif,1,784.000,784,784
35772,F8_01_1_2_Chlorophyll_A_001_phosphate_plate5.tif,2,832.000,832,832
35773,F8_01_1_2_Chlorophyll_A_001_phosphate_plate5.tif,1,864.000,864,864
35774,F8_01_1_2_Chlorophyll_A_001_phosphate_plate5.tif,1,816.000,816,816
35775,F8_01_1_2_Chlorophyll_A_001_phosphate_plate5.tif,4,824.000,768,912
35776,F8_01_1_2_Chlorophyll_A_001_phosphate_plate5.tif,2,896.000,832,960
35777,F8_01_1_2_Chlorophyll_A_001_phosphate_plate5.tif,1,928.000,928,928
35778,F8_01_1_2_Chlorophyll_A_001_phosphate_plate5.tif,3,826.667,784,864
35779,F8_01_1_2_Chlorophyll_A_001_phosphate_plate5.tif,24,955.333,768,1216
35780,F8_01_1_2_Chlorophyll_A_001_phosphate_plate5.tif,39,901.744,768,1136
35781,F8_01_1_2_Chlorophyll_A_001_phosphate_plate5.tif,4,808.000,784,864
35782,F8_01_1_2_Chlorophyll_A_001_phosphate_plate5.tif,2,800.000,800,800
35783,F8_01_1_2_Chlorophyll_A_001_phosphate_plate5.tif,2,816.000,816,816
35784,F8_01_1_2_Chlorophyll_A_001_phosphate_plate5.tif,1,816.000,816,816
35785,F8_01_1_2_Chlorophyll_A_001_phosphate_plate5.tif,1,768.000,768,768
35786,F8_01_1_2_Chlorophyll_A_001_phosphate_plate5.tif,1,816.000,816,816
35787,F8_01_1_2_Chlorophyll_A_001_phosphate_plate5.tif,2,800.000,768,832
35788,F8_01_1_2_Chlorophyll_A_001_phosphate_plate5.tif,1,896.000,896,896
35789,F8_01_1_2_Chlorophyll_A_001_phosphate_plate5.tif,2,856.000,832,880
35790,F8_01_1_2_Chlorophyll_A_001_phosphate_plate5.tif,1,768.000,768,768
35791,F8_01_1_2_Chlorophyll_A_001_phosphate_plate5.tif,1,800.000,800,800
35792,F8_01_1_2_Chlorophyll_A_001_phosphate_plate5.tif,1,784.000,784,784
35793,F8_01_1_2_Chlorophyll_A_001_phosphate_plate5.tif,2,792.000,768,816
35794,F8_01_1_2_Chlorophyll_A_001_phosphate_plate5.tif,1,784.000,784,784
35795,F8_01_1_2_Chlorophyll_A_001_phosphate_plate5.tif,2,808.000,784,832
35796,F8_01_1_2_Chlorophyll_A_001_phosphate_plate5.tif,1,768.000,768,768
35797,F8_01_1_2_Chlorophyll_A_001_phosphate_plate5.tif,1,784.000,784,784
35798,F8_01_1_2_Chlorophyll_A_001_phosphate_plate5.tif,1,816.000,816,816
35799,F8_01_1_2_Chlorophyll_A_001_phosphate_plate5.tif,1,784.000,784,784
35800,F8_01_1_2_Chlorophyll_A_001_phosphate_plate5.tif,4,844.000,800,896
35801,F8_01_1_2_Chlorophyll_A_001_phosphate_plate5.tif,2,816.000,784,848
35802,F8_01_1_2_Chlorophyll_A_001_phosphate_plate5.tif,28,914.286,768,1232
35803,F8_01_1_2_Chlorophyll_A_001_phosphate_plate5.tif,22,906.182,768,1136
35804,F8_01_1_2_Chlorophyll_A_001_phosphate_plate5.tif,1,912.000,912,912
35805,F8_01_1_2_Chlorophyll_A_001_phosphate_plate5.tif,4,840.000,768,976
35806,F8_01_1_2_Chlorophyll_A_001_phosphate_plate5.tif,1,832.000,832,832
35807,F8_01_1_2_Chlorophyll_A_001_phosphate_plate5.tif,1,784.000,784,784
35808,F8_01_1_2_Chlorophyll_A_001_phosphate_plate5.tif,2,912.000,816,1008
35809,F8_01_1_2_Chlorophyll_A_001_phosphate_plate5.tif,1,832.000,832,832
35810,F8_01_1_2_Chlorophyll_A_001_phosphate_plate5.tif,1,960.000,960,960
35811,F8_01_1_2_Chlorophyll_A_001_phosphate_plate5.tif,3,794.667,784,800
35812,F8_01_1_2_Chlorophyll_A_001_phosphate_plate5.tif,1,880.000,880,880
35813,F8_01_1_2_Chlorophyll_A_001_phosphate_plate5.tif,1,800.000,800,800
35814,F8_01_1_2_Chlorophyll_A_001_phosphate_plate5.tif,1,832.000,832,832
35815,F8_01_1_2_Chlorophyll_A_001_phosphate_plate5.tif,1,832.000,832,832
35816,F8_01_1_2_Chlorophyll_A_001_phosphate_plate5.tif,2,808.000,768,848
35817,F8_01_1_2_Chlorophyll_A_001_phosphate_plate5.tif,1,816.000,816,816
35818,F8_01_1_2_Chlorophyll_A_001_phosphate_plate5.tif,1,784.000,784,784
35819,F8_01_1_2_Chlorophyll_A_001_phosphate_plate5.tif,1,816.000,816,816
35820,F8_01_1_2_Chlorophyll_A_001_phosphate_plate5.tif,1,880.000,880,880
35821,F8_01_1_2_Chlorophyll_A_001_phosphate_plate5.tif,1,816.000,816,816
35822,F8_01_1_2_Chlorophyll_A_001_phosphate_plate5.tif,1,768.000,768,768
35823,F8_01_1_2_Chlorophyll_A_001_phosphate_plate5.tif,1,768.000,768,768
35824,F8_01_1_2_Chlorophyll_A_001_phosphate_plate5.tif,4,864.000,800,944
35825,F8_01_1_2_Chlorophyll_A_001_phosphate_plate5.tif,1,896.000,896,896
35826,F8_01_1_2_Chlorophyll_A_001_phosphate_plate5.tif,2,816.000,768,864
35827,F8_01_1_2_Chlorophyll_A_001_phosphate_plate5.tif,2,824.000,816,832
35828,F8_01_1_2_Chlorophyll_A_001_phosphate_plate5.tif,2,896.000,864,928
35829,F8_01_1_2_Chlorophyll_A_001_phosphate_plate5.tif,3,842.667,768,976
35830,F8_01_1_2_Chlorophyll_A_001_phosphate_plate5.tif,1,768.000,768,768
35831,F8_01_1_2_Chlorophyll_A_001_phosphate_plate5.tif,1,832.000,832,832
35832,F8_01_1_2_Chlorophyll_A_001_phosphate_plate5.tif,1,768.000,768,768
35833,F8_01_1_2_Chlorophyll_A_001_phosphate_plate5.tif,4,872.000,816,912
35834,F8_01_1_2_Chlorophyll_A_001_phosphate_plate5.tif,1,848.000,848,848
35835,F8_01_1_2_Chlorophyll_A_001_phosphate_plate5.tif,1,768.000,768,768
35836,F8_01_1_2_Chlorophyll_A_001_phosphate_plate5.tif,25,952.960,768,1232
35837,F8_01_1_2_Chlorophyll_A_001_phosphate_plate5.tif,58,940.414,784,1248
35838,F8_01_1_2_Chlorophyll_A_001_phosphate_plate5.tif,3,784.000,768,816
35839,F8_01_1_2_Chlorophyll_A_001_phosphate_plate5.tif,1,800.000,800,800
35840,F8_01_1_2_Chlorophyll_A_001_phosphate_plate5.tif,1,848.000,848,848
35841,F8_01_1_2_Chlorophyll_A_001_phosphate_plate5.tif,2,824.000,800,848
35842,F8_01_1_2_Chlorophyll_A_001_phosphate_plate5.tif,2,792.000,784,800
35843,F8_01_1_2_Chlorophyll_A_001_phosphate_plate5.tif,1,800.000,800,800
35844,F8_01_1_2_Chlorophyll_A_001_phosphate_plate5.tif,1,800.000,800,800
35845,F8_01_1_2_Chlorophyll_A_001_phosphate_plate5.tif,2,816.000,800,832
35846,F8_01_1_2_Chlorophyll_A_001_phosphate_plate5.tif,1,768.000,768,768
35847,F8_01_1_2_Chlorophyll_A_001_phosphate_plate5.tif,1,832.000,832,832
35848,F8_01_1_2_Chlorophyll_A_001_phosphate_plate5.tif,1,784.000,784,784
35849,F8_01_1_2_Chlorophyll_A_001_phosphate_plate5.tif,1,768.000,768,768
35850,F8_01_1_2_Chlorophyll_A_001_phosphate_plate5.tif,1,896.000,896,896
35851,F8_01_1_2_Chlorophyll_A_001_phosphate_plate5.tif,1,832.000,832,832
35852,F8_01_1_2_Chlorophyll_A_001_phosphate_plate5.tif,1,784.000,784,784
35853,F8_01_1_2_Chlorophyll_A_001_phosphate_plate5.tif,1,816.000,816,816
35854,F8_01_1_2_Chlorophyll_A_001_phosphate_plate5.tif,1,832.000,832,832
35855,F8_01_1_2_Chlorophyll_A_001_phosphate_plate5.tif,2,952.000,896,1008
35856,F8_01_1_2_Chlorophyll_A_001_phosphate_plate5.tif,1,960.000,960,960
35857,F8_01_1_2_Chlorophyll_A_001_phosphate_plate5.tif,2,920.000,896,944
35858,F8_01_1_2_Chlorophyll_A_001_phosphate_plate5.tif,2,904.000,832,976
35859,F8_01_1_2_Chlorophyll_A_001_phosphate_plate5.tif,2,968.000,784,1152
35860,F8_01_1_2_Chlorophyll_A_001_phosphate_plate5.tif,22,894.545,784,1104
35861,F8_01_1_2_Chlorophyll_A_001_phosphate_plate5.tif,18,922.667,768,1168
35862,F8_01_1_2_Chlorophyll_A_001_phosphate_plate5.tif,41,920.195,768,1136
35863,F8_01_1_2_Chlorophyll_A_001_phosphate_plate5.tif,1,880.000,880,880
35864,F8_01_1_2_Chlorophyll_A_001_phosphate_plate5.tif,5,828.800,800,848
35865,F8_01_1_2_Chlorophyll_A_001_phosphate_plate5.tif,3,805.333,768,832
35866,F8_01_1_2_Chlorophyll_A_001_phosphate_plate5.tif,1,912.000,912,912
35867,F8_01_1_2_Chlorophyll_A_001_phosphate_plate5.tif,1,768.000,768,768
35868,F8_01_1_2_Chlorophyll_A_001_phosphate_plate5.tif,1,896.000,896,896
35869,F8_01_1_2_Chlorophyll_A_001_phosphate_plate5.tif,1,800.000,800,800
35870,F8_01_1_2_Chlorophyll_A_001_phosphate_plate5.tif,1,768.000,768,768
35871,F8_01_1_2_Chlorophyll_A_001_phosphate_plate5.tif,1,832.000,832,832
35872,F8_01_1_2_Chlorophyll_A_001_phosphate_plate5.tif,1,848.000,848,848
35873,F8_01_1_2_Chlorophyll_A_001_phosphate_plate5.tif,1,784.000,784,784
35874,F8_01_1_2_Chlorophyll_A_001_phosphate_plate5.tif,1,832.000,832,832
35875,F8_01_1_2_Chlorophyll_A_001_phosphate_plate5.tif,1,848.000,848,848
35876,F8_01_1_2_Chlorophyll_A_001_phosphate_plate5.tif,1,864.000,864,864
35877,F8_01_1_2_Chlorophyll_A_001_phosphate_plate5.tif,1,768.000,768,768
35878,F8_01_1_2_Chlorophyll_A_001_phosphate_plate5.tif,1,832.000,832,832
35879,F8_01_1_2_Chlorophyll_A_001_phosphate_plate5.tif,1,800.000,800,800
35880,F8_01_1_2_Chlorophyll_A_001_phosphate_plate5.tif,1,880.000,880,880
35881,F8_01_1_2_Chlorophyll_A_001_phosphate_plate5.tif,1,816.000,816,816
35882,F8_01_1_2_Chlorophyll_A_001_phosphate_plate5.tif,1,1024.000,1024,1024
35883,F8_01_1_2_Chlorophyll_A_001_phosphate_plate5.tif,1,832.000,832,832
35884,F8_01_1_2_Chlorophyll_A_001_phosphate_plate5.tif,2,800.000,784,816
35885,F8_01_1_2_Chlorophyll_A_001_phosphate_plate5.tif,2,896.000,816,976
35886,F8_01_1_2_Chlorophyll_A_001_phosphate_plate5.tif,1,848.000,848,848
35887,F8_01_1_2_Chlorophyll_A_001_phosphate_plate5.tif,28,925.714,768,1216
35888,F8_01_1_2_Chlorophyll_A_001_phosphate_plate5.tif,29,895.448,768,1152
35889,F8_01_1_2_Chlorophyll_A_001_phosphate_plate5.tif,4,904.000,816,1088
35890,F8_01_1_2_Chlorophyll_A_001_phosphate_plate5.tif,2,864.000,864,864
35891,F8_01_1_2_Chlorophyll_A_001_phosphate_plate5.tif,1,784.000,784,784
35892,F8_01_1_2_Chlorophyll_A_001_phosphate_plate5.tif,3,800.000,768,864
35893,F8_01_1_2_Chlorophyll_A_001_phosphate_plate5.tif,3,816.000,784,880
35894,F8_01_1_2_Chlorophyll_A_001_phosphate_plate5.tif,1,800.000,800,800
35895,F8_01_1_2_Chlorophyll_A_001_phosphate_plate5.tif,1,784.000,784,784
35896,F8_01_1_2_Chlorophyll_A_001_phosphate_plate5.tif,1,800.000,800,800
35897,F8_01_1_2_Chlorophyll_A_001_phosphate_plate5.tif,2,776.000,768,784
35898,F8_01_1_2_Chlorophyll_A_001_phosphate_plate5.tif,2,928.000,832,1024
35899,F8_01_1_2_Chlorophyll_A_001_phosphate_plate5.tif,1,816.000,816,816
35900,F8_01_1_2_Chlorophyll_A_001_phosphate_plate5.tif,1,768.000,768,768
35901,F8_01_1_2_Chlorophyll_A_001_phosphate_plate5.tif,1,784.000,784,784
35902,F8_01_1_2_Chlorophyll_A_001_phosphate_plate5.tif,1,928.000,928,928
35903,F8_01_1_2_Chlorophyll_A_001_phosphate_plate5.tif,1,768.000,768,768
35904,F8_01_1_2_Chlorophyll_A_001_phosphate_plate5.tif,1,800.000,800,800
35905,F8_01_1_2_Chlorophyll_A_001_phosphate_plate5.tif,1,864.000,864,864
35906,F8_01_1_2_Chlorophyll_A_001_phosphate_plate5.tif,1,880.000,880,880
35907,F8_01_1_2_Chlorophyll_A_001_phosphate_plate5.tif,1,768.000,768,768
35908,F8_01_1_2_Chlorophyll_A_001_phosphate_plate5.tif,1,768.000,768,768
35909,F8_01_1_2_Chlorophyll_A_001_phosphate_plate5.tif,1,864.000,864,864
35910,F8_01_1_2_Chlorophyll_A_001_phosphate_plate5.tif,2,800.000,784,816
35911,F8_01_1_2_Chlorophyll_A_001_phosphate_plate5.tif,3,869.333,768,1008
35912,F8_01_1_2_Chlorophyll_A_001_phosphate_plate5.tif,130,1041.354,768,1440
35913,F8_01_1_2_Chlorophyll_A_001_phosphate_plate5.tif,1,816.000,816,816
35914,F8_01_1_2_Chlorophyll_A_001_phosphate_plate5.tif,1,800.000,800,800
35915,F8_01_1_2_Chlorophyll_A_001_phosphate_plate5.tif,2,872.000,848,896
35916,F8_01_1_2_Chlorophyll_A_001_phosphate_plate5.tif,1,800.000,800,800
35917,F8_01_1_2_Chlorophyll_A_001_phosphate_plate5.tif,1,864.000,864,864
35918,F8_01_1_2_Chlorophyll_A_001_phosphate_plate5.tif,1,816.000,816,816
35919,F8_01_1_2_Chlorophyll_A_001_phosphate_plate5.tif,1,832.000,832,832
35920,F8_01_1_2_Chlorophyll_A_001_phosphate_plate5.tif,1,848.000,848,848
35921,F8_01_1_2_Chlorophyll_A_001_phosphate_plate5.tif,1,768.000,768,768
35922,F8_01_1_2_Chlorophyll_A_001_phosphate_plate5.tif,1,784.000,784,784
35923,F8_01_1_2_Chlorophyll_A_001_phosphate_plate5.tif,2,816.000,800,832
35924,F8_01_1_2_Chlorophyll_A_001_phosphate_plate5.tif,2,784.000,768,800
35925,F8_01_1_2_Chlorophyll_A_001_phosphate_plate5.tif,2,952.000,944,960
35926,F8_01_1_2_Chlorophyll_A_001_phosphate_plate5.tif,2,768.000,768,768
35927,F8_01_1_2_Chlorophyll_A_001_phosphate_plate5.tif,1,800.000,800,800
35928,F8_01_1_2_Chlorophyll_A_001_phosphate_plate5.tif,1,784.000,784,784
35929,F8_01_1_2_Chlorophyll_A_001_phosphate_plate5.tif,1,768.000,768,768
35930,F8_01_1_2_Chlorophyll_A_001_phosphate_plate5.tif,1,880.000,880,880
35931,F8_01_1_2_Chlorophyll_A_001_phosphate_plate5.tif,1,832.000,832,832
35932,F8_01_1_2_Chlorophyll_A_001_phosphate_plate5.tif,1,800.000,800,800
35933,F8_01_1_2_Chlorophyll_A_001_phosphate_plate5.tif,1,816.000,816,816
35934,F8_01_1_2_Chlorophyll_A_001_phosphate_plate5.tif,1,768.000,768,768
35935,F8_01_1_2_Chlorophyll_A_001_phosphate_plate5.tif,1,832.000,832,832
35936,F8_01_1_2_Chlorophyll_A_001_phosphate_plate5.tif,2,816.000,784,848
35937,F8_01_1_2_Chlorophyll_A_001_phosphate_plate5.tif,1,864.000,864,864
35938,F8_01_1_2_Chlorophyll_A_001_phosphate_plate5.tif,1,816.000,816,816
35939,F8_01_1_2_Chlorophyll_A_001_phosphate_plate5.tif,1,848.000,848,848
35940,F8_01_1_2_Chlorophyll_A_001_phosphate_plate5.tif,1,928.000,928,928
35941,F8_01_1_2_Chlorophyll_A_001_phosphate_plate5.tif,2,800.000,784,816
35942,F8_01_1_2_Chlorophyll_A_001_phosphate_plate5.tif,1,832.000,832,832
35943,F8_01_1_2_Chlorophyll_A_001_phosphate_plate5.tif,2,808.000,800,816
35944,F8_01_1_2_Chlorophyll_A_001_phosphate_plate5.tif,3,880.000,832,912
35945,F8_01_1_2_Chlorophyll_A_001_phosphate_plate5.tif,1,832.000,832,832
35946,F8_01_1_2_Chlorophyll_A_001_phosphate_plate5.tif,41,1040.390,800,1376
35947,F8_01_1_2_Chlorophyll_A_001_phosphate_plate5.tif,22,901.818,768,1136
35948,F8_01_1_2_Chlorophyll_A_001_phosphate_plate5.tif,70,898.971,768,1184
35949,F8_01_1_2_Chlorophyll_A_001_phosphate_plate5.tif,12,864.000,768,1040
35950,F8_01_1_2_Chlorophyll_A_001_phosphate_plate5.tif,1,800.000,800,800
35951,F8_01_1_2_Chlorophyll_A_001_phosphate_plate5.tif,9,828.444,768,896
35952,F8_01_1_2_Chlorophyll_A_001_phosphate_plate5.tif,3,778.667,768,784
35953,F8_01_1_2_Chlorophyll_A_001_phosphate_plate5.tif,1,768.000,768,768
35954,F8_01_1_2_Chlorophyll_A_001_phosphate_plate5.tif,2,824.000,768,880
35955,F8_01_1_2_Chlorophyll_A_001_phosphate_plate5.tif,1,896.000,896,896
35956,F8_01_1_2_Chlorophyll_A_001_phosphate_plate5.tif,1,976.000,976,976
35957,F8_01_1_2_Chlorophyll_A_001_phosphate_plate5.tif,1,784.000,784,784
35958,F8_01_1_2_Chlorophyll_A_001_phosphate_plate5.tif,112,3686.714,768,17312
35959,F8_01_1_2_Chlorophyll_A_001_phosphate_plate5.tif,1,800.000,800,800
35960,F8_01_1_2_Chlorophyll_A_001_phosphate_plate5.tif,1,784.000,784,784
35961,F8_01_1_2_Chlorophyll_A_001_phosphate_plate5.tif,1,768.000,768,768
35962,F8_01_1_2_Chlorophyll_A_001_phosphate_plate5.tif,1,896.000,896,896
35963,F8_01_1_2_Chlorophyll_A_001_phosphate_plate5.tif,1,832.000,832,832
35964,F8_01_1_2_Chlorophyll_A_001_phosphate_plate5.tif,1,768.000,768,768
35965,F8_01_1_2_Chlorophyll_A_001_phosphate_plate5.tif,1,784.000,784,784
35966,F8_01_1_2_Chlorophyll_A_001_phosphate_plate5.tif,1,816.000,816,816
35967,F8_01_1_2_Chlorophyll_A_001_phosphate_plate5.tif,1,848.000,848,848
35968,F8_01_1_2_Chlorophyll_A_001_phosphate_plate5.tif,33,949.333,768,1216
35969,F8_01_1_2_Chlorophyll_A_001_phosphate_plate5.tif,39,935.385,800,1248
35970,F8_01_1_2_Chlorophyll_A_001_phosphate_plate5.tif,12,924.000,800,1088
35971,F8_01_1_2_Chlorophyll_A_001_phosphate_plate5.tif,70,905.600,768,1216
35972,F8_01_1_2_Chlorophyll_A_001_phosphate_plate5.tif,25,887.680,768,1152
35973,F8_01_1_2_Chlorophyll_A_001_phosphate_plate5.tif,24,840.667,768,976
35974,F8_01_1_2_Chlorophyll_A_001_phosphate_plate5.tif,1,816.000,816,816
35975,F8_01_1_2_Chlorophyll_A_001_phosphate_plate5.tif,5,796.800,768,864
35976,F8_01_1_2_Chlorophyll_A_001_phosphate_plate5.tif,1,816.000,816,816
35977,F8_01_1_2_Chlorophyll_A_001_phosphate_plate5.tif,1,832.000,832,832
35978,F8_01_1_2_Chlorophyll_A_001_phosphate_plate5.tif,1,784.000,784,784
35979,F8_01_1_2_Chlorophyll_A_001_phosphate_plate5.tif,1,784.000,784,784
35980,F8_01_1_2_Chlorophyll_A_001_phosphate_plate5.tif,1,944.000,944,944
35981,F8_01_1_2_Chlorophyll_A_001_phosphate_plate5.tif,1,848.000,848,848
35982,F8_01_1_2_Chlorophyll_A_001_phosphate_plate5.tif,1,784.000,784,784
35983,F8_01_1_2_Chlorophyll_A_001_phosphate_plate5.tif,1,896.000,896,896
35984,F8_01_1_2_Chlorophyll_A_001_phosphate_plate5.tif,1,800.000,800,800
35985,F8_01_1_2_Chlorophyll_A_001_phosphate_plate5.tif,1,816.000,816,816
35986,F8_01_1_2_Chlorophyll_A_001_phosphate_plate5.tif,2,832.000,768,896
35987,F8_01_1_2_Chlorophyll_A_001_phosphate_plate5.tif,3,784.000,784,784
35988,F8_01_1_2_Chlorophyll_A_001_phosphate_plate5.tif,2,864.000,832,896
35989,F8_01_1_2_Chlorophyll_A_001_phosphate_plate5.tif,1,784.000,784,784
35990,F8_01_1_2_Chlorophyll_A_001_phosphate_plate5.tif,1,816.000,816,816
35991,F8_01_1_2_Chlorophyll_A_001_phosphate_plate5.tif,1,832.000,832,832
35992,F8_01_1_2_Chlorophyll_A_001_phosphate_plate5.tif,1,912.000,912,912
35993,F8_01_1_2_Chlorophyll_A_001_phosphate_plate5.tif,2,824.000,784,864
35994,F8_01_1_2_Chlorophyll_A_001_phosphate_plate5.tif,2,808.000,800,816
35995,F8_01_1_2_Chlorophyll_A_001_phosphate_plate5.tif,1,784.000,784,784
35996,F8_01_1_2_Chlorophyll_A_001_phosphate_plate5.tif,2,808.000,768,848
35997,F8_01_1_2_Chlorophyll_A_001_phosphate_plate5.tif,1,896.000,896,896
35998,F8_01_1_2_Chlorophyll_A_001_phosphate_plate5.tif,5,841.600,816,864
35999,F8_01_1_2_Chlorophyll_A_001_phosphate_plate5.tif,2,816.000,784,848
36000,F8_01_1_2_Chlorophyll_A_001_phosphate_plate5.tif,1,800.000,800,800
36001,F8_01_1_2_Chlorophyll_A_001_phosphate_plate5.tif,30,892.800,768,1184
36002,F8_01_1_2_Chlorophyll_A_001_phosphate_plate5.tif,4,836.000,784,880
36003,F8_01_1_2_Chlorophyll_A_001_phosphate_plate5.tif,1,912.000,912,912
36004,F8_01_1_2_Chlorophyll_A_001_phosphate_plate5.tif,1,976.000,976,976
36005,F8_01_1_2_Chlorophyll_A_001_phosphate_plate5.tif,1,848.000,848,848
36006,F8_01_1_2_Chlorophyll_A_001_phosphate_plate5.tif,1,800.000,800,800
36007,F8_01_1_2_Chlorophyll_A_001_phosphate_plate5.tif,2,840.000,800,880
36008,F8_01_1_2_Chlorophyll_A_001_phosphate_plate5.tif,1,768.000,768,768
36009,F8_01_1_2_Chlorophyll_A_001_phosphate_plate5.tif,3,842.667,800,880
36010,F8_01_1_2_Chlorophyll_A_001_phosphate_plate5.tif,1,800.000,800,800
36011,F8_01_1_2_Chlorophyll_A_001_phosphate_plate5.tif,1,784.000,784,784
36012,F8_01_1_2_Chlorophyll_A_001_phosphate_plate5.tif,1,880.000,880,880
36013,F8_01_1_2_Chlorophyll_A_001_phosphate_plate5.tif,1,784.000,784,784
36014,F8_01_1_2_Chlorophyll_A_001_phosphate_plate5.tif,1,784.000,784,784
36015,F8_01_1_2_Chlorophyll_A_001_phosphate_plate5.tif,1,912.000,912,912
36016,F8_01_1_2_Chlorophyll_A_001_phosphate_plate5.tif,2,840.000,784,896
36017,F8_01_1_2_Chlorophyll_A_001_phosphate_plate5.tif,2,904.000,848,960
36018,F8_01_1_2_Chlorophyll_A_001_phosphate_plate5.tif,1,912.000,912,912
36019,F8_01_1_2_Chlorophyll_A_001_phosphate_plate5.tif,1,880.000,880,880
36020,F8_01_1_2_Chlorophyll_A_001_phosphate_plate5.tif,1,800.000,800,800
36021,F8_01_1_2_Chlorophyll_A_001_phosphate_plate5.tif,1,784.000,784,784
36022,F8_01_1_2_Chlorophyll_A_001_phosphate_plate5.tif,5,838.400,768,928
36023,F8_01_1_2_Chlorophyll_A_001_phosphate_plate5.tif,1,768.000,768,768
36024,F8_01_1_2_Chlorophyll_A_001_phosphate_plate5.tif,1,800.000,800,800
36025,F8_01_1_2_Chlorophyll_A_001_phosphate_plate5.tif,1,768.000,768,768
36026,F8_01_1_2_Chlorophyll_A_001_phosphate_plate5.tif,1,896.000,896,896
36027,F8_01_1_2_Chlorophyll_A_001_phosphate_plate5.tif,33,920.727,768,1152
36028,F8_01_1_2_Chlorophyll_A_001_phosphate_plate5.tif,38,898.105,768,1168
36029,F8_01_1_2_Chlorophyll_A_001_phosphate_plate5.tif,19,912.842,800,1088
36030,F8_01_1_2_Chlorophyll_A_001_phosphate_plate5.tif,89,891.685,768,1072
36031,F8_01_1_2_Chlorophyll_A_001_phosphate_plate5.tif,2,768.000,768,768
36032,F8_01_1_2_Chlorophyll_A_001_phosphate_plate5.tif,2,832.000,784,880
36033,F8_01_1_2_Chlorophyll_A_001_phosphate_plate5.tif,1,784.000,784,784
36034,F8_01_1_2_Chlorophyll_A_001_phosphate_plate5.tif,1,800.000,800,800
36035,F8_01_1_2_Chlorophyll_A_001_phosphate_plate5.tif,1,864.000,864,864
36036,F8_01_1_2_Chlorophyll_A_001_phosphate_plate5.tif,1,1056.000,1056,1056
36037,F8_01_1_2_Chlorophyll_A_001_phosphate_plate5.tif,1,768.000,768,768
36038,F8_01_1_2_Chlorophyll_A_001_phosphate_plate5.tif,1,784.000,784,784
36039,F8_01_1_2_Chlorophyll_A_001_phosphate_plate5.tif,1,816.000,816,816
36040,F8_01_1_2_Chlorophyll_A_001_phosphate_plate5.tif,2,776.000,768,784
36041,F8_01_1_2_Chlorophyll_A_001_phosphate_plate5.tif,1,880.000,880,880
36042,F8_01_1_2_Chlorophyll_A_001_phosphate_plate5.tif,1,768.000,768,768
36043,F8_01_1_2_Chlorophyll_A_001_phosphate_plate5.tif,1,768.000,768,768
36044,F8_01_1_2_Chlorophyll_A_001_phosphate_plate5.tif,1,816.000,816,816
36045,F8_01_1_2_Chlorophyll_A_001_phosphate_plate5.tif,1,816.000,816,816
36046,F8_01_1_2_Chlorophyll_A_001_phosphate_plate5.tif,1,960.000,960,960
36047,F8_01_1_2_Chlorophyll_A_001_phosphate_plate5.tif,1,832.000,832,832
36048,F8_01_1_2_Chlorophyll_A_001_phosphate_plate5.tif,1,800.000,800,800
36049,F8_01_1_2_Chlorophyll_A_001_phosphate_plate5.tif,1,832.000,832,832
36050,F8_01_1_2_Chlorophyll_A_001_phosphate_plate5.tif,2,808.000,784,832
36051,F8_01_1_2_Chlorophyll_A_001_phosphate_plate5.tif,2,904.000,832,976
36052,F8_01_1_2_Chlorophyll_A_001_phosphate_plate5.tif,2,824.000,768,880
36053,F8_01_1_2_Chlorophyll_A_001_phosphate_plate5.tif,222,1070.198,768,1536
36054,F8_01_1_2_Chlorophyll_A_001_phosphate_plate5.tif,34,956.235,784,1232
36055,F8_01_1_2_Chlorophyll_A_001_phosphate_plate5.tif,440,1512.473,768,12528
36056,F8_01_1_2_Chlorophyll_A_001_phosphate_plate5.tif,2,864.000,800,928
36057,F8_01_1_2_Chlorophyll_A_001_phosphate_plate5.tif,1,800.000,800,800
36058,F8_01_1_2_Chlorophyll_A_001_phosphate_plate5.tif,2,792.000,768,816
36059,F8_01_1_2_Chlorophyll_A_001_phosphate_plate5.tif,1,880.000,880,880
36060,F8_01_1_2_Chlorophyll_A_001_phosphate_plate5.tif,1,816.000,816,816
36061,F8_01_1_2_Chlorophyll_A_001_phosphate_plate5.tif,1,880.000,880,880
36062,F8_01_1_2_Chlorophyll_A_001_phosphate_plate5.tif,1,832.000,832,832
36063,F8_01_1_2_Chlorophyll_A_001_phosphate_plate5.tif,2,800.000,768,832
36064,F8_01_1_2_Chlorophyll_A_001_phosphate_plate5.tif,2,776.000,768,784
36065,F8_01_1_2_Chlorophyll_A_001_phosphate_plate5.tif,1,832.000,832,832
36066,F8_01_1_2_Chlorophyll_A_001_phosphate_plate5.tif,1,896.000,896,896
36067,F8_01_1_2_Chlorophyll_A_001_phosphate_plate5.tif,1,768.000,768,768
36068,F8_01_1_2_Chlorophyll_A_001_phosphate_plate5.tif,1,768.000,768,768
36069,F8_01_1_2_Chlorophyll_A_001_phosphate_plate5.tif,1,768.000,768,768
36070,F8_01_1_2_Chlorophyll_A_001_phosphate_plate5.tif,1,944.000,944,944
36071,F8_01_1_2_Chlorophyll_A_001_phosphate_plate5.tif,1,800.000,800,800
36072,F8_01_1_2_Chlorophyll_A_001_phosphate_plate5.tif,77,2711.481,768,10064
36073,F8_01_1_2_Chlorophyll_A_001_phosphate_plate5.tif,1,816.000,816,816
36074,F8_01_1_2_Chlorophyll_A_001_phosphate_plate5.tif,1,880.000,880,880
36075,F8_01_1_2_Chlorophyll_A_001_phosphate_plate5.tif,1,832.000,832,832
36076,F8_01_1_2_Chlorophyll_A_001_phosphate_plate5.tif,1,816.000,816,816
36077,F8_01_1_2_Chlorophyll_A_001_phosphate_plate5.tif,1,800.000,800,800
36078,F8_01_1_2_Chlorophyll_A_001_phosphate_plate5.tif,3,858.667,784,976
36079,F8_01_1_2_Chlorophyll_A_001_phosphate_plate5.tif,2,856.000,768,944
36080,F8_01_1_2_Chlorophyll_A_001_phosphate_plate5.tif,6,850.667,768,992
36081,F8_01_1_2_Chlorophyll_A_001_phosphate_plate5.tif,2,776.000,768,784
36082,F8_01_1_2_Chlorophyll_A_001_phosphate_plate5.tif,3,832.000,768,896
36083,F8_01_1_2_Chlorophyll_A_001_phosphate_plate5.tif,241,1241.295,768,9440
36084,F8_01_1_2_Chlorophyll_A_001_phosphate_plate5.tif,85,958.871,768,1312
36085,F8_01_1_2_Chlorophyll_A_001_phosphate_plate5.tif,24,902.000,768,1152
36086,F8_01_1_2_Chlorophyll_A_001_phosphate_plate5.tif,46,966.261,768,1200
36087,F8_01_1_2_Chlorophyll_A_001_phosphate_plate5.tif,33,889.212,768,1184
36088,F8_01_1_2_Chlorophyll_A_001_phosphate_plate5.tif,64,887.250,768,1152
36089,F8_01_1_2_Chlorophyll_A_001_phosphate_plate5.tif,1,848.000,848,848
36090,F8_01_1_2_Chlorophyll_A_001_phosphate_plate5.tif,3,794.667,768,832
36091,F8_01_1_2_Chlorophyll_A_001_phosphate_plate5.tif,1,848.000,848,848
36092,F8_01_1_2_Chlorophyll_A_001_phosphate_plate5.tif,3,778.667,768,784
36093,F8_01_1_2_Chlorophyll_A_001_phosphate_plate5.tif,1,944.000,944,944
36094,F8_01_1_2_Chlorophyll_A_001_phosphate_plate5.tif,1,864.000,864,864
36095,F8_01_1_2_Chlorophyll_A_001_phosphate_plate5.tif,1,800.000,800,800
36096,F8_01_1_2_Chlorophyll_A_001_phosphate_plate5.tif,3,805.333,768,848
36097,F8_01_1_2_Chlorophyll_A_001_phosphate_plate5.tif,2,768.000,768,768
36098,F8_01_1_2_Chlorophyll_A_001_phosphate_plate5.tif,1,800.000,800,800
36099,F8_01_1_2_Chlorophyll_A_001_phosphate_plate5.tif,5,790.400,768,864
36100,F8_01_1_2_Chlorophyll_A_001_phosphate_plate5.tif,1,880.000,880,880
36101,F8_01_1_2_Chlorophyll_A_001_phosphate_plate5.tif,1,928.000,928,928
36102,F8_01_1_2_Chlorophyll_A_001_phosphate_plate5.tif,1,800.000,800,800
36103,F8_01_1_2_Chlorophyll_A_001_phosphate_plate5.tif,1,880.000,880,880
36104,F8_01_1_2_Chlorophyll_A_001_phosphate_plate5.tif,2,824.000,768,880
36105,F8_01_1_2_Chlorophyll_A_001_phosphate_plate5.tif,1,864.000,864,864
36106,F8_01_1_2_Chlorophyll_A_001_phosphate_plate5.tif,1,896.000,896,896
36107,F8_01_1_2_Chlorophyll_A_001_phosphate_plate5.tif,1,832.000,832,832
36108,F8_01_1_2_Chlorophyll_A_001_phosphate_plate5.tif,1,800.000,800,800
36109,F8_01_1_2_Chlorophyll_A_001_phosphate_plate5.tif,1,768.000,768,768
36110,F8_01_1_2_Chlorophyll_A_001_phosphate_plate5.tif,2,824.000,816,832
36111,F8_01_1_2_Chlorophyll_A_001_phosphate_plate5.tif,1,784.000,784,784
36112,F8_01_1_2_Chlorophyll_A_001_phosphate_plate5.tif,1,784.000,784,784
36113,F8_01_1_2_Chlorophyll_A_001_phosphate_plate5.tif,1,800.000,800,800
36114,F8_01_1_2_Chlorophyll_A_001_phosphate_plate5.tif,3,805.333,768,848
36115,F8_01_1_2_Chlorophyll_A_001_phosphate_plate5.tif,5,796.800,768,832
36116,F8_01_1_2_Chlorophyll_A_001_phosphate_plate5.tif,1,912.000,912,912
36117,F8_01_1_2_Chlorophyll_A_001_phosphate_plate5.tif,3,858.667,816,928
36118,F8_01_1_2_Chlorophyll_A_001_phosphate_plate5.tif,1,928.000,928,928
36119,F8_01_1_2_Chlorophyll_A_001_phosphate_plate5.tif,2,848.000,768,928
36120,F8_01_1_2_Chlorophyll_A_001_phosphate_plate5.tif,2,792.000,768,816
36121,F8_01_1_2_Chlorophyll_A_001_phosphate_plate5.tif,1,768.000,768,768
36122,F8_01_1_2_Chlorophyll_A_001_phosphate_plate5.tif,4,816.000,768,960
36123,F8_01_1_2_Chlorophyll_A_001_phosphate_plate5.tif,1,768.000,768,768
36124,F8_01_1_2_Chlorophyll_A_001_phosphate_plate5.tif,1,784.000,784,784
36125,F8_01_1_2_Chlorophyll_A_001_phosphate_plate5.tif,1,768.000,768,768
36126,F8_01_1_2_Chlorophyll_A_001_phosphate_plate5.tif,1,784.000,784,784
36127,F8_01_1_2_Chlorophyll_A_001_phosphate_plate5.tif,1,1024.000,1024,1024
36128,F8_01_1_2_Chlorophyll_A_001_phosphate_plate5.tif,1,1008.000,1008,1008
36129,F8_01_1_2_Chlorophyll_A_001_phosphate_plate5.tif,1,816.000,816,816
36130,F8_01_1_2_Chlorophyll_A_001_phosphate_plate5.tif,1,864.000,864,864
36131,F8_01_1_2_Chlorophyll_A_001_phosphate_plate5.tif,1,768.000,768,768
36132,F8_01_1_2_Chlorophyll_A_001_phosphate_plate5.tif,1,800.000,800,800
36133,F8_01_1_2_Chlorophyll_A_001_phosphate_plate5.tif,3,848.000,816,880
36134,F8_01_1_2_Chlorophyll_A_001_phosphate_plate5.tif,1,848.000,848,848
36135,F8_01_1_2_Chlorophyll_A_001_phosphate_plate5.tif,4,800.000,768,832
36136,F8_01_1_2_Chlorophyll_A_001_phosphate_plate5.tif,1,896.000,896,896
36137,F8_01_1_2_Chlorophyll_A_001_phosphate_plate5.tif,1,800.000,800,800
36138,F8_01_1_2_Chlorophyll_A_001_phosphate_plate5.tif,1,784.000,784,784
36139,F8_01_1_2_Chlorophyll_A_001_phosphate_plate5.tif,1,848.000,848,848
36140,F8_01_1_2_Chlorophyll_A_001_phosphate_plate5.tif,1,784.000,784,784
36141,F8_01_1_2_Chlorophyll_A_001_phosphate_plate5.tif,1,816.000,816,816
36142,F8_01_1_2_Chlorophyll_A_001_phosphate_plate5.tif,1,800.000,800,800
36143,F8_01_1_2_Chlorophyll_A_001_phosphate_plate5.tif,2,800.000,800,800
36144,F8_01_1_2_Chlorophyll_A_001_phosphate_plate5.tif,1,800.000,800,800
36145,F8_01_1_2_Chlorophyll_A_001_phosphate_plate5.tif,8,834.000,768,976
36146,F8_01_1_2_Chlorophyll_A_001_phosphate_plate5.tif,3,805.333,784,816
36147,F8_01_1_2_Chlorophyll_A_001_phosphate_plate5.tif,6,816.000,784,832
36148,F8_01_1_2_Chlorophyll_A_001_phosphate_plate5.tif,34,927.059,768,1168
36149,F8_01_1_2_Chlorophyll_A_001_phosphate_plate5.tif,42,927.238,768,1184
36150,F8_01_1_2_Chlorophyll_A_001_phosphate_plate5.tif,34,930.353,768,1200
36151,F8_01_1_2_Chlorophyll_A_001_phosphate_plate5.tif,3,880.000,816,928
36152,F8_01_1_2_Chlorophyll_A_001_phosphate_plate5.tif,5,828.800,768,928
36153,F8_01_1_2_Chlorophyll_A_001_phosphate_plate5.tif,1,848.000,848,848
36154,F8_01_1_2_Chlorophyll_A_001_phosphate_plate5.tif,1,800.000,800,800
36155,F8_01_1_2_Chlorophyll_A_001_phosphate_plate5.tif,2,816.000,800,832
36156,F8_01_1_2_Chlorophyll_A_001_phosphate_plate5.tif,1,800.000,800,800
36157,F8_01_1_2_Chlorophyll_A_001_phosphate_plate5.tif,1,784.000,784,784
36158,F8_01_1_2_Chlorophyll_A_001_phosphate_plate5.tif,1,816.000,816,816
36159,F8_01_1_2_Chlorophyll_A_001_phosphate_plate5.tif,1,768.000,768,768
36160,F8_01_1_2_Chlorophyll_A_001_phosphate_plate5.tif,1,768.000,768,768
36161,F8_01_1_2_Chlorophyll_A_001_phosphate_plate5.tif,1,784.000,784,784
36162,F8_01_1_2_Chlorophyll_A_001_phosphate_plate5.tif,2,896.000,768,1024
36163,F8_01_1_2_Chlorophyll_A_001_phosphate_plate5.tif,2,880.000,848,912
36164,F8_01_1_2_Chlorophyll_A_001_phosphate_plate5.tif,1,848.000,848,848
36165,F8_01_1_2_Chlorophyll_A_001_phosphate_plate5.tif,1,800.000,800,800
36166,F8_01_1_2_Chlorophyll_A_001_phosphate_plate5.tif,1,848.000,848,848
36167,F8_01_1_2_Chlorophyll_A_001_phosphate_plate5.tif,1,880.000,880,880
36168,F8_01_1_2_Chlorophyll_A_001_phosphate_plate5.tif,1,768.000,768,768
36169,F8_01_1_2_Chlorophyll_A_001_phosphate_plate5.tif,1,768.000,768,768
36170,F8_01_1_2_Chlorophyll_A_001_phosphate_plate5.tif,1,848.000,848,848
36171,F8_01_1_2_Chlorophyll_A_001_phosphate_plate5.tif,1,768.000,768,768
36172,F8_01_1_2_Chlorophyll_A_001_phosphate_plate5.tif,1,768.000,768,768
36173,F8_01_1_2_Chlorophyll_A_001_phosphate_plate5.tif,2,800.000,784,816
36174,F8_01_1_2_Chlorophyll_A_001_phosphate_plate5.tif,2,840.000,784,896
36175,F8_01_1_2_Chlorophyll_A_001_phosphate_plate5.tif,1,832.000,832,832
36176,F8_01_1_2_Chlorophyll_A_001_phosphate_plate5.tif,1,768.000,768,768
36177,F8_01_1_2_Chlorophyll_A_001_phosphate_plate5.tif,1,816.000,816,816
36178,F8_01_1_2_Chlorophyll_A_001_phosphate_plate5.tif,1,832.000,832,832
36179,F8_01_1_2_Chlorophyll_A_001_phosphate_plate5.tif,4,840.000,784,896
36180,F8_01_1_2_Chlorophyll_A_001_phosphate_plate5.tif,1,896.000,896,896
36181,F8_01_1_2_Chlorophyll_A_001_phosphate_plate5.tif,4,820.000,768,880
36182,F8_01_1_2_Chlorophyll_A_001_phosphate_plate5.tif,1,784.000,784,784
36183,F8_01_1_2_Chlorophyll_A_001_phosphate_plate5.tif,2,832.000,784,880
36184,F8_01_1_2_Chlorophyll_A_001_phosphate_plate5.tif,2,808.000,784,832
36185,F8_01_1_2_Chlorophyll_A_001_phosphate_plate5.tif,1,848.000,848,848
36186,F8_01_1_2_Chlorophyll_A_001_phosphate_plate5.tif,1,784.000,784,784
36187,F8_01_1_2_Chlorophyll_A_001_phosphate_plate5.tif,1,816.000,816,816
36188,F8_01_1_2_Chlorophyll_A_001_phosphate_plate5.tif,1,768.000,768,768
36189,F8_01_1_2_Chlorophyll_A_001_phosphate_plate5.tif,1,784.000,784,784
36190,F8_01_1_2_Chlorophyll_A_001_phosphate_plate5.tif,1,816.000,816,816
36191,F8_01_1_2_Chlorophyll_A_001_phosphate_plate5.tif,1,784.000,784,784
36192,F8_01_1_2_Chlorophyll_A_001_phosphate_plate5.tif,3,800.000,768,832
36193,F8_01_1_2_Chlorophyll_A_001_phosphate_plate5.tif,1,784.000,784,784
36194,F8_01_1_2_Chlorophyll_A_001_phosphate_plate5.tif,1,832.000,832,832
36195,F8_01_1_2_Chlorophyll_A_001_phosphate_plate5.tif,1,1008.000,1008,1008
36196,F8_01_1_2_Chlorophyll_A_001_phosphate_plate5.tif,1,1024.000,1024,1024
36197,F8_01_1_2_Chlorophyll_A_001_phosphate_plate5.tif,1,784.000,784,784
36198,F8_01_1_2_Chlorophyll_A_001_phosphate_plate5.tif,1,768.000,768,768
36199,F8_01_1_2_Chlorophyll_A_001_phosphate_plate5.tif,1,768.000,768,768
36200,F8_01_1_2_Chlorophyll_A_001_phosphate_plate5.tif,1,784.000,784,784
36201,F8_01_1_2_Chlorophyll_A_001_phosphate_plate5.tif,1,800.000,800,800
36202,F8_01_1_2_Chlorophyll_A_001_phosphate_plate5.tif,1,784.000,784,784
36203,F8_01_1_2_Chlorophyll_A_001_phosphate_plate5.tif,1,784.000,784,784
36204,F8_01_1_2_Chlorophyll_A_001_phosphate_plate5.tif,1,896.000,896,896
36205,F8_01_1_2_Chlorophyll_A_001_phosphate_plate5.tif,1,784.000,784,784
36206,F8_01_1_2_Chlorophyll_A_001_phosphate_plate5.tif,1,768.000,768,768
36207,F8_01_1_2_Chlorophyll_A_001_phosphate_plate5.tif,11,866.909,768,1056
36208,F8_01_1_2_Chlorophyll_A_001_phosphate_plate5.tif,1,784.000,784,784
36209,F8_01_1_2_Chlorophyll_A_001_phosphate_plate5.tif,61,1091.410,800,1504
36210,F8_01_1_2_Chlorophyll_A_001_phosphate_plate5.tif,15,940.800,784,1264
36211,F8_01_1_2_Chlorophyll_A_001_phosphate_plate5.tif,1,976.000,976,976
36212,F8_01_1_2_Chlorophyll_A_001_phosphate_plate5.tif,1,832.000,832,832
36213,F8_01_1_2_Chlorophyll_A_001_phosphate_plate5.tif,1,800.000,800,800
36214,F8_01_1_2_Chlorophyll_A_001_phosphate_plate5.tif,1,816.000,816,816
36215,F8_01_1_2_Chlorophyll_A_001_phosphate_plate5.tif,2,784.000,768,800
36216,F8_01_1_2_Chlorophyll_A_001_phosphate_plate5.tif,1,816.000,816,816
36217,F8_01_1_2_Chlorophyll_A_001_phosphate_plate5.tif,2,776.000,768,784
36218,F8_01_1_2_Chlorophyll_A_001_phosphate_plate5.tif,1,768.000,768,768
36219,F8_01_1_2_Chlorophyll_A_001_phosphate_plate5.tif,1,832.000,832,832
36220,F8_01_1_2_Chlorophyll_A_001_phosphate_plate5.tif,1,896.000,896,896
36221,F8_01_1_2_Chlorophyll_A_001_phosphate_plate5.tif,1,832.000,832,832
36222,F8_01_1_2_Chlorophyll_A_001_phosphate_plate5.tif,1,768.000,768,768
36223,F8_01_1_2_Chlorophyll_A_001_phosphate_plate5.tif,1,816.000,816,816
36224,F8_01_1_2_Chlorophyll_A_001_phosphate_plate5.tif,1,832.000,832,832
36225,F8_01_1_2_Chlorophyll_A_001_phosphate_plate5.tif,1,832.000,832,832
36226,F8_01_1_2_Chlorophyll_A_001_phosphate_plate5.tif,1,768.000,768,768
36227,F8_01_1_2_Chlorophyll_A_001_phosphate_plate5.tif,1,848.000,848,848
36228,F8_01_1_2_Chlorophyll_A_001_phosphate_plate5.tif,1,832.000,832,832
36229,F8_01_1_2_Chlorophyll_A_001_phosphate_plate5.tif,1,832.000,832,832
36230,F8_01_1_2_Chlorophyll_A_001_phosphate_plate5.tif,3,768.000,768,768
36231,F8_01_1_2_Chlorophyll_A_001_phosphate_plate5.tif,2,776.000,768,784
36232,F8_01_1_2_Chlorophyll_A_001_phosphate_plate5.tif,1,800.000,800,800
36233,F8_01_1_2_Chlorophyll_A_001_phosphate_plate5.tif,1,816.000,816,816
36234,F8_01_1_2_Chlorophyll_A_001_phosphate_plate5.tif,4,820.000,768,864
36235,F8_01_1_2_Chlorophyll_A_001_phosphate_plate5.tif,3,874.667,800,976
36236,F8_01_1_2_Chlorophyll_A_001_phosphate_plate5.tif,1,816.000,816,816
36237,F8_01_1_2_Chlorophyll_A_001_phosphate_plate5.tif,3,810.667,768,864
36238,F8_01_1_2_Chlorophyll_A_001_phosphate_plate5.tif,1,768.000,768,768
36239,F8_01_1_2_Chlorophyll_A_001_phosphate_plate5.tif,4,928.000,864,1056
36240,F8_01_1_2_Chlorophyll_A_001_phosphate_plate5.tif,1,896.000,896,896
36241,F8_01_1_2_Chlorophyll_A_001_phosphate_plate5.tif,19,950.737,784,1264
36242,F8_01_1_2_Chlorophyll_A_001_phosphate_plate5.tif,83,897.928,768,1184
36243,F8_01_1_2_Chlorophyll_A_001_phosphate_plate5.tif,9,951.111,768,1136
36244,F8_01_1_2_Chlorophyll_A_001_phosphate_plate5.tif,2,792.000,784,800
36245,F8_01_1_2_Chlorophyll_A_001_phosphate_plate5.tif,2,816.000,800,832
36246,F8_01_1_2_Chlorophyll_A_001_phosphate_plate5.tif,1,784.000,784,784
36247,F8_01_1_2_Chlorophyll_A_001_phosphate_plate5.tif,1,800.000,800,800
36248,F8_01_1_2_Chlorophyll_A_001_phosphate_plate5.tif,1,880.000,880,880
36249,F8_01_1_2_Chlorophyll_A_001_phosphate_plate5.tif,1,784.000,784,784
36250,F8_01_1_2_Chlorophyll_A_001_phosphate_plate5.tif,1,784.000,784,784
36251,F8_01_1_2_Chlorophyll_A_001_phosphate_plate5.tif,1,768.000,768,768
36252,F8_01_1_2_Chlorophyll_A_001_phosphate_plate5.tif,1,784.000,784,784
36253,F8_01_1_2_Chlorophyll_A_001_phosphate_plate5.tif,2,808.000,800,816
36254,F8_01_1_2_Chlorophyll_A_001_phosphate_plate5.tif,3,858.667,832,896
36255,F8_01_1_2_Chlorophyll_A_001_phosphate_plate5.tif,1,768.000,768,768
36256,F8_01_1_2_Chlorophyll_A_001_phosphate_plate5.tif,1,960.000,960,960
36257,F8_01_1_2_Chlorophyll_A_001_phosphate_plate5.tif,1,816.000,816,816
36258,F8_01_1_2_Chlorophyll_A_001_phosphate_plate5.tif,1,832.000,832,832
36259,F8_01_1_2_Chlorophyll_A_001_phosphate_plate5.tif,2,800.000,800,800
36260,F8_01_1_2_Chlorophyll_A_001_phosphate_plate5.tif,2,800.000,768,832
36261,F8_01_1_2_Chlorophyll_A_001_phosphate_plate5.tif,1,816.000,816,816
36262,F8_01_1_2_Chlorophyll_A_001_phosphate_plate5.tif,1,800.000,800,800
36263,F8_01_1_2_Chlorophyll_A_001_phosphate_plate5.tif,1,800.000,800,800
36264,F8_01_1_2_Chlorophyll_A_001_phosphate_plate5.tif,1,784.000,784,784
36265,F8_01_1_2_Chlorophyll_A_001_phosphate_plate5.tif,1,800.000,800,800
36266,F8_01_1_2_Chlorophyll_A_001_phosphate_plate5.tif,1,848.000,848,848
36267,F8_01_1_2_Chlorophyll_A_001_phosphate_plate5.tif,2,784.000,784,784
36268,F8_01_1_2_Chlorophyll_A_001_phosphate_plate5.tif,1,864.000,864,864
36269,F8_01_1_2_Chlorophyll_A_001_phosphate_plate5.tif,1,816.000,816,816
36270,F8_01_1_2_Chlorophyll_A_001_phosphate_plate5.tif,3,778.667,768,800
36271,F8_01_1_2_Chlorophyll_A_001_phosphate_plate5.tif,1,816.000,816,816
36272,F8_01_1_2_Chlorophyll_A_001_phosphate_plate5.tif,6,829.333,784,880
36273,F8_01_1_2_Chlorophyll_A_001_phosphate_plate5.tif,1,784.000,784,784
36274,F8_01_1_2_Chlorophyll_A_001_phosphate_plate5.tif,2,808.000,800,816
36275,F8_01_1_2_Chlorophyll_A_001_phosphate_plate5.tif,4,836.000,768,960
36276,F8_01_1_2_Chlorophyll_A_001_phosphate_plate5.tif,3,944.000,800,1120
36277,F8_01_1_2_Chlorophyll_A_001_phosphate_plate5.tif,1,832.000,832,832
36278,F8_01_1_2_Chlorophyll_A_001_phosphate_plate5.tif,40,971.200,768,1184
36279,F8_01_1_2_Chlorophyll_A_001_phosphate_plate5.tif,17,919.529,768,1184
36280,F8_01_1_2_Chlorophyll_A_001_phosphate_plate5.tif,38,895.579,768,1056
36281,F8_01_1_2_Chlorophyll_A_001_phosphate_plate5.tif,40,881.200,768,1120
36282,F8_01_1_2_Chlorophyll_A_001_phosphate_plate5.tif,4,900.000,816,1120
36283,F8_01_1_2_Chlorophyll_A_001_phosphate_plate5.tif,2,808.000,784,832
36284,F8_01_1_2_Chlorophyll_A_001_phosphate_plate5.tif,4,824.000,784,864
36285,F8_01_1_2_Chlorophyll_A_001_phosphate_plate5.tif,3,789.333,784,800
36286,F8_01_1_2_Chlorophyll_A_001_phosphate_plate5.tif,2,816.000,816,816
36287,F8_01_1_2_Chlorophyll_A_001_phosphate_plate5.tif,3,800.000,768,816
36288,F8_01_1_2_Chlorophyll_A_001_phosphate_plate5.tif,1,784.000,784,784
36289,F8_01_1_2_Chlorophyll_A_001_phosphate_plate5.tif,1,816.000,816,816
36290,F8_01_1_2_Chlorophyll_A_001_phosphate_plate5.tif,1,800.000,800,800
36291,F8_01_1_2_Chlorophyll_A_001_phosphate_plate5.tif,1,800.000,800,800
36292,F8_01_1_2_Chlorophyll_A_001_phosphate_plate5.tif,1,864.000,864,864
36293,F8_01_1_2_Chlorophyll_A_001_phosphate_plate5.tif,1,816.000,816,816
36294,F8_01_1_2_Chlorophyll_A_001_phosphate_plate5.tif,1,880.000,880,880
36295,F8_01_1_2_Chlorophyll_A_001_phosphate_plate5.tif,2,856.000,800,912
36296,F8_01_1_2_Chlorophyll_A_001_phosphate_plate5.tif,1,848.000,848,848
36297,F8_01_1_2_Chlorophyll_A_001_phosphate_plate5.tif,2,792.000,784,800
36298,F8_01_1_2_Chlorophyll_A_001_phosphate_plate5.tif,1,832.000,832,832
36299,F8_01_1_2_Chlorophyll_A_001_phosphate_plate5.tif,2,816.000,768,864
36300,F8_01_1_2_Chlorophyll_A_001_phosphate_plate5.tif,3,832.000,768,912
36301,F8_01_1_2_Chlorophyll_A_001_phosphate_plate5.tif,1,864.000,864,864
36302,F8_01_1_2_Chlorophyll_A_001_phosphate_plate5.tif,2,792.000,768,816
36303,F8_01_1_2_Chlorophyll_A_001_phosphate_plate5.tif,17,862.118,768,1072
36304,F8_01_1_2_Chlorophyll_A_001_phosphate_plate5.tif,1,848.000,848,848
36305,F8_01_1_2_Chlorophyll_A_001_phosphate_plate5.tif,28,913.143,768,1120
36306,F8_01_1_2_Chlorophyll_A_001_phosphate_plate5.tif,30,939.733,784,1120
36307,F8_01_1_2_Chlorophyll_A_001_phosphate_plate5.tif,47,918.128,768,1200
36308,F8_01_1_2_Chlorophyll_A_001_phosphate_plate5.tif,1,800.000,800,800
36309,F8_01_1_2_Chlorophyll_A_001_phosphate_plate5.tif,1,928.000,928,928
36310,F8_01_1_2_Chlorophyll_A_001_phosphate_plate5.tif,2,784.000,768,800
36311,F8_01_1_2_Chlorophyll_A_001_phosphate_plate5.tif,6,837.333,768,880
36312,F8_01_1_2_Chlorophyll_A_001_phosphate_plate5.tif,4,856.000,768,912
36313,F8_01_1_2_Chlorophyll_A_001_phosphate_plate5.tif,3,842.667,768,944
36314,F8_01_1_2_Chlorophyll_A_001_phosphate_plate5.tif,2,792.000,768,816
36315,F8_01_1_2_Chlorophyll_A_001_phosphate_plate5.tif,1,832.000,832,832
36316,F8_01_1_2_Chlorophyll_A_001_phosphate_plate5.tif,1,768.000,768,768
36317,F8_01_1_2_Chlorophyll_A_001_phosphate_plate5.tif,1,768.000,768,768
36318,F8_01_1_2_Chlorophyll_A_001_phosphate_plate5.tif,1,784.000,784,784
36319,F8_01_1_2_Chlorophyll_A_001_phosphate_plate5.tif,1,960.000,960,960
36320,F8_01_1_2_Chlorophyll_A_001_phosphate_plate5.tif,1,784.000,784,784
36321,F8_01_1_2_Chlorophyll_A_001_phosphate_plate5.tif,1,912.000,912,912
36322,F8_01_1_2_Chlorophyll_A_001_phosphate_plate5.tif,1,832.000,832,832
36323,F8_01_1_2_Chlorophyll_A_001_phosphate_plate5.tif,1,768.000,768,768
36324,F8_01_1_2_Chlorophyll_A_001_phosphate_plate5.tif,1,768.000,768,768
36325,F8_01_1_2_Chlorophyll_A_001_phosphate_plate5.tif,1,784.000,784,784
36326,F8_01_1_2_Chlorophyll_A_001_phosphate_plate5.tif,1,768.000,768,768
36327,F8_01_1_2_Chlorophyll_A_001_phosphate_plate5.tif,1,768.000,768,768
36328,F8_01_1_2_Chlorophyll_A_001_phosphate_plate5.tif,2,824.000,800,848
36329,F8_01_1_2_Chlorophyll_A_001_phosphate_plate5.tif,50,872.640,768,1168
36330,F8_01_1_2_Chlorophyll_A_001_phosphate_plate5.tif,1,1040.000,1040,1040
36331,F8_01_1_2_Chlorophyll_A_001_phosphate_plate5.tif,346,1304.971,768,9424
36332,F8_01_1_2_Chlorophyll_A_001_phosphate_plate5.tif,2,824.000,768,880
36333,F8_01_1_2_Chlorophyll_A_001_phosphate_plate5.tif,1,784.000,784,784
36334,F8_01_1_2_Chlorophyll_A_001_phosphate_plate5.tif,4,820.000,800,880
36335,F8_01_1_2_Chlorophyll_A_001_phosphate_plate5.tif,2,896.000,896,896
36336,F8_01_1_2_Chlorophyll_A_001_phosphate_plate5.tif,2,848.000,800,896
36337,F8_01_1_2_Chlorophyll_A_001_phosphate_plate5.tif,2,872.000,864,880
36338,F8_01_1_2_Chlorophyll_A_001_phosphate_plate5.tif,1,768.000,768,768
36339,F8_01_1_2_Chlorophyll_A_001_phosphate_plate5.tif,1,768.000,768,768
36340,F8_01_1_2_Chlorophyll_A_001_phosphate_plate5.tif,1,864.000,864,864
36341,F8_01_1_2_Chlorophyll_A_001_phosphate_plate5.tif,3,858.667,800,912
36342,F8_01_1_2_Chlorophyll_A_001_phosphate_plate5.tif,1,1136.000,1136,1136
36343,F8_01_1_2_Chlorophyll_A_001_phosphate_plate5.tif,1,912.000,912,912
36344,F8_01_1_2_Chlorophyll_A_001_phosphate_plate5.tif,1,784.000,784,784
36345,F8_01_1_2_Chlorophyll_A_001_phosphate_plate5.tif,1,768.000,768,768
36346,F8_01_1_2_Chlorophyll_A_001_phosphate_plate5.tif,1,784.000,784,784
36347,F8_01_1_2_Chlorophyll_A_001_phosphate_plate5.tif,1,768.000,768,768
36348,F8_01_1_2_Chlorophyll_A_001_phosphate_plate5.tif,1,896.000,896,896
36349,F8_01_1_2_Chlorophyll_A_001_phosphate_plate5.tif,1,880.000,880,880
36350,F8_01_1_2_Chlorophyll_A_001_phosphate_plate5.tif,1,768.000,768,768
36351,F8_01_1_2_Chlorophyll_A_001_phosphate_plate5.tif,1,880.000,880,880
36352,F8_01_1_2_Chlorophyll_A_001_phosphate_plate5.tif,1,800.000,800,800
36353,F8_01_1_2_Chlorophyll_A_001_phosphate_plate5.tif,1,800.000,800,800
36354,F8_01_1_2_Chlorophyll_A_001_phosphate_plate5.tif,1,864.000,864,864
36355,F8_01_1_2_Chlorophyll_A_001_phosphate_plate5.tif,1,800.000,800,800
36356,F8_01_1_2_Chlorophyll_A_001_phosphate_plate5.tif,1,768.000,768,768
36357,F8_01_1_2_Chlorophyll_A_001_phosphate_plate5.tif,1,784.000,784,784
36358,F8_01_1_2_Chlorophyll_A_001_phosphate_plate5.tif,1,944.000,944,944
36359,F8_01_1_2_Chlorophyll_A_001_phosphate_plate5.tif,1,880.000,880,880
36360,F8_01_1_2_Chlorophyll_A_001_phosphate_plate5.tif,1,768.000,768,768
36361,F8_01_1_2_Chlorophyll_A_001_phosphate_plate5.tif,1,768.000,768,768
36362,F8_01_1_2_Chlorophyll_A_001_phosphate_plate5.tif,3,821.333,816,832
36363,F8_01_1_2_Chlorophyll_A_001_phosphate_plate5.tif,7,834.286,784,880
36364,F8_01_1_2_Chlorophyll_A_001_phosphate_plate5.tif,26,957.538,768,1168
36365,F8_01_1_2_Chlorophyll_A_001_phosphate_plate5.tif,56,933.429,768,1184
36366,F8_01_1_2_Chlorophyll_A_001_phosphate_plate5.tif,22,898.182,768,1088
36367,F8_01_1_2_Chlorophyll_A_001_phosphate_plate5.tif,48,969.667,768,1216
36368,F8_01_1_2_Chlorophyll_A_001_phosphate_plate5.tif,51,907.608,768,1200
36369,F8_01_1_2_Chlorophyll_A_001_phosphate_plate5.tif,18,884.444,768,1056
36370,F8_01_1_2_Chlorophyll_A_001_phosphate_plate5.tif,7,802.286,784,848
36371,F8_01_1_2_Chlorophyll_A_001_phosphate_plate5.tif,4,848.000,768,896
36372,F8_01_1_2_Chlorophyll_A_001_phosphate_plate5.tif,1,912.000,912,912
36373,F8_01_1_2_Chlorophyll_A_001_phosphate_plate5.tif,1,864.000,864,864
36374,F8_01_1_2_Chlorophyll_A_001_phosphate_plate5.tif,1,848.000,848,848
36375,F8_01_1_2_Chlorophyll_A_001_phosphate_plate5.tif,2,800.000,784,816
36376,F8_01_1_2_Chlorophyll_A_001_phosphate_plate5.tif,2,832.000,784,880
36377,F8_01_1_2_Chlorophyll_A_001_phosphate_plate5.tif,1,864.000,864,864
36378,F8_01_1_2_Chlorophyll_A_001_phosphate_plate5.tif,1,928.000,928,928
36379,F8_01_1_2_Chlorophyll_A_001_phosphate_plate5.tif,1,896.000,896,896
36380,F8_01_1_2_Chlorophyll_A_001_phosphate_plate5.tif,1,800.000,800,800
36381,F8_01_1_2_Chlorophyll_A_001_phosphate_plate5.tif,2,808.000,768,848
36382,F8_01_1_2_Chlorophyll_A_001_phosphate_plate5.tif,2,864.000,832,896
36383,F8_01_1_2_Chlorophyll_A_001_phosphate_plate5.tif,1,848.000,848,848
36384,F8_01_1_2_Chlorophyll_A_001_phosphate_plate5.tif,1,816.000,816,816
36385,F8_01_1_2_Chlorophyll_A_001_phosphate_plate5.tif,1,816.000,816,816
36386,F8_01_1_2_Chlorophyll_A_001_phosphate_plate5.tif,1,784.000,784,784
36387,F8_01_1_2_Chlorophyll_A_001_phosphate_plate5.tif,1,784.000,784,784
36388,F8_01_1_2_Chlorophyll_A_001_phosphate_plate5.tif,1,992.000,992,992
36389,F8_01_1_2_Chlorophyll_A_001_phosphate_plate5.tif,1,768.000,768,768
36390,F8_01_1_2_Chlorophyll_A_001_phosphate_plate5.tif,1,800.000,800,800
36391,F8_01_1_2_Chlorophyll_A_001_phosphate_plate5.tif,1,768.000,768,768
36392,F8_01_1_2_Chlorophyll_A_001_phosphate_plate5.tif,1,896.000,896,896
36393,F8_01_1_2_Chlorophyll_A_001_phosphate_plate5.tif,58,1867.586,768,7920
36394,F8_01_1_2_Chlorophyll_A_001_phosphate_plate5.tif,5,841.600,800,864
36395,F8_01_1_2_Chlorophyll_A_001_phosphate_plate5.tif,2,816.000,768,864
36396,F8_01_1_2_Chlorophyll_A_001_phosphate_plate5.tif,2,864.000,848,880
36397,F8_01_1_2_Chlorophyll_A_001_phosphate_plate5.tif,1,800.000,800,800
36398,F8_01_1_2_Chlorophyll_A_001_phosphate_plate5.tif,17,840.471,768,912
36399,F8_01_1_2_Chlorophyll_A_001_phosphate_plate5.tif,1,816.000,816,816
36400,F8_01_1_2_Chlorophyll_A_001_phosphate_plate5.tif,10,891.200,800,1104
36401,F8_01_1_2_Chlorophyll_A_001_phosphate_plate5.tif,97,874.887,768,1184
36402,F8_01_1_2_Chlorophyll_A_001_phosphate_plate5.tif,3,874.667,800,960
36403,F8_01_1_2_Chlorophyll_A_001_phosphate_plate5.tif,5,819.200,768,896
36404,F8_01_1_2_Chlorophyll_A_001_phosphate_plate5.tif,1,848.000,848,848
36405,F8_01_1_2_Chlorophyll_A_001_phosphate_plate5.tif,1,800.000,800,800
36406,F8_01_1_2_Chlorophyll_A_001_phosphate_plate5.tif,1,848.000,848,848
36407,F8_01_1_2_Chlorophyll_A_001_phosphate_plate5.tif,1,816.000,816,816
36408,F8_01_1_2_Chlorophyll_A_001_phosphate_plate5.tif,1,832.000,832,832
36409,F8_01_1_2_Chlorophyll_A_001_phosphate_plate5.tif,1,784.000,784,784
36410,F8_01_1_2_Chlorophyll_A_001_phosphate_plate5.tif,1,800.000,800,800
36411,F8_01_1_2_Chlorophyll_A_001_phosphate_plate5.tif,1,784.000,784,784
36412,F8_01_1_2_Chlorophyll_A_001_phosphate_plate5.tif,1,784.000,784,784
36413,F8_01_1_2_Chlorophyll_A_001_phosphate_plate5.tif,1,784.000,784,784
36414,F8_01_1_2_Chlorophyll_A_001_phosphate_plate5.tif,1,896.000,896,896
36415,F8_01_1_2_Chlorophyll_A_001_phosphate_plate5.tif,1,768.000,768,768
36416,F8_01_1_2_Chlorophyll_A_001_phosphate_plate5.tif,1,832.000,832,832
36417,F8_01_1_2_Chlorophyll_A_001_phosphate_plate5.tif,1,880.000,880,880
36418,F8_01_1_2_Chlorophyll_A_001_phosphate_plate5.tif,1,768.000,768,768
36419,F8_01_1_2_Chlorophyll_A_001_phosphate_plate5.tif,3,768.000,768,768
36420,F8_01_1_2_Chlorophyll_A_001_phosphate_plate5.tif,1,880.000,880,880
36421,F8_01_1_2_Chlorophyll_A_001_phosphate_plate5.tif,1,768.000,768,768
36422,F8_01_1_2_Chlorophyll_A_001_phosphate_plate5.tif,2,832.000,800,864
36423,F8_01_1_2_Chlorophyll_A_001_phosphate_plate5.tif,1,896.000,896,896
36424,F8_01_1_2_Chlorophyll_A_001_phosphate_plate5.tif,3,800.000,800,800
36425,F8_01_1_2_Chlorophyll_A_001_phosphate_plate5.tif,1,816.000,816,816
36426,F8_01_1_2_Chlorophyll_A_001_phosphate_plate5.tif,124,1116.258,800,1520
36427,F8_01_1_2_Chlorophyll_A_001_phosphate_plate5.tif,3,874.667,768,1008
36428,F8_01_1_2_Chlorophyll_A_001_phosphate_plate5.tif,1,848.000,848,848
36429,F8_01_1_2_Chlorophyll_A_001_phosphate_plate5.tif,5,809.600,768,912
36430,F8_01_1_2_Chlorophyll_A_001_phosphate_plate5.tif,1,768.000,768,768
36431,F8_01_1_2_Chlorophyll_A_001_phosphate_plate5.tif,1,800.000,800,800
36432,F8_01_1_2_Chlorophyll_A_001_phosphate_plate5.tif,2,808.000,784,832
36433,F8_01_1_2_Chlorophyll_A_001_phosphate_plate5.tif,1,976.000,976,976
36434,F8_01_1_2_Chlorophyll_A_001_phosphate_plate5.tif,1,768.000,768,768
36435,F8_01_1_2_Chlorophyll_A_001_phosphate_plate5.tif,1,880.000,880,880
36436,F8_01_1_2_Chlorophyll_A_001_phosphate_plate5.tif,3,821.333,768,880
36437,F8_01_1_2_Chlorophyll_A_001_phosphate_plate5.tif,1,768.000,768,768
36438,F8_01_1_2_Chlorophyll_A_001_phosphate_plate5.tif,1,800.000,800,800
36439,F8_01_1_2_Chlorophyll_A_001_phosphate_plate5.tif,1,848.000,848,848
36440,F8_01_1_2_Chlorophyll_A_001_phosphate_plate5.tif,1,800.000,800,800
36441,F8_01_1_2_Chlorophyll_A_001_phosphate_plate5.tif,1,832.000,832,832
36442,F8_01_1_2_Chlorophyll_A_001_phosphate_plate5.tif,1,816.000,816,816
36443,F8_01_1_2_Chlorophyll_A_001_phosphate_plate5.tif,1,880.000,880,880
36444,F8_01_1_2_Chlorophyll_A_001_phosphate_plate5.tif,1,896.000,896,896
36445,F8_01_1_2_Chlorophyll_A_001_phosphate_plate5.tif,3,810.667,768,880
36446,F8_01_1_2_Chlorophyll_A_001_phosphate_plate5.tif,1,896.000,896,896
36447,F8_01_1_2_Chlorophyll_A_001_phosphate_plate5.tif,1,864.000,864,864
36448,F8_01_1_2_Chlorophyll_A_001_phosphate_plate5.tif,1,880.000,880,880
36449,F8_01_1_2_Chlorophyll_A_001_phosphate_plate5.tif,1,816.000,816,816
36450,F8_01_1_2_Chlorophyll_A_001_phosphate_plate5.tif,3,789.333,768,832
36451,F8_01_1_2_Chlorophyll_A_001_phosphate_plate5.tif,1,816.000,816,816
36452,F8_01_1_2_Chlorophyll_A_001_phosphate_plate5.tif,5,812.800,768,896
36453,F8_01_1_2_Chlorophyll_A_001_phosphate_plate5.tif,1,768.000,768,768
36454,F8_01_1_2_Chlorophyll_A_001_phosphate_plate5.tif,34,910.588,768,1136
36455,F8_01_1_2_Chlorophyll_A_001_phosphate_plate5.tif,79,868.861,768,1088
36456,F8_01_1_2_Chlorophyll_A_001_phosphate_plate5.tif,1,880.000,880,880
36457,F8_01_1_2_Chlorophyll_A_001_phosphate_plate5.tif,1,832.000,832,832
36458,F8_01_1_2_Chlorophyll_A_001_phosphate_plate5.tif,4,788.000,768,832
36459,F8_01_1_2_Chlorophyll_A_001_phosphate_plate5.tif,2,808.000,800,816
36460,F8_01_1_2_Chlorophyll_A_001_phosphate_plate5.tif,1,1088.000,1088,1088
36461,F8_01_1_2_Chlorophyll_A_001_phosphate_plate5.tif,1,768.000,768,768
36462,F8_01_1_2_Chlorophyll_A_001_phosphate_plate5.tif,1,816.000,816,816
36463,F8_01_1_2_Chlorophyll_A_001_phosphate_plate5.tif,1,784.000,784,784
36464,F8_01_1_2_Chlorophyll_A_001_phosphate_plate5.tif,1,800.000,800,800
36465,F8_01_1_2_Chlorophyll_A_001_phosphate_plate5.tif,1,928.000,928,928
36466,F8_01_1_2_Chlorophyll_A_001_phosphate_plate5.tif,1,768.000,768,768
36467,F8_01_1_2_Chlorophyll_A_001_phosphate_plate5.tif,1,832.000,832,832
36468,F8_01_1_2_Chlorophyll_A_001_phosphate_plate5.tif,1,896.000,896,896
36469,F8_01_1_2_Chlorophyll_A_001_phosphate_plate5.tif,1,768.000,768,768
36470,F8_01_1_2_Chlorophyll_A_001_phosphate_plate5.tif,1,784.000,784,784
36471,F8_01_1_2_Chlorophyll_A_001_phosphate_plate5.tif,1,784.000,784,784
36472,F8_01_1_2_Chlorophyll_A_001_phosphate_plate5.tif,2,768.000,768,768
36473,F8_01_1_2_Chlorophyll_A_001_phosphate_plate5.tif,1,768.000,768,768
36474,F8_01_1_2_Chlorophyll_A_001_phosphate_plate5.tif,1,816.000,816,816
36475,F8_01_1_2_Chlorophyll_A_001_phosphate_plate5.tif,1,784.000,784,784
36476,F8_01_1_2_Chlorophyll_A_001_phosphate_plate5.tif,3,789.333,768,832
36477,F8_01_1_2_Chlorophyll_A_001_phosphate_plate5.tif,1,768.000,768,768
36478,F8_01_1_2_Chlorophyll_A_001_phosphate_plate5.tif,1,784.000,784,784
36479,F8_01_1_2_Chlorophyll_A_001_phosphate_plate5.tif,1,944.000,944,944
36480,F8_01_1_2_Chlorophyll_A_001_phosphate_plate5.tif,1,800.000,800,800
36481,F8_01_1_2_Chlorophyll_A_001_phosphate_plate5.tif,2,880.000,864,896
36482,F8_01_1_2_Chlorophyll_A_001_phosphate_plate5.tif,3,810.667,768,896
36483,F8_01_1_2_Chlorophyll_A_001_phosphate_plate5.tif,1,912.000,912,912
36484,F8_01_1_2_Chlorophyll_A_001_phosphate_plate5.tif,1,784.000,784,784
36485,F8_01_1_2_Chlorophyll_A_001_phosphate_plate5.tif,129,1122.977,784,1456
36486,F8_01_1_2_Chlorophyll_A_001_phosphate_plate5.tif,135,1012.741,768,1376
36487,F8_01_1_2_Chlorophyll_A_001_phosphate_plate5.tif,110,898.473,768,1296
36488,F8_01_1_2_Chlorophyll_A_001_phosphate_plate5.tif,52,886.769,768,1168
36489,F8_01_1_2_Chlorophyll_A_001_phosphate_plate5.tif,36,914.222,768,1088
36490,F8_01_1_2_Chlorophyll_A_001_phosphate_plate5.tif,2,944.000,832,1056
36491,F8_01_1_2_Chlorophyll_A_001_phosphate_plate5.tif,2,832.000,768,896
36492,F8_01_1_2_Chlorophyll_A_001_phosphate_plate5.tif,7,825.143,784,864
36493,F8_01_1_2_Chlorophyll_A_001_phosphate_plate5.tif,2,776.000,768,784
36494,F8_01_1_2_Chlorophyll_A_001_phosphate_plate5.tif,1,768.000,768,768
36495,F8_01_1_2_Chlorophyll_A_001_phosphate_plate5.tif,1,896.000,896,896
36496,F8_01_1_2_Chlorophyll_A_001_phosphate_plate5.tif,3,784.000,768,800
36497,F8_01_1_2_Chlorophyll_A_001_phosphate_plate5.tif,1,800.000,800,800
36498,F8_01_1_2_Chlorophyll_A_001_phosphate_plate5.tif,1,864.000,864,864
36499,F8_01_1_2_Chlorophyll_A_001_phosphate_plate5.tif,2,872.000,832,912
36500,F8_01_1_2_Chlorophyll_A_001_phosphate_plate5.tif,1,768.000,768,768
36501,F8_01_1_2_Chlorophyll_A_001_phosphate_plate5.tif,1,768.000,768,768
36502,F8_01_1_2_Chlorophyll_A_001_phosphate_plate5.tif,1,800.000,800,800
36503,F8_01_1_2_Chlorophyll_A_001_phosphate_plate5.tif,1,880.000,880,880
36504,F8_01_1_2_Chlorophyll_A_001_phosphate_plate5.tif,2,840.000,800,880
36505,F8_01_1_2_Chlorophyll_A_001_phosphate_plate5.tif,2,832.000,784,880
36506,F8_01_1_2_Chlorophyll_A_001_phosphate_plate5.tif,1,784.000,784,784
36507,F8_01_1_2_Chlorophyll_A_001_phosphate_plate5.tif,1,800.000,800,800
36508,F8_01_1_2_Chlorophyll_A_001_phosphate_plate5.tif,1,784.000,784,784
36509,F8_01_1_2_Chlorophyll_A_001_phosphate_plate5.tif,119,2435.899,768,12336
36510,F8_01_1_2_Chlorophyll_A_001_phosphate_plate5.tif,1,864.000,864,864
36511,F8_01_1_2_Chlorophyll_A_001_phosphate_plate5.tif,1,800.000,800,800
36512,F8_01_1_2_Chlorophyll_A_001_phosphate_plate5.tif,2,824.000,784,864
36513,F8_01_1_2_Chlorophyll_A_001_phosphate_plate5.tif,1,784.000,784,784
36514,F8_01_1_2_Chlorophyll_A_001_phosphate_plate5.tif,1,880.000,880,880
36515,F8_01_1_2_Chlorophyll_A_001_phosphate_plate5.tif,1,848.000,848,848
36516,F8_01_1_2_Chlorophyll_A_001_phosphate_plate5.tif,8,836.000,800,896
36517,F8_01_1_2_Chlorophyll_A_001_phosphate_plate5.tif,1,848.000,848,848
36518,F8_01_1_2_Chlorophyll_A_001_phosphate_plate5.tif,3,858.667,784,944
36519,F8_01_1_2_Chlorophyll_A_001_phosphate_plate5.tif,20,991.200,800,1248
36520,F8_01_1_2_Chlorophyll_A_001_phosphate_plate5.tif,42,911.619,768,1264
36521,F8_01_1_2_Chlorophyll_A_001_phosphate_plate5.tif,70,892.114,768,1312
36522,F8_01_1_2_Chlorophyll_A_001_phosphate_plate5.tif,3,821.333,784,896
36523,F8_01_1_2_Chlorophyll_A_001_phosphate_plate5.tif,1,832.000,832,832
36524,F8_01_1_2_Chlorophyll_A_001_phosphate_plate5.tif,1,768.000,768,768
36525,F8_01_1_2_Chlorophyll_A_001_phosphate_plate5.tif,2,816.000,800,832
36526,F8_01_1_2_Chlorophyll_A_001_phosphate_plate5.tif,1,768.000,768,768
36527,F8_01_1_2_Chlorophyll_A_001_phosphate_plate5.tif,2,896.000,896,896
36528,F8_01_1_2_Chlorophyll_A_001_phosphate_plate5.tif,1,800.000,800,800
36529,F8_01_1_2_Chlorophyll_A_001_phosphate_plate5.tif,1,800.000,800,800
36530,F8_01_1_2_Chlorophyll_A_001_phosphate_plate5.tif,1,800.000,800,800
36531,F8_01_1_2_Chlorophyll_A_001_phosphate_plate5.tif,1,800.000,800,800
36532,F8_01_1_2_Chlorophyll_A_001_phosphate_plate5.tif,1,832.000,832,832
36533,F8_01_1_2_Chlorophyll_A_001_phosphate_plate5.tif,1,768.000,768,768
36534,F8_01_1_2_Chlorophyll_A_001_phosphate_plate5.tif,1,880.000,880,880
36535,F8_01_1_2_Chlorophyll_A_001_phosphate_plate5.tif,1,784.000,784,784
36536,F8_01_1_2_Chlorophyll_A_001_phosphate_plate5.tif,1,832.000,832,832
36537,F8_01_1_2_Chlorophyll_A_001_phosphate_plate5.tif,1,816.000,816,816
36538,F8_01_1_2_Chlorophyll_A_001_phosphate_plate5.tif,1,768.000,768,768
36539,F8_01_1_2_Chlorophyll_A_001_phosphate_plate5.tif,1,832.000,832,832
36540,F8_01_1_2_Chlorophyll_A_001_phosphate_plate5.tif,2,784.000,768,800
36541,F8_01_1_2_Chlorophyll_A_001_phosphate_plate5.tif,1,800.000,800,800
36542,F8_01_1_2_Chlorophyll_A_001_phosphate_plate5.tif,1,832.000,832,832
36543,F8_01_1_2_Chlorophyll_A_001_phosphate_plate5.tif,3,794.667,784,816
36544,F8_01_1_2_Chlorophyll_A_001_phosphate_plate5.tif,1,816.000,816,816
36545,F8_01_1_2_Chlorophyll_A_001_phosphate_plate5.tif,4,832.000,768,960
36546,F8_01_1_2_Chlorophyll_A_001_phosphate_plate5.tif,2,944.000,800,1088
36547,F8_01_1_2_Chlorophyll_A_001_phosphate_plate5.tif,2,976.000,912,1040
36548,F8_01_1_2_Chlorophyll_A_001_phosphate_plate5.tif,6,864.000,784,944
36549,F8_01_1_2_Chlorophyll_A_001_phosphate_plate5.tif,108,2131.259,848,20512
36550,F8_01_1_2_Chlorophyll_A_001_phosphate_plate5.tif,22,892.364,768,1312
36551,F8_01_1_2_Chlorophyll_A_001_phosphate_plate5.tif,1,832.000,832,832
36552,F8_01_1_2_Chlorophyll_A_001_phosphate_plate5.tif,1,784.000,784,784
36553,F8_01_1_2_Chlorophyll_A_001_phosphate_plate5.tif,1,848.000,848,848
36554,F8_01_1_2_Chlorophyll_A_001_phosphate_plate5.tif,2,840.000,784,896
36555,F8_01_1_2_Chlorophyll_A_001_phosphate_plate5.tif,2,872.000,768,976
36556,F8_01_1_2_Chlorophyll_A_001_phosphate_plate5.tif,2,808.000,800,816
36557,F8_01_1_2_Chlorophyll_A_001_phosphate_plate5.tif,2,992.000,816,1168
36558,F8_01_1_2_Chlorophyll_A_001_phosphate_plate5.tif,1,992.000,992,992
36559,F8_01_1_2_Chlorophyll_A_001_phosphate_plate5.tif,2,824.000,784,864
36560,F8_01_1_2_Chlorophyll_A_001_phosphate_plate5.tif,1,816.000,816,816
36561,F8_01_1_2_Chlorophyll_A_001_phosphate_plate5.tif,1,896.000,896,896
36562,F8_01_1_2_Chlorophyll_A_001_phosphate_plate5.tif,1,784.000,784,784
36563,F8_01_1_2_Chlorophyll_A_001_phosphate_plate5.tif,1,816.000,816,816
36564,F8_01_1_2_Chlorophyll_A_001_phosphate_plate5.tif,1,992.000,992,992
36565,F8_01_1_2_Chlorophyll_A_001_phosphate_plate5.tif,1,896.000,896,896
36566,F8_01_1_2_Chlorophyll_A_001_phosphate_plate5.tif,1,848.000,848,848
36567,F8_01_1_2_Chlorophyll_A_001_phosphate_plate5.tif,1,800.000,800,800
36568,F8_01_1_2_Chlorophyll_A_001_phosphate_plate5.tif,3,842.667,784,944
36569,F8_01_1_2_Chlorophyll_A_001_phosphate_plate5.tif,1,768.000,768,768
36570,F8_01_1_2_Chlorophyll_A_001_phosphate_plate5.tif,2,848.000,816,880
36571,F8_01_1_2_Chlorophyll_A_001_phosphate_plate5.tif,1,816.000,816,816
36572,F8_01_1_2_Chlorophyll_A_001_phosphate_plate5.tif,9,807.111,768,912
36573,F8_01_1_2_Chlorophyll_A_001_phosphate_plate5.tif,1,864.000,864,864
36574,F8_01_1_2_Chlorophyll_A_001_phosphate_plate5.tif,2,872.000,848,896
36575,F8_01_1_2_Chlorophyll_A_001_phosphate_plate5.tif,8,838.000,768,896
36576,F8_01_1_2_Chlorophyll_A_001_phosphate_plate5.tif,46,858.435,768,1056
36577,F8_01_1_2_Chlorophyll_A_001_phosphate_plate5.tif,2,800.000,768,832
36578,F8_01_1_2_Chlorophyll_A_001_phosphate_plate5.tif,42,956.952,768,1280
36579,F8_01_1_2_Chlorophyll_A_001_phosphate_plate5.tif,31,929.032,768,1216
36580,F8_01_1_2_Chlorophyll_A_001_phosphate_plate5.tif,37,886.919,768,1136
36581,F8_01_1_2_Chlorophyll_A_001_phosphate_plate5.tif,7,864.000,768,1072
36582,F8_01_1_2_Chlorophyll_A_001_phosphate_plate5.tif,5,803.200,768,864
36583,F8_01_1_2_Chlorophyll_A_001_phosphate_plate5.tif,1,832.000,832,832
36584,F8_01_1_2_Chlorophyll_A_001_phosphate_plate5.tif,2,832.000,800,864
36585,F8_01_1_2_Chlorophyll_A_001_phosphate_plate5.tif,2,792.000,768,816
36586,F8_01_1_2_Chlorophyll_A_001_phosphate_plate5.tif,1,880.000,880,880
36587,F8_01_1_2_Chlorophyll_A_001_phosphate_plate5.tif,1,768.000,768,768
36588,F8_01_1_2_Chlorophyll_A_001_phosphate_plate5.tif,3,794.667,768,832
36589,F8_01_1_2_Chlorophyll_A_001_phosphate_plate5.tif,2,880.000,848,912
36590,F8_01_1_2_Chlorophyll_A_001_phosphate_plate5.tif,6,848.000,768,960
36591,F8_01_1_2_Chlorophyll_A_001_phosphate_plate5.tif,1,864.000,864,864
36592,F8_01_1_2_Chlorophyll_A_001_phosphate_plate5.tif,1,768.000,768,768
36593,F8_01_1_2_Chlorophyll_A_001_phosphate_plate5.tif,12,956.000,800,1248
36594,F8_01_1_2_Chlorophyll_A_001_phosphate_plate5.tif,19,897.684,784,1040
36595,F8_01_1_2_Chlorophyll_A_001_phosphate_plate5.tif,61,938.492,768,1264
36596,F8_01_1_2_Chlorophyll_A_001_phosphate_plate5.tif,5,828.800,784,880
36597,F8_01_1_2_Chlorophyll_A_001_phosphate_plate5.tif,1,976.000,976,976
36598,F8_01_1_2_Chlorophyll_A_001_phosphate_plate5.tif,1,896.000,896,896
36599,F8_01_1_2_Chlorophyll_A_001_phosphate_plate5.tif,1,800.000,800,800
36600,F8_01_1_2_Chlorophyll_A_001_phosphate_plate5.tif,1,1056.000,1056,1056
36601,F8_01_1_2_Chlorophyll_A_001_phosphate_plate5.tif,1,816.000,816,816
36602,F8_01_1_2_Chlorophyll_A_001_phosphate_plate5.tif,1,800.000,800,800
36603,F8_01_1_2_Chlorophyll_A_001_phosphate_plate5.tif,1,784.000,784,784
36604,F8_01_1_2_Chlorophyll_A_001_phosphate_plate5.tif,1,784.000,784,784
36605,F8_01_1_2_Chlorophyll_A_001_phosphate_plate5.tif,3,826.667,800,848
36606,F8_01_1_2_Chlorophyll_A_001_phosphate_plate5.tif,1,816.000,816,816
36607,F8_01_1_2_Chlorophyll_A_001_phosphate_plate5.tif,1,832.000,832,832
36608,F8_01_1_2_Chlorophyll_A_001_phosphate_plate5.tif,1,784.000,784,784
36609,F8_01_1_2_Chlorophyll_A_001_phosphate_plate5.tif,1,880.000,880,880
36610,F8_01_1_2_Chlorophyll_A_001_phosphate_plate5.tif,1,768.000,768,768
36611,F8_01_1_2_Chlorophyll_A_001_phosphate_plate5.tif,1,832.000,832,832
36612,F8_01_1_2_Chlorophyll_A_001_phosphate_plate5.tif,1,896.000,896,896
36613,F8_01_1_2_Chlorophyll_A_001_phosphate_plate5.tif,1,816.000,816,816
36614,F8_01_1_2_Chlorophyll_A_001_phosphate_plate5.tif,2,840.000,768,912
36615,F8_01_1_2_Chlorophyll_A_001_phosphate_plate5.tif,1,912.000,912,912
36616,F8_01_1_2_Chlorophyll_A_001_phosphate_plate5.tif,1,784.000,784,784
36617,F8_01_1_2_Chlorophyll_A_001_phosphate_plate5.tif,8,810.000,768,928
36618,F8_01_1_2_Chlorophyll_A_001_phosphate_plate5.tif,1,848.000,848,848
36619,F8_01_1_2_Chlorophyll_A_001_phosphate_plate5.tif,1,880.000,880,880
36620,F8_01_1_2_Chlorophyll_A_001_phosphate_plate5.tif,1,848.000,848,848
36621,F8_01_1_2_Chlorophyll_A_001_phosphate_plate5.tif,2,880.000,848,912
36622,F8_01_1_2_Chlorophyll_A_001_phosphate_plate5.tif,2,808.000,800,816
36623,F8_01_1_2_Chlorophyll_A_001_phosphate_plate5.tif,1,896.000,896,896
36624,F8_01_1_2_Chlorophyll_A_001_phosphate_plate5.tif,1,1024.000,1024,1024
36625,F8_01_1_2_Chlorophyll_A_001_phosphate_plate5.tif,1,784.000,784,784
36626,F8_01_1_2_Chlorophyll_A_001_phosphate_plate5.tif,1,800.000,800,800
36627,F8_01_1_2_Chlorophyll_A_001_phosphate_plate5.tif,1,800.000,800,800
36628,F8_01_1_2_Chlorophyll_A_001_phosphate_plate5.tif,1,768.000,768,768
36629,F8_01_1_2_Chlorophyll_A_001_phosphate_plate5.tif,2,880.000,832,928
36630,F8_01_1_2_Chlorophyll_A_001_phosphate_plate5.tif,1,768.000,768,768
36631,F8_01_1_2_Chlorophyll_A_001_phosphate_plate5.tif,2,784.000,784,784
36632,F8_01_1_2_Chlorophyll_A_001_phosphate_plate5.tif,1,832.000,832,832
36633,F8_01_1_2_Chlorophyll_A_001_phosphate_plate5.tif,1,784.000,784,784
36634,F8_01_1_2_Chlorophyll_A_001_phosphate_plate5.tif,1,816.000,816,816
36635,F8_01_1_2_Chlorophyll_A_001_phosphate_plate5.tif,1,848.000,848,848
36636,F8_01_1_2_Chlorophyll_A_001_phosphate_plate5.tif,1,912.000,912,912
36637,F8_01_1_2_Chlorophyll_A_001_phosphate_plate5.tif,1,832.000,832,832
36638,F8_01_1_2_Chlorophyll_A_001_phosphate_plate5.tif,1,832.000,832,832
36639,F8_01_1_2_Chlorophyll_A_001_phosphate_plate5.tif,1,784.000,784,784
36640,F8_01_1_2_Chlorophyll_A_001_phosphate_plate5.tif,1,848.000,848,848
36641,F8_01_1_2_Chlorophyll_A_001_phosphate_plate5.tif,1,800.000,800,800
36642,F8_01_1_2_Chlorophyll_A_001_phosphate_plate5.tif,1,832.000,832,832
36643,F8_01_1_2_Chlorophyll_A_001_phosphate_plate5.tif,1,832.000,832,832
36644,F8_01_1_2_Chlorophyll_A_001_phosphate_plate5.tif,1,800.000,800,800
36645,F8_01_1_2_Chlorophyll_A_001_phosphate_plate5.tif,1,912.000,912,912
36646,F8_01_1_2_Chlorophyll_A_001_phosphate_plate5.tif,1,800.000,800,800
36647,F8_01_1_2_Chlorophyll_A_001_phosphate_plate5.tif,1,896.000,896,896
36648,F8_01_1_2_Chlorophyll_A_001_phosphate_plate5.tif,1,800.000,800,800
36649,F8_01_1_2_Chlorophyll_A_001_phosphate_plate5.tif,1,784.000,784,784
36650,F8_01_1_2_Chlorophyll_A_001_phosphate_plate5.tif,1,944.000,944,944
36651,F8_01_1_2_Chlorophyll_A_001_phosphate_plate5.tif,2,832.000,784,880
36652,F8_01_1_2_Chlorophyll_A_001_phosphate_plate5.tif,1,784.000,784,784
36653,F8_01_1_2_Chlorophyll_A_001_phosphate_plate5.tif,2,936.000,800,1072
36654,F8_01_1_2_Chlorophyll_A_001_phosphate_plate5.tif,4,804.000,768,896
36655,F8_01_1_2_Chlorophyll_A_001_phosphate_plate5.tif,6,805.333,768,896
36656,F8_01_1_2_Chlorophyll_A_001_phosphate_plate5.tif,9,908.444,784,1072
36657,F8_01_1_2_Chlorophyll_A_001_phosphate_plate5.tif,53,879.698,768,1200
36658,F8_01_1_2_Chlorophyll_A_001_phosphate_plate5.tif,11,912.000,768,1184
36659,F8_01_1_2_Chlorophyll_A_001_phosphate_plate5.tif,5,867.200,768,992
36660,F8_01_1_2_Chlorophyll_A_001_phosphate_plate5.tif,3,805.333,768,832
36661,F8_01_1_2_Chlorophyll_A_001_phosphate_plate5.tif,1,848.000,848,848
36662,F8_01_1_2_Chlorophyll_A_001_phosphate_plate5.tif,2,824.000,816,832
36663,F8_01_1_2_Chlorophyll_A_001_phosphate_plate5.tif,10,812.800,768,896
36664,F8_01_1_2_Chlorophyll_A_001_phosphate_plate5.tif,2,856.000,816,896
36665,F8_01_1_2_Chlorophyll_A_001_phosphate_plate5.tif,1,816.000,816,816
36666,F8_01_1_2_Chlorophyll_A_001_phosphate_plate5.tif,3,794.667,768,848
36667,F8_01_1_2_Chlorophyll_A_001_phosphate_plate5.tif,2,832.000,832,832
36668,F8_01_1_2_Chlorophyll_A_001_phosphate_plate5.tif,1,912.000,912,912
36669,F8_01_1_2_Chlorophyll_A_001_phosphate_plate5.tif,3,821.333,800,848
36670,F8_01_1_2_Chlorophyll_A_001_phosphate_plate5.tif,1,768.000,768,768
36671,F8_01_1_2_Chlorophyll_A_001_phosphate_plate5.tif,1,768.000,768,768
36672,F8_01_1_2_Chlorophyll_A_001_phosphate_plate5.tif,1,992.000,992,992
36673,F8_01_1_2_Chlorophyll_A_001_phosphate_plate5.tif,1,784.000,784,784
36674,F8_01_1_2_Chlorophyll_A_001_phosphate_plate5.tif,2,936.000,896,976
36675,F8_01_1_2_Chlorophyll_A_001_phosphate_plate5.tif,1,768.000,768,768
36676,F8_01_1_2_Chlorophyll_A_001_phosphate_plate5.tif,1,784.000,784,784
36677,F8_01_1_2_Chlorophyll_A_001_phosphate_plate5.tif,1,768.000,768,768
36678,F8_01_1_2_Chlorophyll_A_001_phosphate_plate5.tif,1,784.000,784,784
36679,F8_01_1_2_Chlorophyll_A_001_phosphate_plate5.tif,1,768.000,768,768
36680,F8_01_1_2_Chlorophyll_A_001_phosphate_plate5.tif,2,800.000,784,816
36681,F8_01_1_2_Chlorophyll_A_001_phosphate_plate5.tif,1,832.000,832,832
36682,F8_01_1_2_Chlorophyll_A_001_phosphate_plate5.tif,1,848.000,848,848
36683,F8_01_1_2_Chlorophyll_A_001_phosphate_plate5.tif,1,832.000,832,832
36684,F8_01_1_2_Chlorophyll_A_001_phosphate_plate5.tif,1,768.000,768,768
36685,F8_01_1_2_Chlorophyll_A_001_phosphate_plate5.tif,4,800.000,768,832
36686,F8_01_1_2_Chlorophyll_A_001_phosphate_plate5.tif,1,816.000,816,816
36687,F8_01_1_2_Chlorophyll_A_001_phosphate_plate5.tif,2,840.000,832,848
36688,F8_01_1_2_Chlorophyll_A_001_phosphate_plate5.tif,1,768.000,768,768
36689,F8_01_1_2_Chlorophyll_A_001_phosphate_plate5.tif,2,808.000,784,832
36690,F8_01_1_2_Chlorophyll_A_001_phosphate_plate5.tif,39,854.564,768,1120
36691,F8_01_1_2_Chlorophyll_A_001_phosphate_plate5.tif,1,784.000,784,784
36692,F8_01_1_2_Chlorophyll_A_001_phosphate_plate5.tif,54,976.296,768,1440
36693,F8_01_1_2_Chlorophyll_A_001_phosphate_plate5.tif,19,933.053,768,1264
36694,F8_01_1_2_Chlorophyll_A_001_phosphate_plate5.tif,2,792.000,768,816
36695,F8_01_1_2_Chlorophyll_A_001_phosphate_plate5.tif,1,816.000,816,816
36696,F8_01_1_2_Chlorophyll_A_001_phosphate_plate5.tif,1,800.000,800,800
36697,F8_01_1_2_Chlorophyll_A_001_phosphate_plate5.tif,2,832.000,816,848
36698,F8_01_1_2_Chlorophyll_A_001_phosphate_plate5.tif,1,784.000,784,784
36699,F8_01_1_2_Chlorophyll_A_001_phosphate_plate5.tif,1,912.000,912,912
36700,F8_01_1_2_Chlorophyll_A_001_phosphate_plate5.tif,1,880.000,880,880
36701,F8_01_1_2_Chlorophyll_A_001_phosphate_plate5.tif,1,768.000,768,768
36702,F8_01_1_2_Chlorophyll_A_001_phosphate_plate5.tif,1,800.000,800,800
36703,F8_01_1_2_Chlorophyll_A_001_phosphate_plate5.tif,1,832.000,832,832
36704,F8_01_1_2_Chlorophyll_A_001_phosphate_plate5.tif,3,874.667,800,944
36705,F8_01_1_2_Chlorophyll_A_001_phosphate_plate5.tif,1,784.000,784,784
36706,F8_01_1_2_Chlorophyll_A_001_phosphate_plate5.tif,1,816.000,816,816
36707,F8_01_1_2_Chlorophyll_A_001_phosphate_plate5.tif,1,864.000,864,864
36708,F8_01_1_2_Chlorophyll_A_001_phosphate_plate5.tif,1,832.000,832,832
36709,F8_01_1_2_Chlorophyll_A_001_phosphate_plate5.tif,1,928.000,928,928
36710,F8_01_1_2_Chlorophyll_A_001_phosphate_plate5.tif,1,800.000,800,800
36711,F8_01_1_2_Chlorophyll_A_001_phosphate_plate5.tif,1,944.000,944,944
36712,F8_01_1_2_Chlorophyll_A_001_phosphate_plate5.tif,1,784.000,784,784
36713,F8_01_1_2_Chlorophyll_A_001_phosphate_plate5.tif,1,960.000,960,960
36714,F8_01_1_2_Chlorophyll_A_001_phosphate_plate5.tif,1,816.000,816,816
36715,F8_01_1_2_Chlorophyll_A_001_phosphate_plate5.tif,1,832.000,832,832
36716,F8_01_1_2_Chlorophyll_A_001_phosphate_plate5.tif,2,808.000,768,848
36717,F8_01_1_2_Chlorophyll_A_001_phosphate_plate5.tif,1,848.000,848,848
36718,F8_01_1_2_Chlorophyll_A_001_phosphate_plate5.tif,3,810.667,800,816
36719,F8_01_1_2_Chlorophyll_A_001_phosphate_plate5.tif,1,800.000,800,800
36720,F8_01_1_2_Chlorophyll_A_001_phosphate_plate5.tif,2,920.000,880,960
36721,F8_01_1_2_Chlorophyll_A_001_phosphate_plate5.tif,2,784.000,784,784
36722,F8_01_1_2_Chlorophyll_A_001_phosphate_plate5.tif,2,816.000,816,816
36723,F8_01_1_2_Chlorophyll_A_001_phosphate_plate5.tif,2,856.000,832,880
36724,F8_01_1_2_Chlorophyll_A_001_phosphate_plate5.tif,1,784.000,784,784
36725,F8_01_1_2_Chlorophyll_A_001_phosphate_plate5.tif,1,800.000,800,800
36726,F8_01_1_2_Chlorophyll_A_001_phosphate_plate5.tif,1,784.000,784,784
36727,F8_01_1_2_Chlorophyll_A_001_phosphate_plate5.tif,5,793.600,768,832
36728,F8_01_1_2_Chlorophyll_A_001_phosphate_plate5.tif,2,816.000,784,848
36729,F8_01_1_2_Chlorophyll_A_001_phosphate_plate5.tif,1,864.000,864,864
36730,F8_01_1_2_Chlorophyll_A_001_phosphate_plate5.tif,295,1186.549,784,1584
36731,F8_01_1_2_Chlorophyll_A_001_phosphate_plate5.tif,1,896.000,896,896
36732,F8_01_1_2_Chlorophyll_A_001_phosphate_plate5.tif,2,816.000,800,832
36733,F8_01_1_2_Chlorophyll_A_001_phosphate_plate5.tif,1,784.000,784,784
36734,F8_01_1_2_Chlorophyll_A_001_phosphate_plate5.tif,1,832.000,832,832
36735,F8_01_1_2_Chlorophyll_A_001_phosphate_plate5.tif,1,816.000,816,816
36736,F8_01_1_2_Chlorophyll_A_001_phosphate_plate5.tif,1,800.000,800,800
36737,F8_01_1_2_Chlorophyll_A_001_phosphate_plate5.tif,1,800.000,800,800
36738,F8_01_1_2_Chlorophyll_A_001_phosphate_plate5.tif,1,832.000,832,832
36739,F8_01_1_2_Chlorophyll_A_001_phosphate_plate5.tif,1,784.000,784,784
36740,F8_01_1_2_Chlorophyll_A_001_phosphate_plate5.tif,2,784.000,784,784
36741,F8_01_1_2_Chlorophyll_A_001_phosphate_plate5.tif,1,768.000,768,768
36742,F8_01_1_2_Chlorophyll_A_001_phosphate_plate5.tif,1,992.000,992,992
36743,F8_01_1_2_Chlorophyll_A_001_phosphate_plate5.tif,1,800.000,800,800
36744,F8_01_1_2_Chlorophyll_A_001_phosphate_plate5.tif,2,848.000,768,928
36745,F8_01_1_2_Chlorophyll_A_001_phosphate_plate5.tif,1,816.000,816,816
36746,F8_01_1_2_Chlorophyll_A_001_phosphate_plate5.tif,1,784.000,784,784
36747,F8_01_1_2_Chlorophyll_A_001_phosphate_plate5.tif,1,768.000,768,768
36748,F8_01_1_2_Chlorophyll_A_001_phosphate_plate5.tif,1,768.000,768,768
36749,F8_01_1_2_Chlorophyll_A_001_phosphate_plate5.tif,2,896.000,832,960
36750,F8_01_1_2_Chlorophyll_A_001_phosphate_plate5.tif,1,800.000,800,800
36751,F8_01_1_2_Chlorophyll_A_001_phosphate_plate5.tif,3,837.333,768,896
36752,F8_01_1_2_Chlorophyll_A_001_phosphate_plate5.tif,1,784.000,784,784
36753,F8_01_1_2_Chlorophyll_A_001_phosphate_plate5.tif,1,848.000,848,848
36754,F8_01_1_2_Chlorophyll_A_001_phosphate_plate5.tif,1,848.000,848,848
36755,F8_01_1_2_Chlorophyll_A_001_phosphate_plate5.tif,2,768.000,768,768
36756,F8_01_1_2_Chlorophyll_A_001_phosphate_plate5.tif,1,800.000,800,800
36757,F8_01_1_2_Chlorophyll_A_001_phosphate_plate5.tif,2,976.000,912,1040
36758,F8_01_1_2_Chlorophyll_A_001_phosphate_plate5.tif,2,824.000,800,848
36759,F8_01_1_2_Chlorophyll_A_001_phosphate_plate5.tif,148,1021.622,768,1376
36760,F8_01_1_2_Chlorophyll_A_001_phosphate_plate5.tif,31,923.355,768,1152
36761,F8_01_1_2_Chlorophyll_A_001_phosphate_plate5.tif,2,792.000,784,800
36762,F8_01_1_2_Chlorophyll_A_001_phosphate_plate5.tif,1,800.000,800,800
36763,F8_01_1_2_Chlorophyll_A_001_phosphate_plate5.tif,1,768.000,768,768
36764,F8_01_1_2_Chlorophyll_A_001_phosphate_plate5.tif,4,844.000,784,976
36765,F8_01_1_2_Chlorophyll_A_001_phosphate_plate5.tif,1,832.000,832,832
36766,F8_01_1_2_Chlorophyll_A_001_phosphate_plate5.tif,1,816.000,816,816
36767,F8_01_1_2_Chlorophyll_A_001_phosphate_plate5.tif,1,864.000,864,864
36768,F8_01_1_2_Chlorophyll_A_001_phosphate_plate5.tif,1,832.000,832,832
36769,F8_01_1_2_Chlorophyll_A_001_phosphate_plate5.tif,1,768.000,768,768
36770,F8_01_1_2_Chlorophyll_A_001_phosphate_plate5.tif,1,784.000,784,784
36771,F8_01_1_2_Chlorophyll_A_001_phosphate_plate5.tif,1,784.000,784,784
36772,F8_01_1_2_Chlorophyll_A_001_phosphate_plate5.tif,1,784.000,784,784
36773,F8_01_1_2_Chlorophyll_A_001_phosphate_plate5.tif,1,768.000,768,768
36774,F8_01_1_2_Chlorophyll_A_001_phosphate_plate5.tif,1,832.000,832,832
36775,F8_01_1_2_Chlorophyll_A_001_phosphate_plate5.tif,1,880.000,880,880
36776,F8_01_1_2_Chlorophyll_A_001_phosphate_plate5.tif,2,872.000,800,944
36777,F8_01_1_2_Chlorophyll_A_001_phosphate_plate5.tif,1,768.000,768,768
36778,F8_01_1_2_Chlorophyll_A_001_phosphate_plate5.tif,1,784.000,784,784
36779,F8_01_1_2_Chlorophyll_A_001_phosphate_plate5.tif,1,896.000,896,896
36780,F8_01_1_2_Chlorophyll_A_001_phosphate_plate5.tif,1,816.000,816,816
36781,F8_01_1_2_Chlorophyll_A_001_phosphate_plate5.tif,1,816.000,816,816
36782,F8_01_1_2_Chlorophyll_A_001_phosphate_plate5.tif,77,944.416,768,1184
36783,F8_01_1_2_Chlorophyll_A_001_phosphate_plate5.tif,24,860.667,768,992
36784,F8_01_1_2_Chlorophyll_A_001_phosphate_plate5.tif,1,768.000,768,768
36785,F8_01_1_2_Chlorophyll_A_001_phosphate_plate5.tif,1,784.000,784,784
36786,F8_01_1_2_Chlorophyll_A_001_phosphate_plate5.tif,1,768.000,768,768
36787,F8_01_1_2_Chlorophyll_A_001_phosphate_plate5.tif,1,768.000,768,768
36788,F8_01_1_2_Chlorophyll_A_001_phosphate_plate5.tif,1,880.000,880,880
36789,F8_01_1_2_Chlorophyll_A_001_phosphate_plate5.tif,5,822.400,768,960
36790,F8_01_1_2_Chlorophyll_A_001_phosphate_plate5.tif,1,848.000,848,848
36791,F8_01_1_2_Chlorophyll_A_001_phosphate_plate5.tif,1,800.000,800,800
36792,F8_01_1_2_Chlorophyll_A_001_phosphate_plate5.tif,1,816.000,816,816
36793,F8_01_1_2_Chlorophyll_A_001_phosphate_plate5.tif,2,768.000,768,768
36794,F8_01_1_2_Chlorophyll_A_001_phosphate_plate5.tif,1,864.000,864,864
36795,F8_01_1_2_Chlorophyll_A_001_phosphate_plate5.tif,1,768.000,768,768
36796,F8_01_1_2_Chlorophyll_A_001_phosphate_plate5.tif,1,896.000,896,896
36797,F8_01_1_2_Chlorophyll_A_001_phosphate_plate5.tif,2,840.000,832,848
36798,F8_01_1_2_Chlorophyll_A_001_phosphate_plate5.tif,161,3900.720,768,20288
36799,F8_01_1_2_Chlorophyll_A_001_phosphate_plate5.tif,1,832.000,832,832
36800,F8_01_1_2_Chlorophyll_A_001_phosphate_plate5.tif,2,792.000,784,800
36801,F8_01_1_2_Chlorophyll_A_001_phosphate_plate5.tif,1,880.000,880,880
36802,F8_01_1_2_Chlorophyll_A_001_phosphate_plate5.tif,1,832.000,832,832
36803,F8_01_1_2_Chlorophyll_A_001_phosphate_plate5.tif,1,768.000,768,768
36804,F8_01_1_2_Chlorophyll_A_001_phosphate_plate5.tif,4,820.000,800,864
36805,F8_01_1_2_Chlorophyll_A_001_phosphate_plate5.tif,110,1089.891,784,1472
36806,F8_01_1_2_Chlorophyll_A_001_phosphate_plate5.tif,41,939.707,768,1264
36807,F8_01_1_2_Chlorophyll_A_001_phosphate_plate5.tif,33,928.000,768,1184
36808,F8_01_1_2_Chlorophyll_A_001_phosphate_plate5.tif,28,910.286,768,1184
36809,F8_01_1_2_Chlorophyll_A_001_phosphate_plate5.tif,35,924.800,784,1136
36810,F8_01_1_2_Chlorophyll_A_001_phosphate_plate5.tif,23,937.043,800,1136
36811,F8_01_1_2_Chlorophyll_A_001_phosphate_plate5.tif,20,821.600,768,992
36812,F8_01_1_2_Chlorophyll_A_001_phosphate_plate5.tif,2,784.000,768,800
36813,F8_01_1_2_Chlorophyll_A_001_phosphate_plate5.tif,1,768.000,768,768
36814,F8_01_1_2_Chlorophyll_A_001_phosphate_plate5.tif,1,832.000,832,832
36815,F8_01_1_2_Chlorophyll_A_001_phosphate_plate5.tif,2,848.000,800,896
36816,F8_01_1_2_Chlorophyll_A_001_phosphate_plate5.tif,4,828.000,768,880
36817,F8_01_1_2_Chlorophyll_A_001_phosphate_plate5.tif,2,776.000,768,784
36818,F8_01_1_2_Chlorophyll_A_001_phosphate_plate5.tif,2,776.000,768,784
36819,F8_01_1_2_Chlorophyll_A_001_phosphate_plate5.tif,1,944.000,944,944
36820,F8_01_1_2_Chlorophyll_A_001_phosphate_plate5.tif,1,816.000,816,816
36821,F8_01_1_2_Chlorophyll_A_001_phosphate_plate5.tif,1,816.000,816,816
36822,F8_01_1_2_Chlorophyll_A_001_phosphate_plate5.tif,1,880.000,880,880
36823,F8_01_1_2_Chlorophyll_A_001_phosphate_plate5.tif,1,800.000,800,800
36824,F8_01_1_2_Chlorophyll_A_001_phosphate_plate5.tif,1,896.000,896,896
36825,F8_01_1_2_Chlorophyll_A_001_phosphate_plate5.tif,1,944.000,944,944
36826,F8_01_1_2_Chlorophyll_A_001_phosphate_plate5.tif,14,867.429,768,1040
36827,F8_01_1_2_Chlorophyll_A_001_phosphate_plate5.tif,26,905.846,768,1248
36828,F8_01_1_2_Chlorophyll_A_001_phosphate_plate5.tif,50,936.960,768,1408
36829,F8_01_1_2_Chlorophyll_A_001_phosphate_plate5.tif,97,919.258,768,1200
36830,F8_01_1_2_Chlorophyll_A_001_phosphate_plate5.tif,35,901.486,768,1216
36831,F8_01_1_2_Chlorophyll_A_001_phosphate_plate5.tif,61,878.164,768,1200
36832,F8_01_1_2_Chlorophyll_A_001_phosphate_plate5.tif,3,896.000,800,1072
36833,F8_01_1_2_Chlorophyll_A_001_phosphate_plate5.tif,1,768.000,768,768
36834,F8_01_1_2_Chlorophyll_A_001_phosphate_plate5.tif,6,840.000,800,896
36835,F8_01_1_2_Chlorophyll_A_001_phosphate_plate5.tif,1,928.000,928,928
36836,F8_01_1_2_Chlorophyll_A_001_phosphate_plate5.tif,1,800.000,800,800
36837,F8_01_1_2_Chlorophyll_A_001_phosphate_plate5.tif,3,853.333,832,880
36838,F8_01_1_2_Chlorophyll_A_001_phosphate_plate5.tif,1,960.000,960,960
36839,F8_01_1_2_Chlorophyll_A_001_phosphate_plate5.tif,1,768.000,768,768
36840,F8_01_1_2_Chlorophyll_A_001_phosphate_plate5.tif,2,808.000,800,816
36841,F8_01_1_2_Chlorophyll_A_001_phosphate_plate5.tif,1,832.000,832,832
36842,F8_01_1_2_Chlorophyll_A_001_phosphate_plate5.tif,1,768.000,768,768
36843,F8_01_1_2_Chlorophyll_A_001_phosphate_plate5.tif,1,768.000,768,768
36844,F8_01_1_2_Chlorophyll_A_001_phosphate_plate5.tif,1,880.000,880,880
36845,F8_01_1_2_Chlorophyll_A_001_phosphate_plate5.tif,1,768.000,768,768
36846,F8_01_1_2_Chlorophyll_A_001_phosphate_plate5.tif,1,880.000,880,880
36847,F8_01_1_2_Chlorophyll_A_001_phosphate_plate5.tif,1,784.000,784,784
36848,F8_01_1_2_Chlorophyll_A_001_phosphate_plate5.tif,1,768.000,768,768
36849,F8_01_1_2_Chlorophyll_A_001_phosphate_plate5.tif,3,794.667,784,800
36850,F8_01_1_2_Chlorophyll_A_001_phosphate_plate5.tif,90,3167.467,768,16048
36851,F8_01_1_2_Chlorophyll_A_001_phosphate_plate5.tif,1,784.000,784,784
36852,F8_01_1_2_Chlorophyll_A_001_phosphate_plate5.tif,1,816.000,816,816
36853,F8_01_1_2_Chlorophyll_A_001_phosphate_plate5.tif,1,896.000,896,896
36854,F8_01_1_2_Chlorophyll_A_001_phosphate_plate5.tif,1,768.000,768,768
36855,F8_01_1_2_Chlorophyll_A_001_phosphate_plate5.tif,1,848.000,848,848
36856,F8_01_1_2_Chlorophyll_A_001_phosphate_plate5.tif,1,784.000,784,784
36857,F8_01_1_2_Chlorophyll_A_001_phosphate_plate5.tif,1,768.000,768,768
36858,F8_01_1_2_Chlorophyll_A_001_phosphate_plate5.tif,6,824.000,768,944
36859,F8_01_1_2_Chlorophyll_A_001_phosphate_plate5.tif,1,976.000,976,976
36860,F8_01_1_2_Chlorophyll_A_001_phosphate_plate5.tif,4,832.000,768,896
36861,F8_01_1_2_Chlorophyll_A_001_phosphate_plate5.tif,1,800.000,800,800
36862,F8_01_1_2_Chlorophyll_A_001_phosphate_plate5.tif,1,800.000,800,800
36863,F8_01_1_2_Chlorophyll_A_001_phosphate_plate5.tif,17,885.647,784,1216
36864,F8_01_1_2_Chlorophyll_A_001_phosphate_plate5.tif,894,1122.076,768,1632
36865,F8_01_1_2_Chlorophyll_A_001_phosphate_plate5.tif,63,902.857,768,1104
36866,F8_01_1_2_Chlorophyll_A_001_phosphate_plate5.tif,3,848.000,768,896
36867,F8_01_1_2_Chlorophyll_A_001_phosphate_plate5.tif,4,828.000,800,864
36868,F8_01_1_2_Chlorophyll_A_001_phosphate_plate5.tif,1,816.000,816,816
36869,F8_01_1_2_Chlorophyll_A_001_phosphate_plate5.tif,1,976.000,976,976
36870,F8_01_1_2_Chlorophyll_A_001_phosphate_plate5.tif,1,784.000,784,784
36871,F8_01_1_2_Chlorophyll_A_001_phosphate_plate5.tif,1,912.000,912,912
36872,F8_01_1_2_Chlorophyll_A_001_phosphate_plate5.tif,1,816.000,816,816
36873,F8_01_1_2_Chlorophyll_A_001_phosphate_plate5.tif,1,784.000,784,784
36874,F8_01_1_2_Chlorophyll_A_001_phosphate_plate5.tif,1,832.000,832,832
36875,F8_01_1_2_Chlorophyll_A_001_phosphate_plate5.tif,1,784.000,784,784
36876,F8_01_1_2_Chlorophyll_A_001_phosphate_plate5.tif,1,896.000,896,896
36877,F8_01_1_2_Chlorophyll_A_001_phosphate_plate5.tif,1,880.000,880,880
36878,F8_01_1_2_Chlorophyll_A_001_phosphate_plate5.tif,1,864.000,864,864
36879,F8_01_1_2_Chlorophyll_A_001_phosphate_plate5.tif,1,768.000,768,768
36880,F8_01_1_2_Chlorophyll_A_001_phosphate_plate5.tif,1,832.000,832,832
36881,F8_01_1_2_Chlorophyll_A_001_phosphate_plate5.tif,2,784.000,768,800
36882,F8_01_1_2_Chlorophyll_A_001_phosphate_plate5.tif,1,832.000,832,832
36883,F8_01_1_2_Chlorophyll_A_001_phosphate_plate5.tif,2,792.000,784,800
36884,F8_01_1_2_Chlorophyll_A_001_phosphate_plate5.tif,25,834.560,768,1008
36885,F8_01_1_2_Chlorophyll_A_001_phosphate_plate5.tif,1,864.000,864,864
36886,F8_01_1_2_Chlorophyll_A_001_phosphate_plate5.tif,6,848.000,784,944
36887,F8_01_1_2_Chlorophyll_A_001_phosphate_plate5.tif,1,832.000,832,832
36888,F8_01_1_2_Chlorophyll_A_001_phosphate_plate5.tif,62,891.613,768,1168
36889,F8_01_1_2_Chlorophyll_A_001_phosphate_plate5.tif,2,920.000,800,1040
36890,F8_01_1_2_Chlorophyll_A_001_phosphate_plate5.tif,6,834.667,768,928
36891,F8_01_1_2_Chlorophyll_A_001_phosphate_plate5.tif,3,821.333,784,848
36892,F8_01_1_2_Chlorophyll_A_001_phosphate_plate5.tif,4,820.000,784,864
36893,F8_01_1_2_Chlorophyll_A_001_phosphate_plate5.tif,4,816.000,768,832
36894,F8_01_1_2_Chlorophyll_A_001_phosphate_plate5.tif,2,784.000,768,800
36895,F8_01_1_2_Chlorophyll_A_001_phosphate_plate5.tif,2,800.000,784,816
36896,F8_01_1_2_Chlorophyll_A_001_phosphate_plate5.tif,1,880.000,880,880
36897,F8_01_1_2_Chlorophyll_A_001_phosphate_plate5.tif,2,888.000,848,928
36898,F8_01_1_2_Chlorophyll_A_001_phosphate_plate5.tif,1,880.000,880,880
36899,F8_01_1_2_Chlorophyll_A_001_phosphate_plate5.tif,1,800.000,800,800
36900,F8_01_1_2_Chlorophyll_A_001_phosphate_plate5.tif,1,768.000,768,768
36901,F8_01_1_2_Chlorophyll_A_001_phosphate_plate5.tif,1,896.000,896,896
36902,F8_01_1_2_Chlorophyll_A_001_phosphate_plate5.tif,1,800.000,800,800
36903,F8_01_1_2_Chlorophyll_A_001_phosphate_plate5.tif,1,832.000,832,832
36904,F8_01_1_2_Chlorophyll_A_001_phosphate_plate5.tif,1,816.000,816,816
36905,F8_01_1_2_Chlorophyll_A_001_phosphate_plate5.tif,4,864.000,832,912
36906,F8_01_1_2_Chlorophyll_A_001_phosphate_plate5.tif,1,800.000,800,800
36907,F8_01_1_2_Chlorophyll_A_001_phosphate_plate5.tif,1,816.000,816,816
36908,F8_01_1_2_Chlorophyll_A_001_phosphate_plate5.tif,1,784.000,784,784
36909,F8_01_1_2_Chlorophyll_A_001_phosphate_plate5.tif,1,800.000,800,800
36910,F8_01_1_2_Chlorophyll_A_001_phosphate_plate5.tif,1,864.000,864,864
36911,F8_01_1_2_Chlorophyll_A_001_phosphate_plate5.tif,1,768.000,768,768
36912,F8_01_1_2_Chlorophyll_A_001_phosphate_plate5.tif,1,768.000,768,768
36913,F8_01_1_2_Chlorophyll_A_001_phosphate_plate5.tif,2,768.000,768,768
36914,F8_01_1_2_Chlorophyll_A_001_phosphate_plate5.tif,4,872.000,784,976
36915,F8_01_1_2_Chlorophyll_A_001_phosphate_plate5.tif,2,840.000,768,912
36916,F8_01_1_2_Chlorophyll_A_001_phosphate_plate5.tif,12,961.333,832,1104
36917,F8_01_1_2_Chlorophyll_A_001_phosphate_plate5.tif,15,946.133,784,1152
36918,F8_01_1_2_Chlorophyll_A_001_phosphate_plate5.tif,46,912.000,768,1104
36919,F8_01_1_2_Chlorophyll_A_001_phosphate_plate5.tif,1,800.000,800,800
36920,F8_01_1_2_Chlorophyll_A_001_phosphate_plate5.tif,3,810.667,768,848
36921,F8_01_1_2_Chlorophyll_A_001_phosphate_plate5.tif,1,1024.000,1024,1024
36922,F8_01_1_2_Chlorophyll_A_001_phosphate_plate5.tif,1,784.000,784,784
36923,F8_01_1_2_Chlorophyll_A_001_phosphate_plate5.tif,2,824.000,784,864
36924,F8_01_1_2_Chlorophyll_A_001_phosphate_plate5.tif,1,768.000,768,768
36925,F8_01_1_2_Chlorophyll_A_001_phosphate_plate5.tif,1,768.000,768,768
36926,F8_01_1_2_Chlorophyll_A_001_phosphate_plate5.tif,2,832.000,784,880
36927,F8_01_1_2_Chlorophyll_A_001_phosphate_plate5.tif,1,816.000,816,816
36928,F8_01_1_2_Chlorophyll_A_001_phosphate_plate5.tif,1,928.000,928,928
36929,F8_01_1_2_Chlorophyll_A_001_phosphate_plate5.tif,2,816.000,784,848
36930,F8_01_1_2_Chlorophyll_A_001_phosphate_plate5.tif,1,896.000,896,896
36931,F8_01_1_2_Chlorophyll_A_001_phosphate_plate5.tif,1,784.000,784,784
36932,F8_01_1_2_Chlorophyll_A_001_phosphate_plate5.tif,1,784.000,784,784
36933,F8_01_1_2_Chlorophyll_A_001_phosphate_plate5.tif,1,784.000,784,784
36934,F8_01_1_2_Chlorophyll_A_001_phosphate_plate5.tif,1,816.000,816,816
36935,F8_01_1_2_Chlorophyll_A_001_phosphate_plate5.tif,2,784.000,784,784
36936,F8_01_1_2_Chlorophyll_A_001_phosphate_plate5.tif,1,768.000,768,768
36937,F8_01_1_2_Chlorophyll_A_001_phosphate_plate5.tif,1,944.000,944,944
36938,F8_01_1_2_Chlorophyll_A_001_phosphate_plate5.tif,2,832.000,784,880
36939,F8_01_1_2_Chlorophyll_A_001_phosphate_plate5.tif,1,800.000,800,800
36940,F8_01_1_2_Chlorophyll_A_001_phosphate_plate5.tif,1,928.000,928,928
36941,F8_01_1_2_Chlorophyll_A_001_phosphate_plate5.tif,1,848.000,848,848
36942,F8_01_1_2_Chlorophyll_A_001_phosphate_plate5.tif,28,913.714,768,1216
36943,F8_01_1_2_Chlorophyll_A_001_phosphate_plate5.tif,136,879.765,768,1056
36944,F8_01_1_2_Chlorophyll_A_001_phosphate_plate5.tif,1,784.000,784,784
36945,F8_01_1_2_Chlorophyll_A_001_phosphate_plate5.tif,1,768.000,768,768
36946,F8_01_1_2_Chlorophyll_A_001_phosphate_plate5.tif,1,784.000,784,784
36947,F8_01_1_2_Chlorophyll_A_001_phosphate_plate5.tif,1,816.000,816,816
36948,F8_01_1_2_Chlorophyll_A_001_phosphate_plate5.tif,2,784.000,768,800
36949,F8_01_1_2_Chlorophyll_A_001_phosphate_plate5.tif,1,880.000,880,880
36950,F8_01_1_2_Chlorophyll_A_001_phosphate_plate5.tif,1,784.000,784,784
36951,F8_01_1_2_Chlorophyll_A_001_phosphate_plate5.tif,1,768.000,768,768
36952,F8_01_1_2_Chlorophyll_A_001_phosphate_plate5.tif,1,784.000,784,784
36953,F8_01_1_2_Chlorophyll_A_001_phosphate_plate5.tif,1,768.000,768,768
36954,F8_01_1_2_Chlorophyll_A_001_phosphate_plate5.tif,1,784.000,784,784
36955,F8_01_1_2_Chlorophyll_A_001_phosphate_plate5.tif,1,848.000,848,848
36956,F8_01_1_2_Chlorophyll_A_001_phosphate_plate5.tif,1,816.000,816,816
36957,F8_01_1_2_Chlorophyll_A_001_phosphate_plate5.tif,1,784.000,784,784
36958,F8_01_1_2_Chlorophyll_A_001_phosphate_plate5.tif,4,832.000,768,928
36959,F8_01_1_2_Chlorophyll_A_001_phosphate_plate5.tif,1,912.000,912,912
36960,F8_01_1_2_Chlorophyll_A_001_phosphate_plate5.tif,1,816.000,816,816
36961,F8_01_1_2_Chlorophyll_A_001_phosphate_plate5.tif,94,1102.979,816,1552
36962,F8_01_1_2_Chlorophyll_A_001_phosphate_plate5.tif,67,1003.701,768,1328
36963,F8_01_1_2_Chlorophyll_A_001_phosphate_plate5.tif,31,944.000,768,1248
36964,F8_01_1_2_Chlorophyll_A_001_phosphate_plate5.tif,1,832.000,832,832
36965,F8_01_1_2_Chlorophyll_A_001_phosphate_plate5.tif,1,1040.000,1040,1040
36966,F8_01_1_2_Chlorophyll_A_001_phosphate_plate5.tif,1,816.000,816,816
36967,F8_01_1_2_Chlorophyll_A_001_phosphate_plate5.tif,1,800.000,800,800
36968,F8_01_1_2_Chlorophyll_A_001_phosphate_plate5.tif,1,768.000,768,768
36969,F8_01_1_2_Chlorophyll_A_001_phosphate_plate5.tif,1,768.000,768,768
36970,F8_01_1_2_Chlorophyll_A_001_phosphate_plate5.tif,1,832.000,832,832
36971,F8_01_1_2_Chlorophyll_A_001_phosphate_plate5.tif,1,832.000,832,832
36972,F8_01_1_2_Chlorophyll_A_001_phosphate_plate5.tif,1,784.000,784,784
36973,F8_01_1_2_Chlorophyll_A_001_phosphate_plate5.tif,2,808.000,768,848
36974,F8_01_1_2_Chlorophyll_A_001_phosphate_plate5.tif,3,778.667,768,784
36975,F8_01_1_2_Chlorophyll_A_001_phosphate_plate5.tif,1,784.000,784,784
36976,F8_01_1_2_Chlorophyll_A_001_phosphate_plate5.tif,2,792.000,784,800
36977,F8_01_1_2_Chlorophyll_A_001_phosphate_plate5.tif,1,880.000,880,880
36978,F8_01_1_2_Chlorophyll_A_001_phosphate_plate5.tif,1,880.000,880,880
36979,F8_01_1_2_Chlorophyll_A_001_phosphate_plate5.tif,2,856.000,848,864
36980,F8_01_1_2_Chlorophyll_A_001_phosphate_plate5.tif,5,844.800,784,896
36981,F8_01_1_2_Chlorophyll_A_001_phosphate_plate5.tif,1,768.000,768,768
36982,F8_01_1_2_Chlorophyll_A_001_phosphate_plate5.tif,22,949.818,768,1360
36983,F8_01_1_2_Chlorophyll_A_001_phosphate_plate5.tif,1,784.000,784,784
36984,F8_01_1_2_Chlorophyll_A_001_phosphate_plate5.tif,1,944.000,944,944
36985,F8_01_1_2_Chlorophyll_A_001_phosphate_plate5.tif,3,784.000,768,800
36986,F8_01_1_2_Chlorophyll_A_001_phosphate_plate5.tif,1,800.000,800,800
36987,F8_01_1_2_Chlorophyll_A_001_phosphate_plate5.tif,1,848.000,848,848
36988,F8_01_1_2_Chlorophyll_A_001_phosphate_plate5.tif,1,848.000,848,848
36989,F8_01_1_2_Chlorophyll_A_001_phosphate_plate5.tif,1,832.000,832,832
36990,F8_01_1_2_Chlorophyll_A_001_phosphate_plate5.tif,1,768.000,768,768
36991,F8_01_1_2_Chlorophyll_A_001_phosphate_plate5.tif,1,832.000,832,832
36992,F8_01_1_2_Chlorophyll_A_001_phosphate_plate5.tif,2,840.000,832,848
36993,F8_01_1_2_Chlorophyll_A_001_phosphate_plate5.tif,4,812.000,768,896
36994,F8_01_1_2_Chlorophyll_A_001_phosphate_plate5.tif,1,768.000,768,768
36995,F8_01_1_2_Chlorophyll_A_001_phosphate_plate5.tif,1,768.000,768,768
36996,F8_01_1_2_Chlorophyll_A_001_phosphate_plate5.tif,1,800.000,800,800
36997,F8_01_1_2_Chlorophyll_A_001_phosphate_plate5.tif,1,800.000,800,800
36998,F8_01_1_2_Chlorophyll_A_001_phosphate_plate5.tif,3,810.667,768,880
36999,F8_01_1_2_Chlorophyll_A_001_phosphate_plate5.tif,2,824.000,768,880
37000,F8_01_1_2_Chlorophyll_A_001_phosphate_plate5.tif,1,768.000,768,768
37001,F8_01_1_2_Chlorophyll_A_001_phosphate_plate5.tif,2,832.000,832,832
37002,F8_01_1_2_Chlorophyll_A_001_phosphate_plate5.tif,1,848.000,848,848
37003,F8_01_1_2_Chlorophyll_A_001_phosphate_plate5.tif,2,824.000,768,880
37004,F8_01_1_2_Chlorophyll_A_001_phosphate_plate5.tif,2,776.000,768,784
37005,F8_01_1_2_Chlorophyll_A_001_phosphate_plate5.tif,24,950.000,768,1136
37006,F8_01_1_2_Chlorophyll_A_001_phosphate_plate5.tif,85,880.376,768,1136
37007,F8_01_1_2_Chlorophyll_A_001_phosphate_plate5.tif,8,898.000,768,1024
37008,F8_01_1_2_Chlorophyll_A_001_phosphate_plate5.tif,1,768.000,768,768
37009,F8_01_1_2_Chlorophyll_A_001_phosphate_plate5.tif,1,832.000,832,832
37010,F8_01_1_2_Chlorophyll_A_001_phosphate_plate5.tif,3,853.333,784,912
37011,F8_01_1_2_Chlorophyll_A_001_phosphate_plate5.tif,1,784.000,784,784
37012,F8_01_1_2_Chlorophyll_A_001_phosphate_plate5.tif,2,784.000,768,800
37013,F8_01_1_2_Chlorophyll_A_001_phosphate_plate5.tif,1,768.000,768,768
37014,F8_01_1_2_Chlorophyll_A_001_phosphate_plate5.tif,1,768.000,768,768
37015,F8_01_1_2_Chlorophyll_A_001_phosphate_plate5.tif,2,856.000,816,896
37016,F8_01_1_2_Chlorophyll_A_001_phosphate_plate5.tif,1,816.000,816,816
37017,F8_01_1_2_Chlorophyll_A_001_phosphate_plate5.tif,2,792.000,768,816
37018,F8_01_1_2_Chlorophyll_A_001_phosphate_plate5.tif,1,784.000,784,784
37019,F8_01_1_2_Chlorophyll_A_001_phosphate_plate5.tif,2,888.000,880,896
37020,F8_01_1_2_Chlorophyll_A_001_phosphate_plate5.tif,4,896.000,768,1088
37021,F8_01_1_2_Chlorophyll_A_001_phosphate_plate5.tif,1,800.000,800,800
37022,F8_01_1_2_Chlorophyll_A_001_phosphate_plate5.tif,1,848.000,848,848
37023,F8_01_1_2_Chlorophyll_A_001_phosphate_plate5.tif,1,768.000,768,768
37024,F8_01_1_2_Chlorophyll_A_001_phosphate_plate5.tif,1,800.000,800,800
37025,F8_01_1_2_Chlorophyll_A_001_phosphate_plate5.tif,1,880.000,880,880
37026,F8_01_1_2_Chlorophyll_A_001_phosphate_plate5.tif,5,803.200,768,880
37027,F8_01_1_2_Chlorophyll_A_001_phosphate_plate5.tif,1,800.000,800,800
37028,F8_01_1_2_Chlorophyll_A_001_phosphate_plate5.tif,3,912.000,768,1088
37029,F8_01_1_2_Chlorophyll_A_001_phosphate_plate5.tif,7,900.571,832,992
37030,F8_01_1_2_Chlorophyll_A_001_phosphate_plate5.tif,35,928.457,784,1264
37031,F8_01_1_2_Chlorophyll_A_001_phosphate_plate5.tif,36,956.889,784,1184
37032,F8_01_1_2_Chlorophyll_A_001_phosphate_plate5.tif,1,832.000,832,832
37033,F8_01_1_2_Chlorophyll_A_001_phosphate_plate5.tif,3,805.333,800,816
37034,F8_01_1_2_Chlorophyll_A_001_phosphate_plate5.tif,2,832.000,816,848
37035,F8_01_1_2_Chlorophyll_A_001_phosphate_plate5.tif,3,869.333,768,944
37036,F8_01_1_2_Chlorophyll_A_001_phosphate_plate5.tif,1,896.000,896,896
37037,F8_01_1_2_Chlorophyll_A_001_phosphate_plate5.tif,1,816.000,816,816
37038,F8_01_1_2_Chlorophyll_A_001_phosphate_plate5.tif,6,834.667,768,944
37039,F8_01_1_2_Chlorophyll_A_001_phosphate_plate5.tif,4,816.000,800,832
37040,F8_01_1_2_Chlorophyll_A_001_phosphate_plate5.tif,1,832.000,832,832
37041,F8_01_1_2_Chlorophyll_A_001_phosphate_plate5.tif,1,944.000,944,944
37042,F8_01_1_2_Chlorophyll_A_001_phosphate_plate5.tif,1,848.000,848,848
37043,F8_01_1_2_Chlorophyll_A_001_phosphate_plate5.tif,2,792.000,784,800
37044,F8_01_1_2_Chlorophyll_A_001_phosphate_plate5.tif,2,824.000,800,848
37045,F8_01_1_2_Chlorophyll_A_001_phosphate_plate5.tif,1,816.000,816,816
37046,F8_01_1_2_Chlorophyll_A_001_phosphate_plate5.tif,1,880.000,880,880
37047,F8_01_1_2_Chlorophyll_A_001_phosphate_plate5.tif,1,784.000,784,784
37048,F8_01_1_2_Chlorophyll_A_001_phosphate_plate5.tif,1,816.000,816,816
37049,F8_01_1_2_Chlorophyll_A_001_phosphate_plate5.tif,1,800.000,800,800
37050,F8_01_1_2_Chlorophyll_A_001_phosphate_plate5.tif,2,808.000,800,816
37051,F8_01_1_2_Chlorophyll_A_001_phosphate_plate5.tif,2,808.000,768,848
37052,F8_01_1_2_Chlorophyll_A_001_phosphate_plate5.tif,1,1040.000,1040,1040
37053,F8_01_1_2_Chlorophyll_A_001_phosphate_plate5.tif,2,784.000,768,800
37054,F8_01_1_2_Chlorophyll_A_001_phosphate_plate5.tif,1,880.000,880,880
37055,F8_01_1_2_Chlorophyll_A_001_phosphate_plate5.tif,1,784.000,784,784
37056,F8_01_1_2_Chlorophyll_A_001_phosphate_plate5.tif,1,768.000,768,768
37057,F8_01_1_2_Chlorophyll_A_001_phosphate_plate5.tif,1,800.000,800,800
37058,F8_01_1_2_Chlorophyll_A_001_phosphate_plate5.tif,14,853.714,768,1104
37059,F8_01_1_2_Chlorophyll_A_001_phosphate_plate5.tif,5,812.800,784,896
37060,F8_01_1_2_Chlorophyll_A_001_phosphate_plate5.tif,32,960.000,768,1344
37061,F8_01_1_2_Chlorophyll_A_001_phosphate_plate5.tif,14,861.714,784,992
37062,F8_01_1_2_Chlorophyll_A_001_phosphate_plate5.tif,26,876.923,768,1008
37063,F8_01_1_2_Chlorophyll_A_001_phosphate_plate5.tif,34,848.471,768,1040
37064,F8_01_1_2_Chlorophyll_A_001_phosphate_plate5.tif,1,800.000,800,800
37065,F8_01_1_2_Chlorophyll_A_001_phosphate_plate5.tif,2,928.000,768,1088
37066,F8_01_1_2_Chlorophyll_A_001_phosphate_plate5.tif,3,885.333,816,928
37067,F8_01_1_2_Chlorophyll_A_001_phosphate_plate5.tif,2,880.000,832,928
37068,F8_01_1_2_Chlorophyll_A_001_phosphate_plate5.tif,1,832.000,832,832
37069,F8_01_1_2_Chlorophyll_A_001_phosphate_plate5.tif,2,840.000,800,880
37070,F8_01_1_2_Chlorophyll_A_001_phosphate_plate5.tif,2,880.000,880,880
37071,F8_01_1_2_Chlorophyll_A_001_phosphate_plate5.tif,1,848.000,848,848
37072,F8_01_1_2_Chlorophyll_A_001_phosphate_plate5.tif,2,768.000,768,768
37073,F8_01_1_2_Chlorophyll_A_001_phosphate_plate5.tif,2,816.000,800,832
37074,F8_01_1_2_Chlorophyll_A_001_phosphate_plate5.tif,1,816.000,816,816
37075,F8_01_1_2_Chlorophyll_A_001_phosphate_plate5.tif,2,880.000,768,992
37076,F8_01_1_2_Chlorophyll_A_001_phosphate_plate5.tif,1,848.000,848,848
37077,F8_01_1_2_Chlorophyll_A_001_phosphate_plate5.tif,4,796.000,768,848
37078,F8_01_1_2_Chlorophyll_A_001_phosphate_plate5.tif,1,800.000,800,800
37079,F8_01_1_2_Chlorophyll_A_001_phosphate_plate5.tif,1,816.000,816,816
37080,F8_01_1_2_Chlorophyll_A_001_phosphate_plate5.tif,1,800.000,800,800
37081,F8_01_1_2_Chlorophyll_A_001_phosphate_plate5.tif,1,768.000,768,768
37082,F8_01_1_2_Chlorophyll_A_001_phosphate_plate5.tif,1,784.000,784,784
37083,F8_01_1_2_Chlorophyll_A_001_phosphate_plate5.tif,1,784.000,784,784
37084,F8_01_1_2_Chlorophyll_A_001_phosphate_plate5.tif,1,768.000,768,768
37085,F8_01_1_2_Chlorophyll_A_001_phosphate_plate5.tif,1,800.000,800,800
37086,F8_01_1_2_Chlorophyll_A_001_phosphate_plate5.tif,1,800.000,800,800
37087,F8_01_1_2_Chlorophyll_A_001_phosphate_plate5.tif,3,800.000,768,864
37088,F8_01_1_2_Chlorophyll_A_001_phosphate_plate5.tif,1,784.000,784,784
37089,F8_01_1_2_Chlorophyll_A_001_phosphate_plate5.tif,1,784.000,784,784
37090,F8_01_1_2_Chlorophyll_A_001_phosphate_plate5.tif,84,1498.857,768,6416
37091,F8_01_1_2_Chlorophyll_A_001_phosphate_plate5.tif,3,858.667,768,1008
37092,F8_01_1_2_Chlorophyll_A_001_phosphate_plate5.tif,1,928.000,928,928
37093,F8_01_1_2_Chlorophyll_A_001_phosphate_plate5.tif,63,1097.651,848,1456
37094,F8_01_1_2_Chlorophyll_A_001_phosphate_plate5.tif,107,888.374,768,1200
37095,F8_01_1_2_Chlorophyll_A_001_phosphate_plate5.tif,1,912.000,912,912
37096,F8_01_1_2_Chlorophyll_A_001_phosphate_plate5.tif,1,864.000,864,864
37097,F8_01_1_2_Chlorophyll_A_001_phosphate_plate5.tif,3,821.333,800,848
37098,F8_01_1_2_Chlorophyll_A_001_phosphate_plate5.tif,1,816.000,816,816
37099,F8_01_1_2_Chlorophyll_A_001_phosphate_plate5.tif,5,841.600,800,912
37100,F8_01_1_2_Chlorophyll_A_001_phosphate_plate5.tif,1,848.000,848,848
37101,F8_01_1_2_Chlorophyll_A_001_phosphate_plate5.tif,2,776.000,768,784
37102,F8_01_1_2_Chlorophyll_A_001_phosphate_plate5.tif,1,800.000,800,800
37103,F8_01_1_2_Chlorophyll_A_001_phosphate_plate5.tif,2,816.000,800,832
37104,F8_01_1_2_Chlorophyll_A_001_phosphate_plate5.tif,1,768.000,768,768
37105,F8_01_1_2_Chlorophyll_A_001_phosphate_plate5.tif,1,864.000,864,864
37106,F8_01_1_2_Chlorophyll_A_001_phosphate_plate5.tif,1,784.000,784,784
37107,F8_01_1_2_Chlorophyll_A_001_phosphate_plate5.tif,1,768.000,768,768
37108,F8_01_1_2_Chlorophyll_A_001_phosphate_plate5.tif,1,768.000,768,768
37109,F8_01_1_2_Chlorophyll_A_001_phosphate_plate5.tif,1,768.000,768,768
37110,F8_01_1_2_Chlorophyll_A_001_phosphate_plate5.tif,1,768.000,768,768
37111,F8_01_1_2_Chlorophyll_A_001_phosphate_plate5.tif,1,768.000,768,768
37112,F8_01_1_2_Chlorophyll_A_001_phosphate_plate5.tif,2,776.000,768,784
37113,F8_01_1_2_Chlorophyll_A_001_phosphate_plate5.tif,1,848.000,848,848
37114,F8_01_1_2_Chlorophyll_A_001_phosphate_plate5.tif,1,880.000,880,880
37115,F8_01_1_2_Chlorophyll_A_001_phosphate_plate5.tif,2,800.000,800,800
37116,F8_01_1_2_Chlorophyll_A_001_phosphate_plate5.tif,1,832.000,832,832
37117,F8_01_1_2_Chlorophyll_A_001_phosphate_plate5.tif,1,784.000,784,784
37118,F8_01_1_2_Chlorophyll_A_001_phosphate_plate5.tif,1,944.000,944,944
37119,F8_01_1_2_Chlorophyll_A_001_phosphate_plate5.tif,1,816.000,816,816
37120,F8_01_1_2_Chlorophyll_A_001_phosphate_plate5.tif,1,896.000,896,896
37121,F8_01_1_2_Chlorophyll_A_001_phosphate_plate5.tif,1,784.000,784,784
37122,F8_01_1_2_Chlorophyll_A_001_phosphate_plate5.tif,38,951.158,784,1312
37123,F8_01_1_2_Chlorophyll_A_001_phosphate_plate5.tif,1,928.000,928,928
37124,F8_01_1_2_Chlorophyll_A_001_phosphate_plate5.tif,25,868.480,768,1120
37125,F8_01_1_2_Chlorophyll_A_001_phosphate_plate5.tif,13,910.769,768,1088
37126,F8_01_1_2_Chlorophyll_A_001_phosphate_plate5.tif,8,918.000,800,1088
37127,F8_01_1_2_Chlorophyll_A_001_phosphate_plate5.tif,1,768.000,768,768
37128,F8_01_1_2_Chlorophyll_A_001_phosphate_plate5.tif,15,867.200,784,1120
37129,F8_01_1_2_Chlorophyll_A_001_phosphate_plate5.tif,2,784.000,768,800
37130,F8_01_1_2_Chlorophyll_A_001_phosphate_plate5.tif,2,864.000,816,912
37131,F8_01_1_2_Chlorophyll_A_001_phosphate_plate5.tif,1,944.000,944,944
37132,F8_01_1_2_Chlorophyll_A_001_phosphate_plate5.tif,1,800.000,800,800
37133,F8_01_1_2_Chlorophyll_A_001_phosphate_plate5.tif,1,896.000,896,896
37134,F8_01_1_2_Chlorophyll_A_001_phosphate_plate5.tif,1,784.000,784,784
37135,F8_01_1_2_Chlorophyll_A_001_phosphate_plate5.tif,1,768.000,768,768
37136,F8_01_1_2_Chlorophyll_A_001_phosphate_plate5.tif,1,768.000,768,768
37137,F8_01_1_2_Chlorophyll_A_001_phosphate_plate5.tif,1,896.000,896,896
37138,F8_01_1_2_Chlorophyll_A_001_phosphate_plate5.tif,1,784.000,784,784
37139,F8_01_1_2_Chlorophyll_A_001_phosphate_plate5.tif,1,880.000,880,880
37140,F8_01_1_2_Chlorophyll_A_001_phosphate_plate5.tif,1,912.000,912,912
37141,F8_01_1_2_Chlorophyll_A_001_phosphate_plate5.tif,1,816.000,816,816
37142,F8_01_1_2_Chlorophyll_A_001_phosphate_plate5.tif,1,768.000,768,768
37143,F8_01_1_2_Chlorophyll_A_001_phosphate_plate5.tif,1,880.000,880,880
37144,F8_01_1_2_Chlorophyll_A_001_phosphate_plate5.tif,2,872.000,816,928
37145,F8_01_1_2_Chlorophyll_A_001_phosphate_plate5.tif,1,800.000,800,800
37146,F8_01_1_2_Chlorophyll_A_001_phosphate_plate5.tif,1,768.000,768,768
37147,F8_01_1_2_Chlorophyll_A_001_phosphate_plate5.tif,1,880.000,880,880
37148,F8_01_1_2_Chlorophyll_A_001_phosphate_plate5.tif,1,768.000,768,768
37149,F8_01_1_2_Chlorophyll_A_001_phosphate_plate5.tif,2,856.000,832,880
37150,F8_01_1_2_Chlorophyll_A_001_phosphate_plate5.tif,1,864.000,864,864
37151,F8_01_1_2_Chlorophyll_A_001_phosphate_plate5.tif,1,768.000,768,768
37152,F8_01_1_2_Chlorophyll_A_001_phosphate_plate5.tif,1,976.000,976,976
37153,F8_01_1_2_Chlorophyll_A_001_phosphate_plate5.tif,3,885.333,864,912
37154,F8_01_1_2_Chlorophyll_A_001_phosphate_plate5.tif,1,816.000,816,816
37155,F8_01_1_2_Chlorophyll_A_001_phosphate_plate5.tif,1,768.000,768,768
37156,F8_01_1_2_Chlorophyll_A_001_phosphate_plate5.tif,1,864.000,864,864
37157,F8_01_1_2_Chlorophyll_A_001_phosphate_plate5.tif,1,832.000,832,832
37158,F8_01_1_2_Chlorophyll_A_001_phosphate_plate5.tif,1060,2115.472,784,22080
37159,F8_01_1_2_Chlorophyll_A_001_phosphate_plate5.tif,110,993.891,768,1424
37160,F8_01_1_2_Chlorophyll_A_001_phosphate_plate5.tif,27,888.889,768,1072
37161,F8_01_1_2_Chlorophyll_A_001_phosphate_plate5.tif,64,876.750,768,1152
37162,F8_01_1_2_Chlorophyll_A_001_phosphate_plate5.tif,2,912.000,816,1008
37163,F8_01_1_2_Chlorophyll_A_001_phosphate_plate5.tif,1,800.000,800,800
37164,F8_01_1_2_Chlorophyll_A_001_phosphate_plate5.tif,1,848.000,848,848
37165,F8_01_1_2_Chlorophyll_A_001_phosphate_plate5.tif,1,816.000,816,816
37166,F8_01_1_2_Chlorophyll_A_001_phosphate_plate5.tif,1,800.000,800,800
37167,F8_01_1_2_Chlorophyll_A_001_phosphate_plate5.tif,1,896.000,896,896
37168,F8_01_1_2_Chlorophyll_A_001_phosphate_plate5.tif,2,856.000,800,912
37169,F8_01_1_2_Chlorophyll_A_001_phosphate_plate5.tif,1,768.000,768,768
37170,F8_01_1_2_Chlorophyll_A_001_phosphate_plate5.tif,2,824.000,816,832
37171,F8_01_1_2_Chlorophyll_A_001_phosphate_plate5.tif,1,784.000,784,784
37172,F8_01_1_2_Chlorophyll_A_001_phosphate_plate5.tif,1,800.000,800,800
37173,F8_01_1_2_Chlorophyll_A_001_phosphate_plate5.tif,1,896.000,896,896
37174,F8_01_1_2_Chlorophyll_A_001_phosphate_plate5.tif,1,928.000,928,928
37175,F8_01_1_2_Chlorophyll_A_001_phosphate_plate5.tif,3,858.667,800,896
37176,F8_01_1_2_Chlorophyll_A_001_phosphate_plate5.tif,1,784.000,784,784
37177,F8_01_1_2_Chlorophyll_A_001_phosphate_plate5.tif,1,784.000,784,784
37178,F8_01_1_2_Chlorophyll_A_001_phosphate_plate5.tif,2,800.000,800,800
37179,F8_01_1_2_Chlorophyll_A_001_phosphate_plate5.tif,2,824.000,800,848
37180,F8_01_1_2_Chlorophyll_A_001_phosphate_plate5.tif,1,800.000,800,800
37181,F8_01_1_2_Chlorophyll_A_001_phosphate_plate5.tif,2,840.000,784,896
37182,F8_01_1_2_Chlorophyll_A_001_phosphate_plate5.tif,13,871.385,768,1120
37183,F8_01_1_2_Chlorophyll_A_001_phosphate_plate5.tif,19,863.158,768,1040
37184,F8_01_1_2_Chlorophyll_A_001_phosphate_plate5.tif,26,898.462,768,1088
37185,F8_01_1_2_Chlorophyll_A_001_phosphate_plate5.tif,19,883.368,768,1104
37186,F8_01_1_2_Chlorophyll_A_001_phosphate_plate5.tif,36,889.333,768,1120
37187,F8_01_1_2_Chlorophyll_A_001_phosphate_plate5.tif,5,838.400,768,896
37188,F8_01_1_2_Chlorophyll_A_001_phosphate_plate5.tif,8,848.000,768,960
37189,F8_01_1_2_Chlorophyll_A_001_phosphate_plate5.tif,1,864.000,864,864
37190,F8_01_1_2_Chlorophyll_A_001_phosphate_plate5.tif,1,816.000,816,816
37191,F8_01_1_2_Chlorophyll_A_001_phosphate_plate5.tif,1,912.000,912,912
37192,F8_01_1_2_Chlorophyll_A_001_phosphate_plate5.tif,1,768.000,768,768
37193,F8_01_1_2_Chlorophyll_A_001_phosphate_plate5.tif,2,784.000,768,800
37194,F8_01_1_2_Chlorophyll_A_001_phosphate_plate5.tif,1,864.000,864,864
37195,F8_01_1_2_Chlorophyll_A_001_phosphate_plate5.tif,1,768.000,768,768
37196,F8_01_1_2_Chlorophyll_A_001_phosphate_plate5.tif,1,768.000,768,768
37197,F8_01_1_2_Chlorophyll_A_001_phosphate_plate5.tif,1,800.000,800,800
37198,F8_01_1_2_Chlorophyll_A_001_phosphate_plate5.tif,1,784.000,784,784
37199,F8_01_1_2_Chlorophyll_A_001_phosphate_plate5.tif,1,848.000,848,848
37200,F8_01_1_2_Chlorophyll_A_001_phosphate_plate5.tif,2,880.000,768,992
37201,F8_01_1_2_Chlorophyll_A_001_phosphate_plate5.tif,3,794.667,768,848
37202,F8_01_1_2_Chlorophyll_A_001_phosphate_plate5.tif,2,824.000,800,848
37203,F8_01_1_2_Chlorophyll_A_001_phosphate_plate5.tif,1,784.000,784,784
37204,F8_01_1_2_Chlorophyll_A_001_phosphate_plate5.tif,1,912.000,912,912
37205,F8_01_1_2_Chlorophyll_A_001_phosphate_plate5.tif,4,848.000,768,896
37206,F8_01_1_2_Chlorophyll_A_001_phosphate_plate5.tif,2,784.000,784,784
37207,F8_01_1_2_Chlorophyll_A_001_phosphate_plate5.tif,10,862.400,768,960
37208,F8_01_1_2_Chlorophyll_A_001_phosphate_plate5.tif,1919,1364.544,768,13776
37209,F8_01_1_2_Chlorophyll_A_001_phosphate_plate5.tif,20,946.400,768,1152
37210,F8_01_1_2_Chlorophyll_A_001_phosphate_plate5.tif,29,904.276,768,1264
37211,F8_01_1_2_Chlorophyll_A_001_phosphate_plate5.tif,1,768.000,768,768
37212,F8_01_1_2_Chlorophyll_A_001_phosphate_plate5.tif,1,992.000,992,992
37213,F8_01_1_2_Chlorophyll_A_001_phosphate_plate5.tif,1,848.000,848,848
37214,F8_01_1_2_Chlorophyll_A_001_phosphate_plate5.tif,1,880.000,880,880
37215,F8_01_1_2_Chlorophyll_A_001_phosphate_plate5.tif,1,912.000,912,912
37216,F8_01_1_2_Chlorophyll_A_001_phosphate_plate5.tif,3,906.667,832,944
37217,F8_01_1_2_Chlorophyll_A_001_phosphate_plate5.tif,1,848.000,848,848
37218,F8_01_1_2_Chlorophyll_A_001_phosphate_plate5.tif,1,848.000,848,848
37219,F8_01_1_2_Chlorophyll_A_001_phosphate_plate5.tif,2,816.000,768,864
37220,F8_01_1_2_Chlorophyll_A_001_phosphate_plate5.tif,1,896.000,896,896
37221,F8_01_1_2_Chlorophyll_A_001_phosphate_plate5.tif,2,920.000,832,1008
37222,F8_01_1_2_Chlorophyll_A_001_phosphate_plate5.tif,1,832.000,832,832
37223,F8_01_1_2_Chlorophyll_A_001_phosphate_plate5.tif,1,816.000,816,816
37224,F8_01_1_2_Chlorophyll_A_001_phosphate_plate5.tif,1,848.000,848,848
37225,F8_01_1_2_Chlorophyll_A_001_phosphate_plate5.tif,1,912.000,912,912
37226,F8_01_1_2_Chlorophyll_A_001_phosphate_plate5.tif,7,852.571,800,1008
37227,F8_01_1_2_Chlorophyll_A_001_phosphate_plate5.tif,2,800.000,784,816
37228,F8_01_1_2_Chlorophyll_A_001_phosphate_plate5.tif,1,896.000,896,896
37229,F8_01_1_2_Chlorophyll_A_001_phosphate_plate5.tif,2,864.000,816,912
37230,F8_01_1_2_Chlorophyll_A_001_phosphate_plate5.tif,128,966.000,768,1264
37231,F8_01_1_2_Chlorophyll_A_001_phosphate_plate5.tif,823,2165.618,768,64496
37232,F8_01_1_2_Chlorophyll_A_001_phosphate_plate5.tif,2,912.000,832,992
37233,F8_01_1_2_Chlorophyll_A_001_phosphate_plate5.tif,6,818.667,784,848
37234,F8_01_1_2_Chlorophyll_A_001_phosphate_plate5.tif,32,860.500,768,1056
37235,F8_01_1_2_Chlorophyll_A_001_phosphate_plate5.tif,1,1088.000,1088,1088
37236,F8_01_1_2_Chlorophyll_A_001_phosphate_plate5.tif,2,816.000,768,864
37237,F8_01_1_2_Chlorophyll_A_001_phosphate_plate5.tif,1,800.000,800,800
37238,F8_01_1_2_Chlorophyll_A_001_phosphate_plate5.tif,2,816.000,768,864
37239,F8_01_1_2_Chlorophyll_A_001_phosphate_plate5.tif,1,848.000,848,848
37240,F8_01_1_2_Chlorophyll_A_001_phosphate_plate5.tif,1,768.000,768,768
37241,F8_01_1_2_Chlorophyll_A_001_phosphate_plate5.tif,1,912.000,912,912
37242,F8_01_1_2_Chlorophyll_A_001_phosphate_plate5.tif,1,784.000,784,784
37243,F8_01_1_2_Chlorophyll_A_001_phosphate_plate5.tif,1,800.000,800,800
37244,F8_01_1_2_Chlorophyll_A_001_phosphate_plate5.tif,1,944.000,944,944
37245,F8_01_1_2_Chlorophyll_A_001_phosphate_plate5.tif,1,896.000,896,896
37246,F8_01_1_2_Chlorophyll_A_001_phosphate_plate5.tif,1,768.000,768,768
37247,F8_01_1_2_Chlorophyll_A_001_phosphate_plate5.tif,1,784.000,784,784
37248,F8_01_1_2_Chlorophyll_A_001_phosphate_plate5.tif,1,784.000,784,784
37249,F8_01_1_2_Chlorophyll_A_001_phosphate_plate5.tif,3,842.667,832,864
37250,F8_01_1_2_Chlorophyll_A_001_phosphate_plate5.tif,1,848.000,848,848
37251,F8_01_1_2_Chlorophyll_A_001_phosphate_plate5.tif,1,784.000,784,784
37252,F8_01_1_2_Chlorophyll_A_001_phosphate_plate5.tif,1,768.000,768,768
37253,F8_01_1_2_Chlorophyll_A_001_phosphate_plate5.tif,1,832.000,832,832
37254,F8_01_1_2_Chlorophyll_A_001_phosphate_plate5.tif,1,960.000,960,960
37255,F8_01_1_2_Chlorophyll_A_001_phosphate_plate5.tif,1,784.000,784,784
37256,F8_01_1_2_Chlorophyll_A_001_phosphate_plate5.tif,1,912.000,912,912
37257,F8_01_1_2_Chlorophyll_A_001_phosphate_plate5.tif,2,840.000,800,880
37258,F8_01_1_2_Chlorophyll_A_001_phosphate_plate5.tif,1,784.000,784,784
37259,F8_01_1_2_Chlorophyll_A_001_phosphate_plate5.tif,1,944.000,944,944
37260,F8_01_1_2_Chlorophyll_A_001_phosphate_plate5.tif,2,816.000,784,848
37261,F8_01_1_2_Chlorophyll_A_001_phosphate_plate5.tif,2,792.000,768,816
37262,F8_01_1_2_Chlorophyll_A_001_phosphate_plate5.tif,2,896.000,800,992
37263,F8_01_1_2_Chlorophyll_A_001_phosphate_plate5.tif,3,794.667,784,816
37264,F8_01_1_2_Chlorophyll_A_001_phosphate_plate5.tif,2,944.000,848,1040
37265,F8_01_1_2_Chlorophyll_A_001_phosphate_plate5.tif,74,947.243,768,1264
37266,F8_01_1_2_Chlorophyll_A_001_phosphate_plate5.tif,70,924.571,768,1200
37267,F8_01_1_2_Chlorophyll_A_001_phosphate_plate5.tif,5,848.000,800,880
37268,F8_01_1_2_Chlorophyll_A_001_phosphate_plate5.tif,1,880.000,880,880
37269,F8_01_1_2_Chlorophyll_A_001_phosphate_plate5.tif,4,812.000,784,832
37270,F8_01_1_2_Chlorophyll_A_001_phosphate_plate5.tif,1,896.000,896,896
37271,F8_01_1_2_Chlorophyll_A_001_phosphate_plate5.tif,1,848.000,848,848
37272,F8_01_1_2_Chlorophyll_A_001_phosphate_plate5.tif,1,768.000,768,768
37273,F8_01_1_2_Chlorophyll_A_001_phosphate_plate5.tif,2,800.000,800,800
37274,F8_01_1_2_Chlorophyll_A_001_phosphate_plate5.tif,1,800.000,800,800
37275,F8_01_1_2_Chlorophyll_A_001_phosphate_plate5.tif,1,912.000,912,912
37276,F8_01_1_2_Chlorophyll_A_001_phosphate_plate5.tif,1,880.000,880,880
37277,F8_01_1_2_Chlorophyll_A_001_phosphate_plate5.tif,2,808.000,784,832
37278,F8_01_1_2_Chlorophyll_A_001_phosphate_plate5.tif,1,784.000,784,784
37279,F8_01_1_2_Chlorophyll_A_001_phosphate_plate5.tif,1,848.000,848,848
37280,F8_01_1_2_Chlorophyll_A_001_phosphate_plate5.tif,1,832.000,832,832
37281,F8_01_1_2_Chlorophyll_A_001_phosphate_plate5.tif,1,896.000,896,896
37282,F8_01_1_2_Chlorophyll_A_001_phosphate_plate5.tif,1,1008.000,1008,1008
37283,F8_01_1_2_Chlorophyll_A_001_phosphate_plate5.tif,1,880.000,880,880
37284,F8_01_1_2_Chlorophyll_A_001_phosphate_plate5.tif,1,800.000,800,800
37285,F8_01_1_2_Chlorophyll_A_001_phosphate_plate5.tif,18,880.000,784,1024
37286,F8_01_1_2_Chlorophyll_A_001_phosphate_plate5.tif,54,991.704,768,1232
37287,F8_01_1_2_Chlorophyll_A_001_phosphate_plate5.tif,31,933.161,784,1120
37288,F8_01_1_2_Chlorophyll_A_001_phosphate_plate5.tif,42,892.190,768,1200
37289,F8_01_1_2_Chlorophyll_A_001_phosphate_plate5.tif,35,897.371,768,1168
37290,F8_01_1_2_Chlorophyll_A_001_phosphate_plate5.tif,2,800.000,784,816
37291,F8_01_1_2_Chlorophyll_A_001_phosphate_plate5.tif,3,842.667,768,896
37292,F8_01_1_2_Chlorophyll_A_001_phosphate_plate5.tif,2,840.000,800,880
37293,F8_01_1_2_Chlorophyll_A_001_phosphate_plate5.tif,2,880.000,880,880
37294,F8_01_1_2_Chlorophyll_A_001_phosphate_plate5.tif,2,856.000,848,864
37295,F8_01_1_2_Chlorophyll_A_001_phosphate_plate5.tif,1,784.000,784,784
37296,F8_01_1_2_Chlorophyll_A_001_phosphate_plate5.tif,1,784.000,784,784
37297,F8_01_1_2_Chlorophyll_A_001_phosphate_plate5.tif,2,792.000,768,816
37298,F8_01_1_2_Chlorophyll_A_001_phosphate_plate5.tif,2,840.000,800,880
37299,F8_01_1_2_Chlorophyll_A_001_phosphate_plate5.tif,2,808.000,784,832
37300,F8_01_1_2_Chlorophyll_A_001_phosphate_plate5.tif,1,768.000,768,768
37301,F8_01_1_2_Chlorophyll_A_001_phosphate_plate5.tif,2,792.000,784,800
37302,F8_01_1_2_Chlorophyll_A_001_phosphate_plate5.tif,1,784.000,784,784
37303,F8_01_1_2_Chlorophyll_A_001_phosphate_plate5.tif,1,800.000,800,800
37304,F8_01_1_2_Chlorophyll_A_001_phosphate_plate5.tif,2,784.000,784,784
37305,F8_01_1_2_Chlorophyll_A_001_phosphate_plate5.tif,1,768.000,768,768
37306,F8_01_1_2_Chlorophyll_A_001_phosphate_plate5.tif,1,816.000,816,816
37307,F8_01_1_2_Chlorophyll_A_001_phosphate_plate5.tif,1,912.000,912,912
37308,F8_01_1_2_Chlorophyll_A_001_phosphate_plate5.tif,1,768.000,768,768
37309,F8_01_1_2_Chlorophyll_A_001_phosphate_plate5.tif,1,768.000,768,768
37310,F8_01_1_2_Chlorophyll_A_001_phosphate_plate5.tif,2,832.000,784,880
37311,F8_01_1_2_Chlorophyll_A_001_phosphate_plate5.tif,1,832.000,832,832
37312,F8_01_1_2_Chlorophyll_A_001_phosphate_plate5.tif,1,784.000,784,784
37313,F8_01_1_2_Chlorophyll_A_001_phosphate_plate5.tif,18,863.111,768,976
37314,F8_01_1_2_Chlorophyll_A_001_phosphate_plate5.tif,2,880.000,768,992
37315,F8_01_1_2_Chlorophyll_A_001_phosphate_plate5.tif,164,1117.171,768,1568
37316,F8_01_1_2_Chlorophyll_A_001_phosphate_plate5.tif,53,879.396,768,1136
37317,F8_01_1_2_Chlorophyll_A_001_phosphate_plate5.tif,2,776.000,768,784
37318,F8_01_1_2_Chlorophyll_A_001_phosphate_plate5.tif,1,800.000,800,800
37319,F8_01_1_2_Chlorophyll_A_001_phosphate_plate5.tif,1,928.000,928,928
37320,F8_01_1_2_Chlorophyll_A_001_phosphate_plate5.tif,1,800.000,800,800
37321,F8_01_1_2_Chlorophyll_A_001_phosphate_plate5.tif,11,823.273,768,992
37322,F8_01_1_2_Chlorophyll_A_001_phosphate_plate5.tif,4,836.000,784,880
37323,F8_01_1_2_Chlorophyll_A_001_phosphate_plate5.tif,1,800.000,800,800
37324,F8_01_1_2_Chlorophyll_A_001_phosphate_plate5.tif,2,768.000,768,768
37325,F8_01_1_2_Chlorophyll_A_001_phosphate_plate5.tif,1,784.000,784,784
37326,F8_01_1_2_Chlorophyll_A_001_phosphate_plate5.tif,1,800.000,800,800
37327,F8_01_1_2_Chlorophyll_A_001_phosphate_plate5.tif,2,808.000,800,816
37328,F8_01_1_2_Chlorophyll_A_001_phosphate_plate5.tif,1,768.000,768,768
37329,F8_01_1_2_Chlorophyll_A_001_phosphate_plate5.tif,1,976.000,976,976
37330,F8_01_1_2_Chlorophyll_A_001_phosphate_plate5.tif,1,816.000,816,816
37331,F8_01_1_2_Chlorophyll_A_001_phosphate_plate5.tif,1,784.000,784,784
37332,F8_01_1_2_Chlorophyll_A_001_phosphate_plate5.tif,1,832.000,832,832
37333,F8_01_1_2_Chlorophyll_A_001_phosphate_plate5.tif,2,768.000,768,768
37334,F8_01_1_2_Chlorophyll_A_001_phosphate_plate5.tif,1,800.000,800,800
37335,F8_01_1_2_Chlorophyll_A_001_phosphate_plate5.tif,1,912.000,912,912
37336,F8_01_1_2_Chlorophyll_A_001_phosphate_plate5.tif,3,789.333,784,800
37337,F8_01_1_2_Chlorophyll_A_001_phosphate_plate5.tif,2,856.000,784,928
37338,F8_01_1_2_Chlorophyll_A_001_phosphate_plate5.tif,1,768.000,768,768
37339,F8_01_1_2_Chlorophyll_A_001_phosphate_plate5.tif,2,840.000,816,864
37340,F8_01_1_2_Chlorophyll_A_001_phosphate_plate5.tif,1,800.000,800,800
37341,F8_01_1_2_Chlorophyll_A_001_phosphate_plate5.tif,7,850.286,768,944
37342,F8_01_1_2_Chlorophyll_A_001_phosphate_plate5.tif,8,842.000,768,912
37343,F8_01_1_2_Chlorophyll_A_001_phosphate_plate5.tif,13,908.308,768,1104
37344,F8_01_1_2_Chlorophyll_A_001_phosphate_plate5.tif,6,861.333,768,944
37345,F8_01_1_2_Chlorophyll_A_001_phosphate_plate5.tif,20,843.200,768,960
37346,F8_01_1_2_Chlorophyll_A_001_phosphate_plate5.tif,1,800.000,800,800
37347,F8_01_1_2_Chlorophyll_A_001_phosphate_plate5.tif,2,856.000,800,912
37348,F8_01_1_2_Chlorophyll_A_001_phosphate_plate5.tif,1,944.000,944,944
37349,F8_01_1_2_Chlorophyll_A_001_phosphate_plate5.tif,1,880.000,880,880
37350,F8_01_1_2_Chlorophyll_A_001_phosphate_plate5.tif,1,896.000,896,896
37351,F8_01_1_2_Chlorophyll_A_001_phosphate_plate5.tif,1,800.000,800,800
37352,F8_01_1_2_Chlorophyll_A_001_phosphate_plate5.tif,1,784.000,784,784
37353,F8_01_1_2_Chlorophyll_A_001_phosphate_plate5.tif,1,800.000,800,800
37354,F8_01_1_2_Chlorophyll_A_001_phosphate_plate5.tif,1,768.000,768,768
37355,F8_01_1_2_Chlorophyll_A_001_phosphate_plate5.tif,1,832.000,832,832
37356,F8_01_1_2_Chlorophyll_A_001_phosphate_plate5.tif,1,768.000,768,768
37357,F8_01_1_2_Chlorophyll_A_001_phosphate_plate5.tif,1,768.000,768,768
37358,F8_01_1_2_Chlorophyll_A_001_phosphate_plate5.tif,3,842.667,816,896
37359,F8_01_1_2_Chlorophyll_A_001_phosphate_plate5.tif,3,832.000,800,880
37360,F8_01_1_2_Chlorophyll_A_001_phosphate_plate5.tif,1,784.000,784,784
37361,F8_01_1_2_Chlorophyll_A_001_phosphate_plate5.tif,2,768.000,768,768
37362,F8_01_1_2_Chlorophyll_A_001_phosphate_plate5.tif,1,880.000,880,880
37363,F8_01_1_2_Chlorophyll_A_001_phosphate_plate5.tif,1,784.000,784,784
37364,F8_01_1_2_Chlorophyll_A_001_phosphate_plate5.tif,1,960.000,960,960
37365,F8_01_1_2_Chlorophyll_A_001_phosphate_plate5.tif,1,784.000,784,784
37366,F8_01_1_2_Chlorophyll_A_001_phosphate_plate5.tif,1,848.000,848,848
37367,F8_01_1_2_Chlorophyll_A_001_phosphate_plate5.tif,1,832.000,832,832
37368,F8_01_1_2_Chlorophyll_A_001_phosphate_plate5.tif,1,832.000,832,832
37369,F8_01_1_2_Chlorophyll_A_001_phosphate_plate5.tif,1,784.000,784,784
37370,F8_01_1_2_Chlorophyll_A_001_phosphate_plate5.tif,2,808.000,800,816
37371,F8_01_1_2_Chlorophyll_A_001_phosphate_plate5.tif,1,992.000,992,992
37372,F8_01_1_2_Chlorophyll_A_001_phosphate_plate5.tif,5,896.000,784,1008
37373,F8_01_1_2_Chlorophyll_A_001_phosphate_plate5.tif,29,904.828,768,1184
37374,F8_01_1_2_Chlorophyll_A_001_phosphate_plate5.tif,1,896.000,896,896
37375,F8_01_1_2_Chlorophyll_A_001_phosphate_plate5.tif,1,832.000,832,832
37376,F8_01_1_2_Chlorophyll_A_001_phosphate_plate5.tif,2,824.000,784,864
37377,F8_01_1_2_Chlorophyll_A_001_phosphate_plate5.tif,5,864.000,800,912
37378,F8_01_1_2_Chlorophyll_A_001_phosphate_plate5.tif,1,992.000,992,992
37379,F8_01_1_2_Chlorophyll_A_001_phosphate_plate5.tif,9,888.889,784,1136
37380,F8_01_1_2_Chlorophyll_A_001_phosphate_plate5.tif,3,848.000,768,928
37381,F8_01_1_2_Chlorophyll_A_001_phosphate_plate5.tif,1,800.000,800,800
37382,F8_01_1_2_Chlorophyll_A_001_phosphate_plate5.tif,1,848.000,848,848
37383,F8_01_1_2_Chlorophyll_A_001_phosphate_plate5.tif,1,912.000,912,912
37384,F8_01_1_2_Chlorophyll_A_001_phosphate_plate5.tif,1,832.000,832,832
37385,F8_01_1_2_Chlorophyll_A_001_phosphate_plate5.tif,2,824.000,816,832
37386,F8_01_1_2_Chlorophyll_A_001_phosphate_plate5.tif,2,808.000,768,848
37387,F8_01_1_2_Chlorophyll_A_001_phosphate_plate5.tif,2,832.000,832,832
37388,F8_01_1_2_Chlorophyll_A_001_phosphate_plate5.tif,2,848.000,800,896
37389,F8_01_1_2_Chlorophyll_A_001_phosphate_plate5.tif,2,856.000,816,896
37390,F8_01_1_2_Chlorophyll_A_001_phosphate_plate5.tif,1,928.000,928,928
37391,F8_01_1_2_Chlorophyll_A_001_phosphate_plate5.tif,2,880.000,816,944
37392,F8_01_1_2_Chlorophyll_A_001_phosphate_plate5.tif,1,768.000,768,768
37393,F8_01_1_2_Chlorophyll_A_001_phosphate_plate5.tif,3,784.000,768,800
37394,F8_01_1_2_Chlorophyll_A_001_phosphate_plate5.tif,3,778.667,768,784
37395,F8_01_1_2_Chlorophyll_A_001_phosphate_plate5.tif,1,800.000,800,800
37396,F8_01_1_2_Chlorophyll_A_001_phosphate_plate5.tif,1,816.000,816,816
37397,F8_01_1_2_Chlorophyll_A_001_phosphate_plate5.tif,2,784.000,784,784
37398,F8_01_1_2_Chlorophyll_A_001_phosphate_plate5.tif,1,768.000,768,768
37399,F8_01_1_2_Chlorophyll_A_001_phosphate_plate5.tif,1,896.000,896,896
37400,F8_01_1_2_Chlorophyll_A_001_phosphate_plate5.tif,1,768.000,768,768
37401,F8_01_1_2_Chlorophyll_A_001_phosphate_plate5.tif,1,784.000,784,784
37402,F8_01_1_2_Chlorophyll_A_001_phosphate_plate5.tif,1,784.000,784,784
37403,F8_01_1_2_Chlorophyll_A_001_phosphate_plate5.tif,3,773.333,768,784
37404,F8_01_1_2_Chlorophyll_A_001_phosphate_plate5.tif,1,848.000,848,848
37405,F8_01_1_2_Chlorophyll_A_001_phosphate_plate5.tif,1,800.000,800,800
37406,F8_01_1_2_Chlorophyll_A_001_phosphate_plate5.tif,1,928.000,928,928
37407,F8_01_1_2_Chlorophyll_A_001_phosphate_plate5.tif,2,904.000,880,928
37408,F8_01_1_2_Chlorophyll_A_001_phosphate_plate5.tif,1,768.000,768,768
37409,F8_01_1_2_Chlorophyll_A_001_phosphate_plate5.tif,22,882.182,768,1072
37410,F8_01_1_2_Chlorophyll_A_001_phosphate_plate5.tif,2,936.000,784,1088
37411,F8_01_1_2_Chlorophyll_A_001_phosphate_plate5.tif,1,976.000,976,976
37412,F8_01_1_2_Chlorophyll_A_001_phosphate_plate5.tif,1,816.000,816,816
37413,F8_01_1_2_Chlorophyll_A_001_phosphate_plate5.tif,1,864.000,864,864
37414,F8_01_1_2_Chlorophyll_A_001_phosphate_plate5.tif,1,832.000,832,832
37415,F8_01_1_2_Chlorophyll_A_001_phosphate_plate5.tif,1,800.000,800,800
37416,F8_01_1_2_Chlorophyll_A_001_phosphate_plate5.tif,1,768.000,768,768
37417,F8_01_1_2_Chlorophyll_A_001_phosphate_plate5.tif,2,864.000,768,960
37418,F8_01_1_2_Chlorophyll_A_001_phosphate_plate5.tif,3,832.000,784,896
37419,F8_01_1_2_Chlorophyll_A_001_phosphate_plate5.tif,1,912.000,912,912
37420,F8_01_1_2_Chlorophyll_A_001_phosphate_plate5.tif,1,800.000,800,800
37421,F8_01_1_2_Chlorophyll_A_001_phosphate_plate5.tif,1,784.000,784,784
37422,F8_01_1_2_Chlorophyll_A_001_phosphate_plate5.tif,1,960.000,960,960
37423,F8_01_1_2_Chlorophyll_A_001_phosphate_plate5.tif,1,784.000,784,784
37424,F8_01_1_2_Chlorophyll_A_001_phosphate_plate5.tif,1,784.000,784,784
37425,F8_01_1_2_Chlorophyll_A_001_phosphate_plate5.tif,1,768.000,768,768
37426,F8_01_1_2_Chlorophyll_A_001_phosphate_plate5.tif,121,3999.207,768,23984
37427,F8_01_1_2_Chlorophyll_A_001_phosphate_plate5.tif,2,848.000,784,912
37428,F8_01_1_2_Chlorophyll_A_001_phosphate_plate5.tif,1,800.000,800,800
37429,F8_01_1_2_Chlorophyll_A_001_phosphate_plate5.tif,1,800.000,800,800
37430,F8_01_1_2_Chlorophyll_A_001_phosphate_plate5.tif,1,768.000,768,768
37431,F8_01_1_2_Chlorophyll_A_001_phosphate_plate5.tif,3,816.000,784,864
37432,F8_01_1_2_Chlorophyll_A_001_phosphate_plate5.tif,1,816.000,816,816
37433,F8_01_1_2_Chlorophyll_A_001_phosphate_plate5.tif,1,816.000,816,816
37434,F8_01_1_2_Chlorophyll_A_001_phosphate_plate5.tif,2,888.000,880,896
37435,F8_01_1_2_Chlorophyll_A_001_phosphate_plate5.tif,1,880.000,880,880
37436,F8_01_1_2_Chlorophyll_A_001_phosphate_plate5.tif,2,784.000,768,800
37437,F8_01_1_2_Chlorophyll_A_001_phosphate_plate5.tif,1,768.000,768,768
37438,F8_01_1_2_Chlorophyll_A_001_phosphate_plate5.tif,1,800.000,800,800
37439,F8_01_1_2_Chlorophyll_A_001_phosphate_plate5.tif,1,912.000,912,912
37440,F8_01_1_2_Chlorophyll_A_001_phosphate_plate5.tif,1,832.000,832,832
37441,F8_01_1_2_Chlorophyll_A_001_phosphate_plate5.tif,45,963.556,784,1200
37442,F8_01_1_2_Chlorophyll_A_001_phosphate_plate5.tif,24,904.000,768,1136
37443,F8_01_1_2_Chlorophyll_A_001_phosphate_plate5.tif,6,949.333,800,1104
37444,F8_01_1_2_Chlorophyll_A_001_phosphate_plate5.tif,4,804.000,784,832
37445,F8_01_1_2_Chlorophyll_A_001_phosphate_plate5.tif,2,800.000,784,816
37446,F8_01_1_2_Chlorophyll_A_001_phosphate_plate5.tif,1,784.000,784,784
37447,F8_01_1_2_Chlorophyll_A_001_phosphate_plate5.tif,1,768.000,768,768
37448,F8_01_1_2_Chlorophyll_A_001_phosphate_plate5.tif,3,837.333,800,864
37449,F8_01_1_2_Chlorophyll_A_001_phosphate_plate5.tif,1,832.000,832,832
37450,F8_01_1_2_Chlorophyll_A_001_phosphate_plate5.tif,2,824.000,800,848
37451,F8_01_1_2_Chlorophyll_A_001_phosphate_plate5.tif,4,796.000,784,800
37452,F8_01_1_2_Chlorophyll_A_001_phosphate_plate5.tif,2,808.000,784,832
37453,F8_01_1_2_Chlorophyll_A_001_phosphate_plate5.tif,2,816.000,784,848
37454,F8_01_1_2_Chlorophyll_A_001_phosphate_plate5.tif,1,768.000,768,768
37455,F8_01_1_2_Chlorophyll_A_001_phosphate_plate5.tif,1,768.000,768,768
37456,F8_01_1_2_Chlorophyll_A_001_phosphate_plate5.tif,1,800.000,800,800
37457,F8_01_1_2_Chlorophyll_A_001_phosphate_plate5.tif,1,816.000,816,816
37458,F8_01_1_2_Chlorophyll_A_001_phosphate_plate5.tif,1,800.000,800,800
37459,F8_01_1_2_Chlorophyll_A_001_phosphate_plate5.tif,1,768.000,768,768
37460,F8_01_1_2_Chlorophyll_A_001_phosphate_plate5.tif,1,848.000,848,848
37461,F8_01_1_2_Chlorophyll_A_001_phosphate_plate5.tif,2,800.000,768,832
37462,F8_01_1_2_Chlorophyll_A_001_phosphate_plate5.tif,1,784.000,784,784
37463,F8_01_1_2_Chlorophyll_A_001_phosphate_plate5.tif,2,792.000,784,800
37464,F8_01_1_2_Chlorophyll_A_001_phosphate_plate5.tif,8,796.000,768,848
37465,F8_01_1_2_Chlorophyll_A_001_phosphate_plate5.tif,21,932.571,768,1152
37466,F8_01_1_2_Chlorophyll_A_001_phosphate_plate5.tif,2,832.000,800,864
37467,F8_01_1_2_Chlorophyll_A_001_phosphate_plate5.tif,1,976.000,976,976
37468,F8_01_1_2_Chlorophyll_A_001_phosphate_plate5.tif,1,832.000,832,832
37469,F8_01_1_2_Chlorophyll_A_001_phosphate_plate5.tif,1,800.000,800,800
37470,F8_01_1_2_Chlorophyll_A_001_phosphate_plate5.tif,1,880.000,880,880
37471,F8_01_1_2_Chlorophyll_A_001_phosphate_plate5.tif,1,912.000,912,912
37472,F8_01_1_2_Chlorophyll_A_001_phosphate_plate5.tif,2,856.000,848,864
37473,F8_01_1_2_Chlorophyll_A_001_phosphate_plate5.tif,1,784.000,784,784
37474,F8_01_1_2_Chlorophyll_A_001_phosphate_plate5.tif,1,800.000,800,800
37475,F8_01_1_2_Chlorophyll_A_001_phosphate_plate5.tif,1,800.000,800,800
37476,F8_01_1_2_Chlorophyll_A_001_phosphate_plate5.tif,1,832.000,832,832
37477,F8_01_1_2_Chlorophyll_A_001_phosphate_plate5.tif,1,816.000,816,816
37478,F8_01_1_2_Chlorophyll_A_001_phosphate_plate5.tif,1,816.000,816,816
37479,F8_01_1_2_Chlorophyll_A_001_phosphate_plate5.tif,1,768.000,768,768
37480,F8_01_1_2_Chlorophyll_A_001_phosphate_plate5.tif,1,832.000,832,832
37481,F8_01_1_2_Chlorophyll_A_001_phosphate_plate5.tif,2,792.000,768,816
37482,F8_01_1_2_Chlorophyll_A_001_phosphate_plate5.tif,1,832.000,832,832
37483,F8_01_1_2_Chlorophyll_A_001_phosphate_plate5.tif,1,816.000,816,816
37484,F8_01_1_2_Chlorophyll_A_001_phosphate_plate5.tif,1,816.000,816,816
37485,F8_01_1_2_Chlorophyll_A_001_phosphate_plate5.tif,1,848.000,848,848
37486,F8_01_1_2_Chlorophyll_A_001_phosphate_plate5.tif,1,992.000,992,992
37487,F8_01_1_2_Chlorophyll_A_001_phosphate_plate5.tif,2,800.000,768,832
37488,F8_01_1_2_Chlorophyll_A_001_phosphate_plate5.tif,4,788.000,768,816
37489,F8_01_1_2_Chlorophyll_A_001_phosphate_plate5.tif,1,800.000,800,800
37490,F8_01_1_2_Chlorophyll_A_001_phosphate_plate5.tif,3,800.000,784,832
37491,F8_01_1_2_Chlorophyll_A_001_phosphate_plate5.tif,2,784.000,768,800
37492,F8_01_1_2_Chlorophyll_A_001_phosphate_plate5.tif,1,896.000,896,896
37493,F8_01_1_2_Chlorophyll_A_001_phosphate_plate5.tif,3,821.333,784,880
37494,F8_01_1_2_Chlorophyll_A_001_phosphate_plate5.tif,2,784.000,768,800
37495,F8_01_1_2_Chlorophyll_A_001_phosphate_plate5.tif,8,872.000,800,976
37496,F8_01_1_2_Chlorophyll_A_001_phosphate_plate5.tif,26,851.692,768,1120
37497,F8_01_1_2_Chlorophyll_A_001_phosphate_plate5.tif,55,965.527,784,1328
37498,F8_01_1_2_Chlorophyll_A_001_phosphate_plate5.tif,15,936.533,816,1168
37499,F8_01_1_2_Chlorophyll_A_001_phosphate_plate5.tif,50,909.120,768,1184
37500,F8_01_1_2_Chlorophyll_A_001_phosphate_plate5.tif,1,784.000,784,784
37501,F8_01_1_2_Chlorophyll_A_001_phosphate_plate5.tif,1,768.000,768,768
37502,F8_01_1_2_Chlorophyll_A_001_phosphate_plate5.tif,1,880.000,880,880
37503,F8_01_1_2_Chlorophyll_A_001_phosphate_plate5.tif,1,768.000,768,768
37504,F8_01_1_2_Chlorophyll_A_001_phosphate_plate5.tif,1,768.000,768,768
37505,F8_01_1_2_Chlorophyll_A_001_phosphate_plate5.tif,1,784.000,784,784
37506,F8_01_1_2_Chlorophyll_A_001_phosphate_plate5.tif,3,832.000,800,880
37507,F8_01_1_2_Chlorophyll_A_001_phosphate_plate5.tif,1,832.000,832,832
37508,F8_01_1_2_Chlorophyll_A_001_phosphate_plate5.tif,1,816.000,816,816
37509,F8_01_1_2_Chlorophyll_A_001_phosphate_plate5.tif,3,848.000,768,992
37510,F8_01_1_2_Chlorophyll_A_001_phosphate_plate5.tif,4,844.000,784,928
37511,F8_01_1_2_Chlorophyll_A_001_phosphate_plate5.tif,3,800.000,784,816
37512,F8_01_1_2_Chlorophyll_A_001_phosphate_plate5.tif,155,2087.845,800,10496
37513,F8_01_1_2_Chlorophyll_A_001_phosphate_plate5.tif,18,1040.000,816,1312
37514,F8_01_1_2_Chlorophyll_A_001_phosphate_plate5.tif,290,1737.379,768,14896
37515,F8_01_1_2_Chlorophyll_A_001_phosphate_plate5.tif,22,919.273,768,1072
37516,F8_01_1_2_Chlorophyll_A_001_phosphate_plate5.tif,39,915.692,768,1168
37517,F8_01_1_2_Chlorophyll_A_001_phosphate_plate5.tif,76,891.368,768,1136
37518,F8_01_1_2_Chlorophyll_A_001_phosphate_plate5.tif,24,843.333,768,976
37519,F8_01_1_2_Chlorophyll_A_001_phosphate_plate5.tif,4,896.000,768,1040
37520,F8_01_1_2_Chlorophyll_A_001_phosphate_plate5.tif,2,856.000,800,912
37521,F8_01_1_2_Chlorophyll_A_001_phosphate_plate5.tif,1,768.000,768,768
37522,F8_01_1_2_Chlorophyll_A_001_phosphate_plate5.tif,1,832.000,832,832
37523,F8_01_1_2_Chlorophyll_A_001_phosphate_plate5.tif,1,816.000,816,816
37524,F8_01_1_2_Chlorophyll_A_001_phosphate_plate5.tif,1,784.000,784,784
37525,F8_01_1_2_Chlorophyll_A_001_phosphate_plate5.tif,1,768.000,768,768
37526,F8_01_1_2_Chlorophyll_A_001_phosphate_plate5.tif,1,832.000,832,832
37527,F8_01_1_2_Chlorophyll_A_001_phosphate_plate5.tif,2,880.000,864,896
37528,F8_01_1_2_Chlorophyll_A_001_phosphate_plate5.tif,1,832.000,832,832
37529,F8_01_1_2_Chlorophyll_A_001_phosphate_plate5.tif,1,768.000,768,768
37530,F8_01_1_2_Chlorophyll_A_001_phosphate_plate5.tif,2,872.000,848,896
37531,F8_01_1_2_Chlorophyll_A_001_phosphate_plate5.tif,1,768.000,768,768
37532,F8_01_1_2_Chlorophyll_A_001_phosphate_plate5.tif,1,768.000,768,768
37533,F8_01_1_2_Chlorophyll_A_001_phosphate_plate5.tif,1,832.000,832,832
37534,F8_01_1_2_Chlorophyll_A_001_phosphate_plate5.tif,1,768.000,768,768
37535,F8_01_1_2_Chlorophyll_A_001_phosphate_plate5.tif,1,960.000,960,960
37536,F8_01_1_2_Chlorophyll_A_001_phosphate_plate5.tif,1,768.000,768,768
37537,F8_01_1_2_Chlorophyll_A_001_phosphate_plate5.tif,1,800.000,800,800
37538,F8_01_1_2_Chlorophyll_A_001_phosphate_plate5.tif,1,816.000,816,816
37539,F8_01_1_2_Chlorophyll_A_001_phosphate_plate5.tif,4,832.000,800,880
37540,F8_01_1_2_Chlorophyll_A_001_phosphate_plate5.tif,1,912.000,912,912
37541,F8_01_1_2_Chlorophyll_A_001_phosphate_plate5.tif,1,816.000,816,816
37542,F8_01_1_2_Chlorophyll_A_001_phosphate_plate5.tif,4,800.000,768,832
37543,F8_01_1_2_Chlorophyll_A_001_phosphate_plate5.tif,34,965.647,768,1248
37544,F8_01_1_2_Chlorophyll_A_001_phosphate_plate5.tif,19,885.053,768,1168
37545,F8_01_1_2_Chlorophyll_A_001_phosphate_plate5.tif,25,925.440,768,1104
37546,F8_01_1_2_Chlorophyll_A_001_phosphate_plate5.tif,1,768.000,768,768
37547,F8_01_1_2_Chlorophyll_A_001_phosphate_plate5.tif,1,816.000,816,816
37548,F8_01_1_2_Chlorophyll_A_001_phosphate_plate5.tif,1,1088.000,1088,1088
37549,F8_01_1_2_Chlorophyll_A_001_phosphate_plate5.tif,1,832.000,832,832
37550,F8_01_1_2_Chlorophyll_A_001_phosphate_plate5.tif,1,816.000,816,816
37551,F8_01_1_2_Chlorophyll_A_001_phosphate_plate5.tif,1,768.000,768,768
37552,F8_01_1_2_Chlorophyll_A_001_phosphate_plate5.tif,2,776.000,768,784
37553,F8_01_1_2_Chlorophyll_A_001_phosphate_plate5.tif,1,816.000,816,816
37554,F8_01_1_2_Chlorophyll_A_001_phosphate_plate5.tif,1,816.000,816,816
37555,F8_01_1_2_Chlorophyll_A_001_phosphate_plate5.tif,1,816.000,816,816
37556,F8_01_1_2_Chlorophyll_A_001_phosphate_plate5.tif,1,784.000,784,784
37557,F8_01_1_2_Chlorophyll_A_001_phosphate_plate5.tif,2,792.000,768,816
37558,F8_01_1_2_Chlorophyll_A_001_phosphate_plate5.tif,1,768.000,768,768
37559,F8_01_1_2_Chlorophyll_A_001_phosphate_plate5.tif,1,848.000,848,848
37560,F8_01_1_2_Chlorophyll_A_001_phosphate_plate5.tif,1,800.000,800,800
37561,F8_01_1_2_Chlorophyll_A_001_phosphate_plate5.tif,1,784.000,784,784
37562,F8_01_1_2_Chlorophyll_A_001_phosphate_plate5.tif,1,864.000,864,864
37563,F8_01_1_2_Chlorophyll_A_001_phosphate_plate5.tif,1,864.000,864,864
37564,F8_01_1_2_Chlorophyll_A_001_phosphate_plate5.tif,1,784.000,784,784
37565,F8_01_1_2_Chlorophyll_A_001_phosphate_plate5.tif,1,832.000,832,832
37566,F8_01_1_2_Chlorophyll_A_001_phosphate_plate5.tif,1,832.000,832,832
37567,F8_01_1_2_Chlorophyll_A_001_phosphate_plate5.tif,1,800.000,800,800
37568,F8_01_1_2_Chlorophyll_A_001_phosphate_plate5.tif,1,816.000,816,816
37569,F8_01_1_2_Chlorophyll_A_001_phosphate_plate5.tif,2,816.000,816,816
37570,F8_01_1_2_Chlorophyll_A_001_phosphate_plate5.tif,1,832.000,832,832
37571,F8_01_1_2_Chlorophyll_A_001_phosphate_plate5.tif,12,852.000,768,1184
37572,F8_01_1_2_Chlorophyll_A_001_phosphate_plate5.tif,3,789.333,784,800
37573,F8_01_1_2_Chlorophyll_A_001_phosphate_plate5.tif,1,768.000,768,768
37574,F8_01_1_2_Chlorophyll_A_001_phosphate_plate5.tif,3,832.000,784,896
37575,F8_01_1_2_Chlorophyll_A_001_phosphate_plate5.tif,2,816.000,800,832
37576,F8_01_1_2_Chlorophyll_A_001_phosphate_plate5.tif,1,768.000,768,768
37577,F8_01_1_2_Chlorophyll_A_001_phosphate_plate5.tif,9,851.556,784,944
37578,F8_01_1_2_Chlorophyll_A_001_phosphate_plate5.tif,3,826.667,800,880
37579,F8_01_1_2_Chlorophyll_A_001_phosphate_plate5.tif,2,840.000,784,896
37580,F8_01_1_2_Chlorophyll_A_001_phosphate_plate5.tif,1,912.000,912,912
37581,F8_01_1_2_Chlorophyll_A_001_phosphate_plate5.tif,4,840.000,784,896
37582,F8_01_1_2_Chlorophyll_A_001_phosphate_plate5.tif,1,832.000,832,832
37583,F8_01_1_2_Chlorophyll_A_001_phosphate_plate5.tif,3,864.000,816,912
37584,F8_01_1_2_Chlorophyll_A_001_phosphate_plate5.tif,1,864.000,864,864
37585,F8_01_1_2_Chlorophyll_A_001_phosphate_plate5.tif,1,800.000,800,800
37586,F8_01_1_2_Chlorophyll_A_001_phosphate_plate5.tif,1,784.000,784,784
37587,F8_01_1_2_Chlorophyll_A_001_phosphate_plate5.tif,1,768.000,768,768
37588,F8_01_1_2_Chlorophyll_A_001_phosphate_plate5.tif,1,880.000,880,880
37589,F8_01_1_2_Chlorophyll_A_001_phosphate_plate5.tif,1,784.000,784,784
37590,F8_01_1_2_Chlorophyll_A_001_phosphate_plate5.tif,1,768.000,768,768
37591,F8_01_1_2_Chlorophyll_A_001_phosphate_plate5.tif,1,768.000,768,768
37592,F8_01_1_2_Chlorophyll_A_001_phosphate_plate5.tif,5,777.600,768,784
37593,F8_01_1_2_Chlorophyll_A_001_phosphate_plate5.tif,1,848.000,848,848
37594,F8_01_1_2_Chlorophyll_A_001_phosphate_plate5.tif,2,784.000,768,800
37595,F8_01_1_2_Chlorophyll_A_001_phosphate_plate5.tif,2,784.000,768,800
37596,F8_01_1_2_Chlorophyll_A_001_phosphate_plate5.tif,8,858.000,800,944
37597,F8_01_1_2_Chlorophyll_A_001_phosphate_plate5.tif,1,912.000,912,912
37598,F8_01_1_2_Chlorophyll_A_001_phosphate_plate5.tif,3,837.333,816,880
37599,F8_01_1_2_Chlorophyll_A_001_phosphate_plate5.tif,779,1373.802,768,8416
37600,F8_01_1_2_Chlorophyll_A_001_phosphate_plate5.tif,1,768.000,768,768
37601,F8_01_1_2_Chlorophyll_A_001_phosphate_plate5.tif,2,800.000,768,832
37602,F8_01_1_2_Chlorophyll_A_001_phosphate_plate5.tif,2,840.000,784,896
37603,F8_01_1_2_Chlorophyll_A_001_phosphate_plate5.tif,1,848.000,848,848
37604,F8_01_1_2_Chlorophyll_A_001_phosphate_plate5.tif,1,832.000,832,832
37605,F8_01_1_2_Chlorophyll_A_001_phosphate_plate5.tif,1,912.000,912,912
37606,F8_01_1_2_Chlorophyll_A_001_phosphate_plate5.tif,1,896.000,896,896
37607,F8_01_1_2_Chlorophyll_A_001_phosphate_plate5.tif,2,792.000,768,816
37608,F8_01_1_2_Chlorophyll_A_001_phosphate_plate5.tif,2,856.000,816,896
37609,F8_01_1_2_Chlorophyll_A_001_phosphate_plate5.tif,1,800.000,800,800
37610,F8_01_1_2_Chlorophyll_A_001_phosphate_plate5.tif,1,768.000,768,768
37611,F8_01_1_2_Chlorophyll_A_001_phosphate_plate5.tif,2,776.000,768,784
37612,F8_01_1_2_Chlorophyll_A_001_phosphate_plate5.tif,1,768.000,768,768
37613,F8_01_1_2_Chlorophyll_A_001_phosphate_plate5.tif,2,800.000,784,816
37614,F8_01_1_2_Chlorophyll_A_001_phosphate_plate5.tif,1,768.000,768,768
37615,F8_01_1_2_Chlorophyll_A_001_phosphate_plate5.tif,1,912.000,912,912
37616,F8_01_1_2_Chlorophyll_A_001_phosphate_plate5.tif,1,832.000,832,832
37617,F8_01_1_2_Chlorophyll_A_001_phosphate_plate5.tif,1,784.000,784,784
37618,F8_01_1_2_Chlorophyll_A_001_phosphate_plate5.tif,1,816.000,816,816
37619,F8_01_1_2_Chlorophyll_A_001_phosphate_plate5.tif,1,912.000,912,912
37620,F8_01_1_2_Chlorophyll_A_001_phosphate_plate5.tif,1,832.000,832,832
37621,F8_01_1_2_Chlorophyll_A_001_phosphate_plate5.tif,1,816.000,816,816
37622,F8_01_1_2_Chlorophyll_A_001_phosphate_plate5.tif,1,784.000,784,784
37623,F8_01_1_2_Chlorophyll_A_001_phosphate_plate5.tif,1,784.000,784,784
37624,F8_01_1_2_Chlorophyll_A_001_phosphate_plate5.tif,1,848.000,848,848
37625,F8_01_1_2_Chlorophyll_A_001_phosphate_plate5.tif,1,784.000,784,784
37626,F8_01_1_2_Chlorophyll_A_001_phosphate_plate5.tif,3,853.333,784,896
37627,F8_01_1_2_Chlorophyll_A_001_phosphate_plate5.tif,3,784.000,768,800
37628,F8_01_1_2_Chlorophyll_A_001_phosphate_plate5.tif,1,1008.000,1008,1008
37629,F8_01_1_2_Chlorophyll_A_001_phosphate_plate5.tif,1,800.000,800,800
37630,F8_01_1_2_Chlorophyll_A_001_phosphate_plate5.tif,53,931.019,768,1184
37631,F8_01_1_2_Chlorophyll_A_001_phosphate_plate5.tif,2,768.000,768,768
37632,F8_01_1_2_Chlorophyll_A_001_phosphate_plate5.tif,3,890.667,832,944
37633,F8_01_1_2_Chlorophyll_A_001_phosphate_plate5.tif,1,768.000,768,768
37634,F8_01_1_2_Chlorophyll_A_001_phosphate_plate5.tif,1,784.000,784,784
37635,F8_01_1_2_Chlorophyll_A_001_phosphate_plate5.tif,1,800.000,800,800
37636,F8_01_1_2_Chlorophyll_A_001_phosphate_plate5.tif,1,896.000,896,896
37637,F8_01_1_2_Chlorophyll_A_001_phosphate_plate5.tif,1,784.000,784,784
37638,F8_01_1_2_Chlorophyll_A_001_phosphate_plate5.tif,1,928.000,928,928
37639,F8_01_1_2_Chlorophyll_A_001_phosphate_plate5.tif,1,800.000,800,800
37640,F8_01_1_2_Chlorophyll_A_001_phosphate_plate5.tif,1,912.000,912,912
37641,F8_01_1_2_Chlorophyll_A_001_phosphate_plate5.tif,1,768.000,768,768
37642,F8_01_1_2_Chlorophyll_A_001_phosphate_plate5.tif,1,768.000,768,768
37643,F8_01_1_2_Chlorophyll_A_001_phosphate_plate5.tif,1,768.000,768,768
37644,F8_01_1_2_Chlorophyll_A_001_phosphate_plate5.tif,1,784.000,784,784
37645,F8_01_1_2_Chlorophyll_A_001_phosphate_plate5.tif,1,864.000,864,864
37646,F8_01_1_2_Chlorophyll_A_001_phosphate_plate5.tif,1,832.000,832,832
37647,F8_01_1_2_Chlorophyll_A_001_phosphate_plate5.tif,1,768.000,768,768
37648,F8_01_1_2_Chlorophyll_A_001_phosphate_plate5.tif,1,784.000,784,784
37649,F8_01_1_2_Chlorophyll_A_001_phosphate_plate5.tif,3,880.000,832,928
37650,F8_01_1_2_Chlorophyll_A_001_phosphate_plate5.tif,1,800.000,800,800
37651,F8_01_1_2_Chlorophyll_A_001_phosphate_plate5.tif,1,848.000,848,848
37652,F8_01_1_2_Chlorophyll_A_001_phosphate_plate5.tif,1,928.000,928,928
37653,F8_01_1_2_Chlorophyll_A_001_phosphate_plate5.tif,3,821.333,768,896
37654,F8_01_1_2_Chlorophyll_A_001_phosphate_plate5.tif,2,800.000,784,816
37655,F8_01_1_2_Chlorophyll_A_001_phosphate_plate5.tif,1,832.000,832,832
37656,F8_01_1_2_Chlorophyll_A_001_phosphate_plate5.tif,6,826.667,768,896
37657,F8_01_1_2_Chlorophyll_A_001_phosphate_plate5.tif,75,863.147,768,1136
37658,F8_01_1_2_Chlorophyll_A_001_phosphate_plate5.tif,1,768.000,768,768
37659,F8_01_1_2_Chlorophyll_A_001_phosphate_plate5.tif,2,832.000,816,848
37660,F8_01_1_2_Chlorophyll_A_001_phosphate_plate5.tif,1,768.000,768,768
37661,F8_01_1_2_Chlorophyll_A_001_phosphate_plate5.tif,1,768.000,768,768
37662,F8_01_1_2_Chlorophyll_A_001_phosphate_plate5.tif,1,784.000,784,784
37663,F8_01_1_2_Chlorophyll_A_001_phosphate_plate5.tif,1,800.000,800,800
37664,F8_01_1_2_Chlorophyll_A_001_phosphate_plate5.tif,1,784.000,784,784
37665,F8_01_1_2_Chlorophyll_A_001_phosphate_plate5.tif,1,944.000,944,944
37666,F8_01_1_2_Chlorophyll_A_001_phosphate_plate5.tif,1,800.000,800,800
37667,F8_01_1_2_Chlorophyll_A_001_phosphate_plate5.tif,1,800.000,800,800
37668,F8_01_1_2_Chlorophyll_A_001_phosphate_plate5.tif,1,800.000,800,800
37669,F8_01_1_2_Chlorophyll_A_001_phosphate_plate5.tif,1,848.000,848,848
37670,F8_01_1_2_Chlorophyll_A_001_phosphate_plate5.tif,2,800.000,800,800
37671,F8_01_1_2_Chlorophyll_A_001_phosphate_plate5.tif,1,768.000,768,768
37672,F8_01_1_2_Chlorophyll_A_001_phosphate_plate5.tif,1,784.000,784,784
37673,F8_01_1_2_Chlorophyll_A_001_phosphate_plate5.tif,2,792.000,768,816
37674,F8_01_1_2_Chlorophyll_A_001_phosphate_plate5.tif,1,896.000,896,896
37675,F8_01_1_2_Chlorophyll_A_001_phosphate_plate5.tif,1,832.000,832,832
37676,F8_01_1_2_Chlorophyll_A_001_phosphate_plate5.tif,1,800.000,800,800
37677,F8_01_1_2_Chlorophyll_A_001_phosphate_plate5.tif,1,784.000,784,784
37678,F8_01_1_2_Chlorophyll_A_001_phosphate_plate5.tif,1,768.000,768,768
37679,F8_01_1_2_Chlorophyll_A_001_phosphate_plate5.tif,1,768.000,768,768
37680,F8_01_1_2_Chlorophyll_A_001_phosphate_plate5.tif,2,792.000,784,800
37681,F8_01_1_2_Chlorophyll_A_001_phosphate_plate5.tif,3,842.667,784,928
37682,F8_01_1_2_Chlorophyll_A_001_phosphate_plate5.tif,1,992.000,992,992
37683,F8_01_1_2_Chlorophyll_A_001_phosphate_plate5.tif,1,896.000,896,896
37684,F8_01_1_2_Chlorophyll_A_001_phosphate_plate5.tif,1,816.000,816,816
37685,F8_01_1_2_Chlorophyll_A_001_phosphate_plate5.tif,8,868.000,784,992
37686,F8_01_1_2_Chlorophyll_A_001_phosphate_plate5.tif,1,896.000,896,896
37687,F8_01_1_2_Chlorophyll_A_001_phosphate_plate5.tif,107,1082.766,784,1552
37688,F8_01_1_2_Chlorophyll_A_001_phosphate_plate5.tif,662,1936.822,768,20032
37689,F8_01_1_2_Chlorophyll_A_001_phosphate_plate5.tif,47,899.745,768,1152
37690,F8_01_1_2_Chlorophyll_A_001_phosphate_plate5.tif,2,984.000,848,1120
37691,F8_01_1_2_Chlorophyll_A_001_phosphate_plate5.tif,1,768.000,768,768
37692,F8_01_1_2_Chlorophyll_A_001_phosphate_plate5.tif,1,880.000,880,880
37693,F8_01_1_2_Chlorophyll_A_001_phosphate_plate5.tif,1,832.000,832,832
37694,F8_01_1_2_Chlorophyll_A_001_phosphate_plate5.tif,2,784.000,768,800
37695,F8_01_1_2_Chlorophyll_A_001_phosphate_plate5.tif,1,768.000,768,768
37696,F8_01_1_2_Chlorophyll_A_001_phosphate_plate5.tif,1,784.000,784,784
37697,F8_01_1_2_Chlorophyll_A_001_phosphate_plate5.tif,1,848.000,848,848
37698,F8_01_1_2_Chlorophyll_A_001_phosphate_plate5.tif,1,768.000,768,768
37699,F8_01_1_2_Chlorophyll_A_001_phosphate_plate5.tif,3,842.667,816,864
37700,F8_01_1_2_Chlorophyll_A_001_phosphate_plate5.tif,2,856.000,784,928
37701,F8_01_1_2_Chlorophyll_A_001_phosphate_plate5.tif,1,768.000,768,768
37702,F8_01_1_2_Chlorophyll_A_001_phosphate_plate5.tif,1,800.000,800,800
37703,F8_01_1_2_Chlorophyll_A_001_phosphate_plate5.tif,2,808.000,784,832
37704,F8_01_1_2_Chlorophyll_A_001_phosphate_plate5.tif,1,768.000,768,768
37705,F8_01_1_2_Chlorophyll_A_001_phosphate_plate5.tif,2,840.000,784,896
37706,F8_01_1_2_Chlorophyll_A_001_phosphate_plate5.tif,1,816.000,816,816
37707,F8_01_1_2_Chlorophyll_A_001_phosphate_plate5.tif,2,776.000,768,784
37708,F8_01_1_2_Chlorophyll_A_001_phosphate_plate5.tif,1,784.000,784,784
37709,F8_01_1_2_Chlorophyll_A_001_phosphate_plate5.tif,1,800.000,800,800
37710,F8_01_1_2_Chlorophyll_A_001_phosphate_plate5.tif,1,880.000,880,880
37711,F8_01_1_2_Chlorophyll_A_001_phosphate_plate5.tif,1,800.000,800,800
37712,F8_01_1_2_Chlorophyll_A_001_phosphate_plate5.tif,1,784.000,784,784
37713,F8_01_1_2_Chlorophyll_A_001_phosphate_plate5.tif,2,864.000,816,912
37714,F8_01_1_2_Chlorophyll_A_001_phosphate_plate5.tif,1,1008.000,1008,1008
37715,F8_01_1_2_Chlorophyll_A_001_phosphate_plate5.tif,1,832.000,832,832
37716,F8_01_1_2_Chlorophyll_A_001_phosphate_plate5.tif,1,768.000,768,768
37717,F8_01_1_2_Chlorophyll_A_001_phosphate_plate5.tif,2,800.000,784,816
37718,F8_01_1_2_Chlorophyll_A_001_phosphate_plate5.tif,15,922.667,768,1136
37719,F8_01_1_2_Chlorophyll_A_001_phosphate_plate5.tif,59,871.593,768,1136
37720,F8_01_1_2_Chlorophyll_A_001_phosphate_plate5.tif,8,860.000,768,944
37721,F8_01_1_2_Chlorophyll_A_001_phosphate_plate5.tif,2,880.000,864,896
37722,F8_01_1_2_Chlorophyll_A_001_phosphate_plate5.tif,8,848.000,768,944
37723,F8_01_1_2_Chlorophyll_A_001_phosphate_plate5.tif,2,856.000,848,864
37724,F8_01_1_2_Chlorophyll_A_001_phosphate_plate5.tif,2,800.000,784,816
37725,F8_01_1_2_Chlorophyll_A_001_phosphate_plate5.tif,2,800.000,784,816
37726,F8_01_1_2_Chlorophyll_A_001_phosphate_plate5.tif,2,800.000,800,800
37727,F8_01_1_2_Chlorophyll_A_001_phosphate_plate5.tif,1,784.000,784,784
37728,F8_01_1_2_Chlorophyll_A_001_phosphate_plate5.tif,1,880.000,880,880
37729,F8_01_1_2_Chlorophyll_A_001_phosphate_plate5.tif,1,800.000,800,800
37730,F8_01_1_2_Chlorophyll_A_001_phosphate_plate5.tif,2,776.000,768,784
37731,F8_01_1_2_Chlorophyll_A_001_phosphate_plate5.tif,2,792.000,784,800
37732,F8_01_1_2_Chlorophyll_A_001_phosphate_plate5.tif,1,768.000,768,768
37733,F8_01_1_2_Chlorophyll_A_001_phosphate_plate5.tif,1,800.000,800,800
37734,F8_01_1_2_Chlorophyll_A_001_phosphate_plate5.tif,1,896.000,896,896
37735,F8_01_1_2_Chlorophyll_A_001_phosphate_plate5.tif,1,784.000,784,784
37736,F8_01_1_2_Chlorophyll_A_001_phosphate_plate5.tif,1,784.000,784,784
37737,F8_01_1_2_Chlorophyll_A_001_phosphate_plate5.tif,1,784.000,784,784
37738,F8_01_1_2_Chlorophyll_A_001_phosphate_plate5.tif,2,792.000,768,816
37739,F8_01_1_2_Chlorophyll_A_001_phosphate_plate5.tif,4,808.000,768,848
37740,F8_01_1_2_Chlorophyll_A_001_phosphate_plate5.tif,1,816.000,816,816
37741,F8_01_1_2_Chlorophyll_A_001_phosphate_plate5.tif,161,2731.230,768,17968
37742,F8_01_1_2_Chlorophyll_A_001_phosphate_plate5.tif,8,856.000,768,1040
37743,F8_01_1_2_Chlorophyll_A_001_phosphate_plate5.tif,1,832.000,832,832
37744,F8_01_1_2_Chlorophyll_A_001_phosphate_plate5.tif,3,917.333,864,1024
37745,F8_01_1_2_Chlorophyll_A_001_phosphate_plate5.tif,1,864.000,864,864
37746,F8_01_1_2_Chlorophyll_A_001_phosphate_plate5.tif,6,869.333,800,1008
37747,F8_01_1_2_Chlorophyll_A_001_phosphate_plate5.tif,4,852.000,784,992
37748,F8_01_1_2_Chlorophyll_A_001_phosphate_plate5.tif,1,832.000,832,832
37749,F8_01_1_2_Chlorophyll_A_001_phosphate_plate5.tif,92,870.435,768,1136
37750,F8_01_1_2_Chlorophyll_A_001_phosphate_plate5.tif,2,776.000,768,784
37751,F8_01_1_2_Chlorophyll_A_001_phosphate_plate5.tif,2,896.000,832,960
37752,F8_01_1_2_Chlorophyll_A_001_phosphate_plate5.tif,2,800.000,768,832
37753,F8_01_1_2_Chlorophyll_A_001_phosphate_plate5.tif,1,880.000,880,880
37754,F8_01_1_2_Chlorophyll_A_001_phosphate_plate5.tif,1,912.000,912,912
37755,F8_01_1_2_Chlorophyll_A_001_phosphate_plate5.tif,1,784.000,784,784
37756,F8_01_1_2_Chlorophyll_A_001_phosphate_plate5.tif,3,826.667,768,928
37757,F8_01_1_2_Chlorophyll_A_001_phosphate_plate5.tif,1,784.000,784,784
37758,F8_01_1_2_Chlorophyll_A_001_phosphate_plate5.tif,1,896.000,896,896
37759,F8_01_1_2_Chlorophyll_A_001_phosphate_plate5.tif,1,784.000,784,784
37760,F8_01_1_2_Chlorophyll_A_001_phosphate_plate5.tif,1,800.000,800,800
37761,F8_01_1_2_Chlorophyll_A_001_phosphate_plate5.tif,2,800.000,784,816
37762,F8_01_1_2_Chlorophyll_A_001_phosphate_plate5.tif,2,848.000,768,928
37763,F8_01_1_2_Chlorophyll_A_001_phosphate_plate5.tif,1,768.000,768,768
37764,F8_01_1_2_Chlorophyll_A_001_phosphate_plate5.tif,1,800.000,800,800
37765,F8_01_1_2_Chlorophyll_A_001_phosphate_plate5.tif,1,784.000,784,784
37766,F8_01_1_2_Chlorophyll_A_001_phosphate_plate5.tif,1,816.000,816,816
37767,F8_01_1_2_Chlorophyll_A_001_phosphate_plate5.tif,1,944.000,944,944
37768,F8_01_1_2_Chlorophyll_A_001_phosphate_plate5.tif,1,864.000,864,864
37769,F8_01_1_2_Chlorophyll_A_001_phosphate_plate5.tif,2,784.000,784,784
37770,F8_01_1_2_Chlorophyll_A_001_phosphate_plate5.tif,1,880.000,880,880
37771,F8_01_1_2_Chlorophyll_A_001_phosphate_plate5.tif,2,832.000,832,832
37772,F8_01_1_2_Chlorophyll_A_001_phosphate_plate5.tif,3,853.333,800,960
37773,F8_01_1_2_Chlorophyll_A_001_phosphate_plate5.tif,7,859.429,784,1024
37774,F8_01_1_2_Chlorophyll_A_001_phosphate_plate5.tif,2,808.000,784,832
37775,F8_01_1_2_Chlorophyll_A_001_phosphate_plate5.tif,7,822.857,768,976
37776,F8_01_1_2_Chlorophyll_A_001_phosphate_plate5.tif,493,1343.968,768,7680
37777,F8_01_1_2_Chlorophyll_A_001_phosphate_plate5.tif,1,896.000,896,896
37778,F8_01_1_2_Chlorophyll_A_001_phosphate_plate5.tif,1,832.000,832,832
37779,F8_01_1_2_Chlorophyll_A_001_phosphate_plate5.tif,1,768.000,768,768
37780,F8_01_1_2_Chlorophyll_A_001_phosphate_plate5.tif,2,840.000,816,864
37781,F8_01_1_2_Chlorophyll_A_001_phosphate_plate5.tif,1,784.000,784,784
37782,F8_01_1_2_Chlorophyll_A_001_phosphate_plate5.tif,3,805.333,768,832
37783,F8_01_1_2_Chlorophyll_A_001_phosphate_plate5.tif,1,992.000,992,992
37784,F8_01_1_2_Chlorophyll_A_001_phosphate_plate5.tif,1,800.000,800,800
37785,F8_01_1_2_Chlorophyll_A_001_phosphate_plate5.tif,1,912.000,912,912
37786,F8_01_1_2_Chlorophyll_A_001_phosphate_plate5.tif,1,880.000,880,880
37787,F8_01_1_2_Chlorophyll_A_001_phosphate_plate5.tif,1,960.000,960,960
37788,F8_01_1_2_Chlorophyll_A_001_phosphate_plate5.tif,1,912.000,912,912
37789,F8_01_1_2_Chlorophyll_A_001_phosphate_plate5.tif,1,896.000,896,896
37790,F8_01_1_2_Chlorophyll_A_001_phosphate_plate5.tif,1,848.000,848,848
37791,F8_01_1_2_Chlorophyll_A_001_phosphate_plate5.tif,1,816.000,816,816
37792,F8_01_1_2_Chlorophyll_A_001_phosphate_plate5.tif,1,768.000,768,768
37793,F8_01_1_2_Chlorophyll_A_001_phosphate_plate5.tif,1,800.000,800,800
37794,F8_01_1_2_Chlorophyll_A_001_phosphate_plate5.tif,1,816.000,816,816
37795,F8_01_1_2_Chlorophyll_A_001_phosphate_plate5.tif,1,800.000,800,800
37796,F8_01_1_2_Chlorophyll_A_001_phosphate_plate5.tif,2,784.000,768,800
37797,F8_01_1_2_Chlorophyll_A_001_phosphate_plate5.tif,1,896.000,896,896
37798,F8_01_1_2_Chlorophyll_A_001_phosphate_plate5.tif,1,912.000,912,912
37799,F8_01_1_2_Chlorophyll_A_001_phosphate_plate5.tif,1,784.000,784,784
37800,F8_01_1_2_Chlorophyll_A_001_phosphate_plate5.tif,2,792.000,768,816
37801,F8_01_1_2_Chlorophyll_A_001_phosphate_plate5.tif,2,768.000,768,768
37802,F8_01_1_2_Chlorophyll_A_001_phosphate_plate5.tif,1,816.000,816,816
37803,F8_01_1_2_Chlorophyll_A_001_phosphate_plate5.tif,3,794.667,768,816
37804,F8_01_1_2_Chlorophyll_A_001_phosphate_plate5.tif,1,880.000,880,880
37805,F8_01_1_2_Chlorophyll_A_001_phosphate_plate5.tif,1,848.000,848,848
37806,F8_01_1_2_Chlorophyll_A_001_phosphate_plate5.tif,28,849.143,768,1056
37807,F8_01_1_2_Chlorophyll_A_001_phosphate_plate5.tif,1,768.000,768,768
37808,F8_01_1_2_Chlorophyll_A_001_phosphate_plate5.tif,1,768.000,768,768
37809,F8_01_1_2_Chlorophyll_A_001_phosphate_plate5.tif,1,848.000,848,848
37810,F8_01_1_2_Chlorophyll_A_001_phosphate_plate5.tif,1,768.000,768,768
37811,F8_01_1_2_Chlorophyll_A_001_phosphate_plate5.tif,1,800.000,800,800
37812,F8_01_1_2_Chlorophyll_A_001_phosphate_plate5.tif,1,768.000,768,768
37813,F8_01_1_2_Chlorophyll_A_001_phosphate_plate5.tif,1,768.000,768,768
37814,F8_01_1_2_Chlorophyll_A_001_phosphate_plate5.tif,1,768.000,768,768
37815,F8_01_1_2_Chlorophyll_A_001_phosphate_plate5.tif,1,768.000,768,768
37816,F8_01_1_2_Chlorophyll_A_001_phosphate_plate5.tif,1,848.000,848,848
37817,F8_01_1_2_Chlorophyll_A_001_phosphate_plate5.tif,2,792.000,784,800
37818,F8_01_1_2_Chlorophyll_A_001_phosphate_plate5.tif,1,768.000,768,768
37819,F8_01_1_2_Chlorophyll_A_001_phosphate_plate5.tif,1,800.000,800,800
37820,F8_01_1_2_Chlorophyll_A_001_phosphate_plate5.tif,1,768.000,768,768
37821,F8_01_1_2_Chlorophyll_A_001_phosphate_plate5.tif,2,792.000,784,800
37822,F8_01_1_2_Chlorophyll_A_001_phosphate_plate5.tif,2,840.000,800,880
37823,F8_01_1_2_Chlorophyll_A_001_phosphate_plate5.tif,11,840.727,768,944
37824,F8_01_1_2_Chlorophyll_A_001_phosphate_plate5.tif,32,947.500,784,1104
37825,F8_01_1_2_Chlorophyll_A_001_phosphate_plate5.tif,55,947.200,768,1264
37826,F8_01_1_2_Chlorophyll_A_001_phosphate_plate5.tif,2,960.000,896,1024
37827,F8_01_1_2_Chlorophyll_A_001_phosphate_plate5.tif,4,848.000,768,928
37828,F8_01_1_2_Chlorophyll_A_001_phosphate_plate5.tif,1,848.000,848,848
37829,F8_01_1_2_Chlorophyll_A_001_phosphate_plate5.tif,1,880.000,880,880
37830,F8_01_1_2_Chlorophyll_A_001_phosphate_plate5.tif,1,784.000,784,784
37831,F8_01_1_2_Chlorophyll_A_001_phosphate_plate5.tif,2,824.000,816,832
37832,F8_01_1_2_Chlorophyll_A_001_phosphate_plate5.tif,2,784.000,768,800
37833,F8_01_1_2_Chlorophyll_A_001_phosphate_plate5.tif,1,848.000,848,848
37834,F8_01_1_2_Chlorophyll_A_001_phosphate_plate5.tif,1,768.000,768,768
37835,F8_01_1_2_Chlorophyll_A_001_phosphate_plate5.tif,1,832.000,832,832
37836,F8_01_1_2_Chlorophyll_A_001_phosphate_plate5.tif,1,768.000,768,768
37837,F8_01_1_2_Chlorophyll_A_001_phosphate_plate5.tif,1,800.000,800,800
37838,F8_01_1_2_Chlorophyll_A_001_phosphate_plate5.tif,1,848.000,848,848
37839,F8_01_1_2_Chlorophyll_A_001_phosphate_plate5.tif,2,872.000,864,880
37840,F8_01_1_2_Chlorophyll_A_001_phosphate_plate5.tif,1,784.000,784,784
37841,F8_01_1_2_Chlorophyll_A_001_phosphate_plate5.tif,1,864.000,864,864
37842,F8_01_1_2_Chlorophyll_A_001_phosphate_plate5.tif,3,885.333,768,1088
37843,F8_01_1_2_Chlorophyll_A_001_phosphate_plate5.tif,1,944.000,944,944
37844,F8_01_1_2_Chlorophyll_A_001_phosphate_plate5.tif,1,800.000,800,800
37845,F8_01_1_2_Chlorophyll_A_001_phosphate_plate5.tif,1,864.000,864,864
37846,F8_01_1_2_Chlorophyll_A_001_phosphate_plate5.tif,1,816.000,816,816
37847,F8_01_1_2_Chlorophyll_A_001_phosphate_plate5.tif,1,768.000,768,768
37848,F8_01_1_2_Chlorophyll_A_001_phosphate_plate5.tif,1,912.000,912,912
37849,F8_01_1_2_Chlorophyll_A_001_phosphate_plate5.tif,1,816.000,816,816
37850,F8_01_1_2_Chlorophyll_A_001_phosphate_plate5.tif,1,832.000,832,832
37851,F8_01_1_2_Chlorophyll_A_001_phosphate_plate5.tif,2,936.000,784,1088
37852,F8_01_1_2_Chlorophyll_A_001_phosphate_plate5.tif,3,837.333,768,944
37853,F8_01_1_2_Chlorophyll_A_001_phosphate_plate5.tif,2,920.000,832,1008
37854,F8_01_1_2_Chlorophyll_A_001_phosphate_plate5.tif,6,845.333,784,896
37855,F8_01_1_2_Chlorophyll_A_001_phosphate_plate5.tif,2,840.000,784,896
37856,F8_01_1_2_Chlorophyll_A_001_phosphate_plate5.tif,1,816.000,816,816
37857,F8_01_1_2_Chlorophyll_A_001_phosphate_plate5.tif,1,832.000,832,832
37858,F8_01_1_2_Chlorophyll_A_001_phosphate_plate5.tif,1,768.000,768,768
37859,F8_01_1_2_Chlorophyll_A_001_phosphate_plate5.tif,1,768.000,768,768
37860,F8_01_1_2_Chlorophyll_A_001_phosphate_plate5.tif,2,816.000,800,832
37861,F8_01_1_2_Chlorophyll_A_001_phosphate_plate5.tif,1,944.000,944,944
37862,F8_01_1_2_Chlorophyll_A_001_phosphate_plate5.tif,2,856.000,784,928
37863,F8_01_1_2_Chlorophyll_A_001_phosphate_plate5.tif,1,784.000,784,784
37864,F8_01_1_2_Chlorophyll_A_001_phosphate_plate5.tif,1,768.000,768,768
37865,F8_01_1_2_Chlorophyll_A_001_phosphate_plate5.tif,1,896.000,896,896
37866,F8_01_1_2_Chlorophyll_A_001_phosphate_plate5.tif,2,792.000,784,800
37867,F8_01_1_2_Chlorophyll_A_001_phosphate_plate5.tif,1,928.000,928,928
37868,F8_01_1_2_Chlorophyll_A_001_phosphate_plate5.tif,1,800.000,800,800
37869,F8_01_1_2_Chlorophyll_A_001_phosphate_plate5.tif,209,3107.368,768,15072
37870,F8_01_1_2_Chlorophyll_A_001_phosphate_plate5.tif,1,768.000,768,768
37871,F8_01_1_2_Chlorophyll_A_001_phosphate_plate5.tif,1,784.000,784,784
37872,F8_01_1_2_Chlorophyll_A_001_phosphate_plate5.tif,1,768.000,768,768
37873,F8_01_1_2_Chlorophyll_A_001_phosphate_plate5.tif,2,816.000,768,864
37874,F8_01_1_2_Chlorophyll_A_001_phosphate_plate5.tif,1,928.000,928,928
37875,F8_01_1_2_Chlorophyll_A_001_phosphate_plate5.tif,1,768.000,768,768
37876,F8_01_1_2_Chlorophyll_A_001_phosphate_plate5.tif,3,906.667,816,1056
37877,F8_01_1_2_Chlorophyll_A_001_phosphate_plate5.tif,2,800.000,800,800
37878,F8_01_1_2_Chlorophyll_A_001_phosphate_plate5.tif,1,880.000,880,880
37879,F8_01_1_2_Chlorophyll_A_001_phosphate_plate5.tif,3,832.000,768,928
37880,F8_01_1_2_Chlorophyll_A_001_phosphate_plate5.tif,10,852.800,768,976
37881,F8_01_1_2_Chlorophyll_A_001_phosphate_plate5.tif,1,832.000,832,832
37882,F8_01_1_2_Chlorophyll_A_001_phosphate_plate5.tif,2,840.000,816,864
37883,F8_01_1_2_Chlorophyll_A_001_phosphate_plate5.tif,1,848.000,848,848
37884,F8_01_1_2_Chlorophyll_A_001_phosphate_plate5.tif,2,864.000,816,912
37885,F8_01_1_2_Chlorophyll_A_001_phosphate_plate5.tif,3,853.333,768,928
37886,F8_01_1_2_Chlorophyll_A_001_phosphate_plate5.tif,1,960.000,960,960
37887,F8_01_1_2_Chlorophyll_A_001_phosphate_plate5.tif,1,768.000,768,768
37888,F8_01_1_2_Chlorophyll_A_001_phosphate_plate5.tif,1,832.000,832,832
37889,F8_01_1_2_Chlorophyll_A_001_phosphate_plate5.tif,1,784.000,784,784
37890,F8_01_1_2_Chlorophyll_A_001_phosphate_plate5.tif,1,800.000,800,800
37891,F8_01_1_2_Chlorophyll_A_001_phosphate_plate5.tif,2,856.000,832,880
37892,F8_01_1_2_Chlorophyll_A_001_phosphate_plate5.tif,1,768.000,768,768
37893,F8_01_1_2_Chlorophyll_A_001_phosphate_plate5.tif,1,896.000,896,896
37894,F8_01_1_2_Chlorophyll_A_001_phosphate_plate5.tif,2,856.000,832,880
37895,F8_01_1_2_Chlorophyll_A_001_phosphate_plate5.tif,1,816.000,816,816
37896,F8_01_1_2_Chlorophyll_A_001_phosphate_plate5.tif,1,800.000,800,800
37897,F8_01_1_2_Chlorophyll_A_001_phosphate_plate5.tif,1,768.000,768,768
37898,F8_01_1_2_Chlorophyll_A_001_phosphate_plate5.tif,1,896.000,896,896
37899,F8_01_1_2_Chlorophyll_A_001_phosphate_plate5.tif,1,816.000,816,816
37900,F8_01_1_2_Chlorophyll_A_001_phosphate_plate5.tif,1,864.000,864,864
37901,F8_01_1_2_Chlorophyll_A_001_phosphate_plate5.tif,2,840.000,784,896
37902,F8_01_1_2_Chlorophyll_A_001_phosphate_plate5.tif,1,784.000,784,784
37903,F8_01_1_2_Chlorophyll_A_001_phosphate_plate5.tif,3,805.333,768,848
37904,F8_01_1_2_Chlorophyll_A_001_phosphate_plate5.tif,7,834.286,768,912
37905,F8_01_1_2_Chlorophyll_A_001_phosphate_plate5.tif,1,832.000,832,832
37906,F8_01_1_2_Chlorophyll_A_001_phosphate_plate5.tif,3,912.000,896,944
37907,F8_01_1_2_Chlorophyll_A_001_phosphate_plate5.tif,1,864.000,864,864
37908,F8_01_1_2_Chlorophyll_A_001_phosphate_plate5.tif,1,864.000,864,864
37909,F8_01_1_2_Chlorophyll_A_001_phosphate_plate5.tif,1,784.000,784,784
37910,F8_01_1_2_Chlorophyll_A_001_phosphate_plate5.tif,1,768.000,768,768
37911,F8_01_1_2_Chlorophyll_A_001_phosphate_plate5.tif,1,928.000,928,928
37912,F8_01_1_2_Chlorophyll_A_001_phosphate_plate5.tif,7,809.143,768,944
37913,F8_01_1_2_Chlorophyll_A_001_phosphate_plate5.tif,1,800.000,800,800
37914,F8_01_1_2_Chlorophyll_A_001_phosphate_plate5.tif,1,832.000,832,832
37915,F8_01_1_2_Chlorophyll_A_001_phosphate_plate5.tif,1,784.000,784,784
37916,F8_01_1_2_Chlorophyll_A_001_phosphate_plate5.tif,1,768.000,768,768
37917,F8_01_1_2_Chlorophyll_A_001_phosphate_plate5.tif,91,2919.736,768,19664
37918,F8_01_1_2_Chlorophyll_A_001_phosphate_plate5.tif,1,896.000,896,896
37919,F8_01_1_2_Chlorophyll_A_001_phosphate_plate5.tif,1,784.000,784,784
37920,F8_01_1_2_Chlorophyll_A_001_phosphate_plate5.tif,1,768.000,768,768
37921,F8_01_1_2_Chlorophyll_A_001_phosphate_plate5.tif,1,944.000,944,944
37922,F8_01_1_2_Chlorophyll_A_001_phosphate_plate5.tif,1,816.000,816,816
37923,F8_01_1_2_Chlorophyll_A_001_phosphate_plate5.tif,1,800.000,800,800
37924,F8_01_1_2_Chlorophyll_A_001_phosphate_plate5.tif,6,832.000,768,912
37925,F8_01_1_2_Chlorophyll_A_001_phosphate_plate5.tif,1,896.000,896,896
37926,F8_01_1_2_Chlorophyll_A_001_phosphate_plate5.tif,1,784.000,784,784
37927,F8_01_1_2_Chlorophyll_A_001_phosphate_plate5.tif,14,949.714,768,1248
37928,F8_01_1_2_Chlorophyll_A_001_phosphate_plate5.tif,2,776.000,768,784
37929,F8_01_1_2_Chlorophyll_A_001_phosphate_plate5.tif,1,896.000,896,896
37930,F8_01_1_2_Chlorophyll_A_001_phosphate_plate5.tif,1,928.000,928,928
37931,F8_01_1_2_Chlorophyll_A_001_phosphate_plate5.tif,1,832.000,832,832
37932,F8_01_1_2_Chlorophyll_A_001_phosphate_plate5.tif,1,816.000,816,816
37933,F8_01_1_2_Chlorophyll_A_001_phosphate_plate5.tif,2,872.000,832,912
37934,F8_01_1_2_Chlorophyll_A_001_phosphate_plate5.tif,1,832.000,832,832
37935,F8_01_1_2_Chlorophyll_A_001_phosphate_plate5.tif,1,800.000,800,800
37936,F8_01_1_2_Chlorophyll_A_001_phosphate_plate5.tif,2,768.000,768,768
37937,F8_01_1_2_Chlorophyll_A_001_phosphate_plate5.tif,2,880.000,832,928
37938,F8_01_1_2_Chlorophyll_A_001_phosphate_plate5.tif,2,768.000,768,768
37939,F8_01_1_2_Chlorophyll_A_001_phosphate_plate5.tif,1,816.000,816,816
37940,F8_01_1_2_Chlorophyll_A_001_phosphate_plate5.tif,1,768.000,768,768
37941,F8_01_1_2_Chlorophyll_A_001_phosphate_plate5.tif,1,1056.000,1056,1056
37942,F8_01_1_2_Chlorophyll_A_001_phosphate_plate5.tif,1,768.000,768,768
37943,F8_01_1_2_Chlorophyll_A_001_phosphate_plate5.tif,1,784.000,784,784
37944,F8_01_1_2_Chlorophyll_A_001_phosphate_plate5.tif,1,768.000,768,768
37945,F8_01_1_2_Chlorophyll_A_001_phosphate_plate5.tif,2,880.000,816,944
37946,F8_01_1_2_Chlorophyll_A_001_phosphate_plate5.tif,1,848.000,848,848
37947,F8_01_1_2_Chlorophyll_A_001_phosphate_plate5.tif,1,816.000,816,816
37948,F8_01_1_2_Chlorophyll_A_001_phosphate_plate5.tif,1,784.000,784,784
37949,F8_01_1_2_Chlorophyll_A_001_phosphate_plate5.tif,1,768.000,768,768
37950,F8_01_1_2_Chlorophyll_A_001_phosphate_plate5.tif,1,880.000,880,880
37951,F8_01_1_2_Chlorophyll_A_001_phosphate_plate5.tif,1,912.000,912,912
37952,F8_01_1_2_Chlorophyll_A_001_phosphate_plate5.tif,1,944.000,944,944
37953,F8_01_1_2_Chlorophyll_A_001_phosphate_plate5.tif,1,800.000,800,800
37954,F8_01_1_2_Chlorophyll_A_001_phosphate_plate5.tif,5,800.000,768,832
37955,F8_01_1_2_Chlorophyll_A_001_phosphate_plate5.tif,1,816.000,816,816
37956,F8_01_1_2_Chlorophyll_A_001_phosphate_plate5.tif,1,768.000,768,768
37957,F8_01_1_2_Chlorophyll_A_001_phosphate_plate5.tif,2,792.000,784,800
37958,F8_01_1_2_Chlorophyll_A_001_phosphate_plate5.tif,1,800.000,800,800
37959,F8_01_1_2_Chlorophyll_A_001_phosphate_plate5.tif,1,768.000,768,768
37960,F8_01_1_2_Chlorophyll_A_001_phosphate_plate5.tif,1,800.000,800,800
37961,F8_01_1_2_Chlorophyll_A_001_phosphate_plate5.tif,1,784.000,784,784
37962,F8_01_1_2_Chlorophyll_A_001_phosphate_plate5.tif,1,768.000,768,768
37963,F8_01_1_2_Chlorophyll_A_001_phosphate_plate5.tif,2,776.000,768,784
37964,F8_01_1_2_Chlorophyll_A_001_phosphate_plate5.tif,1,816.000,816,816
37965,F8_01_1_2_Chlorophyll_A_001_phosphate_plate5.tif,105,3588.267,768,13904
37966,F8_01_1_2_Chlorophyll_A_001_phosphate_plate5.tif,1,880.000,880,880
37967,F8_01_1_2_Chlorophyll_A_001_phosphate_plate5.tif,1,768.000,768,768
37968,F8_01_1_2_Chlorophyll_A_001_phosphate_plate5.tif,4,808.000,768,848
37969,F8_01_1_2_Chlorophyll_A_001_phosphate_plate5.tif,1,864.000,864,864
37970,F8_01_1_2_Chlorophyll_A_001_phosphate_plate5.tif,3,832.000,784,864
37971,F8_01_1_2_Chlorophyll_A_001_phosphate_plate5.tif,2,896.000,800,992
37972,F8_01_1_2_Chlorophyll_A_001_phosphate_plate5.tif,1,800.000,800,800
37973,F8_01_1_2_Chlorophyll_A_001_phosphate_plate5.tif,1,880.000,880,880
37974,F8_01_1_2_Chlorophyll_A_001_phosphate_plate5.tif,44,1066.909,832,1424
37975,F8_01_1_2_Chlorophyll_A_001_phosphate_plate5.tif,24,874.000,784,1088
37976,F8_01_1_2_Chlorophyll_A_001_phosphate_plate5.tif,1,816.000,816,816
37977,F8_01_1_2_Chlorophyll_A_001_phosphate_plate5.tif,1,816.000,816,816
37978,F8_01_1_2_Chlorophyll_A_001_phosphate_plate5.tif,2,824.000,816,832
37979,F8_01_1_2_Chlorophyll_A_001_phosphate_plate5.tif,3,826.667,768,928
37980,F8_01_1_2_Chlorophyll_A_001_phosphate_plate5.tif,1,848.000,848,848
37981,F8_01_1_2_Chlorophyll_A_001_phosphate_plate5.tif,1,768.000,768,768
37982,F8_01_1_2_Chlorophyll_A_001_phosphate_plate5.tif,2,840.000,816,864
37983,F8_01_1_2_Chlorophyll_A_001_phosphate_plate5.tif,1,768.000,768,768
37984,F8_01_1_2_Chlorophyll_A_001_phosphate_plate5.tif,1,784.000,784,784
37985,F8_01_1_2_Chlorophyll_A_001_phosphate_plate5.tif,1,784.000,784,784
37986,F8_01_1_2_Chlorophyll_A_001_phosphate_plate5.tif,1,816.000,816,816
37987,F8_01_1_2_Chlorophyll_A_001_phosphate_plate5.tif,1,816.000,816,816
37988,F8_01_1_2_Chlorophyll_A_001_phosphate_plate5.tif,1,832.000,832,832
37989,F8_01_1_2_Chlorophyll_A_001_phosphate_plate5.tif,1,768.000,768,768
37990,F8_01_1_2_Chlorophyll_A_001_phosphate_plate5.tif,1,784.000,784,784
37991,F8_01_1_2_Chlorophyll_A_001_phosphate_plate5.tif,1,768.000,768,768
37992,F8_01_1_2_Chlorophyll_A_001_phosphate_plate5.tif,3,805.333,784,848
37993,F8_01_1_2_Chlorophyll_A_001_phosphate_plate5.tif,1,832.000,832,832
37994,F8_01_1_2_Chlorophyll_A_001_phosphate_plate5.tif,1,896.000,896,896
37995,F8_01_1_2_Chlorophyll_A_001_phosphate_plate5.tif,1,768.000,768,768
37996,F8_01_1_2_Chlorophyll_A_001_phosphate_plate5.tif,3,837.333,768,880
37997,F8_01_1_2_Chlorophyll_A_001_phosphate_plate5.tif,10,822.400,768,896
37998,F8_01_1_2_Chlorophyll_A_001_phosphate_plate5.tif,5,848.000,768,944
37999,F8_01_1_2_Chlorophyll_A_001_phosphate_plate5.tif,22,821.818,768,960
38000,F8_01_1_2_Chlorophyll_A_001_phosphate_plate5.tif,2,912.000,816,1008
38001,F8_01_1_2_Chlorophyll_A_001_phosphate_plate5.tif,5,816.000,768,880
38002,F8_01_1_2_Chlorophyll_A_001_phosphate_plate5.tif,54,1003.259,768,1424
38003,F8_01_1_2_Chlorophyll_A_001_phosphate_plate5.tif,9,865.778,768,976
38004,F8_01_1_2_Chlorophyll_A_001_phosphate_plate5.tif,3,816.000,768,912
38005,F8_01_1_2_Chlorophyll_A_001_phosphate_plate5.tif,7,836.571,784,976
38006,F8_01_1_2_Chlorophyll_A_001_phosphate_plate5.tif,2,776.000,768,784
38007,F8_01_1_2_Chlorophyll_A_001_phosphate_plate5.tif,1,816.000,816,816
38008,F8_01_1_2_Chlorophyll_A_001_phosphate_plate5.tif,4,836.000,768,896
38009,F8_01_1_2_Chlorophyll_A_001_phosphate_plate5.tif,1,832.000,832,832
38010,F8_01_1_2_Chlorophyll_A_001_phosphate_plate5.tif,1,768.000,768,768
38011,F8_01_1_2_Chlorophyll_A_001_phosphate_plate5.tif,1,800.000,800,800
38012,F8_01_1_2_Chlorophyll_A_001_phosphate_plate5.tif,1,832.000,832,832
38013,F8_01_1_2_Chlorophyll_A_001_phosphate_plate5.tif,1,768.000,768,768
38014,F8_01_1_2_Chlorophyll_A_001_phosphate_plate5.tif,2,840.000,800,880
38015,F8_01_1_2_Chlorophyll_A_001_phosphate_plate5.tif,1,768.000,768,768
38016,F8_01_1_2_Chlorophyll_A_001_phosphate_plate5.tif,1,832.000,832,832
38017,F8_01_1_2_Chlorophyll_A_001_phosphate_plate5.tif,1,800.000,800,800
38018,F8_01_1_2_Chlorophyll_A_001_phosphate_plate5.tif,1,768.000,768,768
38019,F8_01_1_2_Chlorophyll_A_001_phosphate_plate5.tif,1,768.000,768,768
38020,F8_01_1_2_Chlorophyll_A_001_phosphate_plate5.tif,5,812.800,768,848
38021,F8_01_1_2_Chlorophyll_A_001_phosphate_plate5.tif,1,896.000,896,896
38022,F8_01_1_2_Chlorophyll_A_001_phosphate_plate5.tif,15,812.800,768,912
38023,F8_01_1_2_Chlorophyll_A_001_phosphate_plate5.tif,50,1095.680,768,1520
38024,F8_01_1_2_Chlorophyll_A_001_phosphate_plate5.tif,61,933.246,768,1264
38025,F8_01_1_2_Chlorophyll_A_001_phosphate_plate5.tif,19,921.263,784,1120
38026,F8_01_1_2_Chlorophyll_A_001_phosphate_plate5.tif,165,1507.491,768,7232
38027,F8_01_1_2_Chlorophyll_A_001_phosphate_plate5.tif,6,805.333,768,832
38028,F8_01_1_2_Chlorophyll_A_001_phosphate_plate5.tif,1,784.000,784,784
38029,F8_01_1_2_Chlorophyll_A_001_phosphate_plate5.tif,1,880.000,880,880
38030,F8_01_1_2_Chlorophyll_A_001_phosphate_plate5.tif,1,832.000,832,832
38031,F8_01_1_2_Chlorophyll_A_001_phosphate_plate5.tif,6,856.000,768,944
38032,F8_01_1_2_Chlorophyll_A_001_phosphate_plate5.tif,1,800.000,800,800
38033,F8_01_1_2_Chlorophyll_A_001_phosphate_plate5.tif,1,784.000,784,784
38034,F8_01_1_2_Chlorophyll_A_001_phosphate_plate5.tif,1,768.000,768,768
38035,F8_01_1_2_Chlorophyll_A_001_phosphate_plate5.tif,1,800.000,800,800
38036,F8_01_1_2_Chlorophyll_A_001_phosphate_plate5.tif,1,768.000,768,768
38037,F8_01_1_2_Chlorophyll_A_001_phosphate_plate5.tif,1,800.000,800,800
38038,F8_01_1_2_Chlorophyll_A_001_phosphate_plate5.tif,1,896.000,896,896
38039,F8_01_1_2_Chlorophyll_A_001_phosphate_plate5.tif,2,800.000,768,832
38040,F8_01_1_2_Chlorophyll_A_001_phosphate_plate5.tif,1,784.000,784,784
38041,F8_01_1_2_Chlorophyll_A_001_phosphate_plate5.tif,1,864.000,864,864
38042,F8_01_1_2_Chlorophyll_A_001_phosphate_plate5.tif,1,880.000,880,880
38043,F8_01_1_2_Chlorophyll_A_001_phosphate_plate5.tif,1,800.000,800,800
38044,F8_01_1_2_Chlorophyll_A_001_phosphate_plate5.tif,3,858.667,768,912
38045,F8_01_1_2_Chlorophyll_A_001_phosphate_plate5.tif,15,855.467,768,1024
38046,F8_01_1_2_Chlorophyll_A_001_phosphate_plate5.tif,14,901.714,800,1040
38047,F8_01_1_2_Chlorophyll_A_001_phosphate_plate5.tif,88,889.818,768,1168
38048,F8_01_1_2_Chlorophyll_A_001_phosphate_plate5.tif,50,876.480,768,1056
38049,F8_01_1_2_Chlorophyll_A_001_phosphate_plate5.tif,1,816.000,816,816
38050,F8_01_1_2_Chlorophyll_A_001_phosphate_plate5.tif,7,832.000,768,928
38051,F8_01_1_2_Chlorophyll_A_001_phosphate_plate5.tif,2,816.000,784,848
38052,F8_01_1_2_Chlorophyll_A_001_phosphate_plate5.tif,1,848.000,848,848
38053,F8_01_1_2_Chlorophyll_A_001_phosphate_plate5.tif,1,768.000,768,768
38054,F8_01_1_2_Chlorophyll_A_001_phosphate_plate5.tif,2,768.000,768,768
38055,F8_01_1_2_Chlorophyll_A_001_phosphate_plate5.tif,2,784.000,768,800
38056,F8_01_1_2_Chlorophyll_A_001_phosphate_plate5.tif,1,768.000,768,768
38057,F8_01_1_2_Chlorophyll_A_001_phosphate_plate5.tif,1,784.000,784,784
38058,F8_01_1_2_Chlorophyll_A_001_phosphate_plate5.tif,1,832.000,832,832
38059,F8_01_1_2_Chlorophyll_A_001_phosphate_plate5.tif,3,832.000,784,896
38060,F8_01_1_2_Chlorophyll_A_001_phosphate_plate5.tif,1,880.000,880,880
38061,F8_01_1_2_Chlorophyll_A_001_phosphate_plate5.tif,1,880.000,880,880
38062,F8_01_1_2_Chlorophyll_A_001_phosphate_plate5.tif,1,880.000,880,880
38063,F8_01_1_2_Chlorophyll_A_001_phosphate_plate5.tif,2,816.000,768,864
38064,F8_01_1_2_Chlorophyll_A_001_phosphate_plate5.tif,1,784.000,784,784
38065,F8_01_1_2_Chlorophyll_A_001_phosphate_plate5.tif,1,768.000,768,768
38066,F8_01_1_2_Chlorophyll_A_001_phosphate_plate5.tif,1,896.000,896,896
38067,F8_01_1_2_Chlorophyll_A_001_phosphate_plate5.tif,2,896.000,896,896
38068,F8_01_1_2_Chlorophyll_A_001_phosphate_plate5.tif,1,816.000,816,816
38069,F8_01_1_2_Chlorophyll_A_001_phosphate_plate5.tif,1,832.000,832,832
38070,F8_01_1_2_Chlorophyll_A_001_phosphate_plate5.tif,1,944.000,944,944
38071,F8_01_1_2_Chlorophyll_A_001_phosphate_plate5.tif,1,864.000,864,864
38072,F8_01_1_2_Chlorophyll_A_001_phosphate_plate5.tif,1,784.000,784,784
38073,F8_01_1_2_Chlorophyll_A_001_phosphate_plate5.tif,1,816.000,816,816
38074,F8_01_1_2_Chlorophyll_A_001_phosphate_plate5.tif,3,885.333,800,1056
38075,F8_01_1_2_Chlorophyll_A_001_phosphate_plate5.tif,117,1126.427,784,1552
38076,F8_01_1_2_Chlorophyll_A_001_phosphate_plate5.tif,1,832.000,832,832
38077,F8_01_1_2_Chlorophyll_A_001_phosphate_plate5.tif,2,848.000,768,928
38078,F8_01_1_2_Chlorophyll_A_001_phosphate_plate5.tif,1,816.000,816,816
38079,F8_01_1_2_Chlorophyll_A_001_phosphate_plate5.tif,1,768.000,768,768
38080,F8_01_1_2_Chlorophyll_A_001_phosphate_plate5.tif,4,836.000,800,864
38081,F8_01_1_2_Chlorophyll_A_001_phosphate_plate5.tif,2,784.000,784,784
38082,F8_01_1_2_Chlorophyll_A_001_phosphate_plate5.tif,1,800.000,800,800
38083,F8_01_1_2_Chlorophyll_A_001_phosphate_plate5.tif,8,856.000,768,1024
38084,F8_01_1_2_Chlorophyll_A_001_phosphate_plate5.tif,96,2518.667,768,10096
38085,F8_01_1_2_Chlorophyll_A_001_phosphate_plate5.tif,1,800.000,800,800
38086,F8_01_1_2_Chlorophyll_A_001_phosphate_plate5.tif,1,784.000,784,784
38087,F8_01_1_2_Chlorophyll_A_001_phosphate_plate5.tif,1,816.000,816,816
38088,F8_01_1_2_Chlorophyll_A_001_phosphate_plate5.tif,1,800.000,800,800
38089,F8_01_1_2_Chlorophyll_A_001_phosphate_plate5.tif,5,825.600,784,960
38090,F8_01_1_2_Chlorophyll_A_001_phosphate_plate5.tif,1,832.000,832,832
38091,F8_01_1_2_Chlorophyll_A_001_phosphate_plate5.tif,1,768.000,768,768
38092,F8_01_1_2_Chlorophyll_A_001_phosphate_plate5.tif,1,800.000,800,800
38093,F8_01_1_2_Chlorophyll_A_001_phosphate_plate5.tif,1,784.000,784,784
38094,F8_01_1_2_Chlorophyll_A_001_phosphate_plate5.tif,1,880.000,880,880
38095,F8_01_1_2_Chlorophyll_A_001_phosphate_plate5.tif,3,805.333,768,864
38096,F8_01_1_2_Chlorophyll_A_001_phosphate_plate5.tif,5,832.000,768,944
38097,F8_01_1_2_Chlorophyll_A_001_phosphate_plate5.tif,1,832.000,832,832
38098,F8_01_1_2_Chlorophyll_A_001_phosphate_plate5.tif,7,861.714,768,1072
38099,F8_01_1_2_Chlorophyll_A_001_phosphate_plate5.tif,26,1003.692,768,1424
38100,F8_01_1_2_Chlorophyll_A_001_phosphate_plate5.tif,3,821.333,784,848
38101,F8_01_1_2_Chlorophyll_A_001_phosphate_plate5.tif,1,768.000,768,768
38102,F8_01_1_2_Chlorophyll_A_001_phosphate_plate5.tif,1,768.000,768,768
38103,F8_01_1_2_Chlorophyll_A_001_phosphate_plate5.tif,2,776.000,768,784
38104,F8_01_1_2_Chlorophyll_A_001_phosphate_plate5.tif,1,816.000,816,816
38105,F8_01_1_2_Chlorophyll_A_001_phosphate_plate5.tif,1,800.000,800,800
38106,F8_01_1_2_Chlorophyll_A_001_phosphate_plate5.tif,2,800.000,768,832
38107,F8_01_1_2_Chlorophyll_A_001_phosphate_plate5.tif,1,816.000,816,816
38108,F8_01_1_2_Chlorophyll_A_001_phosphate_plate5.tif,1,784.000,784,784
38109,F8_01_1_2_Chlorophyll_A_001_phosphate_plate5.tif,2,792.000,784,800
38110,F8_01_1_2_Chlorophyll_A_001_phosphate_plate5.tif,1,864.000,864,864
38111,F8_01_1_2_Chlorophyll_A_001_phosphate_plate5.tif,2,824.000,816,832
38112,F8_01_1_2_Chlorophyll_A_001_phosphate_plate5.tif,90,3165.156,768,17600
38113,F8_01_1_2_Chlorophyll_A_001_phosphate_plate5.tif,2,848.000,816,880
38114,F8_01_1_2_Chlorophyll_A_001_phosphate_plate5.tif,1,784.000,784,784
38115,F8_01_1_2_Chlorophyll_A_001_phosphate_plate5.tif,1,800.000,800,800
38116,F8_01_1_2_Chlorophyll_A_001_phosphate_plate5.tif,1,800.000,800,800
38117,F8_01_1_2_Chlorophyll_A_001_phosphate_plate5.tif,1,816.000,816,816
38118,F8_01_1_2_Chlorophyll_A_001_phosphate_plate5.tif,1,784.000,784,784
38119,F8_01_1_2_Chlorophyll_A_001_phosphate_plate5.tif,2,888.000,816,960
38120,F8_01_1_2_Chlorophyll_A_001_phosphate_plate5.tif,1,880.000,880,880
38121,F8_01_1_2_Chlorophyll_A_001_phosphate_plate5.tif,1,800.000,800,800
38122,F8_01_1_2_Chlorophyll_A_001_phosphate_plate5.tif,2,952.000,944,960
38123,F8_01_1_2_Chlorophyll_A_001_phosphate_plate5.tif,2,936.000,816,1056
38124,F8_01_1_2_Chlorophyll_A_001_phosphate_plate5.tif,2,880.000,768,992
38125,F8_01_1_2_Chlorophyll_A_001_phosphate_plate5.tif,4,848.000,816,912
38126,F8_01_1_2_Chlorophyll_A_001_phosphate_plate5.tif,2,864.000,848,880
38127,F8_01_1_2_Chlorophyll_A_001_phosphate_plate5.tif,6,808.000,768,880
38128,F8_01_1_2_Chlorophyll_A_001_phosphate_plate5.tif,1,768.000,768,768
38129,F8_01_1_2_Chlorophyll_A_001_phosphate_plate5.tif,3,832.000,768,944
38130,F8_01_1_2_Chlorophyll_A_001_phosphate_plate5.tif,2,840.000,832,848
38131,F8_01_1_2_Chlorophyll_A_001_phosphate_plate5.tif,1,784.000,784,784
38132,F8_01_1_2_Chlorophyll_A_001_phosphate_plate5.tif,1,784.000,784,784
38133,F8_01_1_2_Chlorophyll_A_001_phosphate_plate5.tif,2,792.000,768,816
38134,F8_01_1_2_Chlorophyll_A_001_phosphate_plate5.tif,1,960.000,960,960
38135,F8_01_1_2_Chlorophyll_A_001_phosphate_plate5.tif,1,800.000,800,800
38136,F8_01_1_2_Chlorophyll_A_001_phosphate_plate5.tif,1,832.000,832,832
38137,F8_01_1_2_Chlorophyll_A_001_phosphate_plate5.tif,1,768.000,768,768
38138,F8_01_1_2_Chlorophyll_A_001_phosphate_plate5.tif,1,768.000,768,768
38139,F8_01_1_2_Chlorophyll_A_001_phosphate_plate5.tif,1,784.000,784,784
38140,F8_01_1_2_Chlorophyll_A_001_phosphate_plate5.tif,4,816.000,784,864
38141,F8_01_1_2_Chlorophyll_A_001_phosphate_plate5.tif,3,837.333,768,880
38142,F8_01_1_2_Chlorophyll_A_001_phosphate_plate5.tif,1,816.000,816,816
38143,F8_01_1_2_Chlorophyll_A_001_phosphate_plate5.tif,1,816.000,816,816
38144,F8_01_1_2_Chlorophyll_A_001_phosphate_plate5.tif,2,840.000,800,880
38145,F8_01_1_2_Chlorophyll_A_001_phosphate_plate5.tif,1,976.000,976,976
38146,F8_01_1_2_Chlorophyll_A_001_phosphate_plate5.tif,1,1008.000,1008,1008
38147,F8_01_1_2_Chlorophyll_A_001_phosphate_plate5.tif,6,842.667,768,960
38148,F8_01_1_2_Chlorophyll_A_001_phosphate_plate5.tif,163,1089.080,768,1440
38149,F8_01_1_2_Chlorophyll_A_001_phosphate_plate5.tif,25,909.440,784,1168
38150,F8_01_1_2_Chlorophyll_A_001_phosphate_plate5.tif,1,864.000,864,864
38151,F8_01_1_2_Chlorophyll_A_001_phosphate_plate5.tif,3,880.000,848,928
38152,F8_01_1_2_Chlorophyll_A_001_phosphate_plate5.tif,2,768.000,768,768
38153,F8_01_1_2_Chlorophyll_A_001_phosphate_plate5.tif,2,768.000,768,768
38154,F8_01_1_2_Chlorophyll_A_001_phosphate_plate5.tif,1,816.000,816,816
38155,F8_01_1_2_Chlorophyll_A_001_phosphate_plate5.tif,1,768.000,768,768
38156,F8_01_1_2_Chlorophyll_A_001_phosphate_plate5.tif,3,816.000,768,864
38157,F8_01_1_2_Chlorophyll_A_001_phosphate_plate5.tif,1,816.000,816,816
38158,F8_01_1_2_Chlorophyll_A_001_phosphate_plate5.tif,1,768.000,768,768
38159,F8_01_1_2_Chlorophyll_A_001_phosphate_plate5.tif,1,768.000,768,768
38160,F8_01_1_2_Chlorophyll_A_001_phosphate_plate5.tif,1,768.000,768,768
38161,F8_01_1_2_Chlorophyll_A_001_phosphate_plate5.tif,2,880.000,864,896
38162,F8_01_1_2_Chlorophyll_A_001_phosphate_plate5.tif,1,816.000,816,816
38163,F8_01_1_2_Chlorophyll_A_001_phosphate_plate5.tif,1,784.000,784,784
38164,F8_01_1_2_Chlorophyll_A_001_phosphate_plate5.tif,2,792.000,768,816
38165,F8_01_1_2_Chlorophyll_A_001_phosphate_plate5.tif,1,816.000,816,816
38166,F8_01_1_2_Chlorophyll_A_001_phosphate_plate5.tif,1,800.000,800,800
38167,F8_01_1_2_Chlorophyll_A_001_phosphate_plate5.tif,1,832.000,832,832
38168,F8_01_1_2_Chlorophyll_A_001_phosphate_plate5.tif,2,784.000,768,800
38169,F8_01_1_2_Chlorophyll_A_001_phosphate_plate5.tif,1,800.000,800,800
38170,F8_01_1_2_Chlorophyll_A_001_phosphate_plate5.tif,2,888.000,816,960
38171,F8_01_1_2_Chlorophyll_A_001_phosphate_plate5.tif,1,800.000,800,800
38172,F8_01_1_2_Chlorophyll_A_001_phosphate_plate5.tif,1,768.000,768,768
38173,F8_01_1_2_Chlorophyll_A_001_phosphate_plate5.tif,1,784.000,784,784
38174,F8_01_1_2_Chlorophyll_A_001_phosphate_plate5.tif,2,776.000,768,784
38175,F8_01_1_2_Chlorophyll_A_001_phosphate_plate5.tif,1,960.000,960,960
38176,F8_01_1_2_Chlorophyll_A_001_phosphate_plate5.tif,3,864.000,768,992
38177,F8_01_1_2_Chlorophyll_A_001_phosphate_plate5.tif,1,832.000,832,832
38178,F8_01_1_2_Chlorophyll_A_001_phosphate_plate5.tif,3,864.000,800,896
38179,F8_01_1_2_Chlorophyll_A_001_phosphate_plate5.tif,26,935.385,768,1056
38180,F8_01_1_2_Chlorophyll_A_001_phosphate_plate5.tif,15,889.600,784,1008
38181,F8_01_1_2_Chlorophyll_A_001_phosphate_plate5.tif,1,928.000,928,928
38182,F8_01_1_2_Chlorophyll_A_001_phosphate_plate5.tif,10,800.000,768,848
38183,F8_01_1_2_Chlorophyll_A_001_phosphate_plate5.tif,1,832.000,832,832
38184,F8_01_1_2_Chlorophyll_A_001_phosphate_plate5.tif,1,880.000,880,880
38185,F8_01_1_2_Chlorophyll_A_001_phosphate_plate5.tif,1,800.000,800,800
38186,F8_01_1_2_Chlorophyll_A_001_phosphate_plate5.tif,1,768.000,768,768
38187,F8_01_1_2_Chlorophyll_A_001_phosphate_plate5.tif,1,816.000,816,816
38188,F8_01_1_2_Chlorophyll_A_001_phosphate_plate5.tif,1,832.000,832,832
38189,F8_01_1_2_Chlorophyll_A_001_phosphate_plate5.tif,1,832.000,832,832
38190,F8_01_1_2_Chlorophyll_A_001_phosphate_plate5.tif,1,896.000,896,896
38191,F8_01_1_2_Chlorophyll_A_001_phosphate_plate5.tif,1,768.000,768,768
38192,F8_01_1_2_Chlorophyll_A_001_phosphate_plate5.tif,1,880.000,880,880
38193,F8_01_1_2_Chlorophyll_A_001_phosphate_plate5.tif,1,880.000,880,880
38194,F8_01_1_2_Chlorophyll_A_001_phosphate_plate5.tif,2,888.000,816,960
38195,F8_01_1_2_Chlorophyll_A_001_phosphate_plate5.tif,3,869.333,768,1024
38196,F8_01_1_2_Chlorophyll_A_001_phosphate_plate5.tif,2,896.000,880,912
38197,F8_01_1_2_Chlorophyll_A_001_phosphate_plate5.tif,2,776.000,768,784
38198,F8_01_1_2_Chlorophyll_A_001_phosphate_plate5.tif,4,788.000,784,800
38199,F8_01_1_2_Chlorophyll_A_001_phosphate_plate5.tif,19,973.474,784,1216
38200,F8_01_1_2_Chlorophyll_A_001_phosphate_plate5.tif,60,928.800,768,1232
38201,F8_01_1_2_Chlorophyll_A_001_phosphate_plate5.tif,2,824.000,816,832
38202,F8_01_1_2_Chlorophyll_A_001_phosphate_plate5.tif,1,800.000,800,800
38203,F8_01_1_2_Chlorophyll_A_001_phosphate_plate5.tif,1,832.000,832,832
38204,F8_01_1_2_Chlorophyll_A_001_phosphate_plate5.tif,3,853.333,784,896
38205,F8_01_1_2_Chlorophyll_A_001_phosphate_plate5.tif,1,960.000,960,960
38206,F8_01_1_2_Chlorophyll_A_001_phosphate_plate5.tif,2,784.000,768,800
38207,F8_01_1_2_Chlorophyll_A_001_phosphate_plate5.tif,1,768.000,768,768
38208,F8_01_1_2_Chlorophyll_A_001_phosphate_plate5.tif,1,768.000,768,768
38209,F8_01_1_2_Chlorophyll_A_001_phosphate_plate5.tif,1,768.000,768,768
38210,F8_01_1_2_Chlorophyll_A_001_phosphate_plate5.tif,1,832.000,832,832
38211,F8_01_1_2_Chlorophyll_A_001_phosphate_plate5.tif,1,944.000,944,944
38212,F8_01_1_2_Chlorophyll_A_001_phosphate_plate5.tif,1,896.000,896,896
38213,F8_01_1_2_Chlorophyll_A_001_phosphate_plate5.tif,1,1008.000,1008,1008
38214,F8_01_1_2_Chlorophyll_A_001_phosphate_plate5.tif,2,824.000,768,880
38215,F8_01_1_2_Chlorophyll_A_001_phosphate_plate5.tif,1,784.000,784,784
38216,F8_01_1_2_Chlorophyll_A_001_phosphate_plate5.tif,1,832.000,832,832
38217,F8_01_1_2_Chlorophyll_A_001_phosphate_plate5.tif,1,800.000,800,800
38218,F8_01_1_2_Chlorophyll_A_001_phosphate_plate5.tif,236,2677.017,768,18080
38219,F8_01_1_2_Chlorophyll_A_001_phosphate_plate5.tif,1,768.000,768,768
38220,F8_01_1_2_Chlorophyll_A_001_phosphate_plate5.tif,3,848.000,784,944
38221,F8_01_1_2_Chlorophyll_A_001_phosphate_plate5.tif,4,832.000,768,912
38222,F8_01_1_2_Chlorophyll_A_001_phosphate_plate5.tif,1,896.000,896,896
38223,F8_01_1_2_Chlorophyll_A_001_phosphate_plate5.tif,144,1098.556,784,1504
38224,F8_01_1_2_Chlorophyll_A_001_phosphate_plate5.tif,81,1031.309,784,1472
38225,F8_01_1_2_Chlorophyll_A_001_phosphate_plate5.tif,32,939.000,784,1200
38226,F8_01_1_2_Chlorophyll_A_001_phosphate_plate5.tif,56,919.429,784,1200
38227,F8_01_1_2_Chlorophyll_A_001_phosphate_plate5.tif,11,925.091,832,1040
38228,F8_01_1_2_Chlorophyll_A_001_phosphate_plate5.tif,21,937.905,800,1168
38229,F8_01_1_2_Chlorophyll_A_001_phosphate_plate5.tif,1,768.000,768,768
38230,F8_01_1_2_Chlorophyll_A_001_phosphate_plate5.tif,1,1008.000,1008,1008
38231,F8_01_1_2_Chlorophyll_A_001_phosphate_plate5.tif,127,2472.819,768,10880
38232,F8_01_1_2_Chlorophyll_A_001_phosphate_plate5.tif,1,768.000,768,768
38233,F8_01_1_2_Chlorophyll_A_001_phosphate_plate5.tif,1,800.000,800,800
38234,F8_01_1_2_Chlorophyll_A_001_phosphate_plate5.tif,1,768.000,768,768
38235,F8_01_1_2_Chlorophyll_A_001_phosphate_plate5.tif,1,768.000,768,768
38236,F8_01_1_2_Chlorophyll_A_001_phosphate_plate5.tif,1,832.000,832,832
38237,F8_01_1_2_Chlorophyll_A_001_phosphate_plate5.tif,1,784.000,784,784
38238,F8_01_1_2_Chlorophyll_A_001_phosphate_plate5.tif,1,768.000,768,768
38239,F8_01_1_2_Chlorophyll_A_001_phosphate_plate5.tif,2,856.000,848,864
38240,F8_01_1_2_Chlorophyll_A_001_phosphate_plate5.tif,13,833.231,768,912
38241,F8_01_1_2_Chlorophyll_A_001_phosphate_plate5.tif,14,829.714,768,1040
38242,F8_01_1_2_Chlorophyll_A_001_phosphate_plate5.tif,1,768.000,768,768
38243,F8_01_1_2_Chlorophyll_A_001_phosphate_plate5.tif,34,920.471,768,1120
38244,F8_01_1_2_Chlorophyll_A_001_phosphate_plate5.tif,2,872.000,768,976
38245,F8_01_1_2_Chlorophyll_A_001_phosphate_plate5.tif,3,805.333,784,832
38246,F8_01_1_2_Chlorophyll_A_001_phosphate_plate5.tif,1,768.000,768,768
38247,F8_01_1_2_Chlorophyll_A_001_phosphate_plate5.tif,1,768.000,768,768
38248,F8_01_1_2_Chlorophyll_A_001_phosphate_plate5.tif,1,768.000,768,768
38249,F8_01_1_2_Chlorophyll_A_001_phosphate_plate5.tif,1,832.000,832,832
38250,F8_01_1_2_Chlorophyll_A_001_phosphate_plate5.tif,2,840.000,768,912
38251,F8_01_1_2_Chlorophyll_A_001_phosphate_plate5.tif,1,800.000,800,800
38252,F8_01_1_2_Chlorophyll_A_001_phosphate_plate5.tif,1,800.000,800,800
38253,F8_01_1_2_Chlorophyll_A_001_phosphate_plate5.tif,1,816.000,816,816
38254,F8_01_1_2_Chlorophyll_A_001_phosphate_plate5.tif,1,944.000,944,944
38255,F8_01_1_2_Chlorophyll_A_001_phosphate_plate5.tif,1,880.000,880,880
38256,F8_01_1_2_Chlorophyll_A_001_phosphate_plate5.tif,2,848.000,800,896
38257,F8_01_1_2_Chlorophyll_A_001_phosphate_plate5.tif,1,800.000,800,800
38258,F8_01_1_2_Chlorophyll_A_001_phosphate_plate5.tif,1,832.000,832,832
38259,F8_01_1_2_Chlorophyll_A_001_phosphate_plate5.tif,2,864.000,816,912
38260,F8_01_1_2_Chlorophyll_A_001_phosphate_plate5.tif,1,816.000,816,816
38261,F8_01_1_2_Chlorophyll_A_001_phosphate_plate5.tif,2,792.000,784,800
38262,F8_01_1_2_Chlorophyll_A_001_phosphate_plate5.tif,1,784.000,784,784
38263,F8_01_1_2_Chlorophyll_A_001_phosphate_plate5.tif,2,840.000,816,864
38264,F8_01_1_2_Chlorophyll_A_001_phosphate_plate5.tif,8,860.000,800,992
38265,F8_01_1_2_Chlorophyll_A_001_phosphate_plate5.tif,2,768.000,768,768
38266,F8_01_1_2_Chlorophyll_A_001_phosphate_plate5.tif,1,1184.000,1184,1184
38267,F8_01_1_2_Chlorophyll_A_001_phosphate_plate5.tif,42,952.381,768,1168
38268,F8_01_1_2_Chlorophyll_A_001_phosphate_plate5.tif,2,880.000,784,976
38269,F8_01_1_2_Chlorophyll_A_001_phosphate_plate5.tif,1,816.000,816,816
38270,F8_01_1_2_Chlorophyll_A_001_phosphate_plate5.tif,1,896.000,896,896
38271,F8_01_1_2_Chlorophyll_A_001_phosphate_plate5.tif,1,896.000,896,896
38272,F8_01_1_2_Chlorophyll_A_001_phosphate_plate5.tif,1,768.000,768,768
38273,F8_01_1_2_Chlorophyll_A_001_phosphate_plate5.tif,1,784.000,784,784
38274,F8_01_1_2_Chlorophyll_A_001_phosphate_plate5.tif,1,768.000,768,768
38275,F8_01_1_2_Chlorophyll_A_001_phosphate_plate5.tif,1,768.000,768,768
38276,F8_01_1_2_Chlorophyll_A_001_phosphate_plate5.tif,2,856.000,832,880
38277,F8_01_1_2_Chlorophyll_A_001_phosphate_plate5.tif,1,784.000,784,784
38278,F8_01_1_2_Chlorophyll_A_001_phosphate_plate5.tif,2,824.000,816,832
38279,F8_01_1_2_Chlorophyll_A_001_phosphate_plate5.tif,1,784.000,784,784
38280,F8_01_1_2_Chlorophyll_A_001_phosphate_plate5.tif,2,872.000,832,912
38281,F8_01_1_2_Chlorophyll_A_001_phosphate_plate5.tif,3,912.000,864,992
38282,F8_01_1_2_Chlorophyll_A_001_phosphate_plate5.tif,2,928.000,912,944
38283,F8_01_1_2_Chlorophyll_A_001_phosphate_plate5.tif,1,784.000,784,784
38284,F8_01_1_2_Chlorophyll_A_001_phosphate_plate5.tif,1,944.000,944,944
38285,F8_01_1_2_Chlorophyll_A_001_phosphate_plate5.tif,1,768.000,768,768
38286,F8_01_1_2_Chlorophyll_A_001_phosphate_plate5.tif,1,784.000,784,784
38287,F8_01_1_2_Chlorophyll_A_001_phosphate_plate5.tif,1,832.000,832,832
38288,F8_01_1_2_Chlorophyll_A_001_phosphate_plate5.tif,1,816.000,816,816
38289,F8_01_1_2_Chlorophyll_A_001_phosphate_plate5.tif,1,768.000,768,768
38290,F8_01_1_2_Chlorophyll_A_001_phosphate_plate5.tif,1,800.000,800,800
38291,F8_01_1_2_Chlorophyll_A_001_phosphate_plate5.tif,2,848.000,816,880
38292,F8_01_1_2_Chlorophyll_A_001_phosphate_plate5.tif,1,816.000,816,816
38293,F8_01_1_2_Chlorophyll_A_001_phosphate_plate5.tif,1,800.000,800,800
38294,F8_01_1_2_Chlorophyll_A_001_phosphate_plate5.tif,1,784.000,784,784
38295,F8_01_1_2_Chlorophyll_A_001_phosphate_plate5.tif,1,768.000,768,768
38296,F8_01_1_2_Chlorophyll_A_001_phosphate_plate5.tif,1,768.000,768,768
38297,F8_01_1_2_Chlorophyll_A_001_phosphate_plate5.tif,1,832.000,832,832
38298,F8_01_1_2_Chlorophyll_A_001_phosphate_plate5.tif,2,872.000,784,960
38299,F8_01_1_2_Chlorophyll_A_001_phosphate_plate5.tif,2,888.000,880,896
38300,F8_01_1_2_Chlorophyll_A_001_phosphate_plate5.tif,1,832.000,832,832
38301,F8_01_1_2_Chlorophyll_A_001_phosphate_plate5.tif,1,816.000,816,816
38302,F8_01_1_2_Chlorophyll_A_001_phosphate_plate5.tif,5,848.000,800,896
38303,F8_01_1_2_Chlorophyll_A_001_phosphate_plate5.tif,8,828.000,784,912
38304,F8_01_1_2_Chlorophyll_A_001_phosphate_plate5.tif,23,983.652,816,1216
38305,F8_01_1_2_Chlorophyll_A_001_phosphate_plate5.tif,1,1008.000,1008,1008
38306,F8_01_1_2_Chlorophyll_A_001_phosphate_plate5.tif,3,794.667,768,832
38307,F8_01_1_2_Chlorophyll_A_001_phosphate_plate5.tif,2,848.000,816,880
38308,F8_01_1_2_Chlorophyll_A_001_phosphate_plate5.tif,267,4773.573,768,48528
38309,F8_01_1_2_Chlorophyll_A_001_phosphate_plate5.tif,1,912.000,912,912
38310,F8_01_1_2_Chlorophyll_A_001_phosphate_plate5.tif,1,768.000,768,768
38311,F8_01_1_2_Chlorophyll_A_001_phosphate_plate5.tif,1,784.000,784,784
38312,F8_01_1_2_Chlorophyll_A_001_phosphate_plate5.tif,1,800.000,800,800
38313,F8_01_1_2_Chlorophyll_A_001_phosphate_plate5.tif,1,880.000,880,880
38314,F8_01_1_2_Chlorophyll_A_001_phosphate_plate5.tif,1,784.000,784,784
38315,F8_01_1_2_Chlorophyll_A_001_phosphate_plate5.tif,1,784.000,784,784
38316,F8_01_1_2_Chlorophyll_A_001_phosphate_plate5.tif,1,816.000,816,816
38317,F8_01_1_2_Chlorophyll_A_001_phosphate_plate5.tif,2,776.000,768,784
38318,F8_01_1_2_Chlorophyll_A_001_phosphate_plate5.tif,1,816.000,816,816
38319,F8_01_1_2_Chlorophyll_A_001_phosphate_plate5.tif,4,828.000,784,928
38320,F8_01_1_2_Chlorophyll_A_001_phosphate_plate5.tif,1,816.000,816,816
38321,F8_01_1_2_Chlorophyll_A_001_phosphate_plate5.tif,1,832.000,832,832
38322,F8_01_1_2_Chlorophyll_A_001_phosphate_plate5.tif,2,840.000,784,896
38323,F8_01_1_2_Chlorophyll_A_001_phosphate_plate5.tif,1,800.000,800,800
38324,F8_01_1_2_Chlorophyll_A_001_phosphate_plate5.tif,1,912.000,912,912
38325,F8_01_1_2_Chlorophyll_A_001_phosphate_plate5.tif,1,800.000,800,800
38326,F8_01_1_2_Chlorophyll_A_001_phosphate_plate5.tif,2,848.000,800,896
38327,F8_01_1_2_Chlorophyll_A_001_phosphate_plate5.tif,1,816.000,816,816
38328,F8_01_1_2_Chlorophyll_A_001_phosphate_plate5.tif,1,832.000,832,832
38329,F8_01_1_2_Chlorophyll_A_001_phosphate_plate5.tif,1,896.000,896,896
38330,F8_01_1_2_Chlorophyll_A_001_phosphate_plate5.tif,7,850.286,768,976
38331,F8_01_1_2_Chlorophyll_A_001_phosphate_plate5.tif,1,976.000,976,976
38332,F8_01_1_2_Chlorophyll_A_001_phosphate_plate5.tif,19,848.842,784,1040
38333,F8_01_1_2_Chlorophyll_A_001_phosphate_plate5.tif,312,1064.667,768,1456
38334,F8_01_1_2_Chlorophyll_A_001_phosphate_plate5.tif,49,861.388,768,1088
38335,F8_01_1_2_Chlorophyll_A_001_phosphate_plate5.tif,47,869.787,768,1104
38336,F8_01_1_2_Chlorophyll_A_001_phosphate_plate5.tif,2,808.000,784,832
38337,F8_01_1_2_Chlorophyll_A_001_phosphate_plate5.tif,1,848.000,848,848
38338,F8_01_1_2_Chlorophyll_A_001_phosphate_plate5.tif,1,912.000,912,912
38339,F8_01_1_2_Chlorophyll_A_001_phosphate_plate5.tif,1,768.000,768,768
38340,F8_01_1_2_Chlorophyll_A_001_phosphate_plate5.tif,1,816.000,816,816
38341,F8_01_1_2_Chlorophyll_A_001_phosphate_plate5.tif,1,784.000,784,784
38342,F8_01_1_2_Chlorophyll_A_001_phosphate_plate5.tif,1,816.000,816,816
38343,F8_01_1_2_Chlorophyll_A_001_phosphate_plate5.tif,1,880.000,880,880
38344,F8_01_1_2_Chlorophyll_A_001_phosphate_plate5.tif,2,784.000,784,784
38345,F8_01_1_2_Chlorophyll_A_001_phosphate_plate5.tif,1,816.000,816,816
38346,F8_01_1_2_Chlorophyll_A_001_phosphate_plate5.tif,2,808.000,768,848
38347,F8_01_1_2_Chlorophyll_A_001_phosphate_plate5.tif,1,768.000,768,768
38348,F8_01_1_2_Chlorophyll_A_001_phosphate_plate5.tif,1,816.000,816,816
38349,F8_01_1_2_Chlorophyll_A_001_phosphate_plate5.tif,1,784.000,784,784
38350,F8_01_1_2_Chlorophyll_A_001_phosphate_plate5.tif,1,848.000,848,848
38351,F8_01_1_2_Chlorophyll_A_001_phosphate_plate5.tif,3,853.333,784,976
38352,F8_01_1_2_Chlorophyll_A_001_phosphate_plate5.tif,1,800.000,800,800
38353,F8_01_1_2_Chlorophyll_A_001_phosphate_plate5.tif,1,800.000,800,800
38354,F8_01_1_2_Chlorophyll_A_001_phosphate_plate5.tif,12,970.667,768,1296
38355,F8_01_1_2_Chlorophyll_A_001_phosphate_plate5.tif,42,910.857,768,1120
38356,F8_01_1_2_Chlorophyll_A_001_phosphate_plate5.tif,1,784.000,784,784
38357,F8_01_1_2_Chlorophyll_A_001_phosphate_plate5.tif,2,944.000,944,944
38358,F8_01_1_2_Chlorophyll_A_001_phosphate_plate5.tif,1,768.000,768,768
38359,F8_01_1_2_Chlorophyll_A_001_phosphate_plate5.tif,1,832.000,832,832
38360,F8_01_1_2_Chlorophyll_A_001_phosphate_plate5.tif,1,816.000,816,816
38361,F8_01_1_2_Chlorophyll_A_001_phosphate_plate5.tif,1,816.000,816,816
38362,F8_01_1_2_Chlorophyll_A_001_phosphate_plate5.tif,1,800.000,800,800
38363,F8_01_1_2_Chlorophyll_A_001_phosphate_plate5.tif,1,880.000,880,880
38364,F8_01_1_2_Chlorophyll_A_001_phosphate_plate5.tif,1,784.000,784,784
38365,F8_01_1_2_Chlorophyll_A_001_phosphate_plate5.tif,1,800.000,800,800
38366,F8_01_1_2_Chlorophyll_A_001_phosphate_plate5.tif,1,784.000,784,784
38367,F8_01_1_2_Chlorophyll_A_001_phosphate_plate5.tif,8,816.000,768,896
38368,F8_01_1_2_Chlorophyll_A_001_phosphate_plate5.tif,41,837.463,768,1072
38369,F8_01_1_2_Chlorophyll_A_001_phosphate_plate5.tif,199,1122.010,784,1632
38370,F8_01_1_2_Chlorophyll_A_001_phosphate_plate5.tif,25,954.880,768,1296
38371,F8_01_1_2_Chlorophyll_A_001_phosphate_plate5.tif,78,963.282,768,1440
38372,F8_01_1_2_Chlorophyll_A_001_phosphate_plate5.tif,34,904.941,768,1136
38373,F8_01_1_2_Chlorophyll_A_001_phosphate_plate5.tif,1,864.000,864,864
38374,F8_01_1_2_Chlorophyll_A_001_phosphate_plate5.tif,24,831.333,768,944
38375,F8_01_1_2_Chlorophyll_A_001_phosphate_plate5.tif,1,896.000,896,896
38376,F8_01_1_2_Chlorophyll_A_001_phosphate_plate5.tif,6,845.333,768,912
38377,F8_01_1_2_Chlorophyll_A_001_phosphate_plate5.tif,3,880.000,800,928
38378,F8_01_1_2_Chlorophyll_A_001_phosphate_plate5.tif,1,864.000,864,864
38379,F8_01_1_2_Chlorophyll_A_001_phosphate_plate5.tif,1,768.000,768,768
38380,F8_01_1_2_Chlorophyll_A_001_phosphate_plate5.tif,2,816.000,784,848
38381,F8_01_1_2_Chlorophyll_A_001_phosphate_plate5.tif,1,896.000,896,896
38382,F8_01_1_2_Chlorophyll_A_001_phosphate_plate5.tif,1,800.000,800,800
38383,F8_01_1_2_Chlorophyll_A_001_phosphate_plate5.tif,1,832.000,832,832
38384,F8_01_1_2_Chlorophyll_A_001_phosphate_plate5.tif,2,848.000,816,880
38385,F8_01_1_2_Chlorophyll_A_001_phosphate_plate5.tif,1,768.000,768,768
38386,F8_01_1_2_Chlorophyll_A_001_phosphate_plate5.tif,2,856.000,768,944
38387,F8_01_1_2_Chlorophyll_A_001_phosphate_plate5.tif,1,768.000,768,768
38388,F8_01_1_2_Chlorophyll_A_001_phosphate_plate5.tif,2,776.000,768,784
38389,F8_01_1_2_Chlorophyll_A_001_phosphate_plate5.tif,1,832.000,832,832
38390,F8_01_1_2_Chlorophyll_A_001_phosphate_plate5.tif,1,768.000,768,768
38391,F8_01_1_2_Chlorophyll_A_001_phosphate_plate5.tif,55,2275.782,768,6656
38392,F8_01_1_2_Chlorophyll_A_001_phosphate_plate5.tif,2,768.000,768,768
38393,F8_01_1_2_Chlorophyll_A_001_phosphate_plate5.tif,1,768.000,768,768
38394,F8_01_1_2_Chlorophyll_A_001_phosphate_plate5.tif,1,880.000,880,880
38395,F8_01_1_2_Chlorophyll_A_001_phosphate_plate5.tif,1,880.000,880,880
38396,F8_01_1_2_Chlorophyll_A_001_phosphate_plate5.tif,1,912.000,912,912
38397,F8_01_1_2_Chlorophyll_A_001_phosphate_plate5.tif,2,848.000,816,880
38398,F8_01_1_2_Chlorophyll_A_001_phosphate_plate5.tif,3,869.333,832,944
38399,F8_01_1_2_Chlorophyll_A_001_phosphate_plate5.tif,2,816.000,800,832
38400,F8_01_1_2_Chlorophyll_A_001_phosphate_plate5.tif,2,800.000,800,800
38401,F8_01_1_2_Chlorophyll_A_001_phosphate_plate5.tif,1,992.000,992,992
38402,F8_01_1_2_Chlorophyll_A_001_phosphate_plate5.tif,1,896.000,896,896
38403,F8_01_1_2_Chlorophyll_A_001_phosphate_plate5.tif,1,768.000,768,768
38404,F8_01_1_2_Chlorophyll_A_001_phosphate_plate5.tif,2,840.000,784,896
38405,F8_01_1_2_Chlorophyll_A_001_phosphate_plate5.tif,1,768.000,768,768
38406,F8_01_1_2_Chlorophyll_A_001_phosphate_plate5.tif,1,768.000,768,768
38407,F8_01_1_2_Chlorophyll_A_001_phosphate_plate5.tif,1,992.000,992,992
38408,F8_01_1_2_Chlorophyll_A_001_phosphate_plate5.tif,1,768.000,768,768
38409,F8_01_1_2_Chlorophyll_A_001_phosphate_plate5.tif,1,784.000,784,784
38410,F8_01_1_2_Chlorophyll_A_001_phosphate_plate5.tif,1,800.000,800,800
38411,F8_01_1_2_Chlorophyll_A_001_phosphate_plate5.tif,1,896.000,896,896
38412,F8_01_1_2_Chlorophyll_A_001_phosphate_plate5.tif,2,864.000,848,880
38413,F8_01_1_2_Chlorophyll_A_001_phosphate_plate5.tif,1,784.000,784,784
38414,F8_01_1_2_Chlorophyll_A_001_phosphate_plate5.tif,1,832.000,832,832
38415,F8_01_1_2_Chlorophyll_A_001_phosphate_plate5.tif,2,792.000,784,800
38416,F8_01_1_2_Chlorophyll_A_001_phosphate_plate5.tif,1,832.000,832,832
38417,F8_01_1_2_Chlorophyll_A_001_phosphate_plate5.tif,1,976.000,976,976
38418,F8_01_1_2_Chlorophyll_A_001_phosphate_plate5.tif,1,848.000,848,848
38419,F8_01_1_2_Chlorophyll_A_001_phosphate_plate5.tif,1,800.000,800,800
38420,F8_01_1_2_Chlorophyll_A_001_phosphate_plate5.tif,1,896.000,896,896
38421,F8_01_1_2_Chlorophyll_A_001_phosphate_plate5.tif,2,920.000,880,960
38422,F8_01_1_2_Chlorophyll_A_001_phosphate_plate5.tif,1,832.000,832,832
38423,F8_01_1_2_Chlorophyll_A_001_phosphate_plate5.tif,26,954.462,768,1120
38424,F8_01_1_2_Chlorophyll_A_001_phosphate_plate5.tif,58,892.966,768,1248
38425,F8_01_1_2_Chlorophyll_A_001_phosphate_plate5.tif,38,875.789,768,1168
38426,F8_01_1_2_Chlorophyll_A_001_phosphate_plate5.tif,1,896.000,896,896
38427,F8_01_1_2_Chlorophyll_A_001_phosphate_plate5.tif,7,822.857,768,960
38428,F8_01_1_2_Chlorophyll_A_001_phosphate_plate5.tif,1,832.000,832,832
38429,F8_01_1_2_Chlorophyll_A_001_phosphate_plate5.tif,1,800.000,800,800
38430,F8_01_1_2_Chlorophyll_A_001_phosphate_plate5.tif,1,880.000,880,880
38431,F8_01_1_2_Chlorophyll_A_001_phosphate_plate5.tif,1,848.000,848,848
38432,F8_01_1_2_Chlorophyll_A_001_phosphate_plate5.tif,2,872.000,848,896
38433,F8_01_1_2_Chlorophyll_A_001_phosphate_plate5.tif,1,768.000,768,768
38434,F8_01_1_2_Chlorophyll_A_001_phosphate_plate5.tif,1,816.000,816,816
38435,F8_01_1_2_Chlorophyll_A_001_phosphate_plate5.tif,1,880.000,880,880
38436,F8_01_1_2_Chlorophyll_A_001_phosphate_plate5.tif,1,832.000,832,832
38437,F8_01_1_2_Chlorophyll_A_001_phosphate_plate5.tif,1,832.000,832,832
38438,F8_01_1_2_Chlorophyll_A_001_phosphate_plate5.tif,2,784.000,784,784
38439,F8_01_1_2_Chlorophyll_A_001_phosphate_plate5.tif,1,832.000,832,832
38440,F8_01_1_2_Chlorophyll_A_001_phosphate_plate5.tif,2,800.000,784,816
38441,F8_01_1_2_Chlorophyll_A_001_phosphate_plate5.tif,2,800.000,768,832
38442,F8_01_1_2_Chlorophyll_A_001_phosphate_plate5.tif,1,768.000,768,768
38443,F8_01_1_2_Chlorophyll_A_001_phosphate_plate5.tif,2,816.000,784,848
38444,F8_01_1_2_Chlorophyll_A_001_phosphate_plate5.tif,18,841.778,768,992
38445,F8_01_1_2_Chlorophyll_A_001_phosphate_plate5.tif,15,833.067,768,1024
38446,F8_01_1_2_Chlorophyll_A_001_phosphate_plate5.tif,1,848.000,848,848
38447,F8_01_1_2_Chlorophyll_A_001_phosphate_plate5.tif,99,981.980,768,1328
38448,F8_01_1_2_Chlorophyll_A_001_phosphate_plate5.tif,33,897.455,768,1152
38449,F8_01_1_2_Chlorophyll_A_001_phosphate_plate5.tif,8,848.000,768,1136
38450,F8_01_1_2_Chlorophyll_A_001_phosphate_plate5.tif,1,944.000,944,944
38451,F8_01_1_2_Chlorophyll_A_001_phosphate_plate5.tif,1,768.000,768,768
38452,F8_01_1_2_Chlorophyll_A_001_phosphate_plate5.tif,2,776.000,768,784
38453,F8_01_1_2_Chlorophyll_A_001_phosphate_plate5.tif,1,880.000,880,880
38454,F8_01_1_2_Chlorophyll_A_001_phosphate_plate5.tif,1,768.000,768,768
38455,F8_01_1_2_Chlorophyll_A_001_phosphate_plate5.tif,1,832.000,832,832
38456,F8_01_1_2_Chlorophyll_A_001_phosphate_plate5.tif,1,768.000,768,768
38457,F8_01_1_2_Chlorophyll_A_001_phosphate_plate5.tif,1,832.000,832,832
38458,F8_01_1_2_Chlorophyll_A_001_phosphate_plate5.tif,7,845.714,768,1088
38459,F8_01_1_2_Chlorophyll_A_001_phosphate_plate5.tif,1,784.000,784,784
38460,F8_01_1_2_Chlorophyll_A_001_phosphate_plate5.tif,1,816.000,816,816
38461,F8_01_1_2_Chlorophyll_A_001_phosphate_plate5.tif,1,832.000,832,832
38462,F8_01_1_2_Chlorophyll_A_001_phosphate_plate5.tif,3,789.333,784,800
38463,F8_01_1_2_Chlorophyll_A_001_phosphate_plate5.tif,2,880.000,832,928
38464,F8_01_1_2_Chlorophyll_A_001_phosphate_plate5.tif,1,896.000,896,896
38465,F8_01_1_2_Chlorophyll_A_001_phosphate_plate5.tif,3,821.333,768,880
38466,F8_01_1_2_Chlorophyll_A_001_phosphate_plate5.tif,71,1006.648,784,1328
38467,F8_01_1_2_Chlorophyll_A_001_phosphate_plate5.tif,27,897.778,784,1280
38468,F8_01_1_2_Chlorophyll_A_001_phosphate_plate5.tif,16,899.000,768,1216
38469,F8_01_1_2_Chlorophyll_A_001_phosphate_plate5.tif,2,816.000,800,832
38470,F8_01_1_2_Chlorophyll_A_001_phosphate_plate5.tif,1,832.000,832,832
38471,F8_01_1_2_Chlorophyll_A_001_phosphate_plate5.tif,1,864.000,864,864
38472,F8_01_1_2_Chlorophyll_A_001_phosphate_plate5.tif,2,776.000,768,784
38473,F8_01_1_2_Chlorophyll_A_001_phosphate_plate5.tif,1,880.000,880,880
38474,F8_01_1_2_Chlorophyll_A_001_phosphate_plate5.tif,2,824.000,816,832
38475,F8_01_1_2_Chlorophyll_A_001_phosphate_plate5.tif,1,832.000,832,832
38476,F8_01_1_2_Chlorophyll_A_001_phosphate_plate5.tif,1,768.000,768,768
38477,F8_01_1_2_Chlorophyll_A_001_phosphate_plate5.tif,1,784.000,784,784
38478,F8_01_1_2_Chlorophyll_A_001_phosphate_plate5.tif,1,784.000,784,784
38479,F8_01_1_2_Chlorophyll_A_001_phosphate_plate5.tif,1,816.000,816,816
38480,F8_01_1_2_Chlorophyll_A_001_phosphate_plate5.tif,1,976.000,976,976
38481,F8_01_1_2_Chlorophyll_A_001_phosphate_plate5.tif,3,848.000,816,880
38482,F8_01_1_2_Chlorophyll_A_001_phosphate_plate5.tif,3,837.333,784,896
38483,F8_01_1_2_Chlorophyll_A_001_phosphate_plate5.tif,962,1186.378,768,1984
38484,F8_01_1_2_Chlorophyll_A_001_phosphate_plate5.tif,30,924.800,768,1296
38485,F8_01_1_2_Chlorophyll_A_001_phosphate_plate5.tif,25,890.880,768,1136
38486,F8_01_1_2_Chlorophyll_A_001_phosphate_plate5.tif,7,804.571,768,848
38487,F8_01_1_2_Chlorophyll_A_001_phosphate_plate5.tif,2,856.000,816,896
38488,F8_01_1_2_Chlorophyll_A_001_phosphate_plate5.tif,1,800.000,800,800
38489,F8_01_1_2_Chlorophyll_A_001_phosphate_plate5.tif,1,816.000,816,816
38490,F8_01_1_2_Chlorophyll_A_001_phosphate_plate5.tif,3,821.333,816,832
38491,F8_01_1_2_Chlorophyll_A_001_phosphate_plate5.tif,1,784.000,784,784
38492,F8_01_1_2_Chlorophyll_A_001_phosphate_plate5.tif,1,816.000,816,816
38493,F8_01_1_2_Chlorophyll_A_001_phosphate_plate5.tif,1,976.000,976,976
38494,F8_01_1_2_Chlorophyll_A_001_phosphate_plate5.tif,1,768.000,768,768
38495,F8_01_1_2_Chlorophyll_A_001_phosphate_plate5.tif,1,912.000,912,912
38496,F8_01_1_2_Chlorophyll_A_001_phosphate_plate5.tif,1,768.000,768,768
38497,F8_01_1_2_Chlorophyll_A_001_phosphate_plate5.tif,1,896.000,896,896
38498,F8_01_1_2_Chlorophyll_A_001_phosphate_plate5.tif,1,800.000,800,800
38499,F8_01_1_2_Chlorophyll_A_001_phosphate_plate5.tif,1,800.000,800,800
38500,F8_01_1_2_Chlorophyll_A_001_phosphate_plate5.tif,2,864.000,768,960
38501,F8_01_1_2_Chlorophyll_A_001_phosphate_plate5.tif,2,872.000,832,912
38502,F8_01_1_2_Chlorophyll_A_001_phosphate_plate5.tif,2,856.000,816,896
38503,F8_01_1_2_Chlorophyll_A_001_phosphate_plate5.tif,1,768.000,768,768
38504,F8_01_1_2_Chlorophyll_A_001_phosphate_plate5.tif,5,848.000,768,992
38505,F8_01_1_2_Chlorophyll_A_001_phosphate_plate5.tif,224,1143.643,768,1568
38506,F8_01_1_2_Chlorophyll_A_001_phosphate_plate5.tif,80,874.200,768,1136
38507,F8_01_1_2_Chlorophyll_A_001_phosphate_plate5.tif,2,928.000,832,1024
38508,F8_01_1_2_Chlorophyll_A_001_phosphate_plate5.tif,1,768.000,768,768
38509,F8_01_1_2_Chlorophyll_A_001_phosphate_plate5.tif,1,880.000,880,880
38510,F8_01_1_2_Chlorophyll_A_001_phosphate_plate5.tif,1,768.000,768,768
38511,F8_01_1_2_Chlorophyll_A_001_phosphate_plate5.tif,1,784.000,784,784
38512,F8_01_1_2_Chlorophyll_A_001_phosphate_plate5.tif,1,800.000,800,800
38513,F8_01_1_2_Chlorophyll_A_001_phosphate_plate5.tif,1,768.000,768,768
38514,F8_01_1_2_Chlorophyll_A_001_phosphate_plate5.tif,1,768.000,768,768
38515,F8_01_1_2_Chlorophyll_A_001_phosphate_plate5.tif,1,832.000,832,832
38516,F8_01_1_2_Chlorophyll_A_001_phosphate_plate5.tif,2,856.000,848,864
38517,F8_01_1_2_Chlorophyll_A_001_phosphate_plate5.tif,1,816.000,816,816
38518,F8_01_1_2_Chlorophyll_A_001_phosphate_plate5.tif,1,816.000,816,816
38519,F8_01_1_2_Chlorophyll_A_001_phosphate_plate5.tif,1,768.000,768,768
38520,F8_01_1_2_Chlorophyll_A_001_phosphate_plate5.tif,1,864.000,864,864
38521,F8_01_1_2_Chlorophyll_A_001_phosphate_plate5.tif,1,864.000,864,864
38522,F8_01_1_2_Chlorophyll_A_001_phosphate_plate5.tif,1,832.000,832,832
38523,F8_01_1_2_Chlorophyll_A_001_phosphate_plate5.tif,1,864.000,864,864
38524,F8_01_1_2_Chlorophyll_A_001_phosphate_plate5.tif,1,896.000,896,896
38525,F8_01_1_2_Chlorophyll_A_001_phosphate_plate5.tif,1,768.000,768,768
38526,F8_01_1_2_Chlorophyll_A_001_phosphate_plate5.tif,3,816.000,784,880
38527,F8_01_1_2_Chlorophyll_A_001_phosphate_plate5.tif,1,848.000,848,848
38528,F8_01_1_2_Chlorophyll_A_001_phosphate_plate5.tif,29,956.138,768,1264
38529,F8_01_1_2_Chlorophyll_A_001_phosphate_plate5.tif,80,928.600,768,1200
38530,F8_01_1_2_Chlorophyll_A_001_phosphate_plate5.tif,59,891.661,768,1168
38531,F8_01_1_2_Chlorophyll_A_001_phosphate_plate5.tif,1,816.000,816,816
38532,F8_01_1_2_Chlorophyll_A_001_phosphate_plate5.tif,15,887.467,768,1072
38533,F8_01_1_2_Chlorophyll_A_001_phosphate_plate5.tif,1,832.000,832,832
38534,F8_01_1_2_Chlorophyll_A_001_phosphate_plate5.tif,1,768.000,768,768
38535,F8_01_1_2_Chlorophyll_A_001_phosphate_plate5.tif,1,784.000,784,784
38536,F8_01_1_2_Chlorophyll_A_001_phosphate_plate5.tif,1,848.000,848,848
38537,F8_01_1_2_Chlorophyll_A_001_phosphate_plate5.tif,4,804.000,784,832
38538,F8_01_1_2_Chlorophyll_A_001_phosphate_plate5.tif,1,784.000,784,784
38539,F8_01_1_2_Chlorophyll_A_001_phosphate_plate5.tif,2,816.000,800,832
38540,F8_01_1_2_Chlorophyll_A_001_phosphate_plate5.tif,2,808.000,784,832
38541,F8_01_1_2_Chlorophyll_A_001_phosphate_plate5.tif,1,864.000,864,864
38542,F8_01_1_2_Chlorophyll_A_001_phosphate_plate5.tif,1,816.000,816,816
38543,F8_01_1_2_Chlorophyll_A_001_phosphate_plate5.tif,1,864.000,864,864
38544,F8_01_1_2_Chlorophyll_A_001_phosphate_plate5.tif,1,768.000,768,768
38545,F8_01_1_2_Chlorophyll_A_001_phosphate_plate5.tif,1,768.000,768,768
38546,F8_01_1_2_Chlorophyll_A_001_phosphate_plate5.tif,2,792.000,768,816
38547,F8_01_1_2_Chlorophyll_A_001_phosphate_plate5.tif,1,832.000,832,832
38548,F8_01_1_2_Chlorophyll_A_001_phosphate_plate5.tif,1,816.000,816,816
38549,F8_01_1_2_Chlorophyll_A_001_phosphate_plate5.tif,1,784.000,784,784
38550,F8_01_1_2_Chlorophyll_A_001_phosphate_plate5.tif,1,800.000,800,800
38551,F8_01_1_2_Chlorophyll_A_001_phosphate_plate5.tif,3,858.667,784,992
38552,F8_01_1_2_Chlorophyll_A_001_phosphate_plate5.tif,4,812.000,768,848
38553,F8_01_1_2_Chlorophyll_A_001_phosphate_plate5.tif,1,800.000,800,800
38554,F8_01_1_2_Chlorophyll_A_001_phosphate_plate5.tif,3,906.667,880,960
38555,F8_01_1_2_Chlorophyll_A_001_phosphate_plate5.tif,116,1106.621,816,1600
38556,F8_01_1_2_Chlorophyll_A_001_phosphate_plate5.tif,172,1089.209,768,1504
38557,F8_01_1_2_Chlorophyll_A_001_phosphate_plate5.tif,252,1007.429,768,1344
38558,F8_01_1_2_Chlorophyll_A_001_phosphate_plate5.tif,110,940.073,768,1248
38559,F8_01_1_2_Chlorophyll_A_001_phosphate_plate5.tif,16,915.000,768,1120
38560,F8_01_1_2_Chlorophyll_A_001_phosphate_plate5.tif,28,895.429,768,1184
38561,F8_01_1_2_Chlorophyll_A_001_phosphate_plate5.tif,1,944.000,944,944
38562,F8_01_1_2_Chlorophyll_A_001_phosphate_plate5.tif,1,896.000,896,896
38563,F8_01_1_2_Chlorophyll_A_001_phosphate_plate5.tif,1,784.000,784,784
38564,F8_01_1_2_Chlorophyll_A_001_phosphate_plate5.tif,1,832.000,832,832
38565,F8_01_1_2_Chlorophyll_A_001_phosphate_plate5.tif,1,800.000,800,800
38566,F8_01_1_2_Chlorophyll_A_001_phosphate_plate5.tif,1,768.000,768,768
38567,F8_01_1_2_Chlorophyll_A_001_phosphate_plate5.tif,1,768.000,768,768
38568,F8_01_1_2_Chlorophyll_A_001_phosphate_plate5.tif,2,800.000,800,800
38569,F8_01_1_2_Chlorophyll_A_001_phosphate_plate5.tif,1,800.000,800,800
38570,F8_01_1_2_Chlorophyll_A_001_phosphate_plate5.tif,1,864.000,864,864
38571,F8_01_1_2_Chlorophyll_A_001_phosphate_plate5.tif,1,912.000,912,912
38572,F8_01_1_2_Chlorophyll_A_001_phosphate_plate5.tif,5,819.200,768,960
38573,F8_01_1_2_Chlorophyll_A_001_phosphate_plate5.tif,2,816.000,816,816
38574,F8_01_1_2_Chlorophyll_A_001_phosphate_plate5.tif,3,933.333,800,1040
38575,F8_01_1_2_Chlorophyll_A_001_phosphate_plate5.tif,1,880.000,880,880
38576,F8_01_1_2_Chlorophyll_A_001_phosphate_plate5.tif,1,848.000,848,848
38577,F8_01_1_2_Chlorophyll_A_001_phosphate_plate5.tif,1,816.000,816,816
38578,F8_01_1_2_Chlorophyll_A_001_phosphate_plate5.tif,1,784.000,784,784
38579,F8_01_1_2_Chlorophyll_A_001_phosphate_plate5.tif,1,784.000,784,784
38580,F8_01_1_2_Chlorophyll_A_001_phosphate_plate5.tif,1,800.000,800,800
38581,F8_01_1_2_Chlorophyll_A_001_phosphate_plate5.tif,1,816.000,816,816
38582,F8_01_1_2_Chlorophyll_A_001_phosphate_plate5.tif,1,800.000,800,800
38583,F8_01_1_2_Chlorophyll_A_001_phosphate_plate5.tif,2,784.000,784,784
38584,F8_01_1_2_Chlorophyll_A_001_phosphate_plate5.tif,2,904.000,880,928
38585,F8_01_1_2_Chlorophyll_A_001_phosphate_plate5.tif,1,768.000,768,768
38586,F8_01_1_2_Chlorophyll_A_001_phosphate_plate5.tif,2,776.000,768,784
38587,F8_01_1_2_Chlorophyll_A_001_phosphate_plate5.tif,2,792.000,768,816
38588,F8_01_1_2_Chlorophyll_A_001_phosphate_plate5.tif,1,912.000,912,912
38589,F8_01_1_2_Chlorophyll_A_001_phosphate_plate5.tif,2,1008.000,992,1024
38590,F8_01_1_2_Chlorophyll_A_001_phosphate_plate5.tif,1,768.000,768,768
38591,F8_01_1_2_Chlorophyll_A_001_phosphate_plate5.tif,15,833.067,768,1104
38592,F8_01_1_2_Chlorophyll_A_001_phosphate_plate5.tif,2,864.000,864,864
38593,F8_01_1_2_Chlorophyll_A_001_phosphate_plate5.tif,20,858.400,768,1008
38594,F8_01_1_2_Chlorophyll_A_001_phosphate_plate5.tif,33,929.939,768,1104
38595,F8_01_1_2_Chlorophyll_A_001_phosphate_plate5.tif,4,840.000,800,896
38596,F8_01_1_2_Chlorophyll_A_001_phosphate_plate5.tif,4,808.000,768,832
38597,F8_01_1_2_Chlorophyll_A_001_phosphate_plate5.tif,2,784.000,768,800
38598,F8_01_1_2_Chlorophyll_A_001_phosphate_plate5.tif,2,800.000,784,816
38599,F8_01_1_2_Chlorophyll_A_001_phosphate_plate5.tif,3,816.000,768,864
38600,F8_01_1_2_Chlorophyll_A_001_phosphate_plate5.tif,1,800.000,800,800
38601,F8_01_1_2_Chlorophyll_A_001_phosphate_plate5.tif,1,816.000,816,816
38602,F8_01_1_2_Chlorophyll_A_001_phosphate_plate5.tif,2,800.000,768,832
38603,F8_01_1_2_Chlorophyll_A_001_phosphate_plate5.tif,1,800.000,800,800
38604,F8_01_1_2_Chlorophyll_A_001_phosphate_plate5.tif,1,784.000,784,784
38605,F8_01_1_2_Chlorophyll_A_001_phosphate_plate5.tif,1,784.000,784,784
38606,F8_01_1_2_Chlorophyll_A_001_phosphate_plate5.tif,1,848.000,848,848
38607,F8_01_1_2_Chlorophyll_A_001_phosphate_plate5.tif,1,800.000,800,800
38608,F8_01_1_2_Chlorophyll_A_001_phosphate_plate5.tif,1,800.000,800,800
38609,F8_01_1_2_Chlorophyll_A_001_phosphate_plate5.tif,1,800.000,800,800
38610,F8_01_1_2_Chlorophyll_A_001_phosphate_plate5.tif,1,768.000,768,768
38611,F8_01_1_2_Chlorophyll_A_001_phosphate_plate5.tif,1,768.000,768,768
38612,F8_01_1_2_Chlorophyll_A_001_phosphate_plate5.tif,1,848.000,848,848
38613,F8_01_1_2_Chlorophyll_A_001_phosphate_plate5.tif,1,800.000,800,800
38614,F8_01_1_2_Chlorophyll_A_001_phosphate_plate5.tif,1,816.000,816,816
38615,F8_01_1_2_Chlorophyll_A_001_phosphate_plate5.tif,2,824.000,784,864
38616,F8_01_1_2_Chlorophyll_A_001_phosphate_plate5.tif,2,768.000,768,768
38617,F8_01_1_2_Chlorophyll_A_001_phosphate_plate5.tif,12,842.667,768,928
38618,F8_01_1_2_Chlorophyll_A_001_phosphate_plate5.tif,1,800.000,800,800
38619,F8_01_1_2_Chlorophyll_A_001_phosphate_plate5.tif,42,892.952,768,1072
38620,F8_01_1_2_Chlorophyll_A_001_phosphate_plate5.tif,1,976.000,976,976
38621,F8_01_1_2_Chlorophyll_A_001_phosphate_plate5.tif,2,816.000,816,816
38622,F8_01_1_2_Chlorophyll_A_001_phosphate_plate5.tif,1,784.000,784,784
38623,F8_01_1_2_Chlorophyll_A_001_phosphate_plate5.tif,3,805.333,784,816
38624,F8_01_1_2_Chlorophyll_A_001_phosphate_plate5.tif,1,816.000,816,816
38625,F8_01_1_2_Chlorophyll_A_001_phosphate_plate5.tif,1,800.000,800,800
38626,F8_01_1_2_Chlorophyll_A_001_phosphate_plate5.tif,1,816.000,816,816
38627,F8_01_1_2_Chlorophyll_A_001_phosphate_plate5.tif,2,824.000,784,864
38628,F8_01_1_2_Chlorophyll_A_001_phosphate_plate5.tif,1,800.000,800,800
38629,F8_01_1_2_Chlorophyll_A_001_phosphate_plate5.tif,1,768.000,768,768
38630,F8_01_1_2_Chlorophyll_A_001_phosphate_plate5.tif,1,768.000,768,768
38631,F8_01_1_2_Chlorophyll_A_001_phosphate_plate5.tif,3,800.000,784,832
38632,F8_01_1_2_Chlorophyll_A_001_phosphate_plate5.tif,1,816.000,816,816
38633,F8_01_1_2_Chlorophyll_A_001_phosphate_plate5.tif,1,912.000,912,912
38634,F8_01_1_2_Chlorophyll_A_001_phosphate_plate5.tif,1,800.000,800,800
38635,F8_01_1_2_Chlorophyll_A_001_phosphate_plate5.tif,1,800.000,800,800
38636,F8_01_1_2_Chlorophyll_A_001_phosphate_plate5.tif,2,784.000,768,800
38637,F8_01_1_2_Chlorophyll_A_001_phosphate_plate5.tif,1,896.000,896,896
38638,F8_01_1_2_Chlorophyll_A_001_phosphate_plate5.tif,1,832.000,832,832
38639,F8_01_1_2_Chlorophyll_A_001_phosphate_plate5.tif,2,872.000,848,896
38640,F8_01_1_2_Chlorophyll_A_001_phosphate_plate5.tif,1,864.000,864,864
38641,F8_01_1_2_Chlorophyll_A_001_phosphate_plate5.tif,13,905.846,816,976
38642,F8_01_1_2_Chlorophyll_A_001_phosphate_plate5.tif,1,928.000,928,928
38643,F8_01_1_2_Chlorophyll_A_001_phosphate_plate5.tif,4,868.000,768,944
38644,F8_01_1_2_Chlorophyll_A_001_phosphate_plate5.tif,1,864.000,864,864
38645,F8_01_1_2_Chlorophyll_A_001_phosphate_plate5.tif,4,808.000,768,848
38646,F8_01_1_2_Chlorophyll_A_001_phosphate_plate5.tif,3,837.333,768,960
38647,F8_01_1_2_Chlorophyll_A_001_phosphate_plate5.tif,1,784.000,784,784
38648,F8_01_1_2_Chlorophyll_A_001_phosphate_plate5.tif,1,832.000,832,832
38649,F8_01_1_2_Chlorophyll_A_001_phosphate_plate5.tif,1,784.000,784,784
38650,F8_01_1_2_Chlorophyll_A_001_phosphate_plate5.tif,1,816.000,816,816
38651,F8_01_1_2_Chlorophyll_A_001_phosphate_plate5.tif,1,880.000,880,880
38652,F8_01_1_2_Chlorophyll_A_001_phosphate_plate5.tif,1,848.000,848,848
38653,F8_01_1_2_Chlorophyll_A_001_phosphate_plate5.tif,1,928.000,928,928
38654,F8_01_1_2_Chlorophyll_A_001_phosphate_plate5.tif,1,784.000,784,784
38655,F8_01_1_2_Chlorophyll_A_001_phosphate_plate5.tif,3,784.000,768,800
38656,F8_01_1_2_Chlorophyll_A_001_phosphate_plate5.tif,1,944.000,944,944
38657,F8_01_1_2_Chlorophyll_A_001_phosphate_plate5.tif,1,816.000,816,816
38658,F8_01_1_2_Chlorophyll_A_001_phosphate_plate5.tif,1,816.000,816,816
38659,F8_01_1_2_Chlorophyll_A_001_phosphate_plate5.tif,2,776.000,768,784
38660,F8_01_1_2_Chlorophyll_A_001_phosphate_plate5.tif,3,789.333,768,816
38661,F8_01_1_2_Chlorophyll_A_001_phosphate_plate5.tif,1,832.000,832,832
38662,F8_01_1_2_Chlorophyll_A_001_phosphate_plate5.tif,1,784.000,784,784
38663,F8_01_1_2_Chlorophyll_A_001_phosphate_plate5.tif,10,800.000,768,864
38664,F8_01_1_2_Chlorophyll_A_001_phosphate_plate5.tif,1,784.000,784,784
38665,F8_01_1_2_Chlorophyll_A_001_phosphate_plate5.tif,3,901.333,864,960
38666,F8_01_1_2_Chlorophyll_A_001_phosphate_plate5.tif,2,832.000,832,832
38667,F8_01_1_2_Chlorophyll_A_001_phosphate_plate5.tif,8,808.000,768,880
38668,F8_01_1_2_Chlorophyll_A_001_phosphate_plate5.tif,20,868.800,768,1040
38669,F8_01_1_2_Chlorophyll_A_001_phosphate_plate5.tif,134,976.358,768,1296
38670,F8_01_1_2_Chlorophyll_A_001_phosphate_plate5.tif,22,969.455,768,1264
38671,F8_01_1_2_Chlorophyll_A_001_phosphate_plate5.tif,6,826.667,768,928
38672,F8_01_1_2_Chlorophyll_A_001_phosphate_plate5.tif,2,800.000,784,816
38673,F8_01_1_2_Chlorophyll_A_001_phosphate_plate5.tif,1,1024.000,1024,1024
38674,F8_01_1_2_Chlorophyll_A_001_phosphate_plate5.tif,1,1072.000,1072,1072
38675,F8_01_1_2_Chlorophyll_A_001_phosphate_plate5.tif,1,928.000,928,928
38676,F8_01_1_2_Chlorophyll_A_001_phosphate_plate5.tif,2,840.000,784,896
38677,F8_01_1_2_Chlorophyll_A_001_phosphate_plate5.tif,1,864.000,864,864
38678,F8_01_1_2_Chlorophyll_A_001_phosphate_plate5.tif,1,768.000,768,768
38679,F8_01_1_2_Chlorophyll_A_001_phosphate_plate5.tif,1,928.000,928,928
38680,F8_01_1_2_Chlorophyll_A_001_phosphate_plate5.tif,2,768.000,768,768
38681,F8_01_1_2_Chlorophyll_A_001_phosphate_plate5.tif,1,768.000,768,768
38682,F8_01_1_2_Chlorophyll_A_001_phosphate_plate5.tif,1,784.000,784,784
38683,F8_01_1_2_Chlorophyll_A_001_phosphate_plate5.tif,1,768.000,768,768
38684,F8_01_1_2_Chlorophyll_A_001_phosphate_plate5.tif,1,816.000,816,816
38685,F8_01_1_2_Chlorophyll_A_001_phosphate_plate5.tif,1,1088.000,1088,1088
38686,F8_01_1_2_Chlorophyll_A_001_phosphate_plate5.tif,1,768.000,768,768
38687,F8_01_1_2_Chlorophyll_A_001_phosphate_plate5.tif,1,864.000,864,864
38688,F8_01_1_2_Chlorophyll_A_001_phosphate_plate5.tif,1,944.000,944,944
38689,F8_01_1_2_Chlorophyll_A_001_phosphate_plate5.tif,1,768.000,768,768
38690,F8_01_1_2_Chlorophyll_A_001_phosphate_plate5.tif,7,845.714,768,960
38691,F8_01_1_2_Chlorophyll_A_001_phosphate_plate5.tif,1,880.000,880,880
38692,F8_01_1_2_Chlorophyll_A_001_phosphate_plate5.tif,1,880.000,880,880
38693,F8_01_1_2_Chlorophyll_A_001_phosphate_plate5.tif,16,850.000,784,960
38694,F8_01_1_2_Chlorophyll_A_001_phosphate_plate5.tif,3,816.000,768,848
38695,F8_01_1_2_Chlorophyll_A_001_phosphate_plate5.tif,55,1047.564,768,1520
38696,F8_01_1_2_Chlorophyll_A_001_phosphate_plate5.tif,42,923.810,768,1168
38697,F8_01_1_2_Chlorophyll_A_001_phosphate_plate5.tif,30,878.400,768,1104
38698,F8_01_1_2_Chlorophyll_A_001_phosphate_plate5.tif,1,768.000,768,768
38699,F8_01_1_2_Chlorophyll_A_001_phosphate_plate5.tif,1,768.000,768,768
38700,F8_01_1_2_Chlorophyll_A_001_phosphate_plate5.tif,7,877.714,784,1072
38701,F8_01_1_2_Chlorophyll_A_001_phosphate_plate5.tif,1,928.000,928,928
38702,F8_01_1_2_Chlorophyll_A_001_phosphate_plate5.tif,9,878.222,768,1024
38703,F8_01_1_2_Chlorophyll_A_001_phosphate_plate5.tif,3,885.333,768,1024
38704,F8_01_1_2_Chlorophyll_A_001_phosphate_plate5.tif,1,832.000,832,832
38705,F8_01_1_2_Chlorophyll_A_001_phosphate_plate5.tif,4,772.000,768,784
38706,F8_01_1_2_Chlorophyll_A_001_phosphate_plate5.tif,3,789.333,768,816
38707,F8_01_1_2_Chlorophyll_A_001_phosphate_plate5.tif,3,842.667,816,896
38708,F8_01_1_2_Chlorophyll_A_001_phosphate_plate5.tif,1,816.000,816,816
38709,F8_01_1_2_Chlorophyll_A_001_phosphate_plate5.tif,1,784.000,784,784
38710,F8_01_1_2_Chlorophyll_A_001_phosphate_plate5.tif,1,768.000,768,768
38711,F8_01_1_2_Chlorophyll_A_001_phosphate_plate5.tif,1,768.000,768,768
38712,F8_01_1_2_Chlorophyll_A_001_phosphate_plate5.tif,1,768.000,768,768
38713,F8_01_1_2_Chlorophyll_A_001_phosphate_plate5.tif,64,2335.000,768,8800
38714,F8_01_1_2_Chlorophyll_A_001_phosphate_plate5.tif,1,816.000,816,816
38715,F8_01_1_2_Chlorophyll_A_001_phosphate_plate5.tif,1,896.000,896,896
38716,F8_01_1_2_Chlorophyll_A_001_phosphate_plate5.tif,2,832.000,832,832
38717,F8_01_1_2_Chlorophyll_A_001_phosphate_plate5.tif,2,872.000,848,896
38718,F8_01_1_2_Chlorophyll_A_001_phosphate_plate5.tif,4,828.000,784,896
38719,F8_01_1_2_Chlorophyll_A_001_phosphate_plate5.tif,1,880.000,880,880
38720,F8_01_1_2_Chlorophyll_A_001_phosphate_plate5.tif,1,944.000,944,944
38721,F8_01_1_2_Chlorophyll_A_001_phosphate_plate5.tif,2,824.000,768,880
38722,F8_01_1_2_Chlorophyll_A_001_phosphate_plate5.tif,3,805.333,768,832
38723,F8_01_1_2_Chlorophyll_A_001_phosphate_plate5.tif,1,880.000,880,880
38724,F8_01_1_2_Chlorophyll_A_001_phosphate_plate5.tif,1,832.000,832,832
38725,F8_01_1_2_Chlorophyll_A_001_phosphate_plate5.tif,5,812.800,768,928
38726,F8_01_1_2_Chlorophyll_A_001_phosphate_plate5.tif,1,816.000,816,816
38727,F8_01_1_2_Chlorophyll_A_001_phosphate_plate5.tif,2,848.000,784,912
38728,F8_01_1_2_Chlorophyll_A_001_phosphate_plate5.tif,1,864.000,864,864
38729,F8_01_1_2_Chlorophyll_A_001_phosphate_plate5.tif,1,768.000,768,768
38730,F8_01_1_2_Chlorophyll_A_001_phosphate_plate5.tif,4,820.000,768,848
38731,F8_01_1_2_Chlorophyll_A_001_phosphate_plate5.tif,3,789.333,768,816
38732,F8_01_1_2_Chlorophyll_A_001_phosphate_plate5.tif,1,800.000,800,800
38733,F8_01_1_2_Chlorophyll_A_001_phosphate_plate5.tif,1,896.000,896,896
38734,F8_01_1_2_Chlorophyll_A_001_phosphate_plate5.tif,1,832.000,832,832
38735,F8_01_1_2_Chlorophyll_A_001_phosphate_plate5.tif,1,832.000,832,832
38736,F8_01_1_2_Chlorophyll_A_001_phosphate_plate5.tif,1,832.000,832,832
38737,F8_01_1_2_Chlorophyll_A_001_phosphate_plate5.tif,1,1008.000,1008,1008
38738,F8_01_1_2_Chlorophyll_A_001_phosphate_plate5.tif,2,824.000,768,880
38739,F8_01_1_2_Chlorophyll_A_001_phosphate_plate5.tif,1,800.000,800,800
38740,F8_01_1_2_Chlorophyll_A_001_phosphate_plate5.tif,1,1040.000,1040,1040
38741,F8_01_1_2_Chlorophyll_A_001_phosphate_plate5.tif,1,832.000,832,832
38742,F8_01_1_2_Chlorophyll_A_001_phosphate_plate5.tif,1,816.000,816,816
38743,F8_01_1_2_Chlorophyll_A_001_phosphate_plate5.tif,2,768.000,768,768
38744,F8_01_1_2_Chlorophyll_A_001_phosphate_plate5.tif,2,824.000,768,880
38745,F8_01_1_2_Chlorophyll_A_001_phosphate_plate5.tif,1,784.000,784,784
38746,F8_01_1_2_Chlorophyll_A_001_phosphate_plate5.tif,2,824.000,784,864
38747,F8_01_1_2_Chlorophyll_A_001_phosphate_plate5.tif,3,890.667,816,992
38748,F8_01_1_2_Chlorophyll_A_001_phosphate_plate5.tif,2,824.000,816,832
38749,F8_01_1_2_Chlorophyll_A_001_phosphate_plate5.tif,1,784.000,784,784
38750,F8_01_1_2_Chlorophyll_A_001_phosphate_plate5.tif,1,912.000,912,912
38751,F8_01_1_2_Chlorophyll_A_001_phosphate_plate5.tif,15,814.933,768,960
38752,F8_01_1_2_Chlorophyll_A_001_phosphate_plate5.tif,1,832.000,832,832
38753,F8_01_1_2_Chlorophyll_A_001_phosphate_plate5.tif,30,855.467,768,1072
38754,F8_01_1_2_Chlorophyll_A_001_phosphate_plate5.tif,39,1033.026,768,1296
38755,F8_01_1_2_Chlorophyll_A_001_phosphate_plate5.tif,14,874.286,784,1120
38756,F8_01_1_2_Chlorophyll_A_001_phosphate_plate5.tif,5,860.800,800,992
38757,F8_01_1_2_Chlorophyll_A_001_phosphate_plate5.tif,2,928.000,864,992
38758,F8_01_1_2_Chlorophyll_A_001_phosphate_plate5.tif,2,832.000,832,832
38759,F8_01_1_2_Chlorophyll_A_001_phosphate_plate5.tif,3,826.667,768,928
38760,F8_01_1_2_Chlorophyll_A_001_phosphate_plate5.tif,1,784.000,784,784
38761,F8_01_1_2_Chlorophyll_A_001_phosphate_plate5.tif,1,768.000,768,768
38762,F8_01_1_2_Chlorophyll_A_001_phosphate_plate5.tif,1,912.000,912,912
38763,F8_01_1_2_Chlorophyll_A_001_phosphate_plate5.tif,2,808.000,768,848
38764,F8_01_1_2_Chlorophyll_A_001_phosphate_plate5.tif,1,816.000,816,816
38765,F8_01_1_2_Chlorophyll_A_001_phosphate_plate5.tif,1,768.000,768,768
38766,F8_01_1_2_Chlorophyll_A_001_phosphate_plate5.tif,3,816.000,768,896
38767,F8_01_1_2_Chlorophyll_A_001_phosphate_plate5.tif,1,784.000,784,784
38768,F8_01_1_2_Chlorophyll_A_001_phosphate_plate5.tif,1,768.000,768,768
38769,F8_01_1_2_Chlorophyll_A_001_phosphate_plate5.tif,1,832.000,832,832
38770,F8_01_1_2_Chlorophyll_A_001_phosphate_plate5.tif,1,848.000,848,848
38771,F8_01_1_2_Chlorophyll_A_001_phosphate_plate5.tif,1,768.000,768,768
38772,F8_01_1_2_Chlorophyll_A_001_phosphate_plate5.tif,1,768.000,768,768
38773,F8_01_1_2_Chlorophyll_A_001_phosphate_plate5.tif,2,784.000,768,800
38774,F8_01_1_2_Chlorophyll_A_001_phosphate_plate5.tif,1,816.000,816,816
38775,F8_01_1_2_Chlorophyll_A_001_phosphate_plate5.tif,1,768.000,768,768
38776,F8_01_1_2_Chlorophyll_A_001_phosphate_plate5.tif,1,800.000,800,800
38777,F8_01_1_2_Chlorophyll_A_001_phosphate_plate5.tif,2,792.000,768,816
38778,F8_01_1_2_Chlorophyll_A_001_phosphate_plate5.tif,1,880.000,880,880
38779,F8_01_1_2_Chlorophyll_A_001_phosphate_plate5.tif,1,784.000,784,784
38780,F8_01_1_2_Chlorophyll_A_001_phosphate_plate5.tif,1,768.000,768,768
38781,F8_01_1_2_Chlorophyll_A_001_phosphate_plate5.tif,3,853.333,800,880
38782,F8_01_1_2_Chlorophyll_A_001_phosphate_plate5.tif,3,842.667,816,880
38783,F8_01_1_2_Chlorophyll_A_001_phosphate_plate5.tif,1,832.000,832,832
38784,F8_01_1_2_Chlorophyll_A_001_phosphate_plate5.tif,19,853.053,768,1008
38785,F8_01_1_2_Chlorophyll_A_001_phosphate_plate5.tif,1,784.000,784,784
38786,F8_01_1_2_Chlorophyll_A_001_phosphate_plate5.tif,1,832.000,832,832
38787,F8_01_1_2_Chlorophyll_A_001_phosphate_plate5.tif,48,1088.333,768,1392
38788,F8_01_1_2_Chlorophyll_A_001_phosphate_plate5.tif,496,1080.419,768,1536
38789,F8_01_1_2_Chlorophyll_A_001_phosphate_plate5.tif,170,1046.400,784,1536
38790,F8_01_1_2_Chlorophyll_A_001_phosphate_plate5.tif,53,971.774,768,1248
38791,F8_01_1_2_Chlorophyll_A_001_phosphate_plate5.tif,33,905.212,768,1152
38792,F8_01_1_2_Chlorophyll_A_001_phosphate_plate5.tif,69,879.768,768,1232
38793,F8_01_1_2_Chlorophyll_A_001_phosphate_plate5.tif,24,850.667,768,1040
38794,F8_01_1_2_Chlorophyll_A_001_phosphate_plate5.tif,3,848.000,800,896
38795,F8_01_1_2_Chlorophyll_A_001_phosphate_plate5.tif,16,844.000,768,976
38796,F8_01_1_2_Chlorophyll_A_001_phosphate_plate5.tif,1,800.000,800,800
38797,F8_01_1_2_Chlorophyll_A_001_phosphate_plate5.tif,1,816.000,816,816
38798,F8_01_1_2_Chlorophyll_A_001_phosphate_plate5.tif,2,896.000,880,912
38799,F8_01_1_2_Chlorophyll_A_001_phosphate_plate5.tif,104,3878.154,768,22464
38800,F8_01_1_2_Chlorophyll_A_001_phosphate_plate5.tif,1,864.000,864,864
38801,F8_01_1_2_Chlorophyll_A_001_phosphate_plate5.tif,1,816.000,816,816
38802,F8_01_1_2_Chlorophyll_A_001_phosphate_plate5.tif,2,776.000,768,784
38803,F8_01_1_2_Chlorophyll_A_001_phosphate_plate5.tif,1,832.000,832,832
38804,F8_01_1_2_Chlorophyll_A_001_phosphate_plate5.tif,1,832.000,832,832
38805,F8_01_1_2_Chlorophyll_A_001_phosphate_plate5.tif,3,970.667,832,1104
38806,F8_01_1_2_Chlorophyll_A_001_phosphate_plate5.tif,15,909.867,784,1040
38807,F8_01_1_2_Chlorophyll_A_001_phosphate_plate5.tif,116,878.759,768,1280
38808,F8_01_1_2_Chlorophyll_A_001_phosphate_plate5.tif,1,912.000,912,912
38809,F8_01_1_2_Chlorophyll_A_001_phosphate_plate5.tif,2,824.000,768,880
38810,F8_01_1_2_Chlorophyll_A_001_phosphate_plate5.tif,3,832.000,768,912
38811,F8_01_1_2_Chlorophyll_A_001_phosphate_plate5.tif,3,842.667,784,912
38812,F8_01_1_2_Chlorophyll_A_001_phosphate_plate5.tif,2,808.000,768,848
38813,F8_01_1_2_Chlorophyll_A_001_phosphate_plate5.tif,1,816.000,816,816
38814,F8_01_1_2_Chlorophyll_A_001_phosphate_plate5.tif,1,944.000,944,944
38815,F8_01_1_2_Chlorophyll_A_001_phosphate_plate5.tif,3,816.000,768,880
38816,F8_01_1_2_Chlorophyll_A_001_phosphate_plate5.tif,1,816.000,816,816
38817,F8_01_1_2_Chlorophyll_A_001_phosphate_plate5.tif,1,800.000,800,800
38818,F8_01_1_2_Chlorophyll_A_001_phosphate_plate5.tif,2,800.000,768,832
38819,F8_01_1_2_Chlorophyll_A_001_phosphate_plate5.tif,1,768.000,768,768
38820,F8_01_1_2_Chlorophyll_A_001_phosphate_plate5.tif,1,832.000,832,832
38821,F8_01_1_2_Chlorophyll_A_001_phosphate_plate5.tif,4,816.000,784,864
38822,F8_01_1_2_Chlorophyll_A_001_phosphate_plate5.tif,1,768.000,768,768
38823,F8_01_1_2_Chlorophyll_A_001_phosphate_plate5.tif,1,832.000,832,832
38824,F8_01_1_2_Chlorophyll_A_001_phosphate_plate5.tif,1,816.000,816,816
38825,F8_01_1_2_Chlorophyll_A_001_phosphate_plate5.tif,1,816.000,816,816
38826,F8_01_1_2_Chlorophyll_A_001_phosphate_plate5.tif,2,792.000,768,816
38827,F8_01_1_2_Chlorophyll_A_001_phosphate_plate5.tif,1,800.000,800,800
38828,F8_01_1_2_Chlorophyll_A_001_phosphate_plate5.tif,1,864.000,864,864
38829,F8_01_1_2_Chlorophyll_A_001_phosphate_plate5.tif,1,832.000,832,832
38830,F8_01_1_2_Chlorophyll_A_001_phosphate_plate5.tif,1,816.000,816,816
38831,F8_01_1_2_Chlorophyll_A_001_phosphate_plate5.tif,1,816.000,816,816
38832,F8_01_1_2_Chlorophyll_A_001_phosphate_plate5.tif,6,842.667,784,880
38833,F8_01_1_2_Chlorophyll_A_001_phosphate_plate5.tif,1,768.000,768,768
38834,F8_01_1_2_Chlorophyll_A_001_phosphate_plate5.tif,1,784.000,784,784
38835,F8_01_1_2_Chlorophyll_A_001_phosphate_plate5.tif,1,912.000,912,912
38836,F8_01_1_2_Chlorophyll_A_001_phosphate_plate5.tif,3,890.667,800,1040
38837,F8_01_1_2_Chlorophyll_A_001_phosphate_plate5.tif,1,944.000,944,944
38838,F8_01_1_2_Chlorophyll_A_001_phosphate_plate5.tif,86,918.140,768,1248
38839,F8_01_1_2_Chlorophyll_A_001_phosphate_plate5.tif,17,911.059,768,1120
38840,F8_01_1_2_Chlorophyll_A_001_phosphate_plate5.tif,13,875.077,768,1104
38841,F8_01_1_2_Chlorophyll_A_001_phosphate_plate5.tif,12,865.333,800,992
38842,F8_01_1_2_Chlorophyll_A_001_phosphate_plate5.tif,1,832.000,832,832
38843,F8_01_1_2_Chlorophyll_A_001_phosphate_plate5.tif,2,856.000,800,912
38844,F8_01_1_2_Chlorophyll_A_001_phosphate_plate5.tif,2,792.000,768,816
38845,F8_01_1_2_Chlorophyll_A_001_phosphate_plate5.tif,1,800.000,800,800
38846,F8_01_1_2_Chlorophyll_A_001_phosphate_plate5.tif,2,824.000,784,864
38847,F8_01_1_2_Chlorophyll_A_001_phosphate_plate5.tif,1,800.000,800,800
38848,F8_01_1_2_Chlorophyll_A_001_phosphate_plate5.tif,1,816.000,816,816
38849,F8_01_1_2_Chlorophyll_A_001_phosphate_plate5.tif,64,1909.500,768,6896
38850,F8_01_1_2_Chlorophyll_A_001_phosphate_plate5.tif,1,816.000,816,816
38851,F8_01_1_2_Chlorophyll_A_001_phosphate_plate5.tif,1,800.000,800,800
38852,F8_01_1_2_Chlorophyll_A_001_phosphate_plate5.tif,1,768.000,768,768
38853,F8_01_1_2_Chlorophyll_A_001_phosphate_plate5.tif,2,776.000,768,784
38854,F8_01_1_2_Chlorophyll_A_001_phosphate_plate5.tif,1,928.000,928,928
38855,F8_01_1_2_Chlorophyll_A_001_phosphate_plate5.tif,1,848.000,848,848
38856,F8_01_1_2_Chlorophyll_A_001_phosphate_plate5.tif,1,768.000,768,768
38857,F8_01_1_2_Chlorophyll_A_001_phosphate_plate5.tif,1,768.000,768,768
38858,F8_01_1_2_Chlorophyll_A_001_phosphate_plate5.tif,2,816.000,784,848
38859,F8_01_1_2_Chlorophyll_A_001_phosphate_plate5.tif,1,880.000,880,880
38860,F8_01_1_2_Chlorophyll_A_001_phosphate_plate5.tif,1,800.000,800,800
38861,F8_01_1_2_Chlorophyll_A_001_phosphate_plate5.tif,72,921.556,768,1200
38862,F8_01_1_2_Chlorophyll_A_001_phosphate_plate5.tif,145,871.283,768,1200
38863,F8_01_1_2_Chlorophyll_A_001_phosphate_plate5.tif,12,870.667,768,976
38864,F8_01_1_2_Chlorophyll_A_001_phosphate_plate5.tif,1,944.000,944,944
38865,F8_01_1_2_Chlorophyll_A_001_phosphate_plate5.tif,15,861.867,768,1152
38866,F8_01_1_2_Chlorophyll_A_001_phosphate_plate5.tif,1,784.000,784,784
38867,F8_01_1_2_Chlorophyll_A_001_phosphate_plate5.tif,1,832.000,832,832
38868,F8_01_1_2_Chlorophyll_A_001_phosphate_plate5.tif,3,832.000,800,848
38869,F8_01_1_2_Chlorophyll_A_001_phosphate_plate5.tif,1,864.000,864,864
38870,F8_01_1_2_Chlorophyll_A_001_phosphate_plate5.tif,5,854.400,768,1040
38871,F8_01_1_2_Chlorophyll_A_001_phosphate_plate5.tif,1,768.000,768,768
38872,F8_01_1_2_Chlorophyll_A_001_phosphate_plate5.tif,1,896.000,896,896
38873,F8_01_1_2_Chlorophyll_A_001_phosphate_plate5.tif,2,768.000,768,768
38874,F8_01_1_2_Chlorophyll_A_001_phosphate_plate5.tif,1,816.000,816,816
38875,F8_01_1_2_Chlorophyll_A_001_phosphate_plate5.tif,1,768.000,768,768
38876,F8_01_1_2_Chlorophyll_A_001_phosphate_plate5.tif,3,848.000,784,912
38877,F8_01_1_2_Chlorophyll_A_001_phosphate_plate5.tif,1,768.000,768,768
38878,F8_01_1_2_Chlorophyll_A_001_phosphate_plate5.tif,1,784.000,784,784
38879,F8_01_1_2_Chlorophyll_A_001_phosphate_plate5.tif,1,768.000,768,768
38880,F8_01_1_2_Chlorophyll_A_001_phosphate_plate5.tif,1,768.000,768,768
38881,F8_01_1_2_Chlorophyll_A_001_phosphate_plate5.tif,1,768.000,768,768
38882,F8_01_1_2_Chlorophyll_A_001_phosphate_plate5.tif,3,853.333,768,992
38883,F8_01_1_2_Chlorophyll_A_001_phosphate_plate5.tif,1,800.000,800,800
38884,F8_01_1_2_Chlorophyll_A_001_phosphate_plate5.tif,2,912.000,880,944
38885,F8_01_1_2_Chlorophyll_A_001_phosphate_plate5.tif,2,864.000,816,912
38886,F8_01_1_2_Chlorophyll_A_001_phosphate_plate5.tif,2,864.000,848,880
38887,F8_01_1_2_Chlorophyll_A_001_phosphate_plate5.tif,32,957.500,768,1200
38888,F8_01_1_2_Chlorophyll_A_001_phosphate_plate5.tif,60,950.667,768,1264
38889,F8_01_1_2_Chlorophyll_A_001_phosphate_plate5.tif,27,903.111,768,1264
38890,F8_01_1_2_Chlorophyll_A_001_phosphate_plate5.tif,8,824.000,768,928
38891,F8_01_1_2_Chlorophyll_A_001_phosphate_plate5.tif,2,816.000,800,832
38892,F8_01_1_2_Chlorophyll_A_001_phosphate_plate5.tif,1,800.000,800,800
38893,F8_01_1_2_Chlorophyll_A_001_phosphate_plate5.tif,2,800.000,768,832
38894,F8_01_1_2_Chlorophyll_A_001_phosphate_plate5.tif,1,784.000,784,784
38895,F8_01_1_2_Chlorophyll_A_001_phosphate_plate5.tif,1,896.000,896,896
38896,F8_01_1_2_Chlorophyll_A_001_phosphate_plate5.tif,1,816.000,816,816
38897,F8_01_1_2_Chlorophyll_A_001_phosphate_plate5.tif,3,794.667,768,832
38898,F8_01_1_2_Chlorophyll_A_001_phosphate_plate5.tif,3,826.667,816,848
38899,F8_01_1_2_Chlorophyll_A_001_phosphate_plate5.tif,1,832.000,832,832
38900,F8_01_1_2_Chlorophyll_A_001_phosphate_plate5.tif,2,888.000,800,976
38901,F8_01_1_2_Chlorophyll_A_001_phosphate_plate5.tif,2,816.000,816,816
38902,F8_01_1_2_Chlorophyll_A_001_phosphate_plate5.tif,1,912.000,912,912
38903,F8_01_1_2_Chlorophyll_A_001_phosphate_plate5.tif,1,832.000,832,832
38904,F8_01_1_2_Chlorophyll_A_001_phosphate_plate5.tif,1,848.000,848,848
38905,F8_01_1_2_Chlorophyll_A_001_phosphate_plate5.tif,1,768.000,768,768
38906,F8_01_1_2_Chlorophyll_A_001_phosphate_plate5.tif,1,800.000,800,800
38907,F8_01_1_2_Chlorophyll_A_001_phosphate_plate5.tif,1,1008.000,1008,1008
38908,F8_01_1_2_Chlorophyll_A_001_phosphate_plate5.tif,1,864.000,864,864
38909,F8_01_1_2_Chlorophyll_A_001_phosphate_plate5.tif,1,816.000,816,816
38910,F8_01_1_2_Chlorophyll_A_001_phosphate_plate5.tif,2,792.000,784,800
38911,F8_01_1_2_Chlorophyll_A_001_phosphate_plate5.tif,4,848.000,816,896
38912,F8_01_1_2_Chlorophyll_A_001_phosphate_plate5.tif,6,824.000,768,880
38913,F8_01_1_2_Chlorophyll_A_001_phosphate_plate5.tif,4,856.000,768,928
38914,F8_01_1_2_Chlorophyll_A_001_phosphate_plate5.tif,1,992.000,992,992
38915,F8_01_1_2_Chlorophyll_A_001_phosphate_plate5.tif,1,800.000,800,800
38916,F8_01_1_2_Chlorophyll_A_001_phosphate_plate5.tif,1,800.000,800,800
38917,F8_01_1_2_Chlorophyll_A_001_phosphate_plate5.tif,3,821.333,768,864
38918,F8_01_1_2_Chlorophyll_A_001_phosphate_plate5.tif,1,800.000,800,800
38919,F8_01_1_2_Chlorophyll_A_001_phosphate_plate5.tif,1,816.000,816,816
38920,F8_01_1_2_Chlorophyll_A_001_phosphate_plate5.tif,4,820.000,768,944
38921,F8_01_1_2_Chlorophyll_A_001_phosphate_plate5.tif,1,928.000,928,928
38922,F8_01_1_2_Chlorophyll_A_001_phosphate_plate5.tif,1,816.000,816,816
38923,F8_01_1_2_Chlorophyll_A_001_phosphate_plate5.tif,1,784.000,784,784
38924,F8_01_1_2_Chlorophyll_A_001_phosphate_plate5.tif,1,848.000,848,848
38925,F8_01_1_2_Chlorophyll_A_001_phosphate_plate5.tif,1,784.000,784,784
38926,F8_01_1_2_Chlorophyll_A_001_phosphate_plate5.tif,2,784.000,784,784
38927,F8_01_1_2_Chlorophyll_A_001_phosphate_plate5.tif,1,864.000,864,864
38928,F8_01_1_2_Chlorophyll_A_001_phosphate_plate5.tif,1,816.000,816,816
38929,F8_01_1_2_Chlorophyll_A_001_phosphate_plate5.tif,1,848.000,848,848
38930,F8_01_1_2_Chlorophyll_A_001_phosphate_plate5.tif,1,832.000,832,832
38931,F8_01_1_2_Chlorophyll_A_001_phosphate_plate5.tif,2,848.000,784,912
38932,F8_01_1_2_Chlorophyll_A_001_phosphate_plate5.tif,1,816.000,816,816
38933,F8_01_1_2_Chlorophyll_A_001_phosphate_plate5.tif,1,816.000,816,816
38934,F8_01_1_2_Chlorophyll_A_001_phosphate_plate5.tif,1,800.000,800,800
38935,F8_01_1_2_Chlorophyll_A_001_phosphate_plate5.tif,1,800.000,800,800
38936,F8_01_1_2_Chlorophyll_A_001_phosphate_plate5.tif,1,784.000,784,784
38937,F8_01_1_2_Chlorophyll_A_001_phosphate_plate5.tif,1,928.000,928,928
38938,F8_01_1_2_Chlorophyll_A_001_phosphate_plate5.tif,1,816.000,816,816
38939,F8_01_1_2_Chlorophyll_A_001_phosphate_plate5.tif,1,768.000,768,768
38940,F8_01_1_2_Chlorophyll_A_001_phosphate_plate5.tif,1,784.000,784,784
38941,F8_01_1_2_Chlorophyll_A_001_phosphate_plate5.tif,1,832.000,832,832
38942,F8_01_1_2_Chlorophyll_A_001_phosphate_plate5.tif,1,832.000,832,832
38943,F8_01_1_2_Chlorophyll_A_001_phosphate_plate5.tif,1,816.000,816,816
38944,F8_01_1_2_Chlorophyll_A_001_phosphate_plate5.tif,1,832.000,832,832
38945,F8_01_1_2_Chlorophyll_A_001_phosphate_plate5.tif,1,816.000,816,816
38946,F8_01_1_2_Chlorophyll_A_001_phosphate_plate5.tif,89,1079.191,800,1472
38947,F8_01_1_2_Chlorophyll_A_001_phosphate_plate5.tif,39,1017.026,768,1488
38948,F8_01_1_2_Chlorophyll_A_001_phosphate_plate5.tif,9,949.333,784,1264
38949,F8_01_1_2_Chlorophyll_A_001_phosphate_plate5.tif,4,824.000,768,896
38950,F8_01_1_2_Chlorophyll_A_001_phosphate_plate5.tif,8,840.000,768,928
38951,F8_01_1_2_Chlorophyll_A_001_phosphate_plate5.tif,1,768.000,768,768
38952,F8_01_1_2_Chlorophyll_A_001_phosphate_plate5.tif,1,768.000,768,768
38953,F8_01_1_2_Chlorophyll_A_001_phosphate_plate5.tif,1,832.000,832,832
38954,F8_01_1_2_Chlorophyll_A_001_phosphate_plate5.tif,1,896.000,896,896
38955,F8_01_1_2_Chlorophyll_A_001_phosphate_plate5.tif,1,928.000,928,928
38956,F8_01_1_2_Chlorophyll_A_001_phosphate_plate5.tif,2,768.000,768,768
38957,F8_01_1_2_Chlorophyll_A_001_phosphate_plate5.tif,1,784.000,784,784
38958,F8_01_1_2_Chlorophyll_A_001_phosphate_plate5.tif,1,784.000,784,784
38959,F8_01_1_2_Chlorophyll_A_001_phosphate_plate5.tif,2,792.000,768,816
38960,F8_01_1_2_Chlorophyll_A_001_phosphate_plate5.tif,1,848.000,848,848
38961,F8_01_1_2_Chlorophyll_A_001_phosphate_plate5.tif,1,832.000,832,832
38962,F8_01_1_2_Chlorophyll_A_001_phosphate_plate5.tif,2,856.000,768,944
38963,F8_01_1_2_Chlorophyll_A_001_phosphate_plate5.tif,2,864.000,864,864
38964,F8_01_1_2_Chlorophyll_A_001_phosphate_plate5.tif,1,784.000,784,784
38965,F8_01_1_2_Chlorophyll_A_001_phosphate_plate5.tif,4,856.000,832,896
38966,F8_01_1_2_Chlorophyll_A_001_phosphate_plate5.tif,29,928.552,784,1200
38967,F8_01_1_2_Chlorophyll_A_001_phosphate_plate5.tif,1,928.000,928,928
38968,F8_01_1_2_Chlorophyll_A_001_phosphate_plate5.tif,2,864.000,816,912
38969,F8_01_1_2_Chlorophyll_A_001_phosphate_plate5.tif,3,805.333,800,816
38970,F8_01_1_2_Chlorophyll_A_001_phosphate_plate5.tif,1,800.000,800,800
38971,F8_01_1_2_Chlorophyll_A_001_phosphate_plate5.tif,1,832.000,832,832
38972,F8_01_1_2_Chlorophyll_A_001_phosphate_plate5.tif,1,784.000,784,784
38973,F8_01_1_2_Chlorophyll_A_001_phosphate_plate5.tif,1,832.000,832,832
38974,F8_01_1_2_Chlorophyll_A_001_phosphate_plate5.tif,1,816.000,816,816
38975,F8_01_1_2_Chlorophyll_A_001_phosphate_plate5.tif,1,784.000,784,784
38976,F8_01_1_2_Chlorophyll_A_001_phosphate_plate5.tif,1,848.000,848,848
38977,F8_01_1_2_Chlorophyll_A_001_phosphate_plate5.tif,1,784.000,784,784
38978,F8_01_1_2_Chlorophyll_A_001_phosphate_plate5.tif,2,864.000,832,896
38979,F8_01_1_2_Chlorophyll_A_001_phosphate_plate5.tif,3,810.667,768,880
38980,F8_01_1_2_Chlorophyll_A_001_phosphate_plate5.tif,1,800.000,800,800
38981,F8_01_1_2_Chlorophyll_A_001_phosphate_plate5.tif,1,864.000,864,864
38982,F8_01_1_2_Chlorophyll_A_001_phosphate_plate5.tif,2,776.000,768,784
38983,F8_01_1_2_Chlorophyll_A_001_phosphate_plate5.tif,2,808.000,800,816
38984,F8_01_1_2_Chlorophyll_A_001_phosphate_plate5.tif,3,842.667,784,960
38985,F8_01_1_2_Chlorophyll_A_001_phosphate_plate5.tif,1,896.000,896,896
38986,F8_01_1_2_Chlorophyll_A_001_phosphate_plate5.tif,8,854.000,768,1104
38987,F8_01_1_2_Chlorophyll_A_001_phosphate_plate5.tif,2,856.000,768,944
38988,F8_01_1_2_Chlorophyll_A_001_phosphate_plate5.tif,4,816.000,768,880
38989,F8_01_1_2_Chlorophyll_A_001_phosphate_plate5.tif,19,965.053,800,1104
38990,F8_01_1_2_Chlorophyll_A_001_phosphate_plate5.tif,1,864.000,864,864
38991,F8_01_1_2_Chlorophyll_A_001_phosphate_plate5.tif,18,863.111,768,992
38992,F8_01_1_2_Chlorophyll_A_001_phosphate_plate5.tif,1,1008.000,1008,1008
38993,F8_01_1_2_Chlorophyll_A_001_phosphate_plate5.tif,1,928.000,928,928
38994,F8_01_1_2_Chlorophyll_A_001_phosphate_plate5.tif,2,840.000,832,848
38995,F8_01_1_2_Chlorophyll_A_001_phosphate_plate5.tif,2,856.000,816,896
38996,F8_01_1_2_Chlorophyll_A_001_phosphate_plate5.tif,1,896.000,896,896
38997,F8_01_1_2_Chlorophyll_A_001_phosphate_plate5.tif,1,768.000,768,768
38998,F8_01_1_2_Chlorophyll_A_001_phosphate_plate5.tif,1,848.000,848,848
38999,F8_01_1_2_Chlorophyll_A_001_phosphate_plate5.tif,4,880.000,832,992
39000,F8_01_1_2_Chlorophyll_A_001_phosphate_plate5.tif,1,832.000,832,832
39001,F8_01_1_2_Chlorophyll_A_001_phosphate_plate5.tif,2,808.000,800,816
39002,F8_01_1_2_Chlorophyll_A_001_phosphate_plate5.tif,1,816.000,816,816
39003,F8_01_1_2_Chlorophyll_A_001_phosphate_plate5.tif,1,800.000,800,800
39004,F8_01_1_2_Chlorophyll_A_001_phosphate_plate5.tif,1,784.000,784,784
39005,F8_01_1_2_Chlorophyll_A_001_phosphate_plate5.tif,1,864.000,864,864
39006,F8_01_1_2_Chlorophyll_A_001_phosphate_plate5.tif,1,800.000,800,800
39007,F8_01_1_2_Chlorophyll_A_001_phosphate_plate5.tif,1,800.000,800,800
39008,F8_01_1_2_Chlorophyll_A_001_phosphate_plate5.tif,1,784.000,784,784
39009,F8_01_1_2_Chlorophyll_A_001_phosphate_plate5.tif,1,864.000,864,864
39010,F8_01_1_2_Chlorophyll_A_001_phosphate_plate5.tif,1,768.000,768,768
39011,F8_01_1_2_Chlorophyll_A_001_phosphate_plate5.tif,1,768.000,768,768
39012,F8_01_1_2_Chlorophyll_A_001_phosphate_plate5.tif,2,792.000,768,816
39013,F8_01_1_2_Chlorophyll_A_001_phosphate_plate5.tif,1,816.000,816,816
39014,F8_01_1_2_Chlorophyll_A_001_phosphate_plate5.tif,3,821.333,768,880
39015,F8_01_1_2_Chlorophyll_A_001_phosphate_plate5.tif,2,792.000,768,816
39016,F8_01_1_2_Chlorophyll_A_001_phosphate_plate5.tif,4,808.000,784,848
39017,F8_01_1_2_Chlorophyll_A_001_phosphate_plate5.tif,1,896.000,896,896
39018,F8_01_1_2_Chlorophyll_A_001_phosphate_plate5.tif,2,904.000,864,944
39019,F8_01_1_2_Chlorophyll_A_001_phosphate_plate5.tif,2,784.000,784,784
39020,F8_01_1_2_Chlorophyll_A_001_phosphate_plate5.tif,3,832.000,832,832
39021,F8_01_1_2_Chlorophyll_A_001_phosphate_plate5.tif,19,884.211,784,1056
39022,F8_01_1_2_Chlorophyll_A_001_phosphate_plate5.tif,33,873.212,768,1072
39023,F8_01_1_2_Chlorophyll_A_001_phosphate_plate5.tif,5,928.000,800,1120
39024,F8_01_1_2_Chlorophyll_A_001_phosphate_plate5.tif,1,768.000,768,768
39025,F8_01_1_2_Chlorophyll_A_001_phosphate_plate5.tif,2,792.000,768,816
39026,F8_01_1_2_Chlorophyll_A_001_phosphate_plate5.tif,2,832.000,832,832
39027,F8_01_1_2_Chlorophyll_A_001_phosphate_plate5.tif,3,842.667,784,880
39028,F8_01_1_2_Chlorophyll_A_001_phosphate_plate5.tif,2,864.000,816,912
39029,F8_01_1_2_Chlorophyll_A_001_phosphate_plate5.tif,1,800.000,800,800
39030,F8_01_1_2_Chlorophyll_A_001_phosphate_plate5.tif,4,812.000,768,944
39031,F8_01_1_2_Chlorophyll_A_001_phosphate_plate5.tif,1,816.000,816,816
39032,F8_01_1_2_Chlorophyll_A_001_phosphate_plate5.tif,1,768.000,768,768
39033,F8_01_1_2_Chlorophyll_A_001_phosphate_plate5.tif,1,816.000,816,816
39034,F8_01_1_2_Chlorophyll_A_001_phosphate_plate5.tif,1,768.000,768,768
39035,F8_01_1_2_Chlorophyll_A_001_phosphate_plate5.tif,1,784.000,784,784
39036,F8_01_1_2_Chlorophyll_A_001_phosphate_plate5.tif,1,928.000,928,928
39037,F8_01_1_2_Chlorophyll_A_001_phosphate_plate5.tif,1,800.000,800,800
39038,F8_01_1_2_Chlorophyll_A_001_phosphate_plate5.tif,1,816.000,816,816
39039,F8_01_1_2_Chlorophyll_A_001_phosphate_plate5.tif,1,832.000,832,832
39040,F8_01_1_2_Chlorophyll_A_001_phosphate_plate5.tif,1,816.000,816,816
39041,F8_01_1_2_Chlorophyll_A_001_phosphate_plate5.tif,2,800.000,784,816
39042,F8_01_1_2_Chlorophyll_A_001_phosphate_plate5.tif,1,768.000,768,768
39043,F8_01_1_2_Chlorophyll_A_001_phosphate_plate5.tif,1,800.000,800,800
39044,F8_01_1_2_Chlorophyll_A_001_phosphate_plate5.tif,2,800.000,800,800
39045,F8_01_1_2_Chlorophyll_A_001_phosphate_plate5.tif,1,800.000,800,800
39046,F8_01_1_2_Chlorophyll_A_001_phosphate_plate5.tif,1,800.000,800,800
39047,F8_01_1_2_Chlorophyll_A_001_phosphate_plate5.tif,2,784.000,768,800
39048,F8_01_1_2_Chlorophyll_A_001_phosphate_plate5.tif,1,976.000,976,976
39049,F8_01_1_2_Chlorophyll_A_001_phosphate_plate5.tif,2,968.000,912,1024
39050,F8_01_1_2_Chlorophyll_A_001_phosphate_plate5.tif,26,930.462,768,1232
39051,F8_01_1_2_Chlorophyll_A_001_phosphate_plate5.tif,2,864.000,816,912
39052,F8_01_1_2_Chlorophyll_A_001_phosphate_plate5.tif,2,848.000,768,928
39053,F8_01_1_2_Chlorophyll_A_001_phosphate_plate5.tif,1,816.000,816,816
39054,F8_01_1_2_Chlorophyll_A_001_phosphate_plate5.tif,1,832.000,832,832
39055,F8_01_1_2_Chlorophyll_A_001_phosphate_plate5.tif,2,920.000,880,960
39056,F8_01_1_2_Chlorophyll_A_001_phosphate_plate5.tif,1,800.000,800,800
39057,F8_01_1_2_Chlorophyll_A_001_phosphate_plate5.tif,2,784.000,768,800
39058,F8_01_1_2_Chlorophyll_A_001_phosphate_plate5.tif,2,784.000,784,784
39059,F8_01_1_2_Chlorophyll_A_001_phosphate_plate5.tif,1,784.000,784,784
39060,F8_01_1_2_Chlorophyll_A_001_phosphate_plate5.tif,1,816.000,816,816
39061,F8_01_1_2_Chlorophyll_A_001_phosphate_plate5.tif,1,768.000,768,768
39062,F8_01_1_2_Chlorophyll_A_001_phosphate_plate5.tif,4,796.000,768,816
39063,F8_01_1_2_Chlorophyll_A_001_phosphate_plate5.tif,2,848.000,768,928
39064,F8_01_1_2_Chlorophyll_A_001_phosphate_plate5.tif,2,808.000,784,832
39065,F8_01_1_2_Chlorophyll_A_001_phosphate_plate5.tif,3,842.667,768,928
39066,F8_01_1_2_Chlorophyll_A_001_phosphate_plate5.tif,1,832.000,832,832
39067,F8_01_1_2_Chlorophyll_A_001_phosphate_plate5.tif,1,800.000,800,800
39068,F8_01_1_2_Chlorophyll_A_001_phosphate_plate5.tif,1,976.000,976,976
39069,F8_01_1_2_Chlorophyll_A_001_phosphate_plate5.tif,1,832.000,832,832
39070,F8_01_1_2_Chlorophyll_A_001_phosphate_plate5.tif,1,768.000,768,768
39071,F8_01_1_2_Chlorophyll_A_001_phosphate_plate5.tif,1,768.000,768,768
39072,F8_01_1_2_Chlorophyll_A_001_phosphate_plate5.tif,1,768.000,768,768
39073,F8_01_1_2_Chlorophyll_A_001_phosphate_plate5.tif,1,800.000,800,800
39074,F8_01_1_2_Chlorophyll_A_001_phosphate_plate5.tif,1,816.000,816,816
39075,F8_01_1_2_Chlorophyll_A_001_phosphate_plate5.tif,1,784.000,784,784
39076,F8_01_1_2_Chlorophyll_A_001_phosphate_plate5.tif,1,832.000,832,832
39077,F8_01_1_2_Chlorophyll_A_001_phosphate_plate5.tif,5,841.600,784,928
39078,F8_01_1_2_Chlorophyll_A_001_phosphate_plate5.tif,1,928.000,928,928
39079,F8_01_1_2_Chlorophyll_A_001_phosphate_plate5.tif,1,816.000,816,816
39080,F8_01_1_2_Chlorophyll_A_001_phosphate_plate5.tif,3,816.000,784,864
39081,F8_01_1_2_Chlorophyll_A_001_phosphate_plate5.tif,166,2406.651,768,12288
39082,F8_01_1_2_Chlorophyll_A_001_phosphate_plate5.tif,1,848.000,848,848
39083,F8_01_1_2_Chlorophyll_A_001_phosphate_plate5.tif,2,952.000,912,992
39084,F8_01_1_2_Chlorophyll_A_001_phosphate_plate5.tif,45,879.644,768,1168
39085,F8_01_1_2_Chlorophyll_A_001_phosphate_plate5.tif,68,894.353,768,1360
39086,F8_01_1_2_Chlorophyll_A_001_phosphate_plate5.tif,1,800.000,800,800
39087,F8_01_1_2_Chlorophyll_A_001_phosphate_plate5.tif,1,1024.000,1024,1024
39088,F8_01_1_2_Chlorophyll_A_001_phosphate_plate5.tif,1,960.000,960,960
39089,F8_01_1_2_Chlorophyll_A_001_phosphate_plate5.tif,5,806.400,784,848
39090,F8_01_1_2_Chlorophyll_A_001_phosphate_plate5.tif,1,896.000,896,896
39091,F8_01_1_2_Chlorophyll_A_001_phosphate_plate5.tif,1,896.000,896,896
39092,F8_01_1_2_Chlorophyll_A_001_phosphate_plate5.tif,1,800.000,800,800
39093,F8_01_1_2_Chlorophyll_A_001_phosphate_plate5.tif,1,912.000,912,912
39094,F8_01_1_2_Chlorophyll_A_001_phosphate_plate5.tif,1,784.000,784,784
39095,F8_01_1_2_Chlorophyll_A_001_phosphate_plate5.tif,1,960.000,960,960
39096,F8_01_1_2_Chlorophyll_A_001_phosphate_plate5.tif,1,832.000,832,832
39097,F8_01_1_2_Chlorophyll_A_001_phosphate_plate5.tif,1,768.000,768,768
39098,F8_01_1_2_Chlorophyll_A_001_phosphate_plate5.tif,3,794.667,768,832
39099,F8_01_1_2_Chlorophyll_A_001_phosphate_plate5.tif,1,784.000,784,784
39100,F8_01_1_2_Chlorophyll_A_001_phosphate_plate5.tif,1,784.000,784,784
39101,F8_01_1_2_Chlorophyll_A_001_phosphate_plate5.tif,1,768.000,768,768
39102,F8_01_1_2_Chlorophyll_A_001_phosphate_plate5.tif,1,816.000,816,816
39103,F8_01_1_2_Chlorophyll_A_001_phosphate_plate5.tif,1,832.000,832,832
39104,F8_01_1_2_Chlorophyll_A_001_phosphate_plate5.tif,1,896.000,896,896
39105,F8_01_1_2_Chlorophyll_A_001_phosphate_plate5.tif,1,848.000,848,848
39106,F8_01_1_2_Chlorophyll_A_001_phosphate_plate5.tif,2,808.000,800,816
39107,F8_01_1_2_Chlorophyll_A_001_phosphate_plate5.tif,1,768.000,768,768
39108,F8_01_1_2_Chlorophyll_A_001_phosphate_plate5.tif,1,816.000,816,816
39109,F8_01_1_2_Chlorophyll_A_001_phosphate_plate5.tif,1,848.000,848,848
39110,F8_01_1_2_Chlorophyll_A_001_phosphate_plate5.tif,1,864.000,864,864
39111,F8_01_1_2_Chlorophyll_A_001_phosphate_plate5.tif,1,800.000,800,800
39112,F8_01_1_2_Chlorophyll_A_001_phosphate_plate5.tif,1,768.000,768,768
39113,F8_01_1_2_Chlorophyll_A_001_phosphate_plate5.tif,1,784.000,784,784
39114,F8_01_1_2_Chlorophyll_A_001_phosphate_plate5.tif,1,784.000,784,784
39115,F8_01_1_2_Chlorophyll_A_001_phosphate_plate5.tif,4,852.000,784,960
39116,F8_01_1_2_Chlorophyll_A_001_phosphate_plate5.tif,3,938.667,848,1024
39117,F8_01_1_2_Chlorophyll_A_001_phosphate_plate5.tif,3,880.000,816,912
39118,F8_01_1_2_Chlorophyll_A_001_phosphate_plate5.tif,1,896.000,896,896
39119,F8_01_1_2_Chlorophyll_A_001_phosphate_plate5.tif,6,821.333,768,960
39120,F8_01_1_2_Chlorophyll_A_001_phosphate_plate5.tif,64,1072.250,800,1360
39121,F8_01_1_2_Chlorophyll_A_001_phosphate_plate5.tif,44,950.182,768,1328
39122,F8_01_1_2_Chlorophyll_A_001_phosphate_plate5.tif,58,956.966,768,1312
39123,F8_01_1_2_Chlorophyll_A_001_phosphate_plate5.tif,53,953.057,768,1296
39124,F8_01_1_2_Chlorophyll_A_001_phosphate_plate5.tif,19,840.421,768,1088
39125,F8_01_1_2_Chlorophyll_A_001_phosphate_plate5.tif,3,789.333,768,816
39126,F8_01_1_2_Chlorophyll_A_001_phosphate_plate5.tif,1,832.000,832,832
39127,F8_01_1_2_Chlorophyll_A_001_phosphate_plate5.tif,2,928.000,912,944
39128,F8_01_1_2_Chlorophyll_A_001_phosphate_plate5.tif,1,784.000,784,784
39129,F8_01_1_2_Chlorophyll_A_001_phosphate_plate5.tif,1,912.000,912,912
39130,F8_01_1_2_Chlorophyll_A_001_phosphate_plate5.tif,1,944.000,944,944
39131,F8_01_1_2_Chlorophyll_A_001_phosphate_plate5.tif,2,776.000,768,784
39132,F8_01_1_2_Chlorophyll_A_001_phosphate_plate5.tif,1,784.000,784,784
39133,F8_01_1_2_Chlorophyll_A_001_phosphate_plate5.tif,91,3349.275,768,15184
39134,F8_01_1_2_Chlorophyll_A_001_phosphate_plate5.tif,1,896.000,896,896
39135,F8_01_1_2_Chlorophyll_A_001_phosphate_plate5.tif,1,816.000,816,816
39136,F8_01_1_2_Chlorophyll_A_001_phosphate_plate5.tif,2,792.000,784,800
39137,F8_01_1_2_Chlorophyll_A_001_phosphate_plate5.tif,1,912.000,912,912
39138,F8_01_1_2_Chlorophyll_A_001_phosphate_plate5.tif,3,874.667,784,928
39139,F8_01_1_2_Chlorophyll_A_001_phosphate_plate5.tif,40,999.200,768,1232
39140,F8_01_1_2_Chlorophyll_A_001_phosphate_plate5.tif,16,883.000,768,1136
39141,F8_01_1_2_Chlorophyll_A_001_phosphate_plate5.tif,1,1040.000,1040,1040
39142,F8_01_1_2_Chlorophyll_A_001_phosphate_plate5.tif,1,816.000,816,816
39143,F8_01_1_2_Chlorophyll_A_001_phosphate_plate5.tif,3,853.333,768,1024
39144,F8_01_1_2_Chlorophyll_A_001_phosphate_plate5.tif,1,816.000,816,816
39145,F8_01_1_2_Chlorophyll_A_001_phosphate_plate5.tif,6,869.333,768,960
39146,F8_01_1_2_Chlorophyll_A_001_phosphate_plate5.tif,9,848.000,784,960
39147,F8_01_1_2_Chlorophyll_A_001_phosphate_plate5.tif,1,848.000,848,848
39148,F8_01_1_2_Chlorophyll_A_001_phosphate_plate5.tif,2,832.000,816,848
39149,F8_01_1_2_Chlorophyll_A_001_phosphate_plate5.tif,1,832.000,832,832
39150,F8_01_1_2_Chlorophyll_A_001_phosphate_plate5.tif,3,826.667,784,864
39151,F8_01_1_2_Chlorophyll_A_001_phosphate_plate5.tif,1,800.000,800,800
39152,F8_01_1_2_Chlorophyll_A_001_phosphate_plate5.tif,1,768.000,768,768
39153,F8_01_1_2_Chlorophyll_A_001_phosphate_plate5.tif,2,792.000,784,800
39154,F8_01_1_2_Chlorophyll_A_001_phosphate_plate5.tif,132,3106.545,768,17136
39155,F8_01_1_2_Chlorophyll_A_001_phosphate_plate5.tif,1,864.000,864,864
39156,F8_01_1_2_Chlorophyll_A_001_phosphate_plate5.tif,1,864.000,864,864
39157,F8_01_1_2_Chlorophyll_A_001_phosphate_plate5.tif,1,800.000,800,800
39158,F8_01_1_2_Chlorophyll_A_001_phosphate_plate5.tif,6,837.333,784,864
39159,F8_01_1_2_Chlorophyll_A_001_phosphate_plate5.tif,1,848.000,848,848
39160,F8_01_1_2_Chlorophyll_A_001_phosphate_plate5.tif,1,816.000,816,816
39161,F8_01_1_2_Chlorophyll_A_001_phosphate_plate5.tif,1,912.000,912,912
39162,F8_01_1_2_Chlorophyll_A_001_phosphate_plate5.tif,1,768.000,768,768
39163,F8_01_1_2_Chlorophyll_A_001_phosphate_plate5.tif,1,784.000,784,784
39164,F8_01_1_2_Chlorophyll_A_001_phosphate_plate5.tif,3,794.667,768,816
39165,F8_01_1_2_Chlorophyll_A_001_phosphate_plate5.tif,1,800.000,800,800
39166,F8_01_1_2_Chlorophyll_A_001_phosphate_plate5.tif,1,848.000,848,848
39167,F8_01_1_2_Chlorophyll_A_001_phosphate_plate5.tif,2,864.000,832,896
39168,F8_01_1_2_Chlorophyll_A_001_phosphate_plate5.tif,1,896.000,896,896
39169,F8_01_1_2_Chlorophyll_A_001_phosphate_plate5.tif,2,928.000,768,1088
39170,F8_01_1_2_Chlorophyll_A_001_phosphate_plate5.tif,6,888.000,768,1008
39171,F8_01_1_2_Chlorophyll_A_001_phosphate_plate5.tif,4,844.000,768,896
39172,F8_01_1_2_Chlorophyll_A_001_phosphate_plate5.tif,1,880.000,880,880
39173,F8_01_1_2_Chlorophyll_A_001_phosphate_plate5.tif,1,1040.000,1040,1040
39174,F8_01_1_2_Chlorophyll_A_001_phosphate_plate5.tif,1,800.000,800,800
39175,F8_01_1_2_Chlorophyll_A_001_phosphate_plate5.tif,6,872.000,768,992
39176,F8_01_1_2_Chlorophyll_A_001_phosphate_plate5.tif,1,832.000,832,832
39177,F8_01_1_2_Chlorophyll_A_001_phosphate_plate5.tif,42,871.619,768,1024
39178,F8_01_1_2_Chlorophyll_A_001_phosphate_plate5.tif,3,848.000,768,912
39179,F8_01_1_2_Chlorophyll_A_001_phosphate_plate5.tif,76,1056.211,768,1440
39180,F8_01_1_2_Chlorophyll_A_001_phosphate_plate5.tif,12,881.333,768,976
39181,F8_01_1_2_Chlorophyll_A_001_phosphate_plate5.tif,36,900.889,768,1248
39182,F8_01_1_2_Chlorophyll_A_001_phosphate_plate5.tif,2,872.000,768,976
39183,F8_01_1_2_Chlorophyll_A_001_phosphate_plate5.tif,19,839.579,784,1040
39184,F8_01_1_2_Chlorophyll_A_001_phosphate_plate5.tif,6,858.667,784,1040
39185,F8_01_1_2_Chlorophyll_A_001_phosphate_plate5.tif,2,792.000,784,800
39186,F8_01_1_2_Chlorophyll_A_001_phosphate_plate5.tif,2,984.000,976,992
39187,F8_01_1_2_Chlorophyll_A_001_phosphate_plate5.tif,1,816.000,816,816
39188,F8_01_1_2_Chlorophyll_A_001_phosphate_plate5.tif,2,792.000,768,816
39189,F8_01_1_2_Chlorophyll_A_001_phosphate_plate5.tif,1,768.000,768,768
39190,F8_01_1_2_Chlorophyll_A_001_phosphate_plate5.tif,1,816.000,816,816
39191,F8_01_1_2_Chlorophyll_A_001_phosphate_plate5.tif,1,784.000,784,784
39192,F8_01_1_2_Chlorophyll_A_001_phosphate_plate5.tif,1,768.000,768,768
39193,F8_01_1_2_Chlorophyll_A_001_phosphate_plate5.tif,1,768.000,768,768
39194,F8_01_1_2_Chlorophyll_A_001_phosphate_plate5.tif,1,768.000,768,768
39195,F8_01_1_2_Chlorophyll_A_001_phosphate_plate5.tif,1,784.000,784,784
39196,F8_01_1_2_Chlorophyll_A_001_phosphate_plate5.tif,1,832.000,832,832
39197,F8_01_1_2_Chlorophyll_A_001_phosphate_plate5.tif,1,912.000,912,912
39198,F8_01_1_2_Chlorophyll_A_001_phosphate_plate5.tif,1,816.000,816,816
39199,F8_01_1_2_Chlorophyll_A_001_phosphate_plate5.tif,1,960.000,960,960
39200,F8_01_1_2_Chlorophyll_A_001_phosphate_plate5.tif,2,952.000,864,1040
39201,F8_01_1_2_Chlorophyll_A_001_phosphate_plate5.tif,1,784.000,784,784
39202,F8_01_1_2_Chlorophyll_A_001_phosphate_plate5.tif,1,848.000,848,848
39203,F8_01_1_2_Chlorophyll_A_001_phosphate_plate5.tif,2,856.000,848,864
39204,F8_01_1_2_Chlorophyll_A_001_phosphate_plate5.tif,1,832.000,832,832
39205,F8_01_1_2_Chlorophyll_A_001_phosphate_plate5.tif,2,904.000,864,944
39206,F8_01_1_2_Chlorophyll_A_001_phosphate_plate5.tif,1,896.000,896,896
39207,F8_01_1_2_Chlorophyll_A_001_phosphate_plate5.tif,1,768.000,768,768
39208,F8_01_1_2_Chlorophyll_A_001_phosphate_plate5.tif,2,808.000,800,816
39209,F8_01_1_2_Chlorophyll_A_001_phosphate_plate5.tif,2,792.000,768,816
39210,F8_01_1_2_Chlorophyll_A_001_phosphate_plate5.tif,1,768.000,768,768
39211,F8_01_1_2_Chlorophyll_A_001_phosphate_plate5.tif,2,768.000,768,768
39212,F8_01_1_2_Chlorophyll_A_001_phosphate_plate5.tif,1,880.000,880,880
39213,F8_01_1_2_Chlorophyll_A_001_phosphate_plate5.tif,1,864.000,864,864
39214,F8_01_1_2_Chlorophyll_A_001_phosphate_plate5.tif,1,784.000,784,784
39215,F8_01_1_2_Chlorophyll_A_001_phosphate_plate5.tif,98,3210.939,768,17408
39216,F8_01_1_2_Chlorophyll_A_001_phosphate_plate5.tif,2,768.000,768,768
39217,F8_01_1_2_Chlorophyll_A_001_phosphate_plate5.tif,1,768.000,768,768
39218,F8_01_1_2_Chlorophyll_A_001_phosphate_plate5.tif,1,832.000,832,832
39219,F8_01_1_2_Chlorophyll_A_001_phosphate_plate5.tif,1,832.000,832,832
39220,F8_01_1_2_Chlorophyll_A_001_phosphate_plate5.tif,2,776.000,768,784
39221,F8_01_1_2_Chlorophyll_A_001_phosphate_plate5.tif,2,784.000,768,800
39222,F8_01_1_2_Chlorophyll_A_001_phosphate_plate5.tif,1,784.000,784,784
39223,F8_01_1_2_Chlorophyll_A_001_phosphate_plate5.tif,1,848.000,848,848
39224,F8_01_1_2_Chlorophyll_A_001_phosphate_plate5.tif,1,832.000,832,832
39225,F8_01_1_2_Chlorophyll_A_001_phosphate_plate5.tif,2,824.000,768,880
39226,F8_01_1_2_Chlorophyll_A_001_phosphate_plate5.tif,1,832.000,832,832
39227,F8_01_1_2_Chlorophyll_A_001_phosphate_plate5.tif,3,810.667,784,864
39228,F8_01_1_2_Chlorophyll_A_001_phosphate_plate5.tif,1,832.000,832,832
39229,F8_01_1_2_Chlorophyll_A_001_phosphate_plate5.tif,1,816.000,816,816
39230,F8_01_1_2_Chlorophyll_A_001_phosphate_plate5.tif,2,832.000,816,848
39231,F8_01_1_2_Chlorophyll_A_001_phosphate_plate5.tif,12,850.667,768,960
39232,F8_01_1_2_Chlorophyll_A_001_phosphate_plate5.tif,30,915.200,768,1232
39233,F8_01_1_2_Chlorophyll_A_001_phosphate_plate5.tif,8,962.000,768,1136
39234,F8_01_1_2_Chlorophyll_A_001_phosphate_plate5.tif,1,912.000,912,912
39235,F8_01_1_2_Chlorophyll_A_001_phosphate_plate5.tif,1,832.000,832,832
39236,F8_01_1_2_Chlorophyll_A_001_phosphate_plate5.tif,1,912.000,912,912
39237,F8_01_1_2_Chlorophyll_A_001_phosphate_plate5.tif,4,920.000,816,1008
39238,F8_01_1_2_Chlorophyll_A_001_phosphate_plate5.tif,5,867.200,784,960
39239,F8_01_1_2_Chlorophyll_A_001_phosphate_plate5.tif,1,848.000,848,848
39240,F8_01_1_2_Chlorophyll_A_001_phosphate_plate5.tif,2,784.000,768,800
39241,F8_01_1_2_Chlorophyll_A_001_phosphate_plate5.tif,1,896.000,896,896
39242,F8_01_1_2_Chlorophyll_A_001_phosphate_plate5.tif,1,944.000,944,944
39243,F8_01_1_2_Chlorophyll_A_001_phosphate_plate5.tif,1,864.000,864,864
39244,F8_01_1_2_Chlorophyll_A_001_phosphate_plate5.tif,1,832.000,832,832
39245,F8_01_1_2_Chlorophyll_A_001_phosphate_plate5.tif,1,816.000,816,816
39246,F8_01_1_2_Chlorophyll_A_001_phosphate_plate5.tif,1,800.000,800,800
39247,F8_01_1_2_Chlorophyll_A_001_phosphate_plate5.tif,2,808.000,800,816
39248,F8_01_1_2_Chlorophyll_A_001_phosphate_plate5.tif,1,768.000,768,768
39249,F8_01_1_2_Chlorophyll_A_001_phosphate_plate5.tif,1,848.000,848,848
39250,F8_01_1_2_Chlorophyll_A_001_phosphate_plate5.tif,1,784.000,784,784
39251,F8_01_1_2_Chlorophyll_A_001_phosphate_plate5.tif,1,784.000,784,784
39252,F8_01_1_2_Chlorophyll_A_001_phosphate_plate5.tif,1,800.000,800,800
39253,F8_01_1_2_Chlorophyll_A_001_phosphate_plate5.tif,1,816.000,816,816
39254,F8_01_1_2_Chlorophyll_A_001_phosphate_plate5.tif,1,784.000,784,784
39255,F8_01_1_2_Chlorophyll_A_001_phosphate_plate5.tif,1,768.000,768,768
39256,F8_01_1_2_Chlorophyll_A_001_phosphate_plate5.tif,2,768.000,768,768
39257,F8_01_1_2_Chlorophyll_A_001_phosphate_plate5.tif,3,816.000,768,912
39258,F8_01_1_2_Chlorophyll_A_001_phosphate_plate5.tif,1,800.000,800,800
39259,F8_01_1_2_Chlorophyll_A_001_phosphate_plate5.tif,70,959.771,768,1216
39260,F8_01_1_2_Chlorophyll_A_001_phosphate_plate5.tif,36,904.444,768,1232
39261,F8_01_1_2_Chlorophyll_A_001_phosphate_plate5.tif,60,891.467,768,1280
39262,F8_01_1_2_Chlorophyll_A_001_phosphate_plate5.tif,41,864.390,768,992
39263,F8_01_1_2_Chlorophyll_A_001_phosphate_plate5.tif,26,873.231,768,1040
39264,F8_01_1_2_Chlorophyll_A_001_phosphate_plate5.tif,9,883.556,784,992
39265,F8_01_1_2_Chlorophyll_A_001_phosphate_plate5.tif,1,896.000,896,896
39266,F8_01_1_2_Chlorophyll_A_001_phosphate_plate5.tif,1,832.000,832,832
39267,F8_01_1_2_Chlorophyll_A_001_phosphate_plate5.tif,1,992.000,992,992
39268,F8_01_1_2_Chlorophyll_A_001_phosphate_plate5.tif,1,816.000,816,816
39269,F8_01_1_2_Chlorophyll_A_001_phosphate_plate5.tif,1,768.000,768,768
39270,F8_01_1_2_Chlorophyll_A_001_phosphate_plate5.tif,2,864.000,848,880
39271,F8_01_1_2_Chlorophyll_A_001_phosphate_plate5.tif,2,840.000,800,880
39272,F8_01_1_2_Chlorophyll_A_001_phosphate_plate5.tif,2,832.000,784,880
39273,F8_01_1_2_Chlorophyll_A_001_phosphate_plate5.tif,1,768.000,768,768
39274,F8_01_1_2_Chlorophyll_A_001_phosphate_plate5.tif,1,864.000,864,864
39275,F8_01_1_2_Chlorophyll_A_001_phosphate_plate5.tif,1,768.000,768,768
39276,F8_01_1_2_Chlorophyll_A_001_phosphate_plate5.tif,1,800.000,800,800
39277,F8_01_1_2_Chlorophyll_A_001_phosphate_plate5.tif,1,800.000,800,800
39278,F8_01_1_2_Chlorophyll_A_001_phosphate_plate5.tif,1,784.000,784,784
39279,F8_01_1_2_Chlorophyll_A_001_phosphate_plate5.tif,2,808.000,800,816
39280,F8_01_1_2_Chlorophyll_A_001_phosphate_plate5.tif,2,864.000,768,960
39281,F8_01_1_2_Chlorophyll_A_001_phosphate_plate5.tif,3,794.667,768,816
39282,F8_01_1_2_Chlorophyll_A_001_phosphate_plate5.tif,1,768.000,768,768
39283,F8_01_1_2_Chlorophyll_A_001_phosphate_plate5.tif,27,1038.222,816,1232
39284,F8_01_1_2_Chlorophyll_A_001_phosphate_plate5.tif,37,937.514,800,1168
39285,F8_01_1_2_Chlorophyll_A_001_phosphate_plate5.tif,39,931.282,768,1216
39286,F8_01_1_2_Chlorophyll_A_001_phosphate_plate5.tif,48,885.333,768,1104
39287,F8_01_1_2_Chlorophyll_A_001_phosphate_plate5.tif,28,910.857,768,1232
39288,F8_01_1_2_Chlorophyll_A_001_phosphate_plate5.tif,1,976.000,976,976
39289,F8_01_1_2_Chlorophyll_A_001_phosphate_plate5.tif,4,872.000,768,928
39290,F8_01_1_2_Chlorophyll_A_001_phosphate_plate5.tif,1,960.000,960,960
39291,F8_01_1_2_Chlorophyll_A_001_phosphate_plate5.tif,2,840.000,832,848
39292,F8_01_1_2_Chlorophyll_A_001_phosphate_plate5.tif,2,784.000,784,784
39293,F8_01_1_2_Chlorophyll_A_001_phosphate_plate5.tif,3,805.333,768,864
39294,F8_01_1_2_Chlorophyll_A_001_phosphate_plate5.tif,1,848.000,848,848
39295,F8_01_1_2_Chlorophyll_A_001_phosphate_plate5.tif,1,848.000,848,848
39296,F8_01_1_2_Chlorophyll_A_001_phosphate_plate5.tif,1,768.000,768,768
39297,F8_01_1_2_Chlorophyll_A_001_phosphate_plate5.tif,1,832.000,832,832
39298,F8_01_1_2_Chlorophyll_A_001_phosphate_plate5.tif,2,824.000,768,880
39299,F8_01_1_2_Chlorophyll_A_001_phosphate_plate5.tif,1,848.000,848,848
39300,F8_01_1_2_Chlorophyll_A_001_phosphate_plate5.tif,1,768.000,768,768
39301,F8_01_1_2_Chlorophyll_A_001_phosphate_plate5.tif,1,880.000,880,880
39302,F8_01_1_2_Chlorophyll_A_001_phosphate_plate5.tif,1,784.000,784,784
39303,F8_01_1_2_Chlorophyll_A_001_phosphate_plate5.tif,1,768.000,768,768
39304,F8_01_1_2_Chlorophyll_A_001_phosphate_plate5.tif,1,912.000,912,912
39305,F8_01_1_2_Chlorophyll_A_001_phosphate_plate5.tif,1,800.000,800,800
39306,F8_01_1_2_Chlorophyll_A_001_phosphate_plate5.tif,1,768.000,768,768
39307,F8_01_1_2_Chlorophyll_A_001_phosphate_plate5.tif,1,784.000,784,784
39308,F8_01_1_2_Chlorophyll_A_001_phosphate_plate5.tif,1,864.000,864,864
39309,F8_01_1_2_Chlorophyll_A_001_phosphate_plate5.tif,1,768.000,768,768
39310,F8_01_1_2_Chlorophyll_A_001_phosphate_plate5.tif,2,832.000,816,848
39311,F8_01_1_2_Chlorophyll_A_001_phosphate_plate5.tif,1,896.000,896,896
39312,F8_01_1_2_Chlorophyll_A_001_phosphate_plate5.tif,1,768.000,768,768
39313,F8_01_1_2_Chlorophyll_A_001_phosphate_plate5.tif,59,1016.678,784,1392
39314,F8_01_1_2_Chlorophyll_A_001_phosphate_plate5.tif,29,913.103,768,1360
39315,F8_01_1_2_Chlorophyll_A_001_phosphate_plate5.tif,38,867.368,768,1056
39316,F8_01_1_2_Chlorophyll_A_001_phosphate_plate5.tif,29,861.793,768,1008
39317,F8_01_1_2_Chlorophyll_A_001_phosphate_plate5.tif,1,928.000,928,928
39318,F8_01_1_2_Chlorophyll_A_001_phosphate_plate5.tif,11,859.636,768,1056
39319,F8_01_1_2_Chlorophyll_A_001_phosphate_plate5.tif,2,848.000,768,928
39320,F8_01_1_2_Chlorophyll_A_001_phosphate_plate5.tif,2,832.000,784,880
39321,F8_01_1_2_Chlorophyll_A_001_phosphate_plate5.tif,1,784.000,784,784
39322,F8_01_1_2_Chlorophyll_A_001_phosphate_plate5.tif,1,768.000,768,768
39323,F8_01_1_2_Chlorophyll_A_001_phosphate_plate5.tif,1,944.000,944,944
39324,F8_01_1_2_Chlorophyll_A_001_phosphate_plate5.tif,2,792.000,784,800
39325,F8_01_1_2_Chlorophyll_A_001_phosphate_plate5.tif,1,768.000,768,768
39326,F8_01_1_2_Chlorophyll_A_001_phosphate_plate5.tif,1,912.000,912,912
39327,F8_01_1_2_Chlorophyll_A_001_phosphate_plate5.tif,1,896.000,896,896
39328,F8_01_1_2_Chlorophyll_A_001_phosphate_plate5.tif,1,816.000,816,816
39329,F8_01_1_2_Chlorophyll_A_001_phosphate_plate5.tif,4,836.000,800,880
39330,F8_01_1_2_Chlorophyll_A_001_phosphate_plate5.tif,2,816.000,784,848
39331,F8_01_1_2_Chlorophyll_A_001_phosphate_plate5.tif,2,832.000,800,864
39332,F8_01_1_2_Chlorophyll_A_001_phosphate_plate5.tif,11,932.364,768,1104
39333,F8_01_1_2_Chlorophyll_A_001_phosphate_plate5.tif,15,891.733,768,1088
39334,F8_01_1_2_Chlorophyll_A_001_phosphate_plate5.tif,2,784.000,768,800
39335,F8_01_1_2_Chlorophyll_A_001_phosphate_plate5.tif,2,848.000,816,880
39336,F8_01_1_2_Chlorophyll_A_001_phosphate_plate5.tif,1,976.000,976,976
39337,F8_01_1_2_Chlorophyll_A_001_phosphate_plate5.tif,8,882.000,768,1056
39338,F8_01_1_2_Chlorophyll_A_001_phosphate_plate5.tif,1,800.000,800,800
39339,F8_01_1_2_Chlorophyll_A_001_phosphate_plate5.tif,2,808.000,784,832
39340,F8_01_1_2_Chlorophyll_A_001_phosphate_plate5.tif,2,816.000,768,864
39341,F8_01_1_2_Chlorophyll_A_001_phosphate_plate5.tif,1,768.000,768,768
39342,F8_01_1_2_Chlorophyll_A_001_phosphate_plate5.tif,1,912.000,912,912
39343,F8_01_1_2_Chlorophyll_A_001_phosphate_plate5.tif,1,768.000,768,768
39344,F8_01_1_2_Chlorophyll_A_001_phosphate_plate5.tif,1,784.000,784,784
39345,F8_01_1_2_Chlorophyll_A_001_phosphate_plate5.tif,1,768.000,768,768
39346,F8_01_1_2_Chlorophyll_A_001_phosphate_plate5.tif,1,784.000,784,784
39347,F8_01_1_2_Chlorophyll_A_001_phosphate_plate5.tif,2,792.000,768,816
39348,F8_01_1_2_Chlorophyll_A_001_phosphate_plate5.tif,1,784.000,784,784
39349,F8_01_1_2_Chlorophyll_A_001_phosphate_plate5.tif,2,824.000,768,880
39350,F8_01_1_2_Chlorophyll_A_001_phosphate_plate5.tif,1,768.000,768,768
39351,F8_01_1_2_Chlorophyll_A_001_phosphate_plate5.tif,1,864.000,864,864
39352,F8_01_1_2_Chlorophyll_A_001_phosphate_plate5.tif,1,768.000,768,768
39353,F8_01_1_2_Chlorophyll_A_001_phosphate_plate5.tif,1,784.000,784,784
39354,F8_01_1_2_Chlorophyll_A_001_phosphate_plate5.tif,1,768.000,768,768
39355,F8_01_1_2_Chlorophyll_A_001_phosphate_plate5.tif,5,934.400,784,1168
39356,F8_01_1_2_Chlorophyll_A_001_phosphate_plate5.tif,2,776.000,768,784
39357,F8_01_1_2_Chlorophyll_A_001_phosphate_plate5.tif,3,869.333,800,992
39358,F8_01_1_2_Chlorophyll_A_001_phosphate_plate5.tif,89,1058.517,768,1440
39359,F8_01_1_2_Chlorophyll_A_001_phosphate_plate5.tif,54,941.037,768,1216
39360,F8_01_1_2_Chlorophyll_A_001_phosphate_plate5.tif,71,875.042,768,1088
39361,F8_01_1_2_Chlorophyll_A_001_phosphate_plate5.tif,4,864.000,784,896
39362,F8_01_1_2_Chlorophyll_A_001_phosphate_plate5.tif,1,816.000,816,816
39363,F8_01_1_2_Chlorophyll_A_001_phosphate_plate5.tif,4,844.000,768,912
39364,F8_01_1_2_Chlorophyll_A_001_phosphate_plate5.tif,2,816.000,800,832
39365,F8_01_1_2_Chlorophyll_A_001_phosphate_plate5.tif,2,872.000,768,976
39366,F8_01_1_2_Chlorophyll_A_001_phosphate_plate5.tif,1,784.000,784,784
39367,F8_01_1_2_Chlorophyll_A_001_phosphate_plate5.tif,1,800.000,800,800
39368,F8_01_1_2_Chlorophyll_A_001_phosphate_plate5.tif,1,960.000,960,960
39369,F8_01_1_2_Chlorophyll_A_001_phosphate_plate5.tif,1,768.000,768,768
39370,F8_01_1_2_Chlorophyll_A_001_phosphate_plate5.tif,3,810.667,784,848
39371,F8_01_1_2_Chlorophyll_A_001_phosphate_plate5.tif,2,768.000,768,768
39372,F8_01_1_2_Chlorophyll_A_001_phosphate_plate5.tif,3,810.667,768,848
39373,F8_01_1_2_Chlorophyll_A_001_phosphate_plate5.tif,1,912.000,912,912
39374,F8_01_1_2_Chlorophyll_A_001_phosphate_plate5.tif,1,768.000,768,768
39375,F8_01_1_2_Chlorophyll_A_001_phosphate_plate5.tif,1,768.000,768,768
39376,F8_01_1_2_Chlorophyll_A_001_phosphate_plate5.tif,1,784.000,784,784
39377,F8_01_1_2_Chlorophyll_A_001_phosphate_plate5.tif,1,768.000,768,768
39378,F8_01_1_2_Chlorophyll_A_001_phosphate_plate5.tif,1,880.000,880,880
39379,F8_01_1_2_Chlorophyll_A_001_phosphate_plate5.tif,1,784.000,784,784
39380,F8_01_1_2_Chlorophyll_A_001_phosphate_plate5.tif,1,784.000,784,784
39381,F8_01_1_2_Chlorophyll_A_001_phosphate_plate5.tif,1,864.000,864,864
39382,F8_01_1_2_Chlorophyll_A_001_phosphate_plate5.tif,2,792.000,768,816
39383,F8_01_1_2_Chlorophyll_A_001_phosphate_plate5.tif,1,832.000,832,832
39384,F8_01_1_2_Chlorophyll_A_001_phosphate_plate5.tif,2,808.000,800,816
39385,F8_01_1_2_Chlorophyll_A_001_phosphate_plate5.tif,1,848.000,848,848
39386,F8_01_1_2_Chlorophyll_A_001_phosphate_plate5.tif,4,892.000,768,992
39387,F8_01_1_2_Chlorophyll_A_001_phosphate_plate5.tif,12,858.667,768,992
39388,F8_01_1_2_Chlorophyll_A_001_phosphate_plate5.tif,2,920.000,816,1024
39389,F8_01_1_2_Chlorophyll_A_001_phosphate_plate5.tif,59,886.780,768,1168
39390,F8_01_1_2_Chlorophyll_A_001_phosphate_plate5.tif,1,784.000,784,784
39391,F8_01_1_2_Chlorophyll_A_001_phosphate_plate5.tif,3,880.000,816,928
39392,F8_01_1_2_Chlorophyll_A_001_phosphate_plate5.tif,1,800.000,800,800
39393,F8_01_1_2_Chlorophyll_A_001_phosphate_plate5.tif,1,832.000,832,832
39394,F8_01_1_2_Chlorophyll_A_001_phosphate_plate5.tif,1,912.000,912,912
39395,F8_01_1_2_Chlorophyll_A_001_phosphate_plate5.tif,1,896.000,896,896
39396,F8_01_1_2_Chlorophyll_A_001_phosphate_plate5.tif,1,816.000,816,816
39397,F8_01_1_2_Chlorophyll_A_001_phosphate_plate5.tif,1,832.000,832,832
39398,F8_01_1_2_Chlorophyll_A_001_phosphate_plate5.tif,1,768.000,768,768
39399,F8_01_1_2_Chlorophyll_A_001_phosphate_plate5.tif,1,832.000,832,832
39400,F8_01_1_2_Chlorophyll_A_001_phosphate_plate5.tif,1,784.000,784,784
39401,F8_01_1_2_Chlorophyll_A_001_phosphate_plate5.tif,1,800.000,800,800
39402,F8_01_1_2_Chlorophyll_A_001_phosphate_plate5.tif,1,800.000,800,800
39403,F8_01_1_2_Chlorophyll_A_001_phosphate_plate5.tif,1,768.000,768,768
39404,F8_01_1_2_Chlorophyll_A_001_phosphate_plate5.tif,1,928.000,928,928
39405,F8_01_1_2_Chlorophyll_A_001_phosphate_plate5.tif,1,816.000,816,816
39406,F8_01_1_2_Chlorophyll_A_001_phosphate_plate5.tif,1,768.000,768,768
39407,F8_01_1_2_Chlorophyll_A_001_phosphate_plate5.tif,1,800.000,800,800
39408,F8_01_1_2_Chlorophyll_A_001_phosphate_plate5.tif,3,805.333,768,864
39409,F8_01_1_2_Chlorophyll_A_001_phosphate_plate5.tif,1,928.000,928,928
39410,F8_01_1_2_Chlorophyll_A_001_phosphate_plate5.tif,4,880.000,816,944
39411,F8_01_1_2_Chlorophyll_A_001_phosphate_plate5.tif,45,972.089,768,1264
39412,F8_01_1_2_Chlorophyll_A_001_phosphate_plate5.tif,2,896.000,816,976
39413,F8_01_1_2_Chlorophyll_A_001_phosphate_plate5.tif,1,928.000,928,928
39414,F8_01_1_2_Chlorophyll_A_001_phosphate_plate5.tif,4,844.000,768,928
39415,F8_01_1_2_Chlorophyll_A_001_phosphate_plate5.tif,3,826.667,768,880
39416,F8_01_1_2_Chlorophyll_A_001_phosphate_plate5.tif,1,864.000,864,864
39417,F8_01_1_2_Chlorophyll_A_001_phosphate_plate5.tif,3,794.667,768,832
39418,F8_01_1_2_Chlorophyll_A_001_phosphate_plate5.tif,1,832.000,832,832
39419,F8_01_1_2_Chlorophyll_A_001_phosphate_plate5.tif,1,768.000,768,768
39420,F8_01_1_2_Chlorophyll_A_001_phosphate_plate5.tif,3,842.667,800,880
39421,F8_01_1_2_Chlorophyll_A_001_phosphate_plate5.tif,5,844.800,784,960
39422,F8_01_1_2_Chlorophyll_A_001_phosphate_plate5.tif,1,768.000,768,768
39423,F8_01_1_2_Chlorophyll_A_001_phosphate_plate5.tif,1,784.000,784,784
39424,F8_01_1_2_Chlorophyll_A_001_phosphate_plate5.tif,1,896.000,896,896
39425,F8_01_1_2_Chlorophyll_A_001_phosphate_plate5.tif,1,832.000,832,832
39426,F8_01_1_2_Chlorophyll_A_001_phosphate_plate5.tif,1,1008.000,1008,1008
39427,F8_01_1_2_Chlorophyll_A_001_phosphate_plate5.tif,2,800.000,768,832
39428,F8_01_1_2_Chlorophyll_A_001_phosphate_plate5.tif,1,768.000,768,768
39429,F8_01_1_2_Chlorophyll_A_001_phosphate_plate5.tif,2,784.000,784,784
39430,F8_01_1_2_Chlorophyll_A_001_phosphate_plate5.tif,2,808.000,768,848
39431,F8_01_1_2_Chlorophyll_A_001_phosphate_plate5.tif,1,960.000,960,960
39432,F8_01_1_2_Chlorophyll_A_001_phosphate_plate5.tif,1,832.000,832,832
39433,F8_01_1_2_Chlorophyll_A_001_phosphate_plate5.tif,1,816.000,816,816
39434,F8_01_1_2_Chlorophyll_A_001_phosphate_plate5.tif,1,848.000,848,848
39435,F8_01_1_2_Chlorophyll_A_001_phosphate_plate5.tif,1,816.000,816,816
39436,F8_01_1_2_Chlorophyll_A_001_phosphate_plate5.tif,1,896.000,896,896
39437,F8_01_1_2_Chlorophyll_A_001_phosphate_plate5.tif,1,768.000,768,768
39438,F8_01_1_2_Chlorophyll_A_001_phosphate_plate5.tif,1,768.000,768,768
39439,F8_01_1_2_Chlorophyll_A_001_phosphate_plate5.tif,1,832.000,832,832
39440,F8_01_1_2_Chlorophyll_A_001_phosphate_plate5.tif,1,768.000,768,768
39441,F8_01_1_2_Chlorophyll_A_001_phosphate_plate5.tif,1,912.000,912,912
39442,F8_01_1_2_Chlorophyll_A_001_phosphate_plate5.tif,1,944.000,944,944
39443,F8_01_1_2_Chlorophyll_A_001_phosphate_plate5.tif,1,928.000,928,928
39444,F8_01_1_2_Chlorophyll_A_001_phosphate_plate5.tif,66,1063.273,800,1504
39445,F8_01_1_2_Chlorophyll_A_001_phosphate_plate5.tif,2,968.000,944,992
39446,F8_01_1_2_Chlorophyll_A_001_phosphate_plate5.tif,1,784.000,784,784
39447,F8_01_1_2_Chlorophyll_A_001_phosphate_plate5.tif,1,784.000,784,784
39448,F8_01_1_2_Chlorophyll_A_001_phosphate_plate5.tif,1,960.000,960,960
39449,F8_01_1_2_Chlorophyll_A_001_phosphate_plate5.tif,1,816.000,816,816
39450,F8_01_1_2_Chlorophyll_A_001_phosphate_plate5.tif,1,800.000,800,800
39451,F8_01_1_2_Chlorophyll_A_001_phosphate_plate5.tif,1,848.000,848,848
39452,F8_01_1_2_Chlorophyll_A_001_phosphate_plate5.tif,1,816.000,816,816
39453,F8_01_1_2_Chlorophyll_A_001_phosphate_plate5.tif,1,864.000,864,864
39454,F8_01_1_2_Chlorophyll_A_001_phosphate_plate5.tif,1,800.000,800,800
39455,F8_01_1_2_Chlorophyll_A_001_phosphate_plate5.tif,1,800.000,800,800
39456,F8_01_1_2_Chlorophyll_A_001_phosphate_plate5.tif,1,800.000,800,800
39457,F8_01_1_2_Chlorophyll_A_001_phosphate_plate5.tif,1,768.000,768,768
39458,F8_01_1_2_Chlorophyll_A_001_phosphate_plate5.tif,1,1056.000,1056,1056
39459,F8_01_1_2_Chlorophyll_A_001_phosphate_plate5.tif,3,842.667,800,896
39460,F8_01_1_2_Chlorophyll_A_001_phosphate_plate5.tif,14,857.143,768,1024
39461,F8_01_1_2_Chlorophyll_A_001_phosphate_plate5.tif,1,784.000,784,784
39462,F8_01_1_2_Chlorophyll_A_001_phosphate_plate5.tif,24,870.000,784,1104
39463,F8_01_1_2_Chlorophyll_A_001_phosphate_plate5.tif,6,832.000,768,912
39464,F8_01_1_2_Chlorophyll_A_001_phosphate_plate5.tif,2,800.000,768,832
39465,F8_01_1_2_Chlorophyll_A_001_phosphate_plate5.tif,1,848.000,848,848
39466,F8_01_1_2_Chlorophyll_A_001_phosphate_plate5.tif,1,800.000,800,800
39467,F8_01_1_2_Chlorophyll_A_001_phosphate_plate5.tif,1,992.000,992,992
39468,F8_01_1_2_Chlorophyll_A_001_phosphate_plate5.tif,1,784.000,784,784
39469,F8_01_1_2_Chlorophyll_A_001_phosphate_plate5.tif,1,816.000,816,816
39470,F8_01_1_2_Chlorophyll_A_001_phosphate_plate5.tif,3,816.000,768,864
39471,F8_01_1_2_Chlorophyll_A_001_phosphate_plate5.tif,1,832.000,832,832
39472,F8_01_1_2_Chlorophyll_A_001_phosphate_plate5.tif,1,784.000,784,784
39473,F8_01_1_2_Chlorophyll_A_001_phosphate_plate5.tif,2,792.000,768,816
39474,F8_01_1_2_Chlorophyll_A_001_phosphate_plate5.tif,3,842.667,800,912
39475,F8_01_1_2_Chlorophyll_A_001_phosphate_plate5.tif,2,824.000,784,864
39476,F8_01_1_2_Chlorophyll_A_001_phosphate_plate5.tif,1,768.000,768,768
39477,F8_01_1_2_Chlorophyll_A_001_phosphate_plate5.tif,1,800.000,800,800
39478,F8_01_1_2_Chlorophyll_A_001_phosphate_plate5.tif,1,800.000,800,800
39479,F8_01_1_2_Chlorophyll_A_001_phosphate_plate5.tif,1,896.000,896,896
39480,F8_01_1_2_Chlorophyll_A_001_phosphate_plate5.tif,1,880.000,880,880
39481,F8_01_1_2_Chlorophyll_A_001_phosphate_plate5.tif,1,832.000,832,832
39482,F8_01_1_2_Chlorophyll_A_001_phosphate_plate5.tif,1,768.000,768,768
39483,F8_01_1_2_Chlorophyll_A_001_phosphate_plate5.tif,1,832.000,832,832
39484,F8_01_1_2_Chlorophyll_A_001_phosphate_plate5.tif,1,864.000,864,864
39485,F8_01_1_2_Chlorophyll_A_001_phosphate_plate5.tif,3,848.000,784,928
39486,F8_01_1_2_Chlorophyll_A_001_phosphate_plate5.tif,16,900.000,784,1088
39487,F8_01_1_2_Chlorophyll_A_001_phosphate_plate5.tif,1,784.000,784,784
39488,F8_01_1_2_Chlorophyll_A_001_phosphate_plate5.tif,2,872.000,768,976
39489,F8_01_1_2_Chlorophyll_A_001_phosphate_plate5.tif,1,816.000,816,816
39490,F8_01_1_2_Chlorophyll_A_001_phosphate_plate5.tif,4,820.000,768,944
39491,F8_01_1_2_Chlorophyll_A_001_phosphate_plate5.tif,1,768.000,768,768
39492,F8_01_1_2_Chlorophyll_A_001_phosphate_plate5.tif,1,880.000,880,880
39493,F8_01_1_2_Chlorophyll_A_001_phosphate_plate5.tif,1,768.000,768,768
39494,F8_01_1_2_Chlorophyll_A_001_phosphate_plate5.tif,1,816.000,816,816
39495,F8_01_1_2_Chlorophyll_A_001_phosphate_plate5.tif,1,768.000,768,768
39496,F8_01_1_2_Chlorophyll_A_001_phosphate_plate5.tif,1,768.000,768,768
39497,F8_01_1_2_Chlorophyll_A_001_phosphate_plate5.tif,1,832.000,832,832
39498,F8_01_1_2_Chlorophyll_A_001_phosphate_plate5.tif,10,881.600,768,960
39499,F8_01_1_2_Chlorophyll_A_001_phosphate_plate5.tif,9,995.556,816,1280
39500,F8_01_1_2_Chlorophyll_A_001_phosphate_plate5.tif,9,1009.778,848,1248
39501,F8_01_1_2_Chlorophyll_A_001_phosphate_plate5.tif,1,1056.000,1056,1056
39502,F8_01_1_2_Chlorophyll_A_001_phosphate_plate5.tif,17,853.647,768,1216
39503,F8_01_1_2_Chlorophyll_A_001_phosphate_plate5.tif,4,800.000,768,848
39504,F8_01_1_2_Chlorophyll_A_001_phosphate_plate5.tif,1,816.000,816,816
39505,F8_01_1_2_Chlorophyll_A_001_phosphate_plate5.tif,2,888.000,832,944
39506,F8_01_1_2_Chlorophyll_A_001_phosphate_plate5.tif,1,896.000,896,896
39507,F8_01_1_2_Chlorophyll_A_001_phosphate_plate5.tif,1,864.000,864,864
39508,F8_01_1_2_Chlorophyll_A_001_phosphate_plate5.tif,1,816.000,816,816
39509,F8_01_1_2_Chlorophyll_A_001_phosphate_plate5.tif,1,832.000,832,832
39510,F8_01_1_2_Chlorophyll_A_001_phosphate_plate5.tif,1,784.000,784,784
39511,F8_01_1_2_Chlorophyll_A_001_phosphate_plate5.tif,1,784.000,784,784
39512,F8_01_1_2_Chlorophyll_A_001_phosphate_plate5.tif,1,816.000,816,816
39513,F8_01_1_2_Chlorophyll_A_001_phosphate_plate5.tif,1,784.000,784,784
39514,F8_01_1_2_Chlorophyll_A_001_phosphate_plate5.tif,1,800.000,800,800
39515,F8_01_1_2_Chlorophyll_A_001_phosphate_plate5.tif,1,816.000,816,816
39516,F8_01_1_2_Chlorophyll_A_001_phosphate_plate5.tif,1,848.000,848,848
39517,F8_01_1_2_Chlorophyll_A_001_phosphate_plate5.tif,1,784.000,784,784
39518,F8_01_1_2_Chlorophyll_A_001_phosphate_plate5.tif,1,800.000,800,800
39519,F8_01_1_2_Chlorophyll_A_001_phosphate_plate5.tif,1,784.000,784,784
39520,F8_01_1_2_Chlorophyll_A_001_phosphate_plate5.tif,1,800.000,800,800
39521,F8_01_1_2_Chlorophyll_A_001_phosphate_plate5.tif,1,816.000,816,816
39522,F8_01_1_2_Chlorophyll_A_001_phosphate_plate5.tif,1,768.000,768,768
39523,F8_01_1_2_Chlorophyll_A_001_phosphate_plate5.tif,1,768.000,768,768
39524,F8_01_1_2_Chlorophyll_A_001_phosphate_plate5.tif,1,768.000,768,768
39525,F8_01_1_2_Chlorophyll_A_001_phosphate_plate5.tif,1,848.000,848,848
39526,F8_01_1_2_Chlorophyll_A_001_phosphate_plate5.tif,2,832.000,784,880
39527,F8_01_1_2_Chlorophyll_A_001_phosphate_plate5.tif,1,784.000,784,784
39528,F8_01_1_2_Chlorophyll_A_001_phosphate_plate5.tif,1,864.000,864,864
39529,F8_01_1_2_Chlorophyll_A_001_phosphate_plate5.tif,6,813.333,768,880
39530,F8_01_1_2_Chlorophyll_A_001_phosphate_plate5.tif,3,858.667,784,992
39531,F8_01_1_2_Chlorophyll_A_001_phosphate_plate5.tif,2,912.000,864,960
39532,F8_01_1_2_Chlorophyll_A_001_phosphate_plate5.tif,1,896.000,896,896
39533,F8_01_1_2_Chlorophyll_A_001_phosphate_plate5.tif,7,825.143,768,928
39534,F8_01_1_2_Chlorophyll_A_001_phosphate_plate5.tif,1,784.000,784,784
39535,F8_01_1_2_Chlorophyll_A_001_phosphate_plate5.tif,4,824.000,768,928
39536,F8_01_1_2_Chlorophyll_A_001_phosphate_plate5.tif,2,848.000,832,864
39537,F8_01_1_2_Chlorophyll_A_001_phosphate_plate5.tif,2,776.000,768,784
39538,F8_01_1_2_Chlorophyll_A_001_phosphate_plate5.tif,1,800.000,800,800
39539,F8_01_1_2_Chlorophyll_A_001_phosphate_plate5.tif,1,784.000,784,784
39540,F8_01_1_2_Chlorophyll_A_001_phosphate_plate5.tif,3,826.667,768,880
39541,F8_01_1_2_Chlorophyll_A_001_phosphate_plate5.tif,1,784.000,784,784
39542,F8_01_1_2_Chlorophyll_A_001_phosphate_plate5.tif,1,896.000,896,896
39543,F8_01_1_2_Chlorophyll_A_001_phosphate_plate5.tif,1,784.000,784,784
39544,F8_01_1_2_Chlorophyll_A_001_phosphate_plate5.tif,1,800.000,800,800
39545,F8_01_1_2_Chlorophyll_A_001_phosphate_plate5.tif,1,1024.000,1024,1024
39546,F8_01_1_2_Chlorophyll_A_001_phosphate_plate5.tif,1,768.000,768,768
39547,F8_01_1_2_Chlorophyll_A_001_phosphate_plate5.tif,1,848.000,848,848
39548,F8_01_1_2_Chlorophyll_A_001_phosphate_plate5.tif,1,928.000,928,928
39549,F8_01_1_2_Chlorophyll_A_001_phosphate_plate5.tif,1,832.000,832,832
39550,F8_01_1_2_Chlorophyll_A_001_phosphate_plate5.tif,1,800.000,800,800
39551,F8_01_1_2_Chlorophyll_A_001_phosphate_plate5.tif,20,896.000,784,1120
39552,F8_01_1_2_Chlorophyll_A_001_phosphate_plate5.tif,2,808.000,800,816
39553,F8_01_1_2_Chlorophyll_A_001_phosphate_plate5.tif,4,868.000,800,896
39554,F8_01_1_2_Chlorophyll_A_001_phosphate_plate5.tif,4,788.000,768,800
39555,F8_01_1_2_Chlorophyll_A_001_phosphate_plate5.tif,4,820.000,768,960
39556,F8_01_1_2_Chlorophyll_A_001_phosphate_plate5.tif,2,808.000,784,832
39557,F8_01_1_2_Chlorophyll_A_001_phosphate_plate5.tif,2,856.000,800,912
39558,F8_01_1_2_Chlorophyll_A_001_phosphate_plate5.tif,4,824.000,768,912
39559,F8_01_1_2_Chlorophyll_A_001_phosphate_plate5.tif,1,784.000,784,784
39560,F8_01_1_2_Chlorophyll_A_001_phosphate_plate5.tif,1,784.000,784,784
39561,F8_01_1_2_Chlorophyll_A_001_phosphate_plate5.tif,3,794.667,768,832
39562,F8_01_1_2_Chlorophyll_A_001_phosphate_plate5.tif,1,912.000,912,912
39563,F8_01_1_2_Chlorophyll_A_001_phosphate_plate5.tif,2,832.000,768,896
39564,F8_01_1_2_Chlorophyll_A_001_phosphate_plate5.tif,1,816.000,816,816
39565,F8_01_1_2_Chlorophyll_A_001_phosphate_plate5.tif,1,800.000,800,800
39566,F8_01_1_2_Chlorophyll_A_001_phosphate_plate5.tif,1,832.000,832,832
39567,F8_01_1_2_Chlorophyll_A_001_phosphate_plate5.tif,2,800.000,800,800
39568,F8_01_1_2_Chlorophyll_A_001_phosphate_plate5.tif,1,800.000,800,800
39569,F8_01_1_2_Chlorophyll_A_001_phosphate_plate5.tif,1,784.000,784,784
39570,F8_01_1_2_Chlorophyll_A_001_phosphate_plate5.tif,1,1040.000,1040,1040
39571,F8_01_1_2_Chlorophyll_A_001_phosphate_plate5.tif,1,768.000,768,768
39572,F8_01_1_2_Chlorophyll_A_001_phosphate_plate5.tif,1,896.000,896,896
39573,F8_01_1_2_Chlorophyll_A_001_phosphate_plate5.tif,1,960.000,960,960
39574,F8_01_1_2_Chlorophyll_A_001_phosphate_plate5.tif,1,816.000,816,816
39575,F8_01_1_2_Chlorophyll_A_001_phosphate_plate5.tif,1,784.000,784,784
39576,F8_01_1_2_Chlorophyll_A_001_phosphate_plate5.tif,1,864.000,864,864
39577,F8_01_1_2_Chlorophyll_A_001_phosphate_plate5.tif,1,800.000,800,800
39578,F8_01_1_2_Chlorophyll_A_001_phosphate_plate5.tif,1,784.000,784,784
39579,F8_01_1_2_Chlorophyll_A_001_phosphate_plate5.tif,1,848.000,848,848
39580,F8_01_1_2_Chlorophyll_A_001_phosphate_plate5.tif,1,768.000,768,768
39581,F8_01_1_2_Chlorophyll_A_001_phosphate_plate5.tif,2,880.000,784,976
39582,F8_01_1_2_Chlorophyll_A_001_phosphate_plate5.tif,2,888.000,880,896
39583,F8_01_1_2_Chlorophyll_A_001_phosphate_plate5.tif,8,826.000,768,912
39584,F8_01_1_2_Chlorophyll_A_001_phosphate_plate5.tif,2,928.000,848,1008
39585,F8_01_1_2_Chlorophyll_A_001_phosphate_plate5.tif,1,800.000,800,800
39586,F8_01_1_2_Chlorophyll_A_001_phosphate_plate5.tif,1,928.000,928,928
39587,F8_01_1_2_Chlorophyll_A_001_phosphate_plate5.tif,1,768.000,768,768
39588,F8_01_1_2_Chlorophyll_A_001_phosphate_plate5.tif,1,928.000,928,928
39589,F8_01_1_2_Chlorophyll_A_001_phosphate_plate5.tif,2,832.000,784,880
39590,F8_01_1_2_Chlorophyll_A_001_phosphate_plate5.tif,1,880.000,880,880
39591,F8_01_1_2_Chlorophyll_A_001_phosphate_plate5.tif,1,800.000,800,800
39592,F8_01_1_2_Chlorophyll_A_001_phosphate_plate5.tif,1,784.000,784,784
39593,F8_01_1_2_Chlorophyll_A_001_phosphate_plate5.tif,1,784.000,784,784
39594,F8_01_1_2_Chlorophyll_A_001_phosphate_plate5.tif,1,768.000,768,768
39595,F8_01_1_2_Chlorophyll_A_001_phosphate_plate5.tif,1,816.000,816,816
39596,F8_01_1_2_Chlorophyll_A_001_phosphate_plate5.tif,1,880.000,880,880
39597,F8_01_1_2_Chlorophyll_A_001_phosphate_plate5.tif,1,784.000,784,784
39598,F8_01_1_2_Chlorophyll_A_001_phosphate_plate5.tif,1,784.000,784,784
39599,F8_01_1_2_Chlorophyll_A_001_phosphate_plate5.tif,1,784.000,784,784
39600,F8_01_1_2_Chlorophyll_A_001_phosphate_plate5.tif,1,864.000,864,864
39601,F8_01_1_2_Chlorophyll_A_001_phosphate_plate5.tif,3,810.667,800,832
39602,F8_01_1_2_Chlorophyll_A_001_phosphate_plate5.tif,1,800.000,800,800
39603,F8_01_1_2_Chlorophyll_A_001_phosphate_plate5.tif,1,800.000,800,800
39604,F8_01_1_2_Chlorophyll_A_001_phosphate_plate5.tif,1,864.000,864,864
39605,F8_01_1_2_Chlorophyll_A_001_phosphate_plate5.tif,2,880.000,832,928
39606,F8_01_1_2_Chlorophyll_A_001_phosphate_plate5.tif,1,816.000,816,816
39607,F8_01_1_2_Chlorophyll_A_001_phosphate_plate5.tif,2,840.000,800,880
39608,F8_01_1_2_Chlorophyll_A_001_phosphate_plate5.tif,1,768.000,768,768
39609,F8_01_1_2_Chlorophyll_A_001_phosphate_plate5.tif,1,848.000,848,848
39610,F8_01_1_2_Chlorophyll_A_001_phosphate_plate5.tif,1,768.000,768,768
39611,F8_01_1_2_Chlorophyll_A_001_phosphate_plate5.tif,2,792.000,768,816
39612,F8_01_1_2_Chlorophyll_A_001_phosphate_plate5.tif,3,864.000,816,912
39613,F8_01_1_2_Chlorophyll_A_001_phosphate_plate5.tif,2,928.000,848,1008
39614,F8_01_1_2_Chlorophyll_A_001_phosphate_plate5.tif,3,789.333,784,800
39615,F8_01_1_2_Chlorophyll_A_001_phosphate_plate5.tif,1,880.000,880,880
39616,F8_01_1_2_Chlorophyll_A_001_phosphate_plate5.tif,2,1008.000,928,1088
39617,F8_01_1_2_Chlorophyll_A_001_phosphate_plate5.tif,1,784.000,784,784
39618,F8_01_1_2_Chlorophyll_A_001_phosphate_plate5.tif,1,896.000,896,896
39619,F8_01_1_2_Chlorophyll_A_001_phosphate_plate5.tif,2,888.000,816,960
39620,F8_01_1_2_Chlorophyll_A_001_phosphate_plate5.tif,1,768.000,768,768
39621,F8_01_1_2_Chlorophyll_A_001_phosphate_plate5.tif,1,816.000,816,816
39622,F8_01_1_2_Chlorophyll_A_001_phosphate_plate5.tif,1,768.000,768,768
39623,F8_01_1_2_Chlorophyll_A_001_phosphate_plate5.tif,2,800.000,784,816
39624,F8_01_1_2_Chlorophyll_A_001_phosphate_plate5.tif,2,768.000,768,768
39625,F8_01_1_2_Chlorophyll_A_001_phosphate_plate5.tif,1,880.000,880,880
39626,F8_01_1_2_Chlorophyll_A_001_phosphate_plate5.tif,1,816.000,816,816
39627,F8_01_1_2_Chlorophyll_A_001_phosphate_plate5.tif,1,800.000,800,800
39628,F8_01_1_2_Chlorophyll_A_001_phosphate_plate5.tif,1,832.000,832,832
39629,F8_01_1_2_Chlorophyll_A_001_phosphate_plate5.tif,1,784.000,784,784
39630,F8_01_1_2_Chlorophyll_A_001_phosphate_plate5.tif,1,768.000,768,768
39631,F8_01_1_2_Chlorophyll_A_001_phosphate_plate5.tif,1,832.000,832,832
39632,F8_01_1_2_Chlorophyll_A_001_phosphate_plate5.tif,1,816.000,816,816
39633,F8_01_1_2_Chlorophyll_A_001_phosphate_plate5.tif,1,784.000,784,784
39634,F8_01_1_2_Chlorophyll_A_001_phosphate_plate5.tif,1,784.000,784,784
39635,F8_01_1_2_Chlorophyll_A_001_phosphate_plate5.tif,1,896.000,896,896
39636,F8_01_1_2_Chlorophyll_A_001_phosphate_plate5.tif,1,784.000,784,784
39637,F8_01_1_2_Chlorophyll_A_001_phosphate_plate5.tif,1,816.000,816,816
39638,F8_01_1_2_Chlorophyll_A_001_phosphate_plate5.tif,1,768.000,768,768
39639,F8_01_1_2_Chlorophyll_A_001_phosphate_plate5.tif,2,848.000,816,880
39640,F8_01_1_2_Chlorophyll_A_001_phosphate_plate5.tif,1,768.000,768,768
39641,F8_01_1_2_Chlorophyll_A_001_phosphate_plate5.tif,2,936.000,896,976
39642,F8_01_1_2_Chlorophyll_A_001_phosphate_plate5.tif,1,768.000,768,768
39643,F8_01_1_2_Chlorophyll_A_001_phosphate_plate5.tif,1,768.000,768,768
39644,F8_01_1_2_Chlorophyll_A_001_phosphate_plate5.tif,1,944.000,944,944
39645,F8_01_1_2_Chlorophyll_A_001_phosphate_plate5.tif,1,784.000,784,784
39646,F8_01_1_2_Chlorophyll_A_001_phosphate_plate5.tif,5,864.000,784,960
39647,F8_01_1_2_Chlorophyll_A_001_phosphate_plate5.tif,1,816.000,816,816
39648,F8_01_1_2_Chlorophyll_A_001_phosphate_plate5.tif,1,928.000,928,928
39649,F8_01_1_2_Chlorophyll_A_001_phosphate_plate5.tif,1,784.000,784,784
39650,F8_01_1_2_Chlorophyll_A_001_phosphate_plate5.tif,1,928.000,928,928
39651,F8_01_1_2_Chlorophyll_A_001_phosphate_plate5.tif,1,896.000,896,896
39652,F8_01_1_2_Chlorophyll_A_001_phosphate_plate5.tif,1,784.000,784,784
39653,F8_01_1_2_Chlorophyll_A_001_phosphate_plate5.tif,2,784.000,768,800
39654,F8_01_1_2_Chlorophyll_A_001_phosphate_plate5.tif,1,896.000,896,896
39655,F8_01_1_2_Chlorophyll_A_001_phosphate_plate5.tif,5,838.400,784,928
39656,F8_01_1_2_Chlorophyll_A_001_phosphate_plate5.tif,2,816.000,800,832
39657,F8_01_1_2_Chlorophyll_A_001_phosphate_plate5.tif,1,880.000,880,880
39658,F8_01_1_2_Chlorophyll_A_001_phosphate_plate5.tif,1,848.000,848,848
39659,F8_01_1_2_Chlorophyll_A_001_phosphate_plate5.tif,2,800.000,768,832
39660,F8_01_1_2_Chlorophyll_A_001_phosphate_plate5.tif,1,816.000,816,816
39661,F8_01_1_2_Chlorophyll_A_001_phosphate_plate5.tif,1,880.000,880,880
39662,F8_01_1_2_Chlorophyll_A_001_phosphate_plate5.tif,1,880.000,880,880
39663,F8_01_1_2_Chlorophyll_A_001_phosphate_plate5.tif,1,816.000,816,816
39664,F8_01_1_2_Chlorophyll_A_001_phosphate_plate5.tif,1,880.000,880,880
39665,F8_01_1_2_Chlorophyll_A_001_phosphate_plate5.tif,1,816.000,816,816
39666,F8_01_1_2_Chlorophyll_A_001_phosphate_plate5.tif,3,816.000,784,848
39667,F8_01_1_2_Chlorophyll_A_001_phosphate_plate5.tif,1,880.000,880,880
39668,F8_01_1_2_Chlorophyll_A_001_phosphate_plate5.tif,1,896.000,896,896
39669,F8_01_1_2_Chlorophyll_A_001_phosphate_plate5.tif,1,784.000,784,784
39670,F8_01_1_2_Chlorophyll_A_001_phosphate_plate5.tif,1,784.000,784,784
39671,F8_01_1_2_Chlorophyll_A_001_phosphate_plate5.tif,1,800.000,800,800
39672,F8_01_1_2_Chlorophyll_A_001_phosphate_plate5.tif,1,784.000,784,784
39673,F8_01_1_2_Chlorophyll_A_001_phosphate_plate5.tif,3,816.000,768,880
39674,F8_01_1_2_Chlorophyll_A_001_phosphate_plate5.tif,1,864.000,864,864
39675,F8_01_1_2_Chlorophyll_A_001_phosphate_plate5.tif,1,832.000,832,832
39676,F8_01_1_2_Chlorophyll_A_001_phosphate_plate5.tif,1,864.000,864,864
39677,F8_01_1_2_Chlorophyll_A_001_phosphate_plate5.tif,1,896.000,896,896
39678,F8_01_1_2_Chlorophyll_A_001_phosphate_plate5.tif,1,848.000,848,848
39679,F8_01_1_2_Chlorophyll_A_001_phosphate_plate5.tif,1,832.000,832,832
39680,F8_01_1_2_Chlorophyll_A_001_phosphate_plate5.tif,1,816.000,816,816
39681,F8_01_1_2_Chlorophyll_A_001_phosphate_plate5.tif,1,800.000,800,800
39682,F8_01_1_2_Chlorophyll_A_001_phosphate_plate5.tif,1,880.000,880,880
39683,F8_01_1_2_Chlorophyll_A_001_phosphate_plate5.tif,1,848.000,848,848
39684,F8_01_1_2_Chlorophyll_A_001_phosphate_plate5.tif,1,784.000,784,784
39685,F8_01_1_2_Chlorophyll_A_001_phosphate_plate5.tif,1,768.000,768,768
39686,F8_01_1_2_Chlorophyll_A_001_phosphate_plate5.tif,1,864.000,864,864
39687,F8_01_1_2_Chlorophyll_A_001_phosphate_plate5.tif,1,848.000,848,848
39688,F8_01_1_2_Chlorophyll_A_001_phosphate_plate5.tif,1,832.000,832,832
39689,F8_01_1_2_Chlorophyll_A_001_phosphate_plate5.tif,1,864.000,864,864
39690,F8_01_1_2_Chlorophyll_A_001_phosphate_plate5.tif,1,880.000,880,880
39691,F8_01_1_2_Chlorophyll_A_001_phosphate_plate5.tif,1,848.000,848,848
39692,F8_01_1_2_Chlorophyll_A_001_phosphate_plate5.tif,1,800.000,800,800
39693,F8_01_1_2_Chlorophyll_A_001_phosphate_plate5.tif,1,800.000,800,800
39694,F8_01_1_2_Chlorophyll_A_001_phosphate_plate5.tif,1,784.000,784,784
39695,F8_01_1_2_Chlorophyll_A_001_phosphate_plate5.tif,1,960.000,960,960
39696,F8_01_1_2_Chlorophyll_A_001_phosphate_plate5.tif,1,928.000,928,928
39697,F8_01_1_2_Chlorophyll_A_001_phosphate_plate5.tif,1,768.000,768,768
39698,F8_01_1_2_Chlorophyll_A_001_phosphate_plate5.tif,2,776.000,768,784
39699,F8_01_1_2_Chlorophyll_A_001_phosphate_plate5.tif,2,856.000,800,912
39700,F8_01_1_2_Chlorophyll_A_001_phosphate_plate5.tif,5,816.000,768,864
39701,F8_01_1_2_Chlorophyll_A_001_phosphate_plate5.tif,1,960.000,960,960
39702,F8_01_1_2_Chlorophyll_A_001_phosphate_plate5.tif,1,896.000,896,896
39703,F8_01_1_2_Chlorophyll_A_001_phosphate_plate5.tif,3,858.667,800,928
39704,F8_01_1_2_Chlorophyll_A_001_phosphate_plate5.tif,1,784.000,784,784
39705,F8_01_1_2_Chlorophyll_A_001_phosphate_plate5.tif,1,832.000,832,832
39706,F8_01_1_2_Chlorophyll_A_001_phosphate_plate5.tif,2,832.000,768,896
39707,F8_01_1_2_Chlorophyll_A_001_phosphate_plate5.tif,1,880.000,880,880
39708,F8_01_1_2_Chlorophyll_A_001_phosphate_plate5.tif,1,896.000,896,896
39709,F8_01_1_2_Chlorophyll_A_001_phosphate_plate5.tif,3,768.000,768,768
39710,F8_01_1_2_Chlorophyll_A_001_phosphate_plate5.tif,1,848.000,848,848
39711,F8_01_1_2_Chlorophyll_A_001_phosphate_plate5.tif,1,912.000,912,912
39712,F8_01_1_2_Chlorophyll_A_001_phosphate_plate5.tif,2,848.000,848,848
39713,F8_01_1_2_Chlorophyll_A_001_phosphate_plate5.tif,1,768.000,768,768
39714,F8_01_1_2_Chlorophyll_A_001_phosphate_plate5.tif,1,800.000,800,800
39715,F8_01_1_2_Chlorophyll_A_001_phosphate_plate5.tif,1,768.000,768,768
39716,F8_01_1_2_Chlorophyll_A_001_phosphate_plate5.tif,1,896.000,896,896
39717,F8_01_1_2_Chlorophyll_A_001_phosphate_plate5.tif,1,768.000,768,768
39718,F8_01_1_2_Chlorophyll_A_001_phosphate_plate5.tif,1,768.000,768,768
39719,F8_01_1_2_Chlorophyll_A_001_phosphate_plate5.tif,2,840.000,800,880
39720,F8_01_1_2_Chlorophyll_A_001_phosphate_plate5.tif,1,768.000,768,768
39721,F8_01_1_2_Chlorophyll_A_001_phosphate_plate5.tif,3,832.000,800,848
39722,F8_01_1_2_Chlorophyll_A_001_phosphate_plate5.tif,1,784.000,784,784
39723,F8_01_1_2_Chlorophyll_A_001_phosphate_plate5.tif,1,800.000,800,800
39724,F8_01_1_2_Chlorophyll_A_001_phosphate_plate5.tif,1,928.000,928,928
39725,F8_01_1_2_Chlorophyll_A_001_phosphate_plate5.tif,1,1008.000,1008,1008
39726,F8_01_1_2_Chlorophyll_A_001_phosphate_plate5.tif,1,832.000,832,832
39727,F8_01_1_2_Chlorophyll_A_001_phosphate_plate5.tif,1,768.000,768,768
39728,F8_01_1_2_Chlorophyll_A_001_phosphate_plate5.tif,1,816.000,816,816
39729,F8_01_1_2_Chlorophyll_A_001_phosphate_plate5.tif,1,784.000,784,784
39730,F8_01_1_2_Chlorophyll_A_001_phosphate_plate5.tif,1,768.000,768,768
39731,F8_01_1_2_Chlorophyll_A_001_phosphate_plate5.tif,2,800.000,784,816
39732,F8_01_1_2_Chlorophyll_A_001_phosphate_plate5.tif,1,800.000,800,800
39733,F8_01_1_2_Chlorophyll_A_001_phosphate_plate5.tif,1,800.000,800,800
39734,F8_01_1_2_Chlorophyll_A_001_phosphate_plate5.tif,1,832.000,832,832
39735,F8_01_1_2_Chlorophyll_A_001_phosphate_plate5.tif,2,776.000,768,784
39736,F8_01_1_2_Chlorophyll_A_001_phosphate_plate5.tif,1,848.000,848,848
39737,F8_01_1_2_Chlorophyll_A_001_phosphate_plate5.tif,1,832.000,832,832
39738,F8_01_1_2_Chlorophyll_A_001_phosphate_plate5.tif,1,800.000,800,800
39739,F8_01_1_2_Chlorophyll_A_001_phosphate_plate5.tif,1,784.000,784,784
39740,F8_01_1_2_Chlorophyll_A_001_phosphate_plate5.tif,1,800.000,800,800
39741,F8_01_1_2_Chlorophyll_A_001_phosphate_plate5.tif,1,768.000,768,768
39742,F8_01_1_2_Chlorophyll_A_001_phosphate_plate5.tif,1,1040.000,1040,1040
39743,F8_01_1_2_Chlorophyll_A_001_phosphate_plate5.tif,1,816.000,816,816
39744,F8_01_1_2_Chlorophyll_A_001_phosphate_plate5.tif,1,848.000,848,848
39745,F8_01_1_2_Chlorophyll_A_001_phosphate_plate5.tif,1,800.000,800,800
39746,F8_01_1_2_Chlorophyll_A_001_phosphate_plate5.tif,2,808.000,800,816
39747,F8_01_1_2_Chlorophyll_A_001_phosphate_plate5.tif,2,824.000,768,880
39748,F8_01_1_2_Chlorophyll_A_001_phosphate_plate5.tif,4,852.000,800,944
39749,F8_01_1_2_Chlorophyll_A_001_phosphate_plate5.tif,1,832.000,832,832
39750,F8_01_1_2_Chlorophyll_A_001_phosphate_plate5.tif,1,944.000,944,944
39751,F8_01_1_2_Chlorophyll_A_001_phosphate_plate5.tif,2,792.000,784,800
39752,F8_01_1_2_Chlorophyll_A_001_phosphate_plate5.tif,1,832.000,832,832
39753,F8_01_1_2_Chlorophyll_A_001_phosphate_plate5.tif,1,832.000,832,832
39754,F8_01_1_2_Chlorophyll_A_001_phosphate_plate5.tif,1,768.000,768,768
39755,F8_01_1_2_Chlorophyll_A_001_phosphate_plate5.tif,1,784.000,784,784
39756,F8_01_1_2_Chlorophyll_A_001_phosphate_plate5.tif,2,800.000,768,832
39757,F8_01_1_2_Chlorophyll_A_001_phosphate_plate5.tif,1,896.000,896,896
39758,F8_01_1_2_Chlorophyll_A_001_phosphate_plate5.tif,1,768.000,768,768
39759,F8_01_1_2_Chlorophyll_A_001_phosphate_plate5.tif,1,800.000,800,800
39760,F8_01_1_2_Chlorophyll_A_001_phosphate_plate5.tif,1,800.000,800,800
39761,F8_01_1_2_Chlorophyll_A_001_phosphate_plate5.tif,1,848.000,848,848
39762,F8_01_1_2_Chlorophyll_A_001_phosphate_plate5.tif,1,832.000,832,832
39763,F8_01_1_2_Chlorophyll_A_001_phosphate_plate5.tif,1,816.000,816,816
39764,F8_01_1_2_Chlorophyll_A_001_phosphate_plate5.tif,1,880.000,880,880
39765,F8_01_1_2_Chlorophyll_A_001_phosphate_plate5.tif,1,784.000,784,784
39766,F8_01_1_2_Chlorophyll_A_001_phosphate_plate5.tif,1,912.000,912,912
39767,F8_01_1_2_Chlorophyll_A_001_phosphate_plate5.tif,1,832.000,832,832
39768,F8_01_1_2_Chlorophyll_A_001_phosphate_plate5.tif,1,864.000,864,864
39769,F8_01_1_2_Chlorophyll_A_001_phosphate_plate5.tif,1,768.000,768,768
